302.347	302.351	302.359	302.356	302.36	302.349	302.361	302.344	302.329	302.331	302.33	302.313	302.304	302.298	302.298	302.287	302.29	302.293	302.31	302.318	302.301	302.298	302.29	302.29	302.286	302.289	302.294	302.29	302.299	302.291	302.29	302.287	302.277	302.266	302.26	302.248	302.243	302.238	302.245	302.245	302.241	302.25	302.244	302.248	302.242	302.249	302.25	302.244	302.237	302.238	302.231	302.24	302.234	302.229	302.227	302.224	302.229	302.226	302.228	302.231	302.232	302.236	302.233	302.239	302.237	302.226	302.218	302.218	302.221	302.221	302.223	302.217	302.206	302.205	302.197	302.182	302.184	302.183	302.171	302.168	302.169	302.178	302.193	302.197	302.181	302.153	302.14	302.13	302.137	302.143	302.145	302.146	302.147	302.128	302.115	302.115	302.098	302.087	302.072	302.059	302.047	302.024	302.006	302.004	302.005	301.995	301.983	301.979	301.978	301.977	301.963	301.95	301.946	301.945	301.95	301.946	301.941	301.954	301.959	301.951	301.95	301.939	301.936	301.941	301.959	301.955	301.962	301.982	301.984	301.967	301.967	301.965	301.966	301.952	301.953	301.957	301.96
302.336	302.351	302.352	302.359	302.353	302.349	302.342	302.329	302.322	302.325	302.326	302.319	302.305	302.31	302.302	302.298	302.28	302.285	302.299	302.303	302.3	302.292	302.275	302.28	302.287	302.292	302.291	302.289	302.299	302.281	302.287	302.282	302.27	302.259	302.247	302.239	302.228	302.237	302.23	302.225	302.238	302.241	302.247	302.243	302.254	302.249	302.246	302.235	302.228	302.225	302.224	302.227	302.239	302.228	302.217	302.217	302.23	302.23	302.235	302.234	302.228	302.236	302.229	302.217	302.222	302.214	302.202	302.206	302.208	302.205	302.206	302.195	302.184	302.177	302.164	302.158	302.15	302.144	302.161	302.161	302.164	302.171	302.181	302.189	302.173	302.152	302.139	302.13	302.129	302.136	302.137	302.134	302.131	302.111	302.095	302.091	302.084	302.063	302.059	302.048	302.042	302.013	302	301.988	301.979	301.968	301.958	301.956	301.959	301.959	301.934	301.938	301.929	301.928	301.928	301.932	301.926	301.938	301.947	301.947	301.944	301.935	301.926	301.935	301.944	301.949	301.957	301.974	301.974	301.969	301.963	301.953	301.95	301.935	301.934	301.926	301.928
302.337	302.347	302.354	302.352	302.365	302.351	302.346	302.332	302.318	302.325	302.324	302.313	302.303	302.309	302.311	302.299	302.294	302.289	302.263	302.273	302.277	302.28	302.281	302.281	302.28	302.289	302.29	302.298	302.301	302.285	302.279	302.273	302.26	302.256	302.247	302.242	302.23	302.24	302.23	302.228	302.234	302.238	302.243	302.242	302.242	302.247	302.241	302.232	302.225	302.222	302.222	302.229	302.225	302.224	302.224	302.215	302.225	302.226	302.231	302.233	302.225	302.225	302.215	302.209	302.204	302.201	302.18	302.191	302.189	302.193	302.192	302.181	302.18	302.163	302.158	302.149	302.139	302.138	302.133	302.148	302.147	302.173	302.179	302.166	302.152	302.146	302.134	302.133	302.118	302.125	302.14	302.135	302.137	302.131	302.11	302.098	302.083	302.066	302.067	302.057	302.047	302.03	302.016	302	301.985	301.971	301.967	301.954	301.959	301.945	301.931	301.931	301.917	301.907	301.903	301.908	301.906	301.917	301.945	301.942	301.929	301.924	301.931	301.933	301.943	301.957	301.964	301.968	301.962	301.96	301.952	301.948	301.942	301.932	301.927	301.924	301.919
302.337	302.352	302.359	302.368	302.366	302.362	302.35	302.334	302.323	302.324	302.337	302.326	302.321	302.305	302.313	302.306	302.303	302.293	302.273	302.274	302.268	302.28	302.288	302.286	302.285	302.291	302.309	302.306	302.302	302.287	302.28	302.255	302.251	302.247	302.238	302.251	302.243	302.245	302.238	302.231	302.221	302.223	302.225	302.239	302.246	302.247	302.238	302.233	302.227	302.2	302.217	302.22	302.224	302.221	302.219	302.219	302.216	302.221	302.231	302.232	302.231	302.229	302.211	302.207	302.174	302.189	302.174	302.175	302.181	302.201	302.202	302.182	302.177	302.172	302.168	302.149	302.135	302.128	302.132	302.139	302.149	302.157	302.15	302.134	302.14	302.14	302.135	302.133	302.132	302.14	302.149	302.147	302.133	302.144	302.125	302.112	302.094	302.07	302.078	302.071	302.065	302.055	302.044	302.023	302.007	301.986	301.96	301.953	301.938	301.945	301.926	301.908	301.917	301.916	301.913	301.905	301.913	301.931	301.944	301.927	301.914	301.902	301.91	301.941	301.938	301.957	301.963	301.956	301.943	301.949	301.939	301.944	301.937	301.925	301.927	301.928	301.928
302.353	302.366	302.369	302.363	302.367	302.357	302.344	302.334	302.331	302.33	302.356	302.335	302.322	302.305	302.314	302.314	302.308	302.303	302.293	302.291	302.289	302.283	302.29	302.295	302.29	302.292	302.3	302.296	302.316	302.299	302.287	302.264	302.241	302.239	302.238	302.244	302.252	302.242	302.229	302.227	302.222	302.227	302.228	302.234	302.238	302.248	302.248	302.237	302.232	302.227	302.218	302.214	302.205	302.22	302.222	302.216	302.216	302.219	302.227	302.217	302.218	302.223	302.204	302.204	302.187	302.184	302.162	302.155	302.158	302.167	302.173	302.148	302.16	302.165	302.161	302.143	302.134	302.123	302.131	302.136	302.135	302.134	302.149	302.129	302.129	302.132	302.146	302.141	302.14	302.153	302.147	302.146	302.136	302.13	302.11	302.105	302.092	302.084	302.087	302.079	302.082	302.071	302.054	302.037	302.015	301.993	301.977	301.958	301.944	301.94	301.919	301.923	301.918	301.913	301.911	301.915	301.93	301.938	301.941	301.912	301.903	301.899	301.914	301.935	301.936	301.937	301.939	301.946	301.942	301.929	301.922	301.921	301.921	301.922	301.924	301.914	301.912
302.375	302.382	302.393	302.393	302.376	302.355	302.343	302.341	302.34	302.329	302.347	302.345	302.333	302.313	302.32	302.315	302.306	302.307	302.298	302.295	302.286	302.285	302.288	302.292	302.294	302.288	302.292	302.287	302.297	302.288	302.289	302.273	302.251	302.241	302.236	302.226	302.226	302.229	302.22	302.22	302.215	302.228	302.234	302.233	302.235	302.235	302.245	302.234	302.231	302.226	302.225	302.219	302.213	302.214	302.219	302.213	302.22	302.218	302.213	302.222	302.217	302.207	302.203	302.202	302.2	302.193	302.178	302.169	302.157	302.156	302.153	302.15	302.151	302.138	302.151	302.132	302.13	302.125	302.133	302.142	302.14	302.143	302.139	302.135	302.122	302.135	302.131	302.137	302.123	302.128	302.119	302.118	302.107	302.106	302.088	302.084	302.08	302.086	302.087	302.084	302.079	302.072	302.038	302.022	302	301.982	301.971	301.97	301.955	301.965	301.942	301.928	301.919	301.912	301.906	301.914	301.93	301.919	301.912	301.893	301.897	301.898	301.913	301.928	301.925	301.932	301.927	301.937	301.925	301.912	301.905	301.903	301.901	301.894	301.895	301.882	301.879
302.365	302.377	302.382	302.379	302.374	302.356	302.351	302.348	302.35	302.352	302.342	302.352	302.342	302.329	302.326	302.316	302.308	302.315	302.302	302.303	302.278	302.277	302.277	302.288	302.286	302.282	302.283	302.275	302.279	302.287	302.282	302.272	302.26	302.236	302.226	302.224	302.222	302.22	302.21	302.206	302.213	302.222	302.222	302.221	302.22	302.233	302.232	302.229	302.225	302.223	302.217	302.225	302.227	302.219	302.22	302.219	302.218	302.21	302.206	302.205	302.21	302.204	302.198	302.203	302.203	302.195	302.179	302.161	302.16	302.157	302.151	302.133	302.142	302.148	302.151	302.148	302.135	302.119	302.122	302.126	302.118	302.125	302.137	302.123	302.105	302.106	302.102	302.113	302.113	302.118	302.114	302.11	302.116	302.107	302.095	302.08	302.071	302.081	302.082	302.077	302.075	302.045	302.02	302.002	301.978	301.966	301.965	301.962	301.968	301.976	301.953	301.929	301.914	301.914	301.919	301.917	301.912	301.909	301.906	301.902	301.905	301.902	301.905	301.907	301.904	301.899	301.903	301.906	301.905	301.903	301.898	301.893	301.893	301.881	301.879	301.874	301.865
302.37	302.376	302.375	302.382	302.373	302.36	302.351	302.345	302.345	302.343	302.342	302.334	302.328	302.33	302.337	302.332	302.328	302.315	302.309	302.304	302.282	302.277	302.268	302.275	302.281	302.274	302.271	302.272	302.275	302.271	302.267	302.259	302.262	302.242	302.228	302.224	302.215	302.211	302.209	302.206	302.204	302.213	302.212	302.221	302.217	302.214	302.23	302.228	302.218	302.216	302.223	302.218	302.217	302.219	302.221	302.226	302.216	302.214	302.207	302.2	302.203	302.2	302.2	302.192	302.2	302.19	302.175	302.166	302.153	302.152	302.149	302.143	302.144	302.138	302.142	302.148	302.146	302.129	302.126	302.123	302.114	302.114	302.116	302.108	302.101	302.097	302.09	302.09	302.098	302.1	302.104	302.11	302.118	302.107	302.09	302.08	302.07	302.063	302.066	302.062	302.062	302.038	302.016	301.988	301.976	301.968	301.965	301.963	301.964	301.974	301.95	301.933	301.918	301.911	301.911	301.9	301.895	301.9	301.907	301.904	301.905	301.904	301.895	301.887	301.893	301.889	301.882	301.887	301.879	301.887	301.878	301.876	301.877	301.876	301.869	301.854	301.849
302.351	302.368	302.371	302.372	302.373	302.351	302.352	302.336	302.336	302.331	302.329	302.32	302.321	302.327	302.332	302.327	302.324	302.321	302.305	302.306	302.285	302.277	302.28	302.277	302.273	302.27	302.273	302.27	302.267	302.26	302.256	302.247	302.249	302.247	302.234	302.227	302.224	302.224	302.214	302.211	302.212	302.21	302.218	302.22	302.219	302.222	302.221	302.23	302.222	302.226	302.229	302.23	302.231	302.232	302.226	302.238	302.226	302.212	302.204	302.205	302.204	302.2	302.2	302.205	302.197	302.194	302.176	302.156	302.152	302.148	302.143	302.141	302.142	302.143	302.141	302.145	302.132	302.127	302.119	302.114	302.105	302.097	302.096	302.095	302.097	302.09	302.078	302.081	302.091	302.108	302.12	302.127	302.145	302.132	302.097	302.069	302.061	302.06	302.056	302.044	302.042	302.023	302.007	301.992	301.976	301.958	301.957	301.955	301.952	301.972	301.96	301.939	301.93	301.928	301.901	301.899	301.898	301.901	301.909	301.895	301.898	301.894	301.896	301.889	301.884	301.875	301.876	301.869	301.868	301.859	301.865	301.872	301.871	301.871	301.872	301.854	301.858
302.355	302.351	302.366	302.371	302.365	302.378	302.352	302.355	302.341	302.342	302.333	302.319	302.319	302.328	302.332	302.324	302.311	302.302	302.316	302.306	302.292	302.288	302.282	302.276	302.271	302.272	302.269	302.265	302.276	302.264	302.258	302.247	302.248	302.236	302.233	302.228	302.228	302.225	302.219	302.221	302.219	302.216	302.216	302.228	302.23	302.233	302.233	302.23	302.233	302.239	302.234	302.238	302.238	302.233	302.237	302.24	302.228	302.222	302.214	302.211	302.2	302.2	302.2	302.205	302.202	302.193	302.182	302.163	302.149	302.147	302.148	302.148	302.147	302.145	302.14	302.131	302.123	302.116	302.107	302.11	302.104	302.097	302.09	302.105	302.102	302.093	302.09	302.083	302.089	302.105	302.128	302.131	302.147	302.134	302.1	302.078	302.065	302.071	302.054	302.038	302.03	302.018	302.003	301.989	301.973	301.963	301.965	301.959	301.951	301.959	301.957	301.944	301.93	301.923	301.928	301.906	301.908	301.911	301.912	301.906	301.903	301.895	301.89	301.881	301.88	301.875	301.87	301.861	301.857	301.856	301.859	301.856	301.86	301.858	301.863	301.864	301.869
302.35	302.351	302.357	302.359	302.367	302.364	302.366	302.356	302.372	302.356	302.357	302.335	302.324	302.319	302.318	302.32	302.307	302.297	302.3	302.306	302.297	302.291	302.292	302.278	302.28	302.28	302.279	302.259	302.274	302.266	302.26	302.257	302.246	302.24	302.231	302.233	302.234	302.237	302.233	302.225	302.223	302.222	302.228	302.234	302.233	302.237	302.24	302.232	302.241	302.23	302.229	302.226	302.234	302.231	302.24	302.239	302.231	302.225	302.214	302.205	302.2	302.2	302.2	302.2	302.2	302.18	302.176	302.158	302.151	302.135	302.131	302.139	302.144	302.135	302.115	302.111	302.113	302.107	302.111	302.106	302.104	302.107	302.088	302.098	302.096	302.091	302.094	302.081	302.082	302.1	302.116	302.133	302.139	302.123	302.107	302.091	302.083	302.07	302.047	302.037	302.022	302.009	301.999	301.988	301.968	301.973	301.976	301.963	301.962	301.959	301.945	301.935	301.927	301.931	301.935	301.91	301.911	301.926	301.926	301.912	301.91	301.899	301.888	301.885	301.875	301.864	301.853	301.858	301.847	301.852	301.849	301.855	301.846	301.845	301.858	301.855	301.864
302.357	302.361	302.356	302.375	302.375	302.376	302.366	302.374	302.388	302.384	302.38	302.36	302.355	302.34	302.336	302.33	302.333	302.319	302.322	302.32	302.318	302.312	302.313	302.309	302.302	302.294	302.286	302.293	302.283	302.28	302.277	302.275	302.273	302.26	302.248	302.251	302.246	302.242	302.238	302.236	302.237	302.236	302.231	302.234	302.23	302.235	302.239	302.235	302.231	302.227	302.228	302.231	302.228	302.228	302.23	302.234	302.233	302.214	302.207	302.201	302.186	302.189	302.201	302.2	302.2	302.197	302.195	302.181	302.164	302.139	302.135	302.134	302.127	302.114	302.098	302.1	302.106	302.088	302.092	302.086	302.076	302.075	302.097	302.102	302.1	302.097	302.096	302.088	302.089	302.094	302.112	302.127	302.129	302.118	302.101	302.085	302.082	302.072	302.052	302.034	302.024	302.01	301.996	301.991	301.984	301.978	301.985	301.965	301.963	301.956	301.942	301.938	301.938	301.933	301.929	301.919	301.932	301.94	301.944	301.924	301.908	301.905	301.887	301.876	301.873	301.862	301.848	301.847	301.843	301.85	301.86	301.852	301.851	301.858	301.867	301.862	301.864
302.364	302.374	302.378	302.387	302.394	302.397	302.401	302.393	302.408	302.404	302.395	302.38	302.374	302.361	302.352	302.348	302.346	302.348	302.343	302.353	302.337	302.342	302.335	302.322	302.313	302.306	302.297	302.291	302.293	302.306	302.293	302.305	302.308	302.293	302.271	302.258	302.258	302.257	302.25	302.239	302.234	302.231	302.226	302.222	302.221	302.224	302.223	302.228	302.23	302.232	302.231	302.226	302.223	302.22	302.222	302.239	302.222	302.201	302.196	302.189	302.193	302.182	302.191	302.2	302.203	302.202	302.204	302.187	302.178	302.165	302.146	302.147	302.145	302.125	302.117	302.108	302.1	302.095	302.087	302.082	302.09	302.091	302.118	302.112	302.116	302.098	302.108	302.109	302.107	302.103	302.102	302.115	302.103	302.101	302.093	302.087	302.083	302.066	302.055	302.031	302.019	302.004	302	301.987	301.988	301.985	301.989	301.981	301.971	301.96	301.967	301.95	301.943	301.938	301.937	301.937	301.945	301.955	301.946	301.935	301.926	301.904	301.894	301.884	301.882	301.874	301.866	301.877	301.871	301.873	301.875	301.877	301.877	301.877	301.876	301.875	301.87
302.392	302.389	302.389	302.403	302.413	302.411	302.417	302.417	302.426	302.434	302.434	302.42	302.408	302.397	302.384	302.384	302.375	302.382	302.37	302.363	302.361	302.361	302.347	302.335	302.33	302.321	302.316	302.313	302.307	302.313	302.3	302.312	302.306	302.293	302.274	302.257	302.26	302.249	302.252	302.243	302.235	302.232	302.228	302.222	302.216	302.228	302.235	302.242	302.236	302.236	302.236	302.233	302.23	302.231	302.226	302.227	302.211	302.204	302.181	302.184	302.186	302.193	302.191	302.199	302.199	302.2	302.185	302.195	302.181	302.159	302.149	302.14	302.139	302.123	302.107	302.12	302.095	302.099	302.089	302.078	302.091	302.097	302.121	302.131	302.123	302.118	302.12	302.114	302.099	302.112	302.099	302.106	302.091	302.089	302.081	302.081	302.073	302.052	302.039	302.025	302.007	302.018	302.007	301.999	301.998	301.995	301.983	301.975	301.978	301.976	301.98	301.967	301.955	301.945	301.945	301.947	301.965	301.969	301.95	301.933	301.923	301.91	301.904	301.893	301.888	301.891	301.889	301.895	301.9	301.896	301.895	301.894	301.899	301.894	301.892	301.883	301.881
302.427	302.436	302.431	302.435	302.437	302.435	302.433	302.447	302.443	302.455	302.462	302.437	302.435	302.427	302.415	302.406	302.406	302.4	302.4	302.396	302.378	302.38	302.37	302.355	302.341	302.329	302.325	302.32	302.323	302.325	302.324	302.331	302.317	302.313	302.302	302.287	302.283	302.269	302.258	302.25	302.253	302.247	302.234	302.225	302.226	302.238	302.251	302.248	302.246	302.251	302.25	302.241	302.239	302.238	302.238	302.224	302.229	302.215	302.207	302.207	302.2	302.207	302.201	302.196	302.193	302.184	302.185	302.181	302.174	302.172	302.166	302.15	302.134	302.152	302.143	302.13	302.114	302.124	302.114	302.119	302.12	302.124	302.149	302.134	302.128	302.123	302.133	302.129	302.123	302.115	302.117	302.116	302.104	302.1	302.1	302.094	302.08	302.069	302.049	302.042	302.039	302.032	302.02	302.012	301.998	301.997	301.99	301.976	301.981	301.982	301.993	301.978	301.973	301.965	301.967	301.973	301.977	301.972	301.975	301.973	301.943	301.934	301.921	301.913	301.912	301.907	301.921	301.941	301.935	301.925	301.925	301.933	301.936	301.92	301.905	301.903	301.911
302.425	302.436	302.435	302.425	302.441	302.439	302.432	302.433	302.448	302.461	302.475	302.469	302.467	302.462	302.448	302.437	302.416	302.403	302.409	302.398	302.395	302.373	302.375	302.354	302.342	302.327	302.326	302.32	302.327	302.33	302.318	302.321	302.321	302.311	302.298	302.305	302.307	302.295	302.288	302.267	302.252	302.245	302.243	302.245	302.243	302.251	302.258	302.259	302.257	302.255	302.247	302.245	302.235	302.235	302.221	302.216	302.216	302.208	302.217	302.213	302.212	302.207	302.197	302.174	302.182	302.172	302.161	302.15	302.15	302.135	302.129	302.122	302.118	302.127	302.133	302.121	302.122	302.12	302.127	302.132	302.14	302.136	302.136	302.114	302.126	302.124	302.123	302.118	302.128	302.127	302.125	302.112	302.104	302.101	302.093	302.085	302.072	302.068	302.054	302.034	302.033	302.012	302.007	302.005	301.991	301.979	301.968	301.974	301.977	301.977	301.967	301.969	301.976	301.974	301.968	301.967	301.961	301.968	301.969	301.986	301.97	301.958	301.934	301.916	301.914	301.913	301.926	301.941	301.947	301.941	301.948	301.959	301.941	301.932	301.922	301.935	301.939
302.425	302.44	302.426	302.419	302.417	302.42	302.417	302.431	302.451	302.452	302.461	302.45	302.45	302.46	302.469	302.448	302.44	302.439	302.429	302.412	302.389	302.354	302.351	302.34	302.329	302.335	302.332	302.327	302.334	302.316	302.303	302.299	302.301	302.296	302.296	302.297	302.306	302.302	302.301	302.291	302.272	302.264	302.259	302.27	302.26	302.252	302.252	302.263	302.259	302.255	302.248	302.239	302.234	302.23	302.214	302.209	302.197	302.201	302.206	302.203	302.203	302.187	302.169	302.158	302.166	302.148	302.157	302.136	302.139	302.137	302.126	302.126	302.119	302.137	302.121	302.122	302.129	302.141	302.14	302.133	302.142	302.144	302.144	302.135	302.12	302.114	302.12	302.12	302.122	302.124	302.111	302.101	302.093	302.095	302.088	302.084	302.082	302.067	302.056	302.028	302.026	302.015	302.012	302.003	302.009	301.998	301.989	301.985	301.992	301.99	301.996	302.006	301.994	301.989	301.979	301.961	301.969	301.973	301.98	301.983	301.97	301.984	301.96	301.936	301.922	301.923	301.932	301.933	301.953	301.962	301.973	301.968	301.96	301.96	301.951	301.952	301.96
302.434	302.446	302.443	302.434	302.434	302.443	302.434	302.442	302.467	302.467	302.469	302.455	302.446	302.429	302.442	302.451	302.437	302.444	302.439	302.432	302.394	302.364	302.354	302.344	302.355	302.35	302.345	302.341	302.338	302.32	302.317	302.305	302.296	302.294	302.284	302.286	302.287	302.297	302.297	302.299	302.302	302.286	302.28	302.276	302.262	302.264	302.257	302.263	302.261	302.263	302.249	302.246	302.245	302.233	302.226	302.219	302.21	302.213	302.208	302.212	302.2	302.184	302.168	302.156	302.14	302.136	302.131	302.136	302.146	302.151	302.154	302.143	302.133	302.137	302.115	302.125	302.13	302.143	302.148	302.144	302.132	302.147	302.143	302.125	302.119	302.108	302.11	302.112	302.114	302.114	302.112	302.116	302.109	302.094	302.095	302.101	302.096	302.081	302.052	302.031	302.033	302.032	302.025	302.03	302.018	302.021	302.015	302.024	302.017	302.026	302.021	302.024	302.021	302.01	302.004	301.995	301.989	302.001	301.998	301.989	301.98	301.971	301.973	301.966	301.955	301.942	301.951	301.93	301.944	301.968	301.991	301.981	301.984	301.974	301.968	301.973	301.959
302.445	302.46	302.457	302.46	302.459	302.464	302.458	302.465	302.476	302.479	302.482	302.46	302.446	302.435	302.444	302.447	302.446	302.435	302.44	302.434	302.399	302.377	302.37	302.36	302.362	302.35	302.348	302.344	302.343	302.331	302.315	302.309	302.299	302.287	302.277	302.274	302.278	302.279	302.275	302.281	302.294	302.304	302.282	302.289	302.281	302.275	302.264	302.268	302.259	302.26	302.254	302.246	302.244	302.232	302.235	302.235	302.22	302.218	302.213	302.2	302.198	302.183	302.173	302.166	302.152	302.141	302.137	302.148	302.136	302.147	302.145	302.147	302.132	302.141	302.132	302.14	302.151	302.129	302.134	302.135	302.144	302.127	302.127	302.124	302.117	302.113	302.1	302.106	302.111	302.119	302.12	302.137	302.115	302.105	302.099	302.096	302.093	302.08	302.07	302.064	302.054	302.041	302.029	302.031	302.04	302.041	302.041	302.044	302.039	302.037	302.037	302.04	302.034	302.029	302.044	302.041	302.042	302.04	302.038	302.033	302.013	302.006	301.993	301.973	301.972	301.963	301.966	301.966	301.976	301.966	301.984	301.991	301.983	301.983	301.978	301.972	301.962
302.451	302.457	302.476	302.482	302.483	302.49	302.486	302.498	302.496	302.491	302.498	302.473	302.464	302.454	302.459	302.457	302.446	302.437	302.426	302.434	302.419	302.4	302.391	302.368	302.381	302.363	302.351	302.343	302.336	302.33	302.324	302.313	302.308	302.291	302.284	302.287	302.273	302.278	302.283	302.283	302.302	302.3	302.309	302.307	302.304	302.293	302.281	302.277	302.275	302.268	302.257	302.259	302.252	302.246	302.246	302.233	302.232	302.235	302.221	302.208	302.204	302.2	302.184	302.182	302.182	302.169	302.17	302.179	302.173	302.156	302.16	302.154	302.148	302.167	302.144	302.155	302.136	302.136	302.131	302.137	302.142	302.13	302.132	302.127	302.124	302.12	302.12	302.123	302.115	302.124	302.125	302.14	302.127	302.132	302.127	302.127	302.105	302.095	302.089	302.077	302.071	302.065	302.057	302.054	302.053	302.046	302.045	302.061	302.056	302.064	302.073	302.064	302.076	302.073	302.073	302.079	302.081	302.09	302.086	302.082	302.063	302.031	302.013	301.988	301.983	301.983	301.989	301.995	301.992	301.986	301.992	301.989	301.994	301.994	301.987	301.982	301.959
302.47	302.46	302.472	302.492	302.49	302.512	302.505	302.506	302.508	302.511	302.51	302.491	302.476	302.468	302.465	302.458	302.454	302.454	302.432	302.439	302.425	302.421	302.404	302.38	302.382	302.386	302.366	302.354	302.341	302.332	302.332	302.329	302.322	302.313	302.306	302.298	302.302	302.305	302.309	302.298	302.308	302.309	302.297	302.305	302.297	302.298	302.295	302.286	302.282	302.277	302.264	302.256	302.259	302.259	302.247	302.246	302.249	302.238	302.229	302.211	302.207	302.208	302.208	302.211	302.202	302.2	302.2	302.188	302.177	302.176	302.171	302.172	302.161	302.173	302.156	302.152	302.148	302.148	302.155	302.151	302.15	302.137	302.136	302.138	302.139	302.133	302.144	302.139	302.123	302.142	302.154	302.16	302.151	302.139	302.144	302.14	302.131	302.126	302.107	302.093	302.091	302.082	302.077	302.092	302.074	302.082	302.082	302.075	302.1	302.109	302.128	302.129	302.129	302.131	302.133	302.132	302.133	302.135	302.144	302.124	302.085	302.052	302.027	302.005	301.988	301.981	301.99	301.995	302.001	302.01	301.997	301.999	302	301.983	301.982	301.996	301.99
302.469	302.469	302.467	302.476	302.488	302.51	302.516	302.502	302.508	302.517	302.519	302.504	302.493	302.484	302.473	302.462	302.455	302.461	302.45	302.442	302.425	302.426	302.422	302.409	302.409	302.407	302.403	302.385	302.358	302.341	302.344	302.334	302.332	302.327	302.318	302.307	302.32	302.322	302.324	302.327	302.325	302.313	302.306	302.291	302.286	302.284	302.289	302.289	302.295	302.28	302.274	302.263	302.257	302.265	302.263	302.264	302.259	302.247	302.232	302.222	302.215	302.222	302.221	302.215	302.219	302.217	302.21	302.2	302.199	302.192	302.186	302.185	302.174	302.165	302.176	302.183	302.184	302.17	302.159	302.158	302.155	302.153	302.178	302.163	302.159	302.156	302.148	302.159	302.139	302.133	302.136	302.149	302.141	302.157	302.169	302.161	302.16	302.148	302.134	302.123	302.116	302.108	302.107	302.097	302.103	302.1	302.106	302.111	302.125	302.15	302.162	302.173	302.178	302.187	302.194	302.182	302.18	302.174	302.165	302.133	302.108	302.074	302.055	302.03	302.012	301.992	301.983	301.979	301.991	301.996	302.001	301.999	301.978	301.972	301.991	301.995	302.007
302.477	302.482	302.487	302.504	302.495	302.503	302.496	302.506	302.519	302.552	302.531	302.523	302.507	302.499	302.492	302.472	302.458	302.454	302.469	302.465	302.452	302.439	302.439	302.427	302.428	302.424	302.415	302.403	302.379	302.36	302.341	302.347	302.337	302.334	302.335	302.338	302.336	302.333	302.329	302.338	302.336	302.326	302.315	302.305	302.301	302.315	302.308	302.3	302.302	302.301	302.302	302.292	302.281	302.284	302.292	302.297	302.283	302.268	302.256	302.248	302.24	302.232	302.229	302.224	302.231	302.228	302.221	302.218	302.21	302.187	302.191	302.186	302.192	302.184	302.192	302.18	302.173	302.161	302.155	302.158	302.148	302.152	302.167	302.16	302.161	302.159	302.16	302.162	302.163	302.146	302.142	302.148	302.147	302.169	302.154	302.152	302.151	302.146	302.12	302.12	302.131	302.127	302.123	302.12	302.123	302.127	302.119	302.121	302.133	302.167	302.178	302.197	302.214	302.22	302.208	302.211	302.217	302.213	302.195	302.152	302.132	302.112	302.087	302.063	302.025	301.997	301.99	301.977	301.98	301.987	302.006	302.002	301.984	301.974	301.988	301.996	302.002
302.506	302.512	302.494	302.502	302.52	302.52	302.533	302.548	302.538	302.547	302.559	302.561	302.529	302.516	302.505	302.502	302.496	302.496	302.485	302.474	302.476	302.472	302.465	302.46	302.457	302.45	302.443	302.428	302.404	302.383	302.379	302.373	302.363	302.351	302.336	302.339	302.337	302.344	302.327	302.331	302.326	302.336	302.329	302.31	302.318	302.321	302.322	302.319	302.318	302.321	302.312	302.315	302.31	302.313	302.316	302.314	302.303	302.281	302.261	302.257	302.246	302.253	302.241	302.238	302.234	302.241	302.24	302.235	302.217	302.206	302.192	302.193	302.202	302.221	302.197	302.187	302.173	302.15	302.15	302.148	302.156	302.172	302.168	302.163	302.158	302.157	302.155	302.155	302.147	302.148	302.139	302.155	302.16	302.145	302.141	302.144	302.129	302.128	302.124	302.116	302.119	302.125	302.128	302.141	302.142	302.142	302.144	302.138	302.144	302.156	302.173	302.184	302.208	302.216	302.197	302.189	302.196	302.211	302.223	302.181	302.164	302.147	302.109	302.071	302.043	302.025	302.007	302.004	301.998	301.999	302.004	302.014	301.999	301.979	301.966	301.98	301.997
302.47	302.495	302.495	302.517	302.525	302.538	302.53	302.534	302.548	302.556	302.576	302.565	302.55	302.552	302.519	302.507	302.501	302.501	302.501	302.51	302.508	302.489	302.492	302.476	302.469	302.467	302.463	302.457	302.423	302.392	302.382	302.383	302.377	302.371	302.362	302.354	302.337	302.332	302.333	302.339	302.318	302.323	302.332	302.317	302.322	302.303	302.304	302.312	302.3	302.3	302.283	302.28	302.294	302.293	302.301	302.3	302.295	302.274	302.26	302.25	302.249	302.241	302.244	302.237	302.236	302.242	302.239	302.216	302.207	302.2	302.184	302.195	302.191	302.207	302.188	302.173	302.168	302.154	302.156	302.151	302.138	302.138	302.141	302.142	302.121	302.128	302.13	302.132	302.129	302.124	302.128	302.147	302.145	302.123	302.113	302.106	302.117	302.112	302.104	302.11	302.121	302.128	302.135	302.137	302.133	302.126	302.121	302.105	302.117	302.13	302.13	302.138	302.173	302.185	302.18	302.172	302.18	302.192	302.203	302.196	302.169	302.16	302.137	302.093	302.064	302.029	302.001	301.987	301.972	301.979	301.995	301.994	301.986	301.988	301.981	301.97	301.998
302.516	302.527	302.52	302.546	302.553	302.554	302.555	302.552	302.549	302.551	302.559	302.561	302.569	302.556	302.559	302.538	302.523	302.515	302.51	302.522	302.51	302.511	302.52	302.503	302.494	302.484	302.48	302.472	302.46	302.415	302.403	302.392	302.398	302.388	302.377	302.354	302.335	302.326	302.34	302.338	302.318	302.316	302.319	302.319	302.313	302.319	302.318	302.302	302.297	302.287	302.272	302.265	302.269	302.284	302.286	302.277	302.27	302.266	302.257	302.247	302.24	302.244	302.239	302.241	302.249	302.246	302.235	302.222	302.212	302.21	302.21	302.209	302.206	302.214	302.212	302.205	302.181	302.18	302.161	302.154	302.148	302.132	302.137	302.132	302.121	302.117	302.114	302.116	302.129	302.124	302.123	302.128	302.126	302.121	302.104	302.1	302.108	302.095	302.112	302.104	302.112	302.123	302.139	302.127	302.115	302.097	302.092	302.088	302.09	302.11	302.112	302.114	302.13	302.158	302.168	302.184	302.188	302.188	302.186	302.154	302.161	302.147	302.146	302.124	302.095	302.06	302.033	302.011	301.998	301.996	301.993	301.991	301.995	301.978	301.966	301.964	301.982
302.554	302.554	302.549	302.562	302.589	302.576	302.57	302.563	302.568	302.569	302.564	302.558	302.568	302.578	302.559	302.554	302.541	302.537	302.533	302.515	302.536	302.537	302.539	302.528	302.518	302.508	302.495	302.481	302.468	302.442	302.434	302.41	302.412	302.399	302.381	302.374	302.356	302.352	302.347	302.344	302.34	302.327	302.319	302.334	302.335	302.328	302.312	302.304	302.292	302.288	302.267	302.27	302.277	302.275	302.275	302.267	302.275	302.27	302.261	302.245	302.242	302.245	302.239	302.243	302.257	302.236	302.232	302.229	302.219	302.214	302.214	302.214	302.209	302.219	302.209	302.2	302.204	302.189	302.174	302.174	302.155	302.138	302.134	302.123	302.116	302.127	302.125	302.134	302.136	302.134	302.136	302.129	302.127	302.126	302.1	302.09	302.088	302.096	302.096	302.104	302.117	302.127	302.138	302.109	302.087	302.081	302.085	302.08	302.098	302.101	302.106	302.109	302.12	302.144	302.156	302.165	302.157	302.147	302.149	302.153	302.145	302.147	302.12	302.127	302.12	302.123	302.08	302.043	302.032	302.021	302.021	302.003	301.997	301.989	301.977	301.973	301.984
302.582	302.588	302.581	302.578	302.577	302.586	302.574	302.581	302.578	302.573	302.572	302.576	302.58	302.571	302.574	302.549	302.556	302.554	302.551	302.545	302.525	302.539	302.529	302.542	302.538	302.524	302.512	302.499	302.5	302.462	302.441	302.424	302.408	302.393	302.39	302.382	302.38	302.377	302.369	302.361	302.346	302.342	302.329	302.343	302.339	302.329	302.327	302.298	302.293	302.277	302.279	302.277	302.283	302.271	302.261	302.261	302.262	302.262	302.256	302.253	302.258	302.247	302.239	302.243	302.24	302.24	302.238	302.234	302.234	302.224	302.223	302.215	302.203	302.212	302.197	302.205	302.204	302.196	302.191	302.185	302.152	302.145	302.13	302.135	302.133	302.136	302.14	302.15	302.146	302.153	302.155	302.144	302.134	302.125	302.112	302.101	302.099	302.094	302.09	302.1	302.119	302.118	302.095	302.099	302.095	302.092	302.089	302.091	302.093	302.103	302.114	302.118	302.135	302.148	302.151	302.154	302.153	302.149	302.153	302.154	302.154	302.156	302.134	302.116	302.11	302.11	302.13	302.085	302.048	302.031	302.02	302.018	302.001	301.992	301.98	301.986	301.995
302.599	302.605	302.624	302.618	302.612	302.607	302.598	302.589	302.586	302.576	302.59	302.603	302.597	302.593	302.579	302.589	302.583	302.583	302.575	302.564	302.546	302.565	302.557	302.555	302.575	302.554	302.543	302.518	302.513	302.487	302.45	302.442	302.423	302.414	302.404	302.4	302.404	302.408	302.399	302.376	302.357	302.339	302.348	302.333	302.34	302.346	302.337	302.319	302.302	302.291	302.29	302.294	302.297	302.285	302.276	302.275	302.264	302.261	302.262	302.262	302.253	302.25	302.237	302.23	302.228	302.232	302.236	302.246	302.244	302.243	302.23	302.221	302.209	302.201	302.201	302.207	302.211	302.199	302.191	302.191	302.192	302.169	302.168	302.17	302.17	302.168	302.164	302.167	302.165	302.162	302.158	302.152	302.135	302.123	302.129	302.121	302.11	302.101	302.088	302.084	302.096	302.089	302.074	302.103	302.112	302.107	302.109	302.116	302.128	302.133	302.142	302.156	302.144	302.165	302.164	302.165	302.167	302.156	302.163	302.169	302.161	302.164	302.148	302.12	302.113	302.103	302.103	302.096	302.092	302.065	302.05	302.023	302.012	302.003	301.995	301.994	301.998
302.613	302.638	302.646	302.659	302.647	302.644	302.63	302.618	302.606	302.607	302.611	302.605	302.61	302.592	302.598	302.6	302.616	302.603	302.589	302.584	302.56	302.574	302.572	302.546	302.542	302.554	302.532	302.518	302.509	302.502	302.49	302.479	302.453	302.445	302.435	302.431	302.428	302.422	302.404	302.392	302.367	302.357	302.352	302.367	302.359	302.355	302.346	302.336	302.33	302.314	302.309	302.321	302.307	302.292	302.28	302.285	302.275	302.278	302.268	302.267	302.273	302.251	302.236	302.229	302.229	302.234	302.24	302.258	302.255	302.244	302.246	302.231	302.232	302.22	302.208	302.207	302.208	302.212	302.188	302.195	302.204	302.204	302.193	302.191	302.188	302.187	302.164	302.169	302.172	302.173	302.164	302.158	302.155	302.15	302.13	302.139	302.111	302.106	302.095	302.082	302.088	302.096	302.093	302.107	302.119	302.129	302.127	302.134	302.143	302.155	302.171	302.182	302.166	302.147	302.158	302.148	302.154	302.159	302.159	302.163	302.182	302.171	302.157	302.137	302.117	302.09	302.083	302.073	302.064	302.052	302.053	302.045	302.02	302.023	302.014	302.016	301.99
302.637	302.668	302.677	302.685	302.694	302.685	302.679	302.658	302.635	302.621	302.62	302.618	302.617	302.604	302.606	302.606	302.599	302.611	302.601	302.607	302.601	302.59	302.586	302.581	302.547	302.536	302.534	302.529	302.512	302.508	302.498	302.487	302.473	302.46	302.449	302.454	302.444	302.44	302.418	302.402	302.401	302.385	302.386	302.388	302.388	302.371	302.355	302.354	302.347	302.338	302.344	302.325	302.316	302.314	302.294	302.289	302.293	302.298	302.291	302.282	302.269	302.259	302.258	302.255	302.249	302.245	302.257	302.252	302.255	302.253	302.245	302.237	302.232	302.215	302.22	302.207	302.223	302.224	302.22	302.208	302.239	302.222	302.225	302.213	302.196	302.179	302.166	302.167	302.151	302.154	302.151	302.143	302.147	302.131	302.136	302.141	302.141	302.128	302.126	302.114	302.101	302.098	302.107	302.115	302.116	302.125	302.133	302.146	302.145	302.159	302.167	302.185	302.19	302.175	302.166	302.159	302.164	302.168	302.177	302.167	302.201	302.203	302.181	302.154	302.127	302.113	302.105	302.082	302.072	302.053	302.048	302.026	302.027	302.025	302.026	302.019	301.986
302.681	302.69	302.686	302.684	302.685	302.696	302.695	302.681	302.666	302.646	302.642	302.622	302.62	302.613	302.622	302.616	302.618	302.614	302.61	302.625	302.616	302.618	302.599	302.585	302.565	302.55	302.542	302.535	302.515	302.509	302.499	302.49	302.475	302.478	302.48	302.49	302.488	302.476	302.44	302.422	302.42	302.427	302.433	302.434	302.418	302.398	302.393	302.375	302.365	302.356	302.351	302.331	302.326	302.317	302.311	302.309	302.306	302.301	302.296	302.289	302.275	302.28	302.272	302.266	302.256	302.261	302.267	302.258	302.256	302.25	302.241	302.231	302.237	302.225	302.227	302.23	302.231	302.233	302.229	302.23	302.234	302.244	302.246	302.231	302.216	302.191	302.172	302.16	302.151	302.147	302.144	302.141	302.14	302.142	302.141	302.137	302.123	302.143	302.152	302.138	302.128	302.125	302.126	302.142	302.132	302.125	302.141	302.161	302.141	302.143	302.165	302.177	302.171	302.164	302.175	302.176	302.196	302.194	302.226	302.218	302.22	302.212	302.213	302.196	302.168	302.147	302.109	302.106	302.088	302.069	302.05	302.015	302.012	302.023	302.026	302.028	301.988
302.706	302.679	302.682	302.668	302.663	302.675	302.678	302.672	302.68	302.662	302.653	302.63	302.614	302.621	302.627	302.636	302.644	302.629	302.629	302.631	302.61	302.611	302.603	302.579	302.561	302.558	302.543	302.536	302.523	302.491	302.494	302.484	302.471	302.47	302.48	302.475	302.489	302.488	302.46	302.44	302.435	302.441	302.451	302.449	302.433	302.414	302.404	302.386	302.365	302.36	302.348	302.344	302.332	302.326	302.327	302.316	302.314	302.305	302.294	302.299	302.304	302.299	302.293	302.275	302.284	302.277	302.27	302.265	302.261	302.245	302.242	302.234	302.231	302.238	302.24	302.225	302.219	302.21	302.216	302.225	302.22	302.245	302.236	302.23	302.207	302.194	302.175	302.162	302.153	302.153	302.152	302.152	302.135	302.123	302.135	302.134	302.136	302.149	302.16	302.159	302.159	302.146	302.138	302.13	302.137	302.138	302.147	302.146	302.139	302.134	302.149	302.16	302.149	302.14	302.149	302.153	302.18	302.2	302.229	302.23	302.219	302.195	302.197	302.204	302.197	302.163	302.142	302.126	302.111	302.084	302.041	301.998	301.981	301.996	302	301.998	302.001
302.672	302.678	302.677	302.665	302.653	302.667	302.676	302.668	302.663	302.651	302.641	302.64	302.633	302.621	302.623	302.617	302.61	302.61	302.616	302.625	302.621	302.608	302.59	302.571	302.558	302.553	302.547	302.535	302.529	302.497	302.474	302.49	302.471	302.458	302.465	302.461	302.478	302.466	302.451	302.438	302.439	302.452	302.454	302.446	302.436	302.42	302.417	302.405	302.37	302.361	302.351	302.342	302.337	302.338	302.33	302.321	302.31	302.315	302.305	302.294	302.3	302.302	302.305	302.302	302.312	302.294	302.278	302.265	302.262	302.248	302.236	302.235	302.229	302.231	302.225	302.215	302.207	302.182	302.175	302.183	302.199	302.196	302.196	302.195	302.165	302.17	302.162	302.152	302.144	302.145	302.152	302.156	302.146	302.118	302.119	302.11	302.115	302.123	302.137	302.146	302.151	302.165	302.149	302.13	302.13	302.13	302.124	302.14	302.131	302.132	302.125	302.14	302.127	302.119	302.118	302.125	302.147	302.164	302.184	302.198	302.173	302.153	302.156	302.161	302.123	302.125	302.128	302.107	302.1	302.063	302.029	302.013	301.981	301.981	301.989	301.99	301.968
302.686	302.681	302.671	302.667	302.653	302.644	302.637	302.644	302.638	302.655	302.648	302.635	302.639	302.631	302.624	302.618	302.617	302.608	302.61	302.627	302.621	302.614	302.598	302.578	302.558	302.563	302.564	302.543	302.526	302.501	302.48	302.481	302.464	302.46	302.458	302.455	302.44	302.44	302.451	302.457	302.448	302.46	302.457	302.44	302.43	302.424	302.415	302.407	302.408	302.378	302.347	302.337	302.333	302.332	302.322	302.323	302.308	302.301	302.296	302.289	302.283	302.28	302.28	302.298	302.311	302.295	302.295	302.29	302.282	302.263	302.256	302.242	302.244	302.235	302.227	302.217	302.208	302.2	302.201	302.189	302.189	302.192	302.184	302.184	302.186	302.174	302.165	302.163	302.161	302.162	302.173	302.161	302.15	302.136	302.113	302.126	302.122	302.124	302.129	302.137	302.145	302.138	302.135	302.138	302.129	302.132	302.123	302.119	302.128	302.131	302.129	302.128	302.121	302.112	302.106	302.106	302.116	302.127	302.16	302.164	302.144	302.106	302.087	302.108	302.109	302.102	302.105	302.069	302.067	302.047	302.016	301.998	301.965	301.955	301.958	301.966	301.96
302.691	302.699	302.69	302.679	302.661	302.646	302.651	302.644	302.641	302.648	302.64	302.633	302.633	302.642	302.633	302.624	302.609	302.618	302.619	302.626	302.619	302.606	302.619	302.594	302.569	302.558	302.56	302.545	302.527	302.504	302.49	302.494	302.478	302.465	302.461	302.462	302.448	302.442	302.453	302.451	302.461	302.451	302.462	302.458	302.447	302.426	302.421	302.415	302.406	302.393	302.355	302.34	302.332	302.328	302.324	302.321	302.308	302.299	302.295	302.273	302.272	302.275	302.267	302.274	302.283	302.284	302.288	302.298	302.285	302.281	302.271	302.266	302.256	302.249	302.233	302.232	302.224	302.209	302.2	302.191	302.186	302.183	302.176	302.162	302.153	302.164	302.15	302.151	302.145	302.145	302.157	302.161	302.155	302.134	302.14	302.126	302.125	302.128	302.128	302.131	302.135	302.121	302.102	302.113	302.106	302.109	302.1	302.103	302.118	302.133	302.111	302.095	302.101	302.092	302.093	302.084	302.08	302.094	302.103	302.118	302.105	302.072	302.06	302.069	302.079	302.078	302.07	302.048	302.022	302.021	301.997	301.967	301.958	301.95	301.932	301.925	301.933
302.709	302.719	302.704	302.702	302.677	302.668	302.661	302.659	302.668	302.652	302.639	302.63	302.624	302.63	302.631	302.616	302.618	302.612	302.614	302.622	302.616	302.615	302.606	302.595	302.576	302.567	302.534	302.53	302.508	302.499	302.492	302.494	302.503	302.48	302.463	302.459	302.457	302.459	302.47	302.461	302.448	302.438	302.448	302.434	302.421	302.426	302.41	302.409	302.395	302.388	302.381	302.343	302.345	302.333	302.336	302.333	302.315	302.297	302.29	302.277	302.267	302.261	302.259	302.261	302.274	302.273	302.269	302.276	302.275	302.274	302.274	302.269	302.265	302.261	302.246	302.227	302.221	302.221	302.209	302.213	302.209	302.19	302.186	302.169	302.151	302.146	302.155	302.144	302.143	302.129	302.136	302.146	302.15	302.146	302.146	302.145	302.142	302.146	302.143	302.13	302.131	302.112	302.108	302.092	302.109	302.099	302.098	302.104	302.108	302.102	302.08	302.074	302.072	302.073	302.058	302.052	302.05	302.061	302.078	302.087	302.079	302.057	302.038	302.041	302.076	302.078	302.055	302.039	302.006	301.982	301.966	301.944	301.951	301.937	301.916	301.895	301.889
302.745	302.75	302.731	302.714	302.706	302.688	302.684	302.676	302.684	302.673	302.653	302.642	302.626	302.633	302.618	302.618	302.618	302.618	302.617	302.621	302.622	302.616	302.608	302.592	302.563	302.55	302.539	302.516	302.507	302.508	302.503	302.513	302.515	302.509	302.485	302.482	302.47	302.47	302.471	302.459	302.455	302.439	302.424	302.409	302.396	302.395	302.397	302.388	302.373	302.378	302.362	302.373	302.352	302.353	302.337	302.338	302.327	302.314	302.301	302.282	302.273	302.261	302.255	302.263	302.269	302.267	302.264	302.263	302.256	302.26	302.261	302.266	302.258	302.255	302.252	302.241	302.227	302.215	302.212	302.212	302.209	302.197	302.187	302.175	302.158	302.146	302.137	302.136	302.128	302.121	302.11	302.12	302.126	302.13	302.145	302.142	302.138	302.14	302.144	302.135	302.123	302.107	302.109	302.099	302.094	302.111	302.086	302.098	302.108	302.085	302.064	302.055	302.051	302.029	302.048	302.035	302.03	302.041	302.041	302.073	302.065	302.05	302.017	302.03	302.042	302.068	302.049	302.029	302.007	301.976	301.961	301.948	301.936	301.934	301.915	301.876	301.857
302.777	302.791	302.761	302.757	302.742	302.724	302.717	302.719	302.708	302.695	302.688	302.669	302.651	302.652	302.639	302.626	302.617	302.616	302.626	302.628	302.626	302.614	302.604	302.589	302.567	302.552	302.545	302.529	302.521	302.523	302.525	302.513	302.517	302.518	302.518	302.486	302.485	302.482	302.464	302.45	302.443	302.432	302.423	302.402	302.394	302.39	302.384	302.371	302.382	302.37	302.366	302.349	302.376	302.35	302.348	302.347	302.322	302.315	302.301	302.285	302.286	302.279	302.275	302.276	302.272	302.268	302.254	302.258	302.244	302.235	302.234	302.226	302.235	302.246	302.248	302.252	302.233	302.225	302.21	302.205	302.203	302.204	302.19	302.174	302.158	302.139	302.132	302.114	302.11	302.102	302.101	302.109	302.097	302.095	302.097	302.107	302.116	302.126	302.114	302.117	302.117	302.112	302.101	302.091	302.088	302.072	302.076	302.098	302.102	302.083	302.05	302.025	302.018	302.016	302.004	302.025	302.017	302.019	302.03	302.047	302.057	302.033	302.012	302.013	302.022	302.044	302.04	302.009	302.014	301.986	301.969	301.948	301.922	301.915	301.89	301.873	301.851
302.783	302.847	302.816	302.807	302.792	302.774	302.761	302.758	302.753	302.73	302.718	302.694	302.693	302.675	302.661	302.655	302.628	302.622	302.627	302.632	302.635	302.623	302.606	302.595	302.575	302.579	302.569	302.532	302.539	302.536	302.532	302.53	302.519	302.518	302.506	302.486	302.492	302.497	302.473	302.465	302.448	302.434	302.425	302.404	302.396	302.39	302.387	302.377	302.382	302.388	302.372	302.36	302.353	302.374	302.365	302.347	302.329	302.326	302.313	302.305	302.307	302.311	302.304	302.296	302.289	302.275	302.271	302.253	302.242	302.232	302.229	302.238	302.231	302.24	302.244	302.244	302.239	302.228	302.221	302.208	302.204	302.185	302.188	302.177	302.155	302.134	302.12	302.119	302.101	302.1	302.09	302.099	302.076	302.078	302.078	302.075	302.093	302.108	302.107	302.109	302.104	302.107	302.11	302.098	302.09	302.089	302.072	302.083	302.081	302.07	302.053	302.02	301.999	301.988	301.989	301.994	301.998	301.996	302.013	302.007	302.026	302.034	302.018	302.009	301.994	302	302.015	302.004	301.983	301.962	301.956	301.931	301.926	301.907	301.882	301.873	301.855
302.846	302.875	302.862	302.861	302.849	302.83	302.813	302.796	302.786	302.765	302.745	302.73	302.718	302.708	302.685	302.665	302.649	302.638	302.646	302.636	302.63	302.626	302.62	302.607	302.591	302.573	302.562	302.553	302.544	302.551	302.552	302.548	302.544	302.534	302.542	302.516	302.514	302.5	302.491	302.479	302.461	302.441	302.427	302.425	302.413	302.405	302.385	302.401	302.394	302.388	302.39	302.379	302.37	302.366	302.388	302.377	302.363	302.358	302.341	302.334	302.318	302.322	302.324	302.318	302.315	302.289	302.271	302.257	302.25	302.235	302.232	302.223	302.224	302.23	302.231	302.222	302.226	302.226	302.212	302.209	302.202	302.198	302.192	302.177	302.148	302.12	302.104	302.093	302.077	302.079	302.073	302.082	302.065	302.066	302.056	302.058	302.056	302.073	302.091	302.09	302.086	302.101	302.089	302.079	302.077	302.073	302.069	302.065	302.087	302.059	302.037	302.027	301.993	301.982	301.983	301.989	301.979	301.994	301.993	301.989	302.004	302.026	302.027	302	301.982	301.97	301.981	301.98	301.951	301.942	301.931	301.915	301.904	301.9	301.877	301.864	301.853
302.857	302.858	302.852	302.863	302.848	302.831	302.818	302.821	302.816	302.799	302.782	302.766	302.745	302.732	302.721	302.692	302.662	302.651	302.639	302.658	302.638	302.636	302.628	302.626	302.621	302.609	302.592	302.586	302.558	302.548	302.546	302.546	302.545	302.526	302.516	302.529	302.508	302.487	302.481	302.473	302.456	302.434	302.435	302.428	302.427	302.422	302.401	302.381	302.397	302.39	302.376	302.377	302.366	302.381	302.394	302.406	302.396	302.375	302.358	302.345	302.331	302.329	302.332	302.323	302.315	302.288	302.275	302.267	302.254	302.248	302.245	302.229	302.217	302.214	302.217	302.211	302.214	302.215	302.206	302.198	302.188	302.185	302.175	302.162	302.164	302.125	302.108	302.091	302.066	302.063	302.054	302.062	302.048	302.051	302.044	302.043	302.049	302.061	302.07	302.087	302.097	302.091	302.079	302.075	302.069	302.056	302.053	302.063	302.07	302.067	302.057	302.032	302.005	301.986	301.987	301.985	301.98	301.986	301.996	301.997	301.998	302.018	302.02	302.003	301.976	301.966	301.951	301.94	301.912	301.926	301.923	301.915	301.889	301.872	301.85	301.854	301.842
302.794	302.796	302.799	302.808	302.807	302.802	302.803	302.812	302.822	302.819	302.798	302.794	302.767	302.752	302.736	302.72	302.699	302.681	302.665	302.655	302.65	302.647	302.655	302.648	302.642	302.612	302.589	302.568	302.56	302.551	302.539	302.544	302.543	302.554	302.537	302.508	302.499	302.484	302.463	302.46	302.461	302.46	302.448	302.443	302.439	302.421	302.415	302.39	302.382	302.385	302.373	302.363	302.375	302.391	302.4	302.39	302.366	302.356	302.346	302.334	302.337	302.328	302.318	302.307	302.302	302.287	302.272	302.263	302.253	302.246	302.234	302.219	302.215	302.209	302.2	302.198	302.205	302.202	302.206	302.2	302.189	302.186	302.172	302.165	302.154	302.14	302.113	302.105	302.087	302.089	302.07	302.056	302.042	302.02	302.012	302.008	302.017	302.04	302.055	302.066	302.078	302.088	302.082	302.071	302.062	302.053	302.046	302.057	302.065	302.063	302.037	302.023	301.993	301.965	301.95	301.95	301.946	301.945	301.954	301.965	301.973	302.003	301.989	301.994	301.971	301.962	301.95	301.923	301.893	301.897	301.902	301.901	301.887	301.861	301.842	301.831	301.824
302.802	302.789	302.787	302.774	302.777	302.774	302.773	302.789	302.803	302.81	302.805	302.798	302.798	302.767	302.765	302.73	302.7	302.686	302.67	302.665	302.653	302.665	302.653	302.655	302.646	302.631	302.622	302.591	302.568	302.546	302.536	302.53	302.532	302.527	302.518	302.481	302.468	302.467	302.458	302.453	302.451	302.462	302.461	302.462	302.457	302.44	302.432	302.406	302.385	302.368	302.353	302.351	302.353	302.366	302.365	302.369	302.352	302.358	302.342	302.34	302.324	302.328	302.311	302.298	302.297	302.285	302.276	302.259	302.25	302.231	302.23	302.22	302.217	302.212	302.2	302.2	302.198	302.196	302.194	302.196	302.191	302.186	302.179	302.175	302.169	302.151	302.14	302.124	302.098	302.084	302.071	302.052	302.026	302.002	301.998	301.999	302.001	302.012	302.026	302.042	302.053	302.054	302.058	302.056	302.049	302.045	302.044	302.046	302.054	302.052	302.018	302.001	301.961	301.94	301.921	301.913	301.898	301.891	301.901	301.911	301.928	301.946	301.959	301.952	301.958	301.945	301.924	301.894	301.868	301.856	301.856	301.865	301.867	301.848	301.835	301.809	301.808
302.785	302.762	302.762	302.758	302.762	302.75	302.761	302.766	302.784	302.788	302.803	302.792	302.783	302.778	302.757	302.749	302.726	302.697	302.682	302.664	302.664	302.659	302.662	302.657	302.647	302.628	302.618	302.583	302.57	302.548	302.531	302.521	302.516	302.515	302.498	302.471	302.471	302.459	302.47	302.463	302.459	302.464	302.464	302.465	302.461	302.454	302.44	302.42	302.398	302.392	302.375	302.362	302.349	302.346	302.339	302.346	302.33	302.316	302.317	302.309	302.32	302.308	302.316	302.31	302.295	302.287	302.267	302.261	302.246	302.233	302.227	302.224	302.215	302.209	302.201	302.18	302.186	302.173	302.175	302.168	302.173	302.159	302.177	302.175	302.167	302.167	302.152	302.136	302.108	302.085	302.076	302.053	302.022	301.997	301.981	301.963	301.968	301.976	301.992	302.004	302.014	302.018	302.022	302.024	302.022	302.009	302.014	302.028	302.033	302.025	301.987	301.96	301.962	301.913	301.902	301.89	301.869	301.857	301.875	301.878	301.889	301.893	301.894	301.902	301.897	301.914	301.903	301.878	301.854	301.827	301.822	301.829	301.827	301.829	301.828	301.809	301.784
302.756	302.743	302.729	302.739	302.74	302.746	302.745	302.757	302.758	302.764	302.768	302.752	302.768	302.743	302.745	302.732	302.731	302.72	302.707	302.689	302.667	302.67	302.66	302.655	302.637	302.636	302.607	302.57	302.555	302.532	302.515	302.502	302.484	302.479	302.473	302.473	302.48	302.474	302.47	302.465	302.464	302.466	302.46	302.467	302.457	302.452	302.438	302.425	302.412	302.402	302.393	302.373	302.365	302.356	302.339	302.336	302.319	302.312	302.302	302.303	302.303	302.302	302.294	302.296	302.289	302.274	302.265	302.254	302.257	302.236	302.233	302.231	302.225	302.214	302.189	302.172	302.164	302.158	302.155	302.167	302.151	302.151	302.146	302.157	302.162	302.15	302.145	302.116	302.115	302.081	302.07	302.05	302.022	301.996	301.979	301.969	301.956	301.954	301.959	301.969	301.987	301.992	302.009	302.009	302.015	301.997	302	301.997	301.998	301.993	301.976	301.953	301.943	301.922	301.891	301.868	301.854	301.852	301.858	301.872	301.874	301.871	301.865	301.866	301.864	301.879	301.884	301.876	301.834	301.814	301.801	301.804	301.818	301.819	301.797	301.809	301.774
302.734	302.723	302.711	302.717	302.721	302.713	302.725	302.716	302.721	302.715	302.718	302.72	302.73	302.724	302.712	302.717	302.708	302.713	302.705	302.695	302.674	302.667	302.658	302.646	302.648	302.637	302.601	302.577	302.556	302.524	302.507	302.496	302.485	302.461	302.456	302.461	302.454	302.466	302.468	302.451	302.461	302.451	302.452	302.452	302.444	302.43	302.418	302.401	302.397	302.382	302.373	302.383	302.359	302.357	302.341	302.341	302.323	302.311	302.299	302.292	302.293	302.283	302.274	302.277	302.271	302.262	302.25	302.246	302.239	302.243	302.226	302.218	302.211	302.207	302.196	302.164	302.165	302.154	302.158	302.149	302.161	302.145	302.141	302.143	302.148	302.143	302.111	302.101	302.071	302.064	302.055	302.027	302.003	301.986	301.974	301.952	301.945	301.942	301.944	301.95	301.959	301.965	301.987	301.992	301.988	301.996	301.968	301.961	301.959	301.963	301.944	301.935	301.931	301.912	301.904	301.855	301.843	301.837	301.832	301.846	301.849	301.863	301.864	301.842	301.858	301.862	301.853	301.854	301.82	301.808	301.792	301.779	301.794	301.792	301.788	301.765	301.73
302.732	302.716	302.712	302.727	302.719	302.706	302.712	302.704	302.699	302.684	302.692	302.705	302.695	302.689	302.698	302.692	302.698	302.702	302.697	302.687	302.668	302.659	302.651	302.644	302.646	302.641	302.619	302.587	302.555	302.532	302.521	302.504	302.488	302.476	302.465	302.464	302.455	302.456	302.464	302.452	302.441	302.426	302.429	302.434	302.424	302.428	302.41	302.384	302.385	302.365	302.365	302.368	302.353	302.353	302.338	302.336	302.323	302.323	302.304	302.285	302.277	302.268	302.264	302.261	302.256	302.242	302.241	302.234	302.225	302.218	302.214	302.216	302.195	302.195	302.186	302.178	302.163	302.151	302.145	302.137	302.135	302.143	302.137	302.124	302.115	302.112	302.096	302.072	302.054	302.041	302.039	302.029	302.008	301.984	301.976	301.959	301.948	301.938	301.941	301.939	301.935	301.945	301.956	301.946	301.944	301.947	301.948	301.942	301.939	301.925	301.918	301.916	301.905	301.919	301.911	301.892	301.872	301.819	301.806	301.823	301.818	301.836	301.834	301.841	301.834	301.833	301.828	301.824	301.802	301.784	301.762	301.749	301.743	301.768	301.788	301.754	301.717
302.733	302.726	302.728	302.723	302.725	302.722	302.707	302.693	302.677	302.686	302.694	302.696	302.697	302.678	302.682	302.667	302.664	302.683	302.668	302.657	302.643	302.639	302.642	302.649	302.638	302.636	302.632	302.6	302.573	302.55	302.547	302.531	302.502	302.501	302.481	302.485	302.47	302.465	302.466	302.444	302.446	302.434	302.435	302.418	302.395	302.392	302.38	302.37	302.356	302.352	302.349	302.341	302.335	302.326	302.326	302.321	302.333	302.325	302.307	302.295	302.277	302.274	302.263	302.259	302.246	302.231	302.22	302.211	302.213	302.208	302.203	302.199	302.184	302.178	302.173	302.162	302.152	302.138	302.127	302.117	302.113	302.129	302.112	302.097	302.097	302.088	302.083	302.07	302.042	302.022	302.015	302.016	302.002	301.99	301.983	301.959	301.947	301.932	301.928	301.934	301.929	301.941	301.937	301.935	301.936	301.924	301.937	301.928	301.909	301.897	301.883	301.889	301.898	301.924	301.923	301.918	301.878	301.822	301.808	301.81	301.811	301.796	301.8	301.804	301.811	301.807	301.807	301.793	301.783	301.768	301.744	301.722	301.721	301.73	301.745	301.745	301.706
302.714	302.723	302.727	302.72	302.723	302.709	302.706	302.698	302.678	302.679	302.704	302.683	302.687	302.681	302.674	302.671	302.669	302.661	302.666	302.658	302.647	302.63	302.627	302.635	302.633	302.629	302.614	302.592	302.573	302.564	302.542	302.542	302.51	302.491	302.486	302.483	302.487	302.479	302.472	302.459	302.436	302.427	302.435	302.406	302.397	302.361	302.358	302.352	302.355	302.341	302.332	302.318	302.31	302.307	302.296	302.293	302.301	302.299	302.293	302.285	302.273	302.266	302.262	302.251	302.222	302.216	302.209	302.212	302.206	302.196	302.181	302.165	302.155	302.15	302.156	302.148	302.132	302.12	302.11	302.104	302.104	302.106	302.112	302.1	302.091	302.083	302.068	302.052	302.044	302.025	302.002	302.012	302	301.983	301.978	301.955	301.954	301.943	301.929	301.928	301.935	301.931	301.931	301.916	301.908	301.902	301.901	301.9	301.868	301.851	301.84	301.84	301.86	301.887	301.918	301.926	301.911	301.86	301.811	301.806	301.791	301.774	301.779	301.776	301.78	301.788	301.782	301.749	301.753	301.741	301.712	301.706	301.69	301.683	301.674	301.673	301.668
302.732	302.743	302.747	302.739	302.723	302.721	302.712	302.698	302.678	302.674	302.69	302.699	302.7	302.687	302.68	302.675	302.664	302.658	302.662	302.636	302.629	302.626	302.619	302.618	302.638	302.626	302.617	302.601	302.582	302.563	302.533	302.509	302.502	302.485	302.485	302.471	302.457	302.457	302.44	302.435	302.422	302.413	302.419	302.395	302.376	302.351	302.344	302.338	302.335	302.344	302.333	302.323	302.315	302.3	302.295	302.287	302.296	302.293	302.29	302.287	302.283	302.274	302.265	302.251	302.237	302.221	302.214	302.204	302.199	302.201	302.181	302.169	302.148	302.127	302.125	302.106	302.109	302.111	302.101	302.091	302.105	302.113	302.11	302.093	302.092	302.082	302.061	302.052	302.047	302.028	301.997	301.99	301.987	301.98	301.974	301.965	301.957	301.945	301.932	301.929	301.94	301.938	301.94	301.922	301.908	301.906	301.91	301.896	301.851	301.83	301.826	301.824	301.824	301.827	301.888	301.926	301.939	301.921	301.853	301.797	301.79	301.776	301.764	301.763	301.761	301.759	301.749	301.731	301.709	301.693	301.681	301.673	301.659	301.643	301.615	301.616	301.609
302.737	302.744	302.75	302.735	302.716	302.716	302.706	302.691	302.67	302.674	302.681	302.68	302.684	302.683	302.691	302.676	302.667	302.656	302.638	302.622	302.603	302.604	302.609	302.615	302.617	302.609	302.599	302.582	302.563	302.554	302.546	302.527	302.511	302.497	302.477	302.465	302.454	302.446	302.431	302.427	302.41	302.394	302.403	302.394	302.384	302.371	302.343	302.346	302.334	302.336	302.316	302.317	302.307	302.293	302.286	302.275	302.27	302.272	302.264	302.253	302.253	302.256	302.255	302.21	302.197	302.178	302.19	302.178	302.168	302.181	302.167	302.155	302.131	302.113	302.086	302.082	302.086	302.087	302.079	302.072	302.075	302.089	302.092	302.086	302.076	302.065	302.056	302.044	302.026	302.018	301.989	301.977	301.969	301.963	301.964	301.97	301.956	301.945	301.932	301.928	301.936	301.929	301.908	301.904	301.91	301.911	301.895	301.873	301.85	301.822	301.79	301.772	301.773	301.782	301.799	301.852	301.903	301.91	301.883	301.818	301.778	301.757	301.743	301.737	301.724	301.726	301.712	301.707	301.671	301.654	301.654	301.648	301.639	301.624	301.593	301.577	301.568
302.754	302.755	302.752	302.739	302.718	302.698	302.695	302.681	302.667	302.662	302.673	302.678	302.67	302.658	302.654	302.646	302.634	302.629	302.618	302.611	302.591	302.582	302.589	302.601	302.6	302.6	302.569	302.566	302.56	302.543	302.535	302.498	302.496	302.467	302.456	302.444	302.42	302.425	302.41	302.41	302.393	302.38	302.374	302.388	302.388	302.361	302.35	302.345	302.334	302.328	302.306	302.298	302.285	302.285	302.262	302.254	302.261	302.256	302.258	302.248	302.238	302.232	302.235	302.213	302.184	302.168	302.159	302.148	302.143	302.148	302.135	302.114	302.118	302.109	302.098	302.067	302.057	302.057	302.047	302.047	302.049	302.055	302.055	302.053	302.048	302.032	302.033	302.024	302.016	301.989	301.961	301.938	301.94	301.942	301.938	301.939	301.949	301.942	301.937	301.928	301.92	301.909	301.882	301.882	301.88	301.879	301.87	301.859	301.839	301.811	301.79	301.766	301.757	301.765	301.771	301.781	301.782	301.805	301.812	301.788	301.765	301.751	301.736	301.716	301.717	301.71	301.696	301.679	301.647	301.626	301.608	301.602	301.598	301.584	301.564	301.55	301.528
302.767	302.767	302.752	302.733	302.719	302.704	302.69	302.684	302.674	302.667	302.66	302.654	302.667	302.647	302.636	302.628	302.616	302.614	302.608	302.602	302.58	302.59	302.593	302.588	302.593	302.595	302.573	302.555	302.544	302.522	302.533	302.514	302.491	302.467	302.453	302.445	302.418	302.427	302.409	302.398	302.376	302.358	302.363	302.367	302.355	302.356	302.342	302.35	302.334	302.317	302.311	302.3	302.287	302.272	302.258	302.249	302.249	302.248	302.238	302.232	302.219	302.223	302.206	302.181	302.176	302.163	302.155	302.142	302.128	302.122	302.107	302.097	302.09	302.096	302.088	302.075	302.061	302.035	302.029	302.016	302.018	302.027	302.036	302.017	302.005	302.006	301.996	302.007	301.992	301.96	301.948	301.925	301.924	301.917	301.924	301.928	301.93	301.923	301.918	301.917	301.905	301.891	301.864	301.846	301.848	301.844	301.847	301.839	301.825	301.799	301.778	301.763	301.747	301.732	301.748	301.739	301.755	301.749	301.769	301.766	301.757	301.724	301.693	301.703	301.695	301.686	301.678	301.653	301.635	301.608	301.594	301.586	301.572	301.565	301.546	301.525	301.516
302.775	302.779	302.767	302.753	302.726	302.714	302.702	302.688	302.677	302.661	302.657	302.644	302.654	302.638	302.624	302.619	302.607	302.602	302.598	302.58	302.588	302.593	302.595	302.596	302.597	302.594	302.566	302.56	302.535	302.528	302.525	302.499	302.506	302.469	302.46	302.436	302.421	302.412	302.399	302.399	302.383	302.362	302.357	302.337	302.339	302.328	302.331	302.331	302.32	302.301	302.291	302.287	302.277	302.274	302.253	302.249	302.232	302.234	302.223	302.206	302.213	302.2	302.188	302.171	302.158	302.156	302.138	302.131	302.119	302.109	302.109	302.089	302.08	302.069	302.082	302.073	302.063	302.043	302.029	302.016	301.998	302.008	302.008	301.993	301.978	301.964	301.97	301.965	301.964	301.934	301.912	301.912	301.897	301.901	301.91	301.913	301.92	301.91	301.899	301.891	301.886	301.874	301.838	301.826	301.814	301.802	301.799	301.8	301.797	301.769	301.77	301.754	301.739	301.714	301.718	301.707	301.707	301.73	301.733	301.742	301.74	301.704	301.679	301.663	301.659	301.648	301.659	301.652	301.626	301.605	301.586	301.576	301.56	301.546	301.525	301.51	301.504
302.786	302.791	302.767	302.767	302.745	302.725	302.708	302.694	302.677	302.655	302.657	302.637	302.627	302.632	302.621	302.611	302.605	302.596	302.592	302.584	302.588	302.574	302.568	302.579	302.591	302.589	302.581	302.554	302.533	302.514	302.499	302.485	302.483	302.481	302.465	302.46	302.443	302.407	302.398	302.382	302.371	302.359	302.35	302.329	302.326	302.315	302.308	302.312	302.307	302.29	302.275	302.271	302.269	302.263	302.253	302.245	302.213	302.217	302.205	302.188	302.179	302.171	302.162	302.143	302.125	302.121	302.123	302.113	302.105	302.099	302.107	302.099	302.074	302.071	302.045	302.049	302.037	302.023	302.005	302.004	301.994	301.988	301.977	301.986	301.956	301.944	301.932	301.928	301.924	301.899	301.885	301.887	301.876	301.879	301.891	301.889	301.895	301.896	301.889	301.877	301.872	301.859	301.83	301.807	301.789	301.769	301.777	301.78	301.766	301.747	301.752	301.76	301.745	301.719	301.689	301.686	301.688	301.692	301.709	301.725	301.719	301.683	301.662	301.639	301.642	301.64	301.631	301.629	301.608	301.596	301.593	301.579	301.555	301.526	301.497	301.497	301.491
302.785	302.789	302.781	302.784	302.762	302.746	302.724	302.701	302.679	302.646	302.642	302.617	302.619	302.62	302.608	302.604	302.604	302.6	302.599	302.578	302.589	302.577	302.565	302.565	302.559	302.572	302.57	302.537	302.533	302.512	302.5	302.482	302.469	302.454	302.451	302.452	302.422	302.404	302.382	302.374	302.36	302.342	302.325	302.321	302.313	302.305	302.301	302.299	302.289	302.27	302.263	302.262	302.261	302.244	302.237	302.212	302.197	302.192	302.172	302.148	302.133	302.142	302.133	302.132	302.12	302.109	302.094	302.081	302.093	302.086	302.093	302.086	302.058	302.041	302.021	302.009	302.015	301.992	301.986	301.973	301.974	301.971	301.97	301.953	301.93	301.914	301.908	301.901	301.901	301.888	301.884	301.874	301.872	301.865	301.878	301.873	301.868	301.865	301.852	301.854	301.847	301.837	301.816	301.791	301.787	301.758	301.766	301.738	301.716	301.714	301.719	301.734	301.722	301.697	301.68	301.675	301.67	301.661	301.669	301.669	301.667	301.666	301.637	301.629	301.62	301.616	301.612	301.594	301.603	301.594	301.587	301.55	301.526	301.504	301.483	301.482	301.48
302.771	302.774	302.773	302.775	302.764	302.753	302.708	302.683	302.667	302.644	302.617	302.599	302.592	302.599	302.604	302.6	302.605	302.595	302.569	302.561	302.548	302.538	302.54	302.537	302.539	302.536	302.526	302.499	302.484	302.465	302.453	302.445	302.415	302.417	302.404	302.393	302.39	302.365	302.369	302.364	302.369	302.348	302.323	302.309	302.302	302.313	302.296	302.287	302.276	302.257	302.254	302.247	302.235	302.23	302.203	302.191	302.164	302.16	302.146	302.127	302.112	302.105	302.118	302.117	302.128	302.099	302.085	302.085	302.079	302.07	302.07	302.057	302.041	302.02	301.996	301.989	301.994	301.977	301.965	301.966	301.962	301.969	301.967	301.948	301.936	301.916	301.904	301.893	301.892	301.883	301.878	301.876	301.86	301.855	301.856	301.86	301.846	301.831	301.819	301.824	301.811	301.803	301.784	301.765	301.763	301.772	301.757	301.728	301.718	301.697	301.703	301.692	301.682	301.679	301.659	301.643	301.645	301.652	301.637	301.64	301.643	301.633	301.624	301.613	301.608	301.606	301.579	301.585	301.579	301.572	301.561	301.523	301.507	301.492	301.486	301.474	301.465
302.759	302.758	302.737	302.75	302.731	302.727	302.702	302.671	302.639	302.613	302.601	302.585	302.569	302.582	302.576	302.588	302.598	302.578	302.56	302.541	302.521	302.512	302.52	302.503	302.497	302.486	302.467	302.463	302.452	302.421	302.412	302.406	302.383	302.382	302.37	302.357	302.352	302.351	302.336	302.333	302.339	302.316	302.314	302.297	302.297	302.29	302.289	302.266	302.267	302.246	302.24	302.243	302.221	302.195	302.182	302.163	302.146	302.128	302.126	302.114	302.098	302.096	302.095	302.111	302.12	302.094	302.091	302.076	302.056	302.055	302.042	302.04	302.015	301.991	301.976	301.97	301.972	301.959	301.941	301.935	301.943	301.942	301.936	301.927	301.914	301.905	301.886	301.886	301.875	301.868	301.87	301.865	301.858	301.841	301.824	301.81	301.809	301.814	301.81	301.802	301.8	301.768	301.751	301.738	301.736	301.731	301.738	301.728	301.704	301.689	301.679	301.682	301.669	301.656	301.632	301.627	301.627	301.62	301.616	301.61	301.603	301.59	301.595	301.595	301.581	301.571	301.559	301.553	301.548	301.549	301.532	301.508	301.491	301.482	301.472	301.465	301.458
302.737	302.728	302.725	302.717	302.731	302.694	302.673	302.648	302.622	302.608	302.58	302.532	302.538	302.546	302.539	302.526	302.523	302.519	302.503	302.508	302.498	302.503	302.489	302.478	302.459	302.436	302.435	302.428	302.436	302.411	302.398	302.379	302.365	302.364	302.38	302.366	302.337	302.332	302.328	302.324	302.328	302.304	302.292	302.28	302.28	302.275	302.273	302.251	302.234	302.237	302.233	302.222	302.216	302.206	302.183	302.166	302.149	302.129	302.127	302.134	302.112	302.094	302.097	302.09	302.084	302.071	302.078	302.072	302.052	302.05	302.038	302.034	302.011	301.987	301.966	301.959	301.962	301.957	301.931	301.924	301.916	301.923	301.924	301.913	301.907	301.882	301.867	301.858	301.86	301.857	301.854	301.848	301.844	301.84	301.828	301.812	301.804	301.801	301.791	301.783	301.771	301.752	301.739	301.723	301.729	301.719	301.733	301.711	301.695	301.687	301.672	301.656	301.667	301.658	301.627	301.63	301.615	301.594	301.601	301.588	301.582	301.569	301.576	301.573	301.567	301.552	301.542	301.54	301.544	301.541	301.525	301.502	301.484	301.477	301.473	301.466	301.46
302.7	302.688	302.672	302.653	302.665	302.66	302.649	302.625	302.606	302.563	302.542	302.52	302.501	302.495	302.482	302.482	302.478	302.477	302.46	302.459	302.469	302.465	302.454	302.424	302.411	302.38	302.386	302.374	302.38	302.383	302.354	302.338	302.328	302.331	302.34	302.333	302.326	302.313	302.313	302.307	302.308	302.291	302.271	302.265	302.263	302.262	302.256	302.24	302.229	302.219	302.216	302.206	302.198	302.18	302.175	302.161	302.14	302.128	302.122	302.102	302.091	302.081	302.078	302.062	302.056	302.048	302.037	302.037	302.033	302.03	302.019	302.002	301.985	301.961	301.939	301.929	301.925	301.918	301.906	301.902	301.899	301.901	301.904	301.886	301.875	301.858	301.845	301.831	301.829	301.826	301.822	301.82	301.825	301.822	301.81	301.794	301.781	301.773	301.782	301.768	301.755	301.738	301.722	301.693	301.694	301.696	301.684	301.687	301.681	301.673	301.652	301.642	301.639	301.631	301.605	301.593	301.588	301.575	301.57	301.545	301.538	301.527	301.518	301.527	301.534	301.531	301.517	301.521	301.533	301.529	301.525	301.502	301.478	301.467	301.461	301.453	301.447
302.636	302.62	302.615	302.621	302.63	302.621	302.614	302.592	302.565	302.516	302.497	302.479	302.459	302.454	302.447	302.439	302.439	302.413	302.41	302.415	302.418	302.429	302.434	302.415	302.385	302.374	302.364	302.368	302.368	302.358	302.348	302.318	302.293	302.289	302.286	302.29	302.285	302.289	302.285	302.292	302.29	302.275	302.267	302.257	302.246	302.253	302.238	302.238	302.219	302.212	302.199	302.186	302.191	302.16	302.164	302.143	302.132	302.117	302.109	302.103	302.081	302.065	302.055	302.051	302.032	302.031	302.029	302.028	302.02	302.001	302.009	301.986	301.963	301.943	301.929	301.916	301.898	301.895	301.902	301.887	301.88	301.884	301.88	301.869	301.851	301.839	301.822	301.814	301.814	301.81	301.803	301.803	301.8	301.804	301.796	301.79	301.781	301.75	301.738	301.734	301.715	301.711	301.698	301.692	301.678	301.668	301.664	301.67	301.672	301.661	301.635	301.625	301.623	301.609	301.598	301.582	301.569	301.563	301.55	301.535	301.516	301.505	301.5	301.503	301.504	301.495	301.49	301.491	301.504	301.492	301.491	301.49	301.467	301.456	301.446	301.437	301.428
302.612	302.58	302.562	302.564	302.583	302.57	302.563	302.536	302.502	302.492	302.467	302.442	302.438	302.423	302.427	302.414	302.408	302.396	302.376	302.391	302.393	302.411	302.414	302.397	302.377	302.366	302.357	302.358	302.358	302.363	302.342	302.324	302.292	302.274	302.274	302.272	302.281	302.272	302.282	302.286	302.276	302.272	302.257	302.258	302.247	302.261	302.25	302.233	302.223	302.208	302.194	302.163	302.16	302.148	302.126	302.131	302.119	302.11	302.092	302.084	302.076	302.056	302.056	302.052	302.042	302.027	302.014	302.013	301.995	301.997	302	301.976	301.954	301.933	301.922	301.905	301.905	301.891	301.889	301.885	301.877	301.87	301.856	301.844	301.833	301.814	301.814	301.804	301.807	301.789	301.778	301.788	301.779	301.785	301.787	301.76	301.766	301.744	301.716	301.719	301.701	301.7	301.689	301.678	301.663	301.661	301.662	301.666	301.675	301.655	301.641	301.614	301.611	301.602	301.588	301.582	301.57	301.556	301.537	301.522	301.507	301.494	301.491	301.488	301.486	301.473	301.469	301.469	301.455	301.47	301.473	301.466	301.457	301.441	301.427	301.418	301.412
302.565	302.57	302.552	302.553	302.56	302.528	302.514	302.482	302.464	302.449	302.421	302.423	302.406	302.409	302.408	302.406	302.385	302.374	302.373	302.367	302.365	302.378	302.378	302.372	302.359	302.358	302.352	302.362	302.344	302.346	302.334	302.297	302.302	302.289	302.278	302.267	302.268	302.283	302.277	302.267	302.265	302.256	302.254	302.254	302.247	302.247	302.254	302.247	302.229	302.213	302.176	302.156	302.164	302.138	302.132	302.127	302.129	302.112	302.093	302.083	302.068	302.056	302.044	302.056	302.04	302.024	302.02	301.995	301.999	301.986	301.989	301.98	301.942	301.94	301.912	301.909	301.898	301.876	301.873	301.861	301.861	301.857	301.848	301.837	301.817	301.813	301.802	301.798	301.787	301.761	301.756	301.742	301.768	301.77	301.779	301.756	301.741	301.737	301.716	301.701	301.698	301.685	301.663	301.653	301.654	301.647	301.655	301.648	301.645	301.645	301.63	301.614	301.595	301.572	301.574	301.561	301.554	301.547	301.532	301.519	301.495	301.482	301.473	301.468	301.469	301.448	301.434	301.434	301.434	301.439	301.45	301.435	301.415	301.41	301.381	301.372	301.373
302.548	302.543	302.535	302.534	302.546	302.516	302.48	302.454	302.416	302.412	302.394	302.393	302.399	302.394	302.4	302.393	302.379	302.365	302.358	302.357	302.347	302.352	302.368	302.35	302.352	302.342	302.346	302.346	302.333	302.329	302.309	302.304	302.29	302.292	302.278	302.264	302.272	302.27	302.275	302.268	302.268	302.254	302.249	302.253	302.236	302.253	302.26	302.251	302.243	302.214	302.19	302.167	302.167	302.152	302.119	302.136	302.127	302.121	302.111	302.088	302.068	302.061	302.044	302.048	302.043	302.017	302.001	301.993	301.967	301.978	301.973	301.957	301.956	301.933	301.911	301.908	301.89	301.871	301.853	301.846	301.842	301.839	301.836	301.824	301.818	301.807	301.8	301.792	301.768	301.737	301.72	301.721	301.718	301.748	301.753	301.75	301.728	301.722	301.711	301.668	301.665	301.667	301.644	301.637	301.627	301.626	301.633	301.616	301.624	301.612	301.607	301.591	301.578	301.573	301.563	301.558	301.522	301.523	301.52	301.505	301.49	301.473	301.469	301.454	301.447	301.427	301.408	301.404	301.401	301.402	301.407	301.391	301.374	301.334	301.318	301.316	301.322
302.536	302.527	302.509	302.511	302.51	302.487	302.462	302.428	302.424	302.406	302.4	302.397	302.39	302.394	302.383	302.37	302.371	302.364	302.362	302.341	302.334	302.335	302.34	302.331	302.335	302.338	302.336	302.339	302.332	302.316	302.31	302.285	302.28	302.268	302.27	302.265	302.26	302.272	302.265	302.272	302.275	302.259	302.258	302.235	302.243	302.249	302.258	302.252	302.247	302.238	302.207	302.192	302.194	302.168	302.158	302.148	302.146	302.126	302.122	302.105	302.087	302.083	302.055	302.05	302.049	302.013	302.009	301.981	301.97	301.962	301.97	301.956	301.942	301.939	301.912	301.908	301.89	301.865	301.834	301.827	301.821	301.815	301.813	301.81	301.788	301.771	301.772	301.775	301.758	301.721	301.688	301.684	301.693	301.714	301.723	301.718	301.703	301.693	301.666	301.648	301.628	301.635	301.628	301.62	301.613	301.595	301.594	301.585	301.584	301.583	301.579	301.569	301.564	301.566	301.55	301.531	301.52	301.503	301.496	301.488	301.472	301.462	301.447	301.444	301.42	301.403	301.394	301.383	301.369	301.364	301.369	301.366	301.336	301.313	301.288	301.287	301.315
302.506	302.499	302.491	302.477	302.483	302.455	302.439	302.424	302.397	302.397	302.4	302.384	302.384	302.378	302.382	302.372	302.364	302.352	302.341	302.324	302.309	302.318	302.31	302.302	302.309	302.307	302.32	302.315	302.33	302.303	302.287	302.279	302.25	302.252	302.249	302.236	302.258	302.264	302.268	302.277	302.271	302.265	302.256	302.252	302.244	302.257	302.253	302.257	302.253	302.241	302.217	302.199	302.201	302.198	302.171	302.154	302.146	302.125	302.128	302.114	302.1	302.086	302.071	302.037	302.039	302.019	302.006	301.994	301.973	301.973	301.952	301.945	301.945	301.936	301.927	301.902	301.893	301.867	301.833	301.823	301.814	301.809	301.799	301.772	301.769	301.745	301.752	301.742	301.733	301.706	301.679	301.664	301.663	301.687	301.685	301.681	301.674	301.663	301.651	301.622	301.624	301.604	301.597	301.591	301.561	301.562	301.562	301.553	301.564	301.556	301.549	301.549	301.538	301.539	301.523	301.509	301.484	301.476	301.472	301.467	301.461	301.446	301.436	301.421	301.415	301.375	301.371	301.363	301.346	301.344	301.339	301.338	301.317	301.292	301.289	301.277	301.282
302.488	302.478	302.466	302.453	302.453	302.425	302.407	302.397	302.39	302.378	302.386	302.377	302.374	302.366	302.357	302.363	302.35	302.34	302.332	302.32	302.321	302.33	302.306	302.29	302.284	302.296	302.304	302.305	302.304	302.291	302.279	302.263	302.246	302.238	302.248	302.244	302.246	302.257	302.257	302.261	302.271	302.258	302.241	302.235	302.26	302.266	302.27	302.262	302.252	302.252	302.232	302.227	302.196	302.202	302.189	302.155	302.145	302.125	302.117	302.106	302.086	302.063	302.051	302.036	302.03	302.019	302.01	301.987	301.968	301.952	301.938	301.932	301.933	301.931	301.928	301.911	301.894	301.867	301.854	301.833	301.818	301.806	301.792	301.765	301.744	301.72	301.708	301.719	301.711	301.684	301.675	301.657	301.665	301.663	301.662	301.655	301.635	301.631	301.614	301.621	301.598	301.585	301.584	301.572	301.56	301.545	301.541	301.531	301.532	301.531	301.531	301.531	301.518	301.512	301.505	301.49	301.474	301.462	301.458	301.451	301.437	301.436	301.425	301.414	301.397	301.354	301.336	301.342	301.335	301.331	301.343	301.338	301.309	301.288	301.283	301.274	301.272
302.449	302.453	302.439	302.414	302.394	302.399	302.392	302.381	302.383	302.393	302.387	302.378	302.38	302.376	302.358	302.355	302.342	302.32	302.319	302.315	302.317	302.323	302.299	302.293	302.288	302.283	302.281	302.268	302.273	302.269	302.26	302.251	302.244	302.253	302.243	302.242	302.234	302.233	302.245	302.259	302.253	302.242	302.222	302.226	302.237	302.246	302.258	302.238	302.237	302.233	302.225	302.21	302.202	302.2	302.197	302.185	302.154	302.127	302.111	302.086	302.075	302.062	302.041	302.026	302.02	302.018	302.008	302.004	301.975	301.967	301.962	301.944	301.932	301.924	301.923	301.913	301.903	301.883	301.861	301.846	301.835	301.825	301.81	301.781	301.736	301.71	301.697	301.698	301.699	301.695	301.666	301.655	301.656	301.642	301.636	301.623	301.608	301.606	301.598	301.584	301.574	301.563	301.564	301.562	301.559	301.555	301.549	301.534	301.531	301.521	301.515	301.519	301.516	301.515	301.499	301.485	301.467	301.455	301.453	301.44	301.43	301.427	301.41	301.396	301.397	301.349	301.32	301.306	301.305	301.317	301.318	301.331	301.309	301.283	301.268	301.26	301.265
302.419	302.406	302.394	302.38	302.348	302.338	302.33	302.345	302.352	302.364	302.375	302.363	302.356	302.34	302.325	302.321	302.311	302.293	302.281	302.294	302.308	302.309	302.282	302.284	302.267	302.268	302.266	302.248	302.234	302.222	302.218	302.217	302.224	302.232	302.232	302.231	302.238	302.231	302.228	302.223	302.222	302.22	302.209	302.204	302.193	302.2	302.23	302.218	302.208	302.204	302.182	302.166	302.161	302.144	302.143	302.148	302.127	302.129	302.098	302.087	302.072	302.063	302.048	302.041	302.025	302.012	302.009	302.001	301.98	301.96	301.933	301.925	301.925	301.916	301.901	301.889	301.888	301.871	301.861	301.846	301.833	301.819	301.796	301.748	301.724	301.691	301.674	301.685	301.67	301.67	301.635	301.627	301.61	301.599	301.575	301.571	301.572	301.555	301.538	301.541	301.529	301.54	301.538	301.527	301.519	301.515	301.524	301.505	301.501	301.504	301.498	301.494	301.502	301.487	301.476	301.464	301.454	301.441	301.427	301.43	301.419	301.403	301.394	301.381	301.369	301.35	301.317	301.307	301.296	301.29	301.298	301.306	301.285	301.253	301.242	301.236	301.215
302.4	302.384	302.368	302.365	302.351	302.342	302.337	302.321	302.322	302.321	302.334	302.338	302.332	302.33	302.311	302.297	302.303	302.287	302.293	302.278	302.275	302.269	302.269	302.263	302.249	302.262	302.248	302.229	302.215	302.193	302.199	302.197	302.211	302.209	302.22	302.211	302.216	302.226	302.224	302.215	302.203	302.179	302.158	302.158	302.158	302.154	302.162	302.189	302.184	302.174	302.146	302.139	302.122	302.109	302.106	302.096	302.083	302.064	302.083	302.094	302.073	302.065	302.043	302.03	302.014	302.003	301.996	301.982	301.965	301.949	301.925	301.917	301.923	301.915	301.899	301.883	301.88	301.865	301.854	301.841	301.83	301.816	301.8	301.743	301.715	301.675	301.661	301.656	301.645	301.636	301.633	301.601	301.575	301.557	301.538	301.515	301.51	301.51	301.494	301.51	301.497	301.498	301.503	301.498	301.493	301.495	301.505	301.495	301.483	301.486	301.468	301.47	301.481	301.476	301.463	301.451	301.434	301.412	301.404	301.406	301.384	301.385	301.394	301.394	301.373	301.345	301.313	301.302	301.297	301.284	301.279	301.28	301.258	301.225	301.211	301.215	301.201
302.362	302.352	302.353	302.349	302.338	302.336	302.321	302.313	302.306	302.315	302.314	302.303	302.306	302.299	302.31	302.308	302.303	302.29	302.286	302.269	302.262	302.259	302.25	302.241	302.24	302.238	302.229	302.206	302.202	302.176	302.169	302.174	302.183	302.19	302.19	302.175	302.183	302.194	302.216	302.202	302.181	302.162	302.129	302.132	302.127	302.13	302.133	302.143	302.141	302.122	302.12	302.11	302.088	302.08	302.048	302.052	302.023	302.028	302.042	302.06	302.066	302.038	302.018	302	301.982	301.967	301.949	301.945	301.923	301.919	301.906	301.901	301.904	301.884	301.868	301.843	301.847	301.84	301.825	301.824	301.808	301.792	301.769	301.737	301.706	301.677	301.666	301.636	301.619	301.611	301.599	301.58	301.548	301.532	301.523	301.5	301.49	301.471	301.464	301.463	301.461	301.463	301.453	301.462	301.464	301.469	301.471	301.458	301.453	301.438	301.429	301.427	301.437	301.434	301.434	301.425	301.41	301.392	301.349	301.346	301.347	301.353	301.357	301.347	301.353	301.319	301.297	301.31	301.291	301.27	301.265	301.247	301.243	301.211	301.2	301.184	301.172
302.354	302.336	302.329	302.334	302.321	302.314	302.302	302.299	302.302	302.308	302.291	302.287	302.284	302.288	302.29	302.294	302.299	302.276	302.26	302.252	302.239	302.229	302.221	302.227	302.22	302.225	302.206	302.186	302.177	302.16	302.141	302.13	302.145	302.142	302.162	302.163	302.144	302.163	302.171	302.189	302.187	302.152	302.136	302.121	302.107	302.089	302.101	302.092	302.081	302.104	302.087	302.084	302.059	302.044	302.019	301.994	301.981	301.978	301.989	302.007	302.013	302.011	301.983	301.964	301.939	301.913	301.882	301.861	301.866	301.857	301.85	301.859	301.848	301.848	301.821	301.798	301.785	301.789	301.788	301.771	301.751	301.751	301.737	301.709	301.686	301.657	301.633	301.611	301.596	301.587	301.576	301.545	301.532	301.503	301.486	301.474	301.456	301.461	301.432	301.435	301.432	301.434	301.425	301.419	301.436	301.429	301.434	301.425	301.416	301.414	301.404	301.4	301.4	301.387	301.394	301.367	301.37	301.349	301.313	301.293	301.285	301.296	301.293	301.301	301.314	301.283	301.277	301.269	301.269	301.239	301.238	301.228	301.209	301.185	301.164	301.155	301.152
