301.388	301.398	301.389	301.381	301.377	301.367	301.363	301.36	301.36	301.361	301.363	301.355	301.354	301.352	301.35	301.349	301.35	301.352	301.355	301.357	301.35	301.347	301.344	301.334	301.332	301.329	301.336	301.332	301.339	301.33	301.33	301.32	301.313	301.314	301.312	301.308	301.313	301.304	301.307	301.298	301.29	301.285	301.282	301.279	301.277	301.275	301.27	301.268	301.261	301.262	301.258	301.258	301.257	301.252	301.25	301.248	301.241	301.234	301.231	301.229	301.229	301.229	301.23	301.226	301.226	301.216	301.207	301.201	301.194	301.185	301.181	301.18	301.179	301.18	301.175	301.168	301.164	301.156	301.147	301.143	301.137	301.134	301.133	301.126	301.117	301.108	301.102	301.097	301.095	301.092	301.092	301.09	301.084	301.077	301.075	301.071	301.067	301.061	301.054	301.05	301.046	301.04	301.04	301.038	301.037	301.04	301.041	301.045	301.043	301.047	301.042	301.04	301.038	301.034	301.033	301.032	301.03	301.027	301.028	301.018	301.014	301.007	301.001	300.995	300.987	300.982	300.975	300.967	300.96	300.947	300.938	300.933	300.923	300.913	300.906	300.898	300.893
301.385	301.387	301.382	301.374	301.368	301.362	301.358	301.357	301.36	301.359	301.364	301.363	301.361	301.359	301.359	301.352	301.352	301.354	301.357	301.359	301.35	301.353	301.34	301.332	301.331	301.332	301.331	301.329	301.335	301.327	301.324	301.318	301.313	301.308	301.308	301.305	301.305	301.305	301.296	301.29	301.285	301.282	301.276	301.273	301.27	301.268	301.264	301.262	301.256	301.256	301.253	301.247	301.247	301.245	301.244	301.234	301.238	301.229	301.225	301.226	301.224	301.226	301.225	301.218	301.216	301.207	301.199	301.191	301.186	301.177	301.175	301.172	301.173	301.17	301.165	301.159	301.15	301.143	301.135	301.131	301.129	301.125	301.121	301.113	301.106	301.097	301.092	301.091	301.087	301.089	301.089	301.084	301.081	301.074	301.069	301.065	301.056	301.05	301.046	301.041	301.039	301.033	301.034	301.03	301.03	301.031	301.031	301.033	301.032	301.035	301.028	301.027	301.023	301.018	301.016	301.016	301.015	301.011	301.011	301.005	301.001	300.992	300.984	300.975	300.967	300.96	300.953	300.949	300.935	300.924	300.916	300.911	300.904	300.894	300.891	300.88	300.874
301.384	301.381	301.371	301.368	301.366	301.362	301.359	301.357	301.361	301.363	301.368	301.369	301.364	301.367	301.363	301.359	301.357	301.363	301.36	301.365	301.353	301.348	301.338	301.332	301.334	301.331	301.325	301.329	301.328	301.326	301.318	301.315	301.31	301.308	301.304	301.306	301.298	301.305	301.291	301.288	301.283	301.274	301.269	301.266	301.258	301.26	301.261	301.256	301.248	301.251	301.245	301.242	301.238	301.238	301.24	301.231	301.231	301.221	301.221	301.219	301.22	301.219	301.217	301.216	301.208	301.2	301.188	301.185	301.176	301.169	301.166	301.165	301.166	301.159	301.157	301.148	301.14	301.134	301.127	301.122	301.122	301.12	301.113	301.105	301.095	301.089	301.086	301.086	301.085	301.086	301.085	301.079	301.077	301.069	301.065	301.056	301.048	301.044	301.042	301.035	301.034	301.027	301.023	301.022	301.021	301.021	301.023	301.022	301.019	301.02	301.014	301.011	301.006	301.005	301.003	300.999	300.999	300.996	300.993	300.988	300.977	300.972	300.961	300.953	300.949	300.937	300.931	300.925	300.912	300.908	300.896	300.889	300.883	300.876	300.873	300.865	300.858
301.386	301.388	301.374	301.372	301.364	301.364	301.365	301.361	301.362	301.362	301.37	301.366	301.369	301.366	301.369	301.368	301.367	301.368	301.362	301.369	301.356	301.351	301.345	301.337	301.331	301.33	301.329	301.328	301.322	301.317	301.316	301.306	301.308	301.306	301.3	301.301	301.297	301.297	301.287	301.283	301.273	301.268	301.262	301.258	301.256	301.261	301.255	301.25	301.249	301.243	301.237	301.235	301.236	301.231	301.229	301.23	301.223	301.218	301.219	301.218	301.219	301.22	301.213	301.213	301.198	301.197	301.186	301.177	301.171	301.164	301.163	301.161	301.157	301.154	301.15	301.139	301.134	301.128	301.123	301.12	301.118	301.111	301.109	301.1	301.094	301.091	301.085	301.084	301.084	301.081	301.079	301.079	301.069	301.065	301.057	301.051	301.045	301.042	301.041	301.036	301.035	301.027	301.024	301.021	301.018	301.016	301.016	301.017	301.013	301.012	301.005	301.004	300.995	300.992	300.991	300.983	300.98	300.978	300.978	300.97	300.962	300.951	300.943	300.935	300.928	300.923	300.914	300.908	300.897	300.893	300.882	300.876	300.868	300.86	300.854	300.845	300.838
301.391	301.382	301.369	301.367	301.366	301.365	301.365	301.366	301.368	301.369	301.381	301.37	301.377	301.371	301.371	301.372	301.37	301.374	301.376	301.37	301.365	301.353	301.345	301.34	301.338	301.337	301.328	301.323	301.337	301.321	301.316	301.307	301.302	301.299	301.294	301.295	301.295	301.288	301.285	301.277	301.272	301.267	301.26	301.254	301.259	301.257	301.255	301.253	301.243	301.242	301.239	301.234	301.232	301.235	301.233	301.225	301.22	301.214	301.214	301.211	301.212	301.212	301.203	301.206	301.193	301.192	301.178	301.171	301.165	301.159	301.154	301.148	301.148	301.148	301.139	301.13	301.127	301.118	301.112	301.111	301.105	301.103	301.1	301.092	301.087	301.084	301.08	301.079	301.077	301.075	301.071	301.073	301.062	301.061	301.054	301.048	301.043	301.037	301.035	301.034	301.03	301.025	301.02	301.013	301.011	301.009	301.008	301.004	301.001	301.003	300.992	300.987	300.984	300.978	300.974	300.973	300.967	300.961	300.965	300.951	300.948	300.938	300.932	300.924	300.914	300.907	300.895	300.892	300.884	300.872	300.87	300.861	300.851	300.844	300.842	300.832	300.83
301.389	301.382	301.382	301.373	301.371	301.368	301.365	301.366	301.37	301.365	301.376	301.368	301.369	301.367	301.373	301.379	301.378	301.378	301.375	301.372	301.366	301.357	301.346	301.343	301.338	301.334	301.335	301.327	301.327	301.31	301.31	301.306	301.304	301.301	301.297	301.288	301.286	301.283	301.279	301.269	301.26	301.258	301.258	301.256	301.254	301.249	301.256	301.244	301.24	301.238	301.236	301.235	301.231	301.229	301.228	301.222	301.222	301.208	301.207	301.208	301.206	301.203	301.199	301.195	301.189	301.183	301.173	301.172	301.163	301.154	301.151	301.147	301.147	301.134	301.129	301.12	301.111	301.106	301.103	301.099	301.095	301.094	301.084	301.085	301.084	301.08	301.078	301.073	301.068	301.07	301.065	301.064	301.06	301.056	301.049	301.042	301.036	301.032	301.032	301.03	301.029	301.024	301.021	301.014	301.008	301.004	301.001	300.999	300.991	300.986	300.983	300.974	300.97	300.966	300.959	300.954	300.951	300.948	300.953	300.939	300.937	300.925	300.917	300.909	300.899	300.894	300.884	300.875	300.865	300.86	300.851	300.844	300.835	300.83	300.823	300.813	300.808
301.384	301.377	301.371	301.367	301.366	301.368	301.368	301.366	301.368	301.371	301.372	301.373	301.368	301.366	301.367	301.37	301.375	301.375	301.37	301.374	301.35	301.349	301.344	301.342	301.339	301.336	301.336	301.328	301.322	301.325	301.311	301.303	301.298	301.29	301.287	301.286	301.284	301.279	301.271	301.267	301.267	301.259	301.252	301.251	301.249	301.256	301.25	301.24	301.242	301.232	301.228	301.23	301.234	301.229	301.231	301.225	301.216	301.207	301.203	301.199	301.195	301.195	301.192	301.186	301.183	301.177	301.168	301.16	301.154	301.15	301.146	301.134	301.132	301.124	301.121	301.108	301.104	301.097	301.09	301.086	301.081	301.079	301.076	301.074	301.068	301.067	301.064	301.063	301.06	301.057	301.055	301.054	301.052	301.045	301.041	301.034	301.028	301.025	301.024	301.021	301.025	301.013	301.011	301.005	300.997	300.993	300.988	300.983	300.978	300.972	300.963	300.958	300.949	300.948	300.947	300.941	300.939	300.934	300.935	300.927	300.922	300.914	300.905	300.897	300.887	300.88	300.871	300.868	300.852	300.844	300.833	300.828	300.824	300.817	300.811	300.81	300.796
301.378	301.382	301.371	301.373	301.369	301.364	301.364	301.363	301.362	301.367	301.367	301.365	301.357	301.359	301.364	301.366	301.364	301.366	301.356	301.36	301.345	301.348	301.338	301.332	301.333	301.332	301.325	301.324	301.32	301.31	301.3	301.295	301.291	301.285	301.279	301.279	301.269	301.272	301.266	301.258	301.255	301.253	301.25	301.249	301.247	301.244	301.241	301.239	301.223	301.224	301.226	301.226	301.22	301.222	301.22	301.218	301.209	301.205	301.197	301.193	301.191	301.186	301.181	301.18	301.175	301.168	301.163	301.156	301.15	301.144	301.138	301.131	301.128	301.121	301.112	301.103	301.099	301.091	301.084	301.08	301.076	301.068	301.068	301.062	301.062	301.061	301.055	301.052	301.051	301.046	301.049	301.047	301.044	301.041	301.034	301.028	301.023	301.02	301.019	301.016	301.014	301.007	301.005	300.999	300.991	300.986	300.981	300.976	300.968	300.968	300.954	300.951	300.942	300.933	300.929	300.924	300.922	300.919	300.921	300.914	300.904	300.898	300.888	300.88	300.875	300.868	300.856	300.851	300.836	300.83	300.82	300.813	300.81	300.804	300.799	300.79	300.782
301.378	301.38	301.372	301.371	301.367	301.366	301.366	301.366	301.363	301.368	301.37	301.369	301.363	301.354	301.359	301.359	301.361	301.357	301.35	301.348	301.343	301.339	301.345	301.338	301.331	301.327	301.325	301.324	301.318	301.307	301.301	301.289	301.285	301.279	301.277	301.275	301.273	301.271	301.265	301.26	301.256	301.255	301.247	301.244	301.242	301.242	301.235	301.237	301.225	301.222	301.222	301.22	301.217	301.217	301.212	301.214	301.205	301.198	301.194	301.189	301.184	301.18	301.175	301.174	301.169	301.162	301.154	301.146	301.141	301.136	301.13	301.124	301.118	301.116	301.111	301.102	301.093	301.087	301.082	301.078	301.069	301.067	301.061	301.059	301.054	301.052	301.047	301.046	301.044	301.04	301.041	301.039	301.037	301.033	301.028	301.024	301.02	301.018	301.013	301.012	301.007	301.003	300.997	300.993	300.987	300.976	300.968	300.968	300.956	300.957	300.942	300.936	300.93	300.924	300.92	300.916	300.911	300.908	300.904	300.897	300.888	300.883	300.875	300.868	300.862	300.854	300.846	300.837	300.828	300.818	300.811	300.805	300.799	300.793	300.789	300.778	300.778
301.377	301.381	301.375	301.371	301.368	301.368	301.371	301.368	301.37	301.369	301.375	301.37	301.369	301.362	301.358	301.358	301.347	301.343	301.343	301.339	301.342	301.332	301.336	301.333	301.327	301.325	301.326	301.318	301.315	301.306	301.298	301.289	301.287	301.284	301.277	301.275	301.276	301.272	301.268	301.26	301.257	301.252	301.245	301.242	301.24	301.239	301.233	301.229	301.228	301.224	301.22	301.218	301.213	301.211	301.211	301.21	301.203	301.197	301.191	301.186	301.181	301.176	301.173	301.167	301.164	301.157	301.149	301.14	301.134	301.129	301.122	301.117	301.115	301.116	301.105	301.1	301.093	301.086	301.081	301.074	301.068	301.067	301.059	301.059	301.052	301.049	301.047	301.046	301.042	301.04	301.036	301.033	301.03	301.024	301.02	301.015	301.012	301.012	301.008	301.005	301.001	300.995	300.989	300.983	300.981	300.97	300.962	300.961	300.95	300.945	300.935	300.929	300.922	300.913	300.909	300.906	300.902	300.898	300.894	300.885	300.879	300.871	300.864	300.857	300.851	300.843	300.838	300.826	300.819	300.808	300.8	300.796	300.791	300.782	300.777	300.768	300.767
301.378	301.384	301.375	301.372	301.369	301.368	301.369	301.368	301.373	301.369	301.382	301.374	301.375	301.369	301.364	301.354	301.348	301.339	301.343	301.333	301.338	301.331	301.331	301.328	301.326	301.325	301.317	301.315	301.312	301.305	301.296	301.292	301.291	301.281	301.276	301.275	301.275	301.275	301.272	301.263	301.257	301.253	301.245	301.242	301.237	301.234	301.234	301.223	301.223	301.217	301.215	301.215	301.209	301.207	301.21	301.203	301.203	301.197	301.189	301.184	301.178	301.173	301.167	301.161	301.161	301.148	301.141	301.132	301.127	301.121	301.116	301.112	301.11	301.11	301.1	301.097	301.089	301.084	301.078	301.072	301.068	301.063	301.059	301.056	301.051	301.05	301.048	301.046	301.041	301.039	301.035	301.031	301.025	301.018	301.014	301.008	301.005	301.004	301	300.997	300.992	300.981	300.976	300.971	300.97	300.966	300.958	300.95	300.946	300.937	300.927	300.919	300.911	300.905	300.9	300.895	300.892	300.886	300.884	300.875	300.869	300.86	300.853	300.847	300.841	300.835	300.828	300.819	300.807	300.8	300.791	300.788	300.783	300.773	300.769	300.761	300.753
301.378	301.382	301.372	301.375	301.369	301.369	301.371	301.369	301.374	301.374	301.384	301.384	301.381	301.375	301.369	301.362	301.355	301.345	301.344	301.337	301.335	301.334	301.333	301.327	301.324	301.32	301.313	301.319	301.308	301.307	301.299	301.297	301.288	301.28	301.277	301.281	301.278	301.278	301.275	301.267	301.262	301.255	301.248	301.244	301.24	301.234	301.236	301.227	301.222	301.219	301.215	301.214	301.212	301.211	301.208	301.202	301.203	301.195	301.188	301.181	301.175	301.17	301.163	301.16	301.159	301.146	301.139	301.129	301.123	301.119	301.114	301.108	301.105	301.102	301.099	301.092	301.086	301.081	301.075	301.072	301.067	301.061	301.063	301.053	301.053	301.05	301.047	301.045	301.043	301.039	301.037	301.031	301.024	301.016	301.012	301.007	301.003	301	300.99	300.984	300.979	300.972	300.965	300.959	300.954	300.951	300.948	300.938	300.937	300.928	300.919	300.909	300.902	300.896	300.892	300.89	300.886	300.882	300.879	300.869	300.859	300.855	300.847	300.84	300.835	300.83	300.82	300.818	300.802	300.797	300.788	300.78	300.776	300.77	300.762	300.758	300.75
301.379	301.382	301.377	301.377	301.374	301.375	301.374	301.373	301.378	301.381	301.379	301.384	301.384	301.383	301.377	301.365	301.358	301.354	301.345	301.35	301.342	301.334	301.331	301.324	301.319	301.316	301.312	301.316	301.309	301.313	301.301	301.297	301.292	301.288	301.285	301.281	301.284	301.278	301.268	301.267	301.258	301.255	301.25	301.246	301.246	301.242	301.236	301.232	301.23	301.225	301.219	301.213	301.211	301.21	301.205	301.211	301.2	301.196	301.189	301.181	301.174	301.169	301.167	301.16	301.156	301.15	301.142	301.132	301.128	301.122	301.113	301.11	301.107	301.103	301.099	301.088	301.084	301.082	301.077	301.071	301.07	301.064	301.065	301.055	301.056	301.052	301.052	301.049	301.045	301.041	301.038	301.031	301.023	301.017	301.009	301.003	301	300.992	300.988	300.983	300.973	300.971	300.958	300.955	300.949	300.943	300.939	300.935	300.93	300.921	300.918	300.906	300.901	300.895	300.889	300.885	300.883	300.882	300.876	300.871	300.86	300.849	300.843	300.837	300.831	300.828	300.816	300.814	300.801	300.797	300.788	300.78	300.773	300.764	300.755	300.752	300.748
301.377	301.386	301.376	301.371	301.375	301.373	301.374	301.377	301.376	301.384	301.388	301.392	301.39	301.387	301.384	301.378	301.369	301.368	301.358	301.353	301.35	301.342	301.335	301.325	301.322	301.321	301.316	301.317	301.319	301.316	301.304	301.307	301.3	301.292	301.291	301.285	301.289	301.282	301.279	301.27	301.258	301.253	301.253	301.249	301.242	301.246	301.246	301.243	301.232	301.226	301.224	301.221	301.216	301.214	301.211	301.213	301.197	301.196	301.186	301.178	301.174	301.17	301.164	301.162	301.158	301.15	301.14	301.135	301.13	301.122	301.116	301.111	301.107	301.103	301.095	301.094	301.09	301.083	301.077	301.075	301.072	301.066	301.061	301.06	301.055	301.051	301.051	301.047	301.046	301.045	301.038	301.034	301.023	301.013	301.006	301.001	300.996	300.99	300.981	300.977	300.964	300.969	300.957	300.951	300.94	300.933	300.928	300.923	300.923	300.919	300.91	300.902	300.898	300.891	300.885	300.885	300.879	300.878	300.871	300.865	300.858	300.848	300.84	300.834	300.825	300.819	300.812	300.805	300.8	300.792	300.783	300.775	300.768	300.762	300.756	300.749	300.745
301.388	301.387	301.381	301.382	301.385	301.38	301.38	301.386	301.385	301.385	301.392	301.389	301.396	301.396	301.393	301.389	301.38	301.373	301.375	301.368	301.361	301.352	301.341	301.334	301.328	301.323	301.322	301.323	301.321	301.315	301.313	301.311	301.303	301.299	301.302	301.297	301.292	301.285	301.276	301.264	301.265	301.255	301.248	301.25	301.249	301.248	301.246	301.242	301.24	301.234	301.227	301.22	301.217	301.218	301.213	301.207	301.206	301.201	301.189	301.183	301.178	301.172	301.167	301.163	301.159	301.153	301.147	301.143	301.135	301.129	301.125	301.116	301.108	301.111	301.1	301.097	301.087	301.084	301.085	301.08	301.075	301.075	301.074	301.066	301.06	301.056	301.056	301.053	301.05	301.048	301.037	301.039	301.025	301.013	301.006	300.997	300.992	300.991	300.981	300.983	300.981	300.965	300.956	300.949	300.941	300.936	300.933	300.925	300.924	300.918	300.912	300.904	300.899	300.889	300.883	300.882	300.877	300.878	300.877	300.865	300.854	300.848	300.838	300.831	300.825	300.814	300.811	300.805	300.8	300.792	300.782	300.774	300.763	300.752	300.748	300.739	300.737
301.378	301.382	301.384	301.382	301.377	301.382	301.382	301.38	301.39	301.393	301.399	301.396	301.396	301.4	301.394	301.389	301.387	301.373	301.374	301.367	301.365	301.357	301.348	301.337	301.328	301.322	301.321	301.319	301.32	301.319	301.313	301.309	301.31	301.308	301.301	301.296	301.297	301.285	301.284	301.264	301.259	301.252	301.247	301.245	301.241	301.242	301.246	301.239	301.234	301.227	301.222	301.221	301.218	301.212	301.208	301.207	301.198	301.188	301.187	301.18	301.173	301.169	301.166	301.159	301.158	301.149	301.142	301.135	301.133	301.126	301.117	301.114	301.109	301.103	301.096	301.094	301.092	301.089	301.083	301.078	301.077	301.072	301.068	301.06	301.056	301.049	301.047	301.045	301.043	301.04	301.04	301.029	301.02	301.01	301.004	300.994	300.986	300.983	300.976	300.972	300.97	300.964	300.954	300.944	300.935	300.926	300.92	300.917	300.915	300.905	300.902	300.892	300.885	300.882	300.876	300.872	300.871	300.869	300.862	300.861	300.848	300.844	300.833	300.823	300.816	300.806	300.803	300.797	300.79	300.782	300.774	300.765	300.759	300.751	300.743	300.74	300.734
301.382	301.38	301.379	301.386	301.384	301.389	301.391	301.39	301.397	301.391	301.398	301.401	301.391	301.394	301.389	301.384	301.376	301.371	301.369	301.366	301.362	301.354	301.347	301.337	301.329	301.323	301.317	301.316	301.321	301.311	301.315	301.311	301.307	301.304	301.302	301.301	301.293	301.277	301.271	301.266	301.256	301.25	301.245	301.237	301.232	301.235	301.231	301.23	301.225	301.221	301.216	301.212	301.208	301.203	301.202	301.197	301.194	301.19	301.185	301.177	301.17	301.166	301.161	301.158	301.158	301.143	301.143	301.134	301.131	301.124	301.117	301.114	301.105	301.101	301.099	301.093	301.09	301.086	301.082	301.079	301.078	301.069	301.071	301.061	301.053	301.046	301.041	301.039	301.035	301.032	301.031	301.022	301.019	301.011	301.002	301.001	300.992	300.981	300.982	300.974	300.972	300.964	300.954	300.947	300.939	300.931	300.921	300.917	300.908	300.903	300.895	300.89	300.883	300.875	300.871	300.867	300.865	300.865	300.856	300.855	300.839	300.834	300.826	300.815	300.807	300.799	300.796	300.789	300.785	300.773	300.766	300.755	300.748	300.742	300.734	300.729	300.723
301.379	301.386	301.38	301.387	301.392	301.396	301.401	301.402	301.404	301.405	301.405	301.402	301.398	301.387	301.385	301.381	301.374	301.369	301.368	301.368	301.363	301.355	301.348	301.337	301.33	301.325	301.32	301.321	301.321	301.317	301.314	301.318	301.313	301.312	301.311	301.296	301.289	301.288	301.27	301.265	301.259	301.252	301.246	301.238	301.234	301.235	301.228	301.229	301.221	301.221	301.215	301.212	301.208	301.203	301.203	301.198	301.193	301.187	301.181	301.175	301.171	301.167	301.163	301.16	301.157	301.145	301.143	301.136	301.131	301.124	301.118	301.111	301.103	301.103	301.095	301.092	301.091	301.089	301.084	301.082	301.075	301.071	301.068	301.058	301.049	301.043	301.038	301.032	301.029	301.028	301.026	301.024	301.017	301.012	301.007	301	300.992	300.986	300.977	300.97	300.971	300.96	300.953	300.947	300.939	300.928	300.921	300.912	300.905	300.905	300.893	300.887	300.881	300.873	300.872	300.87	300.86	300.86	300.852	300.847	300.836	300.828	300.82	300.811	300.803	300.793	300.79	300.779	300.777	300.765	300.761	300.751	300.742	300.736	300.729	300.723	300.717
301.382	301.382	301.381	301.383	301.39	301.399	301.401	301.403	301.404	301.405	301.405	301.399	301.399	301.389	301.382	301.378	301.374	301.372	301.367	301.367	301.36	301.353	301.347	301.339	301.333	301.326	301.322	301.321	301.317	301.323	301.317	301.318	301.314	301.314	301.307	301.296	301.286	301.284	301.269	301.264	301.258	301.255	301.248	301.24	301.236	301.233	301.229	301.228	301.217	301.216	301.211	301.207	301.206	301.201	301.202	301.2	301.192	301.185	301.18	301.177	301.173	301.168	301.167	301.16	301.156	301.15	301.14	301.135	301.131	301.124	301.117	301.111	301.104	301.104	301.094	301.096	301.093	301.088	301.083	301.081	301.075	301.074	301.065	301.06	301.051	301.043	301.04	301.033	301.027	301.027	301.022	301.024	301.016	301.012	301.005	300.997	300.987	300.982	300.972	300.967	300.965	300.955	300.952	300.945	300.94	300.929	300.92	300.912	300.905	300.901	300.894	300.885	300.881	300.876	300.873	300.867	300.859	300.856	300.849	300.841	300.834	300.827	300.817	300.809	300.798	300.788	300.783	300.771	300.769	300.757	300.752	300.743	300.735	300.73	300.723	300.717	300.709
301.381	301.376	301.386	301.385	301.39	301.398	301.4	301.403	301.405	301.403	301.404	301.4	301.398	301.391	301.383	301.379	301.373	301.372	301.369	301.372	301.361	301.357	301.348	301.343	301.336	301.33	301.324	301.324	301.319	301.322	301.318	301.319	301.313	301.307	301.302	301.298	301.289	301.279	301.275	301.269	301.259	301.256	301.251	301.247	301.242	301.238	301.236	301.225	301.216	301.211	301.207	301.204	301.205	301.205	301.207	301.202	301.194	301.185	301.18	301.176	301.177	301.173	301.169	301.164	301.16	301.153	301.141	301.138	301.133	301.128	301.12	301.116	301.108	301.107	301.099	301.099	301.094	301.088	301.084	301.08	301.076	301.071	301.067	301.062	301.053	301.046	301.042	301.036	301.03	301.028	301.023	301.024	301.017	301.012	301.007	300.996	300.988	300.981	300.973	300.969	300.962	300.955	300.948	300.94	300.934	300.927	300.917	300.912	300.907	300.897	300.899	300.887	300.882	300.876	300.871	300.862	300.856	300.852	300.846	300.839	300.829	300.824	300.815	300.807	300.797	300.786	300.78	300.769	300.76	300.75	300.743	300.734	300.73	300.723	300.719	300.715	300.706
301.382	301.384	301.39	301.387	301.395	301.401	301.402	301.403	301.407	301.405	301.405	301.4	301.393	301.391	301.386	301.382	301.379	301.377	301.372	301.377	301.366	301.36	301.352	301.345	301.341	301.338	301.329	301.328	301.329	301.324	301.323	301.323	301.313	301.308	301.303	301.293	301.293	301.285	301.284	301.268	301.263	301.257	301.255	301.253	301.252	301.251	301.244	301.23	301.222	301.216	301.213	301.209	301.21	301.215	301.213	301.206	301.197	301.187	301.179	301.176	301.177	301.176	301.17	301.169	301.162	301.152	301.147	301.141	301.137	301.131	301.126	301.119	301.115	301.11	301.104	301.097	301.094	301.089	301.085	301.082	301.073	301.067	301.07	301.06	301.057	301.052	301.046	301.04	301.035	301.034	301.029	301.025	301.018	301.013	301.007	301	300.994	300.983	300.974	300.967	300.959	300.953	300.942	300.933	300.925	300.918	300.918	300.91	300.909	300.901	300.899	300.892	300.886	300.875	300.869	300.863	300.854	300.846	300.841	300.837	300.826	300.823	300.815	300.805	300.798	300.788	300.778	300.77	300.755	300.745	300.737	300.73	300.725	300.722	300.716	300.712	300.705
301.384	301.396	301.39	301.388	301.39	301.402	301.406	301.405	301.406	301.404	301.403	301.399	301.4	301.395	301.386	301.383	301.384	301.384	301.379	301.38	301.37	301.362	301.353	301.347	301.34	301.336	301.334	301.325	301.328	301.319	301.321	301.314	301.308	301.303	301.297	301.288	301.293	301.286	301.28	301.269	301.264	301.262	301.257	301.256	301.256	301.253	301.252	301.239	301.227	301.217	301.216	301.217	301.216	301.22	301.216	301.213	301.2	301.189	301.185	301.18	301.178	301.175	301.169	301.169	301.161	301.153	301.148	301.142	301.139	301.137	301.13	301.125	301.124	301.114	301.108	301.101	301.095	301.088	301.082	301.078	301.076	301.067	301.072	301.059	301.063	301.055	301.047	301.045	301.04	301.036	301.031	301.027	301.019	301.015	301.008	301.001	300.994	300.985	300.98	300.966	300.958	300.948	300.939	300.935	300.924	300.918	300.919	300.913	300.911	300.908	300.898	300.892	300.886	300.877	300.869	300.86	300.849	300.845	300.835	300.83	300.824	300.819	300.811	300.805	300.796	300.788	300.774	300.767	300.753	300.74	300.729	300.721	300.716	300.713	300.711	300.703	300.697
301.383	301.398	301.401	301.406	301.401	301.401	301.405	301.408	301.408	301.411	301.408	301.402	301.399	301.399	301.396	301.392	301.389	301.384	301.39	301.383	301.38	301.371	301.362	301.357	301.348	301.341	301.342	301.334	301.332	301.321	301.313	301.315	301.308	301.301	301.297	301.298	301.295	301.284	301.286	301.278	301.267	301.261	301.26	301.261	301.26	301.261	301.253	301.24	301.233	301.227	301.221	301.22	301.224	301.228	301.224	301.217	301.203	301.192	301.186	301.178	301.176	301.177	301.173	301.166	301.159	301.155	301.145	301.144	301.139	301.134	301.132	301.128	301.125	301.117	301.11	301.102	301.094	301.091	301.086	301.079	301.072	301.065	301.067	301.06	301.056	301.049	301.05	301.046	301.04	301.034	301.028	301.029	301.018	301.014	301.008	301.003	300.995	300.985	300.973	300.965	300.957	300.948	300.935	300.928	300.921	300.916	300.909	300.903	300.9	300.898	300.896	300.889	300.883	300.873	300.866	300.856	300.844	300.84	300.831	300.826	300.82	300.813	300.808	300.802	300.791	300.781	300.773	300.756	300.744	300.734	300.725	300.719	300.714	300.71	300.707	300.699	300.692
301.403	301.42	301.408	301.404	301.405	301.41	301.413	301.412	301.414	301.409	301.412	301.413	301.405	301.401	301.401	301.397	301.398	301.398	301.399	301.395	301.39	301.383	301.372	301.365	301.359	301.35	301.343	301.339	301.33	301.326	301.316	301.306	301.304	301.3	301.292	301.287	301.285	301.291	301.278	301.268	301.265	301.264	301.26	301.253	301.255	301.256	301.251	301.246	301.231	301.224	301.22	301.222	301.225	301.225	301.225	301.216	301.206	301.197	301.185	301.181	301.177	301.17	301.168	301.167	301.162	301.156	301.149	301.147	301.141	301.136	301.136	301.129	301.123	301.127	301.111	301.106	301.096	301.088	301.082	301.076	301.075	301.076	301.067	301.062	301.054	301.049	301.046	301.039	301.036	301.038	301.026	301.024	301.018	301.011	301.005	301	300.995	300.986	300.973	300.971	300.954	300.951	300.943	300.93	300.923	300.917	300.908	300.905	300.901	300.888	300.894	300.881	300.879	300.873	300.865	300.856	300.845	300.835	300.831	300.823	300.817	300.814	300.805	300.794	300.786	300.774	300.764	300.755	300.744	300.733	300.722	300.715	300.709	300.702	300.698	300.693	300.682
301.376	301.415	301.414	301.412	301.41	301.408	301.408	301.413	301.415	301.417	301.414	301.409	301.405	301.405	301.402	301.398	301.4	301.399	301.396	301.404	301.397	301.39	301.386	301.375	301.365	301.36	301.345	301.341	301.328	301.318	301.316	301.307	301.302	301.297	301.294	301.292	301.285	301.283	301.269	301.265	301.256	301.25	301.248	301.249	301.248	301.245	301.24	301.238	301.224	301.222	301.217	301.213	301.215	301.211	301.213	301.205	301.193	301.185	301.178	301.172	301.168	301.165	301.162	301.159	301.152	301.147	301.142	301.133	301.129	301.124	301.12	301.117	301.115	301.114	301.102	301.097	301.089	301.081	301.076	301.073	301.067	301.062	301.057	301.052	301.044	301.036	301.032	301.031	301.029	301.023	301.018	301.017	301.009	301.002	300.993	300.981	300.975	300.968	300.959	300.951	300.947	300.937	300.927	300.92	300.912	300.904	300.898	300.887	300.881	300.875	300.873	300.866	300.867	300.861	300.851	300.842	300.832	300.824	300.821	300.812	300.805	300.8	300.789	300.779	300.772	300.761	300.749	300.741	300.731	300.724	300.72	300.712	300.706	300.698	300.688	300.678	300.671
301.401	301.426	301.419	301.42	301.416	301.414	301.416	301.418	301.419	301.42	301.421	301.416	301.411	301.405	301.404	301.404	301.403	301.403	301.403	301.405	301.402	301.393	301.388	301.378	301.371	301.361	301.35	301.343	301.338	301.323	301.312	301.307	301.304	301.3	301.291	301.286	301.278	301.276	301.264	301.261	301.251	301.248	301.244	301.237	301.233	301.235	301.232	301.227	301.221	301.216	301.207	301.204	301.204	301.202	301.197	301.189	301.185	301.174	301.17	301.163	301.158	301.158	301.154	301.15	301.151	301.142	301.141	301.128	301.123	301.118	301.113	301.114	301.107	301.105	301.1	301.09	301.083	301.077	301.072	301.066	301.062	301.058	301.056	301.043	301.036	301.028	301.02	301.018	301.017	301.011	301.013	301.007	301	300.989	300.979	300.975	300.967	300.956	300.95	300.939	300.939	300.93	300.923	300.919	300.907	300.899	300.896	300.886	300.879	300.873	300.859	300.859	300.853	300.849	300.843	300.834	300.823	300.817	300.807	300.804	300.797	300.787	300.78	300.768	300.754	300.742	300.737	300.731	300.725	300.719	300.713	300.704	300.695	300.684	300.675	300.664	300.657
301.413	301.43	301.428	301.429	301.428	301.423	301.42	301.42	301.425	301.427	301.426	301.421	301.417	301.412	301.41	301.408	301.407	301.407	301.41	301.405	301.407	301.398	301.387	301.38	301.372	301.359	301.356	301.347	301.341	301.331	301.32	301.312	301.309	301.307	301.301	301.291	301.282	301.278	301.266	301.258	301.256	301.25	301.239	301.23	301.227	301.225	301.221	301.221	301.214	301.209	301.202	301.197	301.194	301.187	301.185	301.177	301.176	301.165	301.162	301.155	301.152	301.15	301.145	301.144	301.146	301.134	301.133	301.125	301.118	301.113	301.108	301.104	301.1	301.1	301.093	301.085	301.082	301.074	301.068	301.062	301.056	301.048	301.042	301.033	301.023	301.018	301.009	301.005	301.003	301.001	301.001	300.994	300.996	300.981	300.97	300.964	300.953	300.944	300.941	300.932	300.925	300.923	300.915	300.908	300.9	300.893	300.886	300.875	300.863	300.856	300.847	300.845	300.842	300.835	300.828	300.818	300.811	300.807	300.796	300.791	300.782	300.774	300.764	300.754	300.742	300.732	300.727	300.718	300.717	300.712	300.706	300.696	300.687	300.674	300.663	300.653	300.643
301.425	301.429	301.434	301.436	301.432	301.431	301.429	301.43	301.434	301.433	301.432	301.425	301.419	301.415	301.409	301.407	301.408	301.407	301.409	301.408	301.403	301.401	301.387	301.381	301.374	301.363	301.356	301.347	301.342	301.332	301.323	301.315	301.308	301.307	301.299	301.289	301.284	301.277	301.272	301.265	301.258	301.247	301.237	301.229	301.223	301.218	301.216	301.211	301.207	301.201	301.194	301.187	301.183	301.177	301.178	301.169	301.166	301.161	301.156	301.151	301.145	301.142	301.139	301.136	301.135	301.13	301.126	301.119	301.114	301.108	301.103	301.098	301.094	301.095	301.084	301.084	301.077	301.072	301.064	301.058	301.051	301.044	301.032	301.024	301.011	301.004	301.001	300.993	300.992	300.988	300.989	300.987	300.98	300.967	300.959	300.954	300.942	300.94	300.931	300.926	300.92	300.913	300.909	300.9	300.895	300.888	300.877	300.868	300.855	300.849	300.84	300.831	300.827	300.825	300.815	300.811	300.804	300.794	300.788	300.778	300.77	300.76	300.75	300.739	300.732	300.721	300.715	300.711	300.707	300.701	300.694	300.684	300.671	300.661	300.65	300.641	300.633
301.433	301.435	301.438	301.439	301.439	301.437	301.436	301.437	301.438	301.434	301.437	301.431	301.424	301.42	301.414	301.409	301.41	301.407	301.406	301.409	301.399	301.396	301.388	301.383	301.38	301.369	301.359	301.349	301.346	301.334	301.326	301.318	301.312	301.311	301.302	301.294	301.292	301.283	301.281	301.273	301.266	301.252	301.245	301.236	301.229	301.223	301.218	301.209	301.205	301.199	301.189	301.185	301.179	301.173	301.169	301.17	301.159	301.157	301.149	301.143	301.141	301.136	301.137	301.133	301.13	301.129	301.121	301.118	301.111	301.104	301.099	301.095	301.09	301.089	301.08	301.08	301.074	301.067	301.062	301.054	301.047	301.04	301.027	301.015	301.004	300.998	300.99	300.985	300.981	300.981	300.979	300.982	300.97	300.959	300.952	300.945	300.94	300.935	300.925	300.921	300.916	300.905	300.901	300.893	300.886	300.881	300.868	300.859	300.848	300.843	300.834	300.824	300.82	300.814	300.807	300.8	300.794	300.783	300.779	300.768	300.759	300.75	300.737	300.731	300.723	300.716	300.709	300.706	300.696	300.691	300.683	300.672	300.66	300.651	300.642	300.632	300.624
301.434	301.446	301.442	301.443	301.445	301.443	301.44	301.441	301.439	301.439	301.438	301.434	301.43	301.428	301.423	301.417	301.415	301.412	301.405	301.407	301.401	301.398	301.389	301.384	301.383	301.376	301.361	301.354	301.347	301.34	301.332	301.323	301.317	301.315	301.311	301.302	301.302	301.294	301.29	301.28	301.274	301.264	301.255	301.249	301.239	301.235	301.223	301.213	301.201	301.198	301.188	301.182	301.18	301.174	301.167	301.172	301.156	301.152	301.145	301.141	301.138	301.136	301.134	301.134	301.128	301.124	301.118	301.118	301.11	301.102	301.096	301.09	301.082	301.08	301.077	301.071	301.067	301.064	301.056	301.052	301.044	301.034	301.023	301.01	301.002	300.995	300.986	300.978	300.976	300.977	300.976	300.974	300.969	300.955	300.945	300.939	300.933	300.928	300.919	300.914	300.909	300.899	300.89	300.884	300.875	300.867	300.859	300.847	300.839	300.834	300.824	300.819	300.812	300.802	300.792	300.786	300.78	300.775	300.768	300.759	300.752	300.739	300.733	300.724	300.719	300.711	300.705	300.697	300.689	300.681	300.673	300.664	300.653	300.645	300.633	300.628	300.617
301.43	301.454	301.445	301.448	301.449	301.445	301.447	301.447	301.443	301.446	301.442	301.436	301.435	301.426	301.425	301.423	301.415	301.417	301.409	301.407	301.403	301.398	301.391	301.386	301.378	301.368	301.363	301.36	301.349	301.344	301.336	301.328	301.321	301.313	301.307	301.305	301.303	301.299	301.293	301.287	301.281	301.265	301.26	301.258	301.251	301.242	301.226	301.219	301.202	301.19	301.183	301.177	301.172	301.177	301.169	301.17	301.154	301.153	301.145	301.139	301.137	301.136	301.135	301.131	301.125	301.118	301.115	301.11	301.105	301.102	301.095	301.089	301.083	301.074	301.072	301.062	301.06	301.056	301.05	301.045	301.042	301.027	301.024	301.012	300.999	300.991	300.982	300.979	300.975	300.974	300.976	300.966	300.958	300.943	300.935	300.935	300.927	300.915	300.915	300.905	300.901	300.9	300.886	300.88	300.87	300.861	300.852	300.843	300.837	300.832	300.818	300.811	300.798	300.79	300.782	300.771	300.767	300.763	300.756	300.746	300.741	300.731	300.723	300.718	300.708	300.705	300.697	300.691	300.683	300.67	300.661	300.652	300.643	300.632	300.624	300.621	300.609
301.449	301.455	301.45	301.454	301.455	301.458	301.46	301.459	301.45	301.446	301.451	301.442	301.44	301.432	301.429	301.426	301.423	301.421	301.414	301.416	301.409	301.404	301.397	301.386	301.381	301.377	301.366	301.364	301.362	301.357	301.34	301.335	301.328	301.322	301.317	301.316	301.318	301.309	301.298	301.288	301.284	301.278	301.273	301.269	301.255	301.251	301.241	301.222	301.21	301.197	301.188	301.181	301.177	301.177	301.172	301.168	301.159	301.152	301.146	301.144	301.141	301.138	301.136	301.129	301.129	301.115	301.11	301.104	301.101	301.099	301.093	301.084	301.082	301.066	301.067	301.059	301.055	301.049	301.044	301.038	301.032	301.027	301.019	301.006	301.002	300.995	300.986	300.981	300.976	300.974	300.973	300.969	300.957	300.95	300.939	300.929	300.918	300.911	300.907	300.902	300.899	300.894	300.884	300.879	300.866	300.854	300.846	300.839	300.831	300.825	300.817	300.804	300.791	300.778	300.767	300.76	300.759	300.753	300.754	300.741	300.73	300.722	300.717	300.711	300.704	300.696	300.689	300.682	300.67	300.66	300.654	300.642	300.634	300.628	300.617	300.615	300.605
301.469	301.456	301.463	301.463	301.461	301.463	301.458	301.458	301.466	301.456	301.46	301.445	301.442	301.439	301.433	301.43	301.427	301.425	301.42	301.421	301.411	301.409	301.403	301.392	301.384	301.38	301.376	301.373	301.364	301.357	301.348	301.337	301.326	301.321	301.319	301.31	301.311	301.305	301.304	301.296	301.288	301.275	301.265	301.262	301.26	301.251	301.244	301.222	301.213	301.201	301.188	301.182	301.18	301.176	301.175	301.172	301.161	301.152	301.146	301.145	301.14	301.135	301.134	301.124	301.124	301.112	301.107	301.104	301.097	301.091	301.088	301.083	301.078	301.07	301.064	301.055	301.049	301.044	301.039	301.032	301.025	301.025	301.014	301.011	301.002	300.99	300.982	300.976	300.977	300.971	300.961	300.962	300.947	300.94	300.932	300.922	300.916	300.909	300.897	300.895	300.894	300.884	300.882	300.871	300.861	300.85	300.843	300.837	300.834	300.826	300.813	300.796	300.78	300.769	300.76	300.753	300.75	300.742	300.742	300.73	300.723	300.716	300.705	300.699	300.694	300.687	300.682	300.67	300.661	300.647	300.638	300.627	300.62	300.612	300.601	300.596	300.592
301.452	301.458	301.464	301.458	301.458	301.464	301.464	301.46	301.459	301.45	301.457	301.452	301.447	301.439	301.435	301.431	301.427	301.427	301.424	301.42	301.415	301.408	301.404	301.4	301.392	301.382	301.374	301.373	301.362	301.351	301.341	301.334	301.325	301.32	301.317	301.311	301.315	301.298	301.291	301.283	301.276	301.27	301.261	301.253	301.25	301.236	301.236	301.228	301.211	301.202	301.193	301.186	301.182	301.176	301.174	301.164	301.157	301.152	301.143	301.137	301.132	301.127	301.126	301.117	301.112	301.107	301.096	301.089	301.084	301.081	301.077	301.072	301.064	301.065	301.053	301.045	301.041	301.03	301.024	301.02	301.013	301.012	301	300.999	300.981	300.977	300.97	300.96	300.953	300.951	300.944	300.945	300.937	300.925	300.919	300.909	300.897	300.888	300.882	300.88	300.876	300.869	300.863	300.852	300.844	300.836	300.825	300.821	300.815	300.808	300.797	300.781	300.764	300.751	300.742	300.735	300.73	300.73	300.725	300.716	300.706	300.696	300.687	300.681	300.673	300.665	300.663	300.649	300.647	300.634	300.626	300.616	300.605	300.59	300.589	300.577	300.569
301.46	301.467	301.46	301.468	301.461	301.456	301.455	301.458	301.454	301.46	301.458	301.448	301.447	301.439	301.436	301.431	301.427	301.427	301.423	301.418	301.413	301.408	301.401	301.391	301.384	301.381	301.377	301.366	301.362	301.354	301.337	301.331	301.322	301.314	301.307	301.302	301.3	301.294	301.289	301.281	301.27	301.263	301.254	301.244	301.235	301.235	301.231	301.219	301.211	301.201	301.194	301.187	301.181	301.177	301.168	301.166	301.157	301.146	301.137	301.133	301.128	301.123	301.116	301.114	301.107	301.099	301.096	301.084	301.081	301.077	301.07	301.069	301.063	301.059	301.048	301.04	301.03	301.022	301.016	301.01	301.004	301.003	300.992	300.988	300.982	300.967	300.952	300.944	300.94	300.932	300.93	300.924	300.92	300.914	300.904	300.897	300.886	300.878	300.876	300.864	300.864	300.853	300.847	300.836	300.83	300.821	300.816	300.814	300.803	300.799	300.78	300.768	300.751	300.737	300.727	300.724	300.721	300.717	300.708	300.704	300.691	300.683	300.674	300.666	300.659	300.65	300.646	300.638	300.632	300.625	300.614	300.606	300.591	300.577	300.568	300.554	300.549
301.455	301.469	301.461	301.464	301.462	301.456	301.457	301.459	301.453	301.457	301.453	301.449	301.443	301.437	301.432	301.429	301.426	301.425	301.421	301.42	301.41	301.405	301.403	301.391	301.382	301.376	301.367	301.363	301.357	301.348	301.338	301.332	301.321	301.314	301.306	301.301	301.295	301.294	301.278	301.272	301.269	301.259	301.254	301.246	301.236	301.234	301.225	301.22	301.21	301.201	301.194	301.19	301.183	301.177	301.166	301.165	301.155	301.146	301.141	301.132	301.124	301.119	301.112	301.108	301.103	301.092	301.086	301.078	301.072	301.069	301.064	301.06	301.054	301.049	301.044	301.034	301.024	301.013	301.006	300.998	300.989	300.984	300.979	300.967	300.956	300.952	300.938	300.935	300.93	300.913	300.917	300.908	300.905	300.896	300.889	300.879	300.872	300.863	300.856	300.845	300.845	300.831	300.826	300.817	300.809	300.803	300.798	300.792	300.781	300.781	300.761	300.747	300.736	300.72	300.713	300.708	300.704	300.705	300.692	300.691	300.677	300.673	300.661	300.649	300.642	300.634	300.625	300.625	300.616	300.612	300.602	300.589	300.577	300.563	300.548	300.54	300.532
301.452	301.472	301.465	301.464	301.46	301.459	301.458	301.458	301.456	301.456	301.451	301.449	301.433	301.429	301.428	301.424	301.424	301.423	301.419	301.42	301.41	301.404	301.398	301.388	301.374	301.366	301.356	301.358	301.354	301.345	301.34	301.329	301.322	301.313	301.302	301.298	301.291	301.291	301.278	301.267	301.262	301.256	301.248	301.245	301.233	301.233	301.225	301.217	301.205	301.196	301.196	301.188	301.18	301.173	301.167	301.163	301.155	301.146	301.139	301.133	301.124	301.119	301.112	301.104	301.1	301.089	301.081	301.072	301.065	301.06	301.055	301.049	301.046	301.044	301.037	301.028	301.018	301.01	301.001	300.992	300.983	300.97	300.965	300.959	300.941	300.937	300.927	300.922	300.917	300.907	300.903	300.892	300.889	300.881	300.872	300.866	300.857	300.853	300.847	300.835	300.832	300.815	300.814	300.802	300.794	300.786	300.778	300.772	300.766	300.758	300.744	300.733	300.719	300.709	300.7	300.696	300.691	300.69	300.681	300.679	300.667	300.66	300.651	300.639	300.629	300.619	300.613	300.614	300.606	300.602	300.588	300.576	300.56	300.542	300.527	300.516	300.51
301.458	301.477	301.465	301.463	301.459	301.456	301.456	301.454	301.457	301.455	301.45	301.444	301.428	301.426	301.424	301.422	301.42	301.42	301.42	301.417	301.411	301.404	301.398	301.385	301.372	301.362	301.356	301.351	301.352	301.343	301.336	301.326	301.316	301.309	301.297	301.297	301.292	301.287	301.283	301.267	301.259	301.249	301.243	301.236	301.233	301.231	301.226	301.216	301.204	301.198	301.195	301.189	301.179	301.171	301.167	301.16	301.154	301.144	301.134	301.128	301.121	301.114	301.111	301.101	301.097	301.084	301.074	301.068	301.06	301.053	301.046	301.04	301.038	301.035	301.028	301.019	301.012	301.002	300.994	300.984	300.973	300.964	300.953	300.949	300.931	300.923	300.912	300.908	300.902	300.895	300.887	300.882	300.874	300.865	300.86	300.854	300.847	300.841	300.832	300.82	300.817	300.802	300.799	300.786	300.777	300.769	300.76	300.754	300.747	300.737	300.728	300.717	300.708	300.696	300.689	300.683	300.677	300.675	300.669	300.665	300.655	300.645	300.636	300.626	300.613	300.608	300.604	300.6	300.599	300.592	300.577	300.562	300.545	300.523	300.51	300.499	300.493
301.457	301.484	301.459	301.464	301.458	301.454	301.454	301.453	301.453	301.451	301.45	301.438	301.43	301.426	301.419	301.416	301.416	301.415	301.422	301.415	301.411	301.403	301.396	301.391	301.373	301.366	301.362	301.353	301.354	301.342	301.337	301.324	301.311	301.305	301.298	301.295	301.295	301.284	301.28	301.267	301.257	301.246	301.238	301.232	301.229	301.225	301.221	301.215	301.203	301.196	301.188	301.181	301.178	301.168	301.164	301.159	301.147	301.142	301.132	301.123	301.116	301.109	301.106	301.097	301.088	301.077	301.068	301.062	301.053	301.043	301.037	301.031	301.028	301.024	301.017	301.012	301.002	300.994	300.983	300.973	300.959	300.956	300.939	300.93	300.92	300.91	300.899	300.893	300.887	300.879	300.873	300.87	300.861	300.849	300.845	300.837	300.831	300.825	300.812	300.804	300.8	300.787	300.778	300.765	300.758	300.749	300.743	300.736	300.73	300.722	300.711	300.698	300.691	300.682	300.676	300.673	300.667	300.662	300.658	300.648	300.644	300.632	300.622	300.611	300.6	300.592	300.589	300.577	300.585	300.571	300.56	300.546	300.524	300.508	300.491	300.481	300.477
301.437	301.486	301.465	301.462	301.458	301.453	301.453	301.452	301.451	301.452	301.451	301.439	301.431	301.421	301.417	301.416	301.413	301.412	301.415	301.415	301.414	301.401	301.393	301.385	301.376	301.368	301.368	301.354	301.359	301.342	301.337	301.324	301.31	301.304	301.294	301.284	301.286	301.285	301.272	301.265	301.254	301.242	301.236	301.229	301.227	301.222	301.22	301.214	301.2	301.191	301.184	301.176	301.171	301.165	301.161	301.157	301.143	301.14	301.129	301.12	301.113	301.106	301.101	301.091	301.083	301.073	301.064	301.054	301.048	301.04	301.032	301.027	301.022	301.017	301.011	301.003	300.998	300.986	300.975	300.966	300.952	300.944	300.931	300.921	300.915	300.903	300.895	300.884	300.874	300.869	300.864	300.857	300.842	300.839	300.828	300.819	300.813	300.807	300.8	300.791	300.779	300.774	300.765	300.756	300.744	300.737	300.733	300.728	300.716	300.709	300.696	300.686	300.678	300.668	300.663	300.659	300.655	300.648	300.647	300.634	300.631	300.621	300.61	300.601	300.588	300.578	300.57	300.562	300.56	300.546	300.543	300.525	300.509	300.491	300.477	300.464	300.457
301.465	301.48	301.459	301.458	301.46	301.458	301.455	301.454	301.456	301.453	301.448	301.44	301.431	301.426	301.421	301.416	301.416	301.421	301.42	301.413	301.412	301.406	301.399	301.391	301.381	301.375	301.367	301.36	301.355	301.349	301.337	301.325	301.315	301.31	301.306	301.296	301.287	301.284	301.269	301.262	301.252	301.242	301.236	301.231	301.227	301.228	301.221	301.215	301.203	301.195	301.188	301.177	301.168	301.166	301.158	301.151	301.143	301.132	301.126	301.118	301.109	301.101	301.091	301.086	301.083	301.067	301.061	301.05	301.041	301.034	301.026	301.022	301.017	301.011	301.006	300.99	300.991	300.978	300.962	300.956	300.945	300.931	300.923	300.911	300.901	300.894	300.883	300.875	300.869	300.864	300.853	300.847	300.836	300.827	300.814	300.807	300.801	300.791	300.782	300.775	300.764	300.766	300.747	300.739	300.729	300.721	300.716	300.708	300.706	300.694	300.68	300.675	300.662	300.657	300.653	300.647	300.644	300.635	300.631	300.624	300.615	300.607	300.599	300.583	300.571	300.56	300.549	300.543	300.535	300.526	300.518	300.503	300.488	300.476	300.458	300.449	300.439
301.484	301.471	301.464	301.463	301.458	301.456	301.458	301.457	301.457	301.455	301.454	301.446	301.431	301.424	301.419	301.417	301.415	301.416	301.411	301.418	301.397	301.393	301.388	301.384	301.381	301.377	301.367	301.371	301.352	301.347	301.332	301.32	301.311	301.297	301.288	301.292	301.284	301.279	301.27	301.256	301.249	301.24	301.233	301.226	301.221	301.22	301.213	301.206	301.2	301.186	301.179	301.171	301.164	301.16	301.151	301.147	301.139	301.125	301.118	301.109	301.1	301.095	301.089	301.08	301.075	301.066	301.06	301.049	301.039	301.032	301.025	301.019	301.016	301.005	301.004	300.989	300.975	300.966	300.955	300.944	300.934	300.925	300.916	300.903	300.895	300.887	300.879	300.869	300.858	300.85	300.837	300.839	300.821	300.811	300.802	300.793	300.784	300.776	300.768	300.762	300.752	300.743	300.73	300.725	300.716	300.709	300.704	300.694	300.69	300.683	300.675	300.666	300.652	300.647	300.636	300.624	300.625	300.621	300.614	300.609	300.595	300.583	300.574	300.564	300.553	300.543	300.532	300.516	300.505	300.493	300.481	300.47	300.457	300.445	300.434	300.429	300.41
301.468	301.463	301.464	301.46	301.457	301.457	301.458	301.456	301.453	301.455	301.448	301.439	301.434	301.426	301.42	301.417	301.415	301.413	301.407	301.409	301.398	301.394	301.389	301.382	301.384	301.378	301.362	301.363	301.347	301.34	301.328	301.314	301.306	301.302	301.297	301.286	301.277	301.272	301.262	301.25	301.244	301.235	301.227	301.225	301.22	301.213	301.213	301.197	301.191	301.185	301.176	301.166	301.155	301.148	301.144	301.136	301.126	301.12	301.11	301.1	301.092	301.085	301.076	301.069	301.063	301.059	301.047	301.043	301.033	301.025	301.018	301.008	301.009	301.002	300.985	300.976	300.96	300.948	300.938	300.927	300.915	300.907	300.898	300.891	300.883	300.87	300.86	300.853	300.843	300.837	300.829	300.819	300.807	300.797	300.79	300.777	300.768	300.761	300.748	300.739	300.73	300.722	300.713	300.705	300.693	300.684	300.679	300.675	300.67	300.666	300.653	300.646	300.636	300.625	300.617	300.611	300.602	300.587	300.584	300.575	300.569	300.557	300.546	300.536	300.526	300.513	300.501	300.489	300.476	300.46	300.45	300.438	300.429	300.418	300.409	300.407	300.389
301.474	301.467	301.462	301.452	301.455	301.456	301.454	301.456	301.457	301.452	301.448	301.439	301.433	301.423	301.418	301.413	301.405	301.405	301.404	301.397	301.392	301.387	301.381	301.376	301.372	301.369	301.362	301.352	301.346	301.332	301.32	301.309	301.294	301.286	301.283	301.272	301.272	301.259	301.246	301.243	301.231	301.228	301.222	301.219	301.217	301.207	301.205	301.191	301.184	301.176	301.164	301.154	301.15	301.143	301.134	301.128	301.118	301.112	301.1	301.091	301.082	301.074	301.064	301.063	301.052	301.047	301.039	301.035	301.029	301.019	301.016	301.01	300.997	300.994	300.972	300.964	300.949	300.935	300.923	300.915	300.907	300.894	300.889	300.877	300.87	300.859	300.851	300.84	300.826	300.816	300.808	300.798	300.794	300.776	300.769	300.76	300.75	300.739	300.728	300.723	300.712	300.703	300.694	300.685	300.685	300.677	300.666	300.662	300.652	300.648	300.637	300.628	300.619	300.605	300.592	300.582	300.569	300.561	300.56	300.541	300.537	300.523	300.515	300.507	300.502	300.491	300.477	300.461	300.447	300.432	300.421	300.406	300.395	300.388	300.378	300.369	300.364
301.464	301.458	301.464	301.453	301.456	301.455	301.454	301.455	301.452	301.443	301.445	301.433	301.425	301.419	301.413	301.412	301.406	301.398	301.394	301.393	301.391	301.379	301.379	301.376	301.365	301.359	301.349	301.336	301.334	301.323	301.307	301.308	301.293	301.287	301.282	301.267	301.266	301.249	301.243	301.232	301.221	301.216	301.214	301.207	301.213	301.206	301.202	301.19	301.18	301.169	301.158	301.148	301.14	301.135	301.126	301.122	301.112	301.102	301.095	301.083	301.074	301.065	301.054	301.05	301.039	301.04	301.029	301.026	301.019	301.011	301.006	301.002	300.986	300.976	300.963	300.948	300.934	300.92	300.908	300.896	300.889	300.875	300.878	300.863	300.853	300.842	300.83	300.819	300.811	300.8	300.796	300.781	300.774	300.758	300.754	300.742	300.731	300.722	300.712	300.703	300.692	300.684	300.677	300.666	300.662	300.656	300.646	300.643	300.634	300.623	300.615	300.603	300.592	300.579	300.569	300.556	300.544	300.535	300.524	300.515	300.505	300.496	300.487	300.477	300.466	300.459	300.448	300.436	300.426	300.409	300.399	300.383	300.372	300.363	300.355	300.345	300.337
301.461	301.458	301.46	301.46	301.458	301.459	301.457	301.454	301.448	301.441	301.439	301.425	301.423	301.414	301.404	301.399	301.401	301.394	301.39	301.391	301.383	301.381	301.374	301.367	301.356	301.348	301.339	301.333	301.324	301.315	301.302	301.297	301.29	301.283	301.277	301.261	301.256	301.244	301.235	301.225	301.213	301.208	301.204	301.202	301.203	301.2	301.196	301.182	301.172	301.16	301.152	301.14	301.132	301.129	301.12	301.115	301.104	301.092	301.084	301.072	301.061	301.056	301.044	301.044	301.034	301.031	301.023	301.016	301.014	301.005	300.994	300.985	300.976	300.963	300.95	300.941	300.925	300.914	300.898	300.886	300.879	300.866	300.865	300.851	300.84	300.827	300.814	300.805	300.794	300.783	300.781	300.767	300.759	300.747	300.739	300.727	300.716	300.709	300.699	300.689	300.682	300.668	300.662	300.652	300.647	300.64	300.632	300.624	300.614	300.604	300.589	300.582	300.568	300.558	300.547	300.534	300.521	300.512	300.498	300.491	300.476	300.465	300.458	300.446	300.441	300.434	300.423	300.412	300.403	300.389	300.375	300.366	300.353	300.342	300.331	300.323	300.311
301.457	301.458	301.456	301.459	301.458	301.457	301.455	301.451	301.447	301.44	301.431	301.425	301.418	301.411	301.397	301.395	301.398	301.393	301.387	301.387	301.371	301.373	301.365	301.353	301.353	301.344	301.335	301.334	301.317	301.311	301.299	301.291	301.28	301.271	301.264	301.255	301.247	301.241	301.231	301.217	301.211	301.205	301.199	301.196	301.192	301.186	301.188	301.168	301.16	301.146	301.137	301.131	301.123	301.12	301.111	301.101	301.095	301.08	301.071	301.059	301.052	301.046	301.035	301.033	301.024	301.016	301.009	301.005	301.001	300.992	300.979	300.968	300.959	300.951	300.934	300.926	300.911	300.898	300.889	300.874	300.868	300.853	300.847	300.837	300.826	300.813	300.8	300.79	300.778	300.77	300.768	300.755	300.746	300.734	300.723	300.711	300.698	300.692	300.683	300.673	300.668	300.656	300.647	300.64	300.634	300.626	300.617	300.606	300.595	300.583	300.562	300.557	300.543	300.531	300.527	300.51	300.5	300.487	300.475	300.464	300.449	300.444	300.434	300.425	300.418	300.407	300.397	300.388	300.372	300.364	300.35	300.341	300.332	300.317	300.306	300.298	300.287
301.452	301.453	301.455	301.464	301.46	301.461	301.456	301.453	301.447	301.435	301.426	301.423	301.412	301.405	301.402	301.4	301.39	301.392	301.379	301.379	301.366	301.359	301.352	301.347	301.344	301.339	301.33	301.332	301.314	301.31	301.296	301.282	301.277	301.267	301.258	301.254	301.242	301.239	301.228	301.214	301.207	301.193	301.188	301.184	301.178	301.175	301.171	301.154	301.148	301.135	301.125	301.119	301.11	301.107	301.1	301.091	301.085	301.07	301.06	301.05	301.042	301.034	301.026	301.02	301.011	301.003	301	300.985	300.979	300.968	300.965	300.956	300.945	300.938	300.92	300.908	300.895	300.881	300.873	300.859	300.851	300.84	300.831	300.82	300.806	300.794	300.784	300.776	300.769	300.764	300.757	300.744	300.736	300.723	300.712	300.699	300.688	300.674	300.667	300.657	300.645	300.639	300.631	300.623	300.615	300.607	300.6	300.587	300.572	300.561	300.54	300.536	300.518	300.51	300.501	300.491	300.478	300.464	300.453	300.44	300.426	300.418	300.408	300.396	300.394	300.38	300.373	300.365	300.347	300.342	300.325	300.316	300.305	300.297	300.286	300.275	300.265
301.451	301.45	301.456	301.459	301.464	301.466	301.457	301.453	301.444	301.437	301.428	301.422	301.421	301.412	301.404	301.393	301.385	301.39	301.372	301.365	301.351	301.343	301.34	301.34	301.334	301.331	301.326	301.32	301.312	301.302	301.29	301.276	301.264	301.253	301.245	301.245	301.238	301.232	301.222	301.209	301.199	301.191	301.184	301.176	301.166	301.155	301.146	301.139	301.131	301.125	301.116	301.108	301.098	301.092	301.088	301.079	301.073	301.061	301.053	301.043	301.032	301.026	301.02	301.01	300.999	300.99	300.977	300.968	300.974	300.959	300.951	300.941	300.928	300.917	300.905	300.894	300.882	300.869	300.857	300.846	300.836	300.829	300.813	300.802	300.791	300.781	300.771	300.766	300.76	300.75	300.741	300.733	300.722	300.713	300.704	300.684	300.672	300.659	300.649	300.644	300.63	300.626	300.614	300.607	300.6	300.589	300.578	300.569	300.548	300.539	300.528	300.515	300.501	300.491	300.481	300.466	300.458	300.443	300.431	300.423	300.408	300.393	300.383	300.376	300.37	300.364	300.356	300.342	300.33	300.316	300.304	300.294	300.282	300.272	300.263	300.251	300.24
301.444	301.447	301.451	301.455	301.461	301.462	301.455	301.452	301.441	301.433	301.434	301.418	301.42	301.412	301.407	301.401	301.387	301.379	301.376	301.361	301.349	301.338	301.333	301.331	301.327	301.325	301.319	301.313	301.303	301.292	301.285	301.279	301.258	301.246	301.24	301.234	301.236	301.229	301.216	301.208	301.195	301.181	301.174	301.158	301.157	301.141	301.134	301.128	301.119	301.114	301.106	301.097	301.089	301.081	301.074	301.069	301.064	301.054	301.041	301.033	301.027	301.018	301.011	301.002	300.983	300.975	300.962	300.954	300.948	300.94	300.932	300.922	300.91	300.899	300.89	300.877	300.867	300.853	300.842	300.831	300.82	300.812	300.801	300.788	300.773	300.762	300.754	300.749	300.748	300.741	300.734	300.723	300.71	300.696	300.688	300.667	300.658	300.641	300.631	300.625	300.618	300.609	300.599	300.585	300.572	300.558	300.543	300.537	300.529	300.517	300.502	300.489	300.477	300.468	300.457	300.443	300.434	300.425	300.413	300.401	300.389	300.373	300.364	300.352	300.345	300.342	300.336	300.321	300.314	300.297	300.283	300.275	300.261	300.254	300.242	300.23	300.221
301.446	301.447	301.449	301.453	301.457	301.461	301.451	301.45	301.438	301.429	301.428	301.424	301.422	301.409	301.402	301.396	301.383	301.369	301.372	301.351	301.341	301.331	301.321	301.322	301.323	301.313	301.308	301.305	301.3	301.288	301.273	301.257	301.241	301.234	301.228	301.223	301.221	301.22	301.205	301.197	301.184	301.172	301.167	301.15	301.141	301.123	301.113	301.105	301.097	301.1	301.093	301.086	301.077	301.069	301.063	301.059	301.047	301.04	301.03	301.022	301.012	301.007	301	300.992	300.977	300.958	300.949	300.943	300.935	300.94	300.922	300.909	300.896	300.884	300.873	300.861	300.854	300.846	300.835	300.823	300.813	300.802	300.79	300.772	300.761	300.753	300.746	300.737	300.732	300.727	300.716	300.707	300.696	300.683	300.671	300.654	300.639	300.629	300.62	300.612	300.601	300.591	300.583	300.565	300.548	300.536	300.529	300.517	300.511	300.5	300.489	300.477	300.463	300.445	300.436	300.422	300.408	300.4	300.391	300.374	300.368	300.352	300.339	300.333	300.325	300.316	300.313	300.302	300.287	300.274	300.263	300.251	300.241	300.235	300.22	300.215	300.204
301.441	301.438	301.443	301.45	301.448	301.455	301.443	301.436	301.431	301.427	301.42	301.413	301.408	301.404	301.39	301.378	301.376	301.373	301.356	301.347	301.335	301.327	301.322	301.315	301.31	301.305	301.3	301.29	301.279	301.27	301.265	301.254	301.245	301.228	301.219	301.219	301.21	301.212	301.198	301.186	301.173	301.158	301.147	301.135	301.125	301.112	301.102	301.096	301.09	301.086	301.075	301.072	301.061	301.052	301.047	301.042	301.036	301.024	301.013	301.005	300.993	300.988	300.983	300.96	300.955	300.938	300.927	300.924	300.92	300.921	300.902	300.894	300.88	300.863	300.851	300.842	300.831	300.822	300.812	300.801	300.792	300.781	300.77	300.754	300.741	300.73	300.723	300.719	300.712	300.709	300.701	300.69	300.677	300.665	300.648	300.637	300.619	300.61	300.597	300.585	300.577	300.565	300.54	300.528	300.514	300.503	300.494	300.483	300.479	300.469	300.458	300.444	300.428	300.421	300.404	300.394	300.382	300.371	300.362	300.349	300.338	300.325	300.311	300.303	300.295	300.285	300.278	300.276	300.264	300.254	300.245	300.233	300.225	300.216	300.201	300.194	300.179
301.433	301.435	301.438	301.441	301.437	301.441	301.436	301.426	301.42	301.414	301.411	301.413	301.397	301.388	301.375	301.362	301.352	301.347	301.339	301.337	301.323	301.313	301.31	301.301	301.299	301.289	301.281	301.28	301.269	301.258	301.25	301.228	301.224	301.21	301.208	301.208	301.196	301.197	301.182	301.172	301.157	301.144	301.13	301.122	301.108	301.095	301.083	301.075	301.072	301.068	301.061	301.053	301.041	301.034	301.028	301.018	301.02	301.004	300.99	300.978	300.97	300.959	300.957	300.936	300.927	300.913	300.904	300.902	300.899	300.896	300.887	300.873	300.857	300.84	300.832	300.82	300.811	300.804	300.791	300.781	300.769	300.758	300.749	300.733	300.725	300.713	300.705	300.7	300.691	300.683	300.674	300.661	300.648	300.639	300.625	300.612	300.598	300.58	300.568	300.553	300.542	300.531	300.513	300.5	300.485	300.471	300.462	300.456	300.45	300.437	300.431	300.417	300.405	300.4	300.38	300.369	300.354	300.339	300.328	300.321	300.31	300.3	300.288	300.276	300.265	300.259	300.248	300.241	300.235	300.228	300.219	300.211	300.202	300.189	300.172	300.156	300.141
301.429	301.428	301.429	301.429	301.429	301.425	301.418	301.417	301.409	301.404	301.401	301.395	301.387	301.372	301.363	301.348	301.342	301.335	301.333	301.324	301.314	301.312	301.307	301.295	301.289	301.28	301.267	301.262	301.256	301.24	301.243	301.224	301.214	301.204	301.201	301.196	301.188	301.186	301.172	301.158	301.144	301.128	301.119	301.106	301.091	301.086	301.073	301.068	301.064	301.057	301.048	301.037	301.028	301.019	301.011	301.003	300.997	300.983	300.965	300.955	300.945	300.935	300.929	300.913	300.899	300.885	300.877	300.874	300.871	300.868	300.856	300.841	300.826	300.816	300.804	300.794	300.788	300.775	300.767	300.756	300.748	300.738	300.725	300.712	300.703	300.697	300.69	300.678	300.672	300.66	300.652	300.638	300.625	300.615	300.605	300.586	300.566	300.551	300.537	300.523	300.508	300.496	300.483	300.467	300.456	300.444	300.435	300.422	300.416	300.403	300.397	300.39	300.379	300.37	300.359	300.344	300.331	300.317	300.307	300.296	300.289	300.271	300.261	300.251	300.241	300.23	300.221	300.213	300.207	300.201	300.192	300.185	300.169	300.154	300.137	300.12	300.106
301.42	301.426	301.422	301.418	301.418	301.413	301.406	301.402	301.394	301.387	301.385	301.37	301.367	301.355	301.342	301.335	301.326	301.32	301.318	301.308	301.31	301.306	301.296	301.286	301.274	301.267	301.252	301.249	301.241	301.229	301.224	301.209	301.198	301.188	301.184	301.179	301.175	301.168	301.155	301.146	301.128	301.116	301.106	301.094	301.084	301.072	301.064	301.056	301.048	301.041	301.033	301.023	301.013	300.998	300.986	300.983	300.968	300.96	300.944	300.93	300.923	300.911	300.899	300.888	300.871	300.864	300.854	300.846	300.841	300.834	300.822	300.809	300.798	300.786	300.776	300.767	300.761	300.753	300.743	300.734	300.724	300.717	300.703	300.694	300.683	300.676	300.667	300.654	300.649	300.636	300.626	300.618	300.604	300.59	300.575	300.554	300.544	300.525	300.511	300.496	300.484	300.473	300.456	300.448	300.435	300.42	300.408	300.396	300.389	300.377	300.366	300.357	300.353	300.344	300.334	300.321	300.306	300.295	300.282	300.269	300.266	300.248	300.237	300.227	300.215	300.204	300.196	300.185	300.173	300.163	300.156	300.142	300.13	300.12	300.101	300.086	300.071
301.406	301.411	301.406	301.408	301.404	301.401	301.391	301.38	301.377	301.368	301.37	301.354	301.347	301.332	301.324	301.316	301.311	301.304	301.3	301.293	301.295	301.284	301.276	301.28	301.255	301.249	301.245	301.232	301.228	301.218	301.206	301.194	301.187	301.178	301.172	301.164	301.159	301.146	301.136	301.125	301.112	301.102	301.092	301.078	301.069	301.057	301.048	301.045	301.034	301.026	301.018	301.007	300.997	300.98	300.963	300.964	300.944	300.937	300.924	300.908	300.896	300.888	300.871	300.864	300.845	300.836	300.826	300.816	300.81	300.8	300.791	300.781	300.771	300.761	300.749	300.739	300.732	300.724	300.718	300.709	300.7	300.693	300.679	300.677	300.666	300.656	300.646	300.631	300.624	300.613	300.602	300.587	300.571	300.557	300.546	300.525	300.514	300.498	300.484	300.476	300.461	300.451	300.434	300.424	300.41	300.395	300.384	300.371	300.357	300.344	300.336	300.329	300.323	300.316	300.302	300.291	300.279	300.266	300.256	300.242	300.234	300.221	300.212	300.202	300.187	300.176	300.159	300.148	300.138	300.126	300.116	300.102	300.093	300.08	300.065	300.058	300.045
301.39	301.388	301.387	301.392	301.385	301.38	301.37	301.366	301.367	301.353	301.348	301.335	301.323	301.313	301.303	301.295	301.293	301.285	301.28	301.274	301.274	301.267	301.262	301.256	301.234	301.232	301.223	301.212	301.212	301.198	301.189	301.18	301.175	301.164	301.159	301.148	301.135	301.126	301.114	301.105	301.096	301.084	301.075	301.062	301.05	301.041	301.035	301.028	301.016	301.009	301	300.986	300.971	300.956	300.942	300.931	300.929	300.914	300.903	300.892	300.874	300.862	300.85	300.844	300.825	300.814	300.802	300.79	300.78	300.771	300.765	300.753	300.74	300.731	300.722	300.714	300.709	300.697	300.691	300.681	300.67	300.666	300.657	300.652	300.643	300.634	300.624	300.615	300.605	300.592	300.577	300.558	300.542	300.527	300.516	300.498	300.483	300.468	300.458	300.452	300.437	300.429	300.415	300.401	300.389	300.373	300.361	300.343	300.323	300.315	300.309	300.3	300.291	300.282	300.272	300.262	300.253	300.238	300.229	300.218	300.201	300.188	300.177	300.166	300.153	300.145	300.127	300.112	300.1	300.088	300.083	300.066	300.055	300.046	300.037	300.03	300.019
301.37	301.366	301.366	301.372	301.364	301.369	301.352	301.347	301.343	301.337	301.327	301.311	301.301	301.292	301.285	301.27	301.272	301.259	301.254	301.248	301.243	301.245	301.235	301.224	301.219	301.213	301.209	301.203	301.196	301.18	301.171	301.162	301.15	301.146	301.14	301.127	301.112	301.1	301.093	301.083	301.08	301.066	301.058	301.048	301.035	301.026	301.015	301.005	300.995	300.985	300.97	300.961	300.942	300.927	300.909	300.901	300.896	300.892	300.878	300.868	300.853	300.84	300.831	300.816	300.81	300.795	300.783	300.77	300.756	300.747	300.738	300.726	300.715	300.704	300.696	300.688	300.686	300.675	300.669	300.66	300.649	300.643	300.641	300.631	300.623	300.612	300.605	300.593	300.583	300.564	300.544	300.53	300.509	300.499	300.483	300.473	300.458	300.44	300.431	300.422	300.416	300.405	300.393	300.379	300.364	300.352	300.333	300.318	300.309	300.294	300.285	300.275	300.261	300.257	300.242	300.233	300.221	300.212	300.199	300.186	300.168	300.154	300.144	300.13	300.12	300.108	300.094	300.083	300.067	300.052	300.042	300.032	300.021	300.011	300.009	300.002	299.996
301.348	301.343	301.34	301.348	301.342	301.344	301.338	301.329	301.319	301.306	301.299	301.29	301.275	301.265	301.256	301.251	301.257	301.241	301.241	301.231	301.221	301.214	301.212	301.207	301.201	301.193	301.185	301.183	301.175	301.167	301.156	301.145	301.14	301.135	301.121	301.111	301.095	301.083	301.075	301.068	301.062	301.049	301.041	301.029	301.018	301.009	301.004	300.982	300.971	300.955	300.933	300.926	300.911	300.898	300.887	300.876	300.868	300.862	300.857	300.843	300.827	300.817	300.807	300.794	300.792	300.771	300.76	300.745	300.732	300.722	300.711	300.699	300.686	300.678	300.671	300.664	300.657	300.649	300.64	300.633	300.627	300.619	300.617	300.606	300.597	300.586	300.573	300.562	300.548	300.529	300.517	300.501	300.488	300.477	300.461	300.444	300.428	300.417	300.406	300.395	300.39	300.372	300.362	300.349	300.335	300.322	300.311	300.292	300.278	300.265	300.255	300.251	300.237	300.224	300.213	300.202	300.192	300.181	300.166	300.144	300.128	300.109	300.094	300.09	300.084	300.075	300.064	300.048	300.035	300.026	300.012	300.001	299.99	299.98	299.974	299.973	299.97
301.322	301.313	301.31	301.316	301.329	301.311	301.306	301.297	301.292	301.284	301.272	301.261	301.253	301.245	301.24	301.233	301.23	301.224	301.212	301.204	301.199	301.195	301.192	301.182	301.176	301.178	301.177	301.168	301.158	301.146	301.135	301.127	301.121	301.114	301.103	301.093	301.076	301.066	301.059	301.05	301.045	301.039	301.026	301.015	301.005	300.986	300.978	300.952	300.931	300.918	300.904	300.89	300.886	300.872	300.858	300.847	300.842	300.836	300.831	300.824	300.81	300.799	300.789	300.78	300.771	300.753	300.746	300.729	300.713	300.704	300.689	300.682	300.67	300.66	300.652	300.647	300.637	300.639	300.627	300.619	300.613	300.607	300.599	300.585	300.572	300.556	300.543	300.533	300.519	300.505	300.488	300.474	300.461	300.448	300.44	300.427	300.407	300.395	300.381	300.368	300.366	300.353	300.341	300.329	300.316	300.301	300.294	300.274	300.259	300.246	300.236	300.223	300.214	300.205	300.192	300.177	300.161	300.138	300.13	300.108	300.09	300.075	300.064	300.058	300.05	300.041	300.034	300.022	300.007	299.995	299.979	299.97	299.96	299.951	299.945	299.943	299.938
301.287	301.284	301.281	301.274	301.275	301.275	301.269	301.259	301.249	301.246	301.24	301.227	301.216	301.206	301.204	301.206	301.199	301.204	301.195	301.188	301.179	301.168	301.164	301.162	301.156	301.151	301.147	301.138	301.145	301.129	301.119	301.109	301.1	301.091	301.089	301.071	301.062	301.051	301.041	301.035	301.027	301.018	301.004	300.99	300.976	300.96	300.942	300.927	300.904	300.885	300.872	300.852	300.846	300.835	300.826	300.819	300.813	300.811	300.802	300.795	300.788	300.777	300.768	300.758	300.747	300.73	300.715	300.701	300.688	300.682	300.668	300.655	300.645	300.634	300.626	300.622	300.613	300.607	300.599	300.593	300.585	300.572	300.563	300.549	300.532	300.516	300.505	300.495	300.482	300.471	300.456	300.447	300.437	300.423	300.41	300.397	300.382	300.368	300.359	300.348	300.334	300.321	300.307	300.297	300.287	300.279	300.263	300.25	300.232	300.215	300.204	300.191	300.187	300.169	300.149	300.139	300.129	300.111	300.095	300.072	300.051	300.034	300.02	300.009	300.009	300.002	299.99	299.981	299.971	299.96	299.953	299.942	299.931	299.92	299.912	299.908	299.906
301.251	301.246	301.246	301.244	301.245	301.235	301.23	301.223	301.216	301.205	301.201	301.191	301.182	301.175	301.171	301.174	301.171	301.167	301.166	301.159	301.155	301.147	301.146	301.138	301.132	301.13	301.126	301.121	301.115	301.101	301.094	301.084	301.073	301.063	301.059	301.041	301.038	301.03	301.019	301.016	301.005	300.993	300.983	300.962	300.944	300.932	300.908	300.89	300.866	300.845	300.829	300.818	300.814	300.797	300.797	300.787	300.777	300.773	300.771	300.767	300.758	300.751	300.741	300.732	300.72	300.707	300.692	300.679	300.667	300.652	300.648	300.632	300.62	300.611	300.603	300.595	300.595	300.58	300.576	300.561	300.549	300.54	300.53	300.511	300.497	300.486	300.474	300.463	300.451	300.439	300.429	300.415	300.401	300.39	300.384	300.365	300.354	300.34	300.327	300.319	300.304	300.294	300.285	300.273	300.262	300.255	300.244	300.231	300.211	300.192	300.177	300.163	300.145	300.128	300.126	300.112	300.093	300.076	300.056	300.04	300.018	300.003	299.989	299.979	299.97	299.964	299.955	299.945	299.935	299.924	299.919	299.904	299.896	299.889	299.881	299.873	299.867
301.229	301.22	301.212	301.206	301.21	301.202	301.195	301.187	301.176	301.17	301.167	301.152	301.146	301.142	301.142	301.141	301.149	301.148	301.145	301.143	301.137	301.131	301.128	301.116	301.115	301.108	301.105	301.103	301.091	301.088	301.074	301.062	301.053	301.044	301.039	301.026	301.018	301.009	301.001	300.995	300.984	300.962	300.948	300.934	300.916	300.903	300.883	300.862	300.841	300.819	300.804	300.787	300.783	300.769	300.762	300.758	300.749	300.746	300.737	300.734	300.73	300.722	300.714	300.705	300.691	300.679	300.663	300.654	300.642	300.632	300.627	300.612	300.6	300.584	300.571	300.561	300.559	300.547	300.538	300.528	300.515	300.506	300.494	300.479	300.468	300.453	300.444	300.434	300.424	300.408	300.395	300.389	300.378	300.364	300.359	300.338	300.329	300.315	300.302	300.292	300.28	300.263	300.253	300.246	300.236	300.231	300.219	300.202	300.185	300.16	300.141	300.123	300.115	300.099	300.09	300.076	300.057	300.045	300.022	300.007	299.985	299.965	299.955	299.945	299.937	299.932	299.921	299.911	299.9	299.892	299.887	299.874	299.866	299.857	299.85	299.843	299.838
301.191	301.191	301.179	301.175	301.173	301.166	301.161	301.152	301.144	301.136	301.13	301.124	301.115	301.115	301.112	301.114	301.119	301.117	301.119	301.117	301.117	301.108	301.105	301.094	301.09	301.084	301.077	301.076	301.065	301.059	301.044	301.033	301.029	301.017	301.01	301.005	300.991	300.989	300.978	300.96	300.957	300.935	300.917	300.899	300.884	300.865	300.851	300.833	300.81	300.795	300.776	300.763	300.757	300.745	300.736	300.728	300.72	300.715	300.708	300.703	300.697	300.691	300.682	300.675	300.66	300.649	300.641	300.629	300.622	300.614	300.602	300.585	300.567	300.55	300.535	300.529	300.521	300.509	300.502	300.489	300.482	300.473	300.46	300.451	300.438	300.428	300.416	300.403	300.391	300.377	300.361	300.354	300.349	300.335	300.327	300.313	300.301	300.29	300.277	300.263	300.252	300.237	300.224	300.215	300.208	300.197	300.188	300.162	300.14	300.123	300.101	300.088	300.084	300.061	300.048	300.033	300.019	300.006	299.986	299.969	299.949	299.937	299.923	299.911	299.904	299.895	299.885	299.876	299.868	299.859	299.85	299.841	299.831	299.826	299.817	299.809	299.805
301.162	301.156	301.151	301.146	301.141	301.134	301.125	301.118	301.107	301.104	301.094	301.093	301.09	301.086	301.087	301.086	301.09	301.091	301.089	301.094	301.09	301.084	301.083	301.069	301.064	301.052	301.049	301.047	301.037	301.031	301.017	301.008	301.001	300.992	300.98	300.972	300.958	300.954	300.944	300.926	300.923	300.902	300.883	300.867	300.847	300.831	300.816	300.8	300.786	300.769	300.759	300.747	300.736	300.726	300.715	300.708	300.698	300.689	300.685	300.678	300.671	300.662	300.655	300.645	300.634	300.62	300.61	300.601	300.589	300.585	300.565	300.552	300.537	300.518	300.504	300.494	300.478	300.472	300.461	300.454	300.446	300.439	300.43	300.422	300.409	300.398	300.388	300.372	300.358	300.346	300.329	300.319	300.311	300.304	300.295	300.284	300.271	300.258	300.25	300.237	300.225	300.215	300.197	300.184	300.168	300.149	300.138	300.115	300.094	300.075	300.062	300.048	300.038	300.026	300.011	299.994	299.978	299.964	299.948	299.931	299.915	299.901	299.89	299.876	299.87	299.857	299.846	299.838	299.832	299.825	299.815	299.808	299.8	299.787	299.781	299.77	299.763
301.131	301.133	301.124	301.118	301.115	301.103	301.095	301.085	301.077	301.075	301.068	301.064	301.058	301.059	301.059	301.061	301.061	301.063	301.061	301.062	301.064	301.057	301.058	301.043	301.036	301.027	301.019	301.015	301.012	301.004	300.999	300.982	300.975	300.963	300.954	300.942	300.926	300.916	300.905	300.898	300.887	300.864	300.85	300.832	300.816	300.801	300.787	300.769	300.759	300.748	300.736	300.731	300.719	300.706	300.696	300.688	300.679	300.668	300.662	300.65	300.643	300.637	300.629	300.619	300.613	300.591	300.579	300.564	300.554	300.548	300.539	300.524	300.505	300.492	300.477	300.463	300.448	300.439	300.424	300.414	300.409	300.401	300.4	300.387	300.377	300.365	300.352	300.342	300.328	300.314	300.302	300.29	300.282	300.273	300.264	300.254	300.241	300.228	300.219	300.213	300.197	300.184	300.165	300.148	300.132	300.112	300.092	300.069	300.049	300.03	300.015	300.008	299.995	299.988	299.972	299.955	299.942	299.924	299.912	299.896	299.878	299.869	299.855	299.843	299.836	299.822	299.817	299.807	299.801	299.792	299.777	299.768	299.753	299.744	299.739	299.729	299.723
301.101	301.102	301.101	301.09	301.091	301.077	301.07	301.061	301.048	301.045	301.047	301.039	301.038	301.038	301.036	301.033	301.03	301.03	301.028	301.029	301.028	301.028	301.026	301.018	301.009	300.995	300.985	300.971	300.974	300.957	300.952	300.942	300.93	300.928	300.918	300.905	300.899	300.887	300.872	300.864	300.847	300.831	300.816	300.8	300.781	300.772	300.758	300.742	300.734	300.725	300.717	300.708	300.699	300.69	300.675	300.664	300.653	300.643	300.635	300.626	300.616	300.609	300.603	300.591	300.585	300.562	300.547	300.534	300.521	300.515	300.504	300.49	300.476	300.462	300.449	300.433	300.423	300.404	300.39	300.382	300.376	300.37	300.371	300.356	300.348	300.334	300.319	300.31	300.299	300.28	300.268	300.257	300.246	300.239	300.23	300.22	300.213	300.201	300.185	300.178	300.167	300.146	300.129	300.111	300.091	300.078	300.054	300.031	300.015	299.994	299.978	299.971	299.956	299.949	299.929	299.917	299.904	299.891	299.875	299.865	299.85	299.835	299.821	299.809	299.802	299.786	299.778	299.764	299.751	299.745	299.727	299.722	299.71	299.7	299.693	299.683	299.679
301.075	301.073	301.069	301.068	301.062	301.047	301.038	301.034	301.029	301.024	301.025	301.017	301.018	301.016	301.01	301.009	301.008	301.004	301.002	301.003	301.006	301.006	300.998	300.983	300.963	300.95	300.943	300.931	300.931	300.916	300.912	300.901	300.892	300.884	300.886	300.876	300.865	300.854	300.839	300.824	300.811	300.797	300.775	300.763	300.754	300.739	300.734	300.723	300.709	300.702	300.696	300.689	300.671	300.661	300.649	300.639	300.63	300.624	300.611	300.603	300.587	300.575	300.567	300.552	300.534	300.525	300.511	300.5	300.493	300.483	300.471	300.461	300.445	300.429	300.411	300.395	300.385	300.365	300.354	300.347	300.341	300.334	300.335	300.324	300.313	300.301	300.286	300.273	300.261	300.247	300.231	300.22	300.212	300.203	300.199	300.181	300.171	300.161	300.146	300.134	300.125	300.103	300.085	300.067	300.051	300.031	300.019	299.995	299.978	299.962	299.947	299.938	299.921	299.911	299.896	299.882	299.865	299.849	299.844	299.831	299.815	299.803	299.784	299.77	299.758	299.74	299.73	299.719	299.709	299.699	299.684	299.684	299.672	299.665	299.656	299.644	299.638
301.045	301.043	301.041	301.039	301.032	301.034	301.019	301.009	301.005	301.002	301.007	301.001	301.003	301	300.991	300.981	300.972	300.962	300.965	300.957	300.954	300.959	300.947	300.95	300.93	300.913	300.9	300.885	300.877	300.871	300.86	300.852	300.849	300.842	300.837	300.829	300.816	300.806	300.799	300.789	300.774	300.763	300.741	300.729	300.721	300.706	300.705	300.691	300.686	300.677	300.665	300.654	300.648	300.629	300.619	300.609	300.6	300.595	300.582	300.566	300.551	300.539	300.53	300.518	300.506	300.495	300.481	300.472	300.465	300.458	300.443	300.427	300.409	300.396	300.385	300.37	300.353	300.337	300.325	300.316	300.311	300.308	300.295	300.29	300.273	300.259	300.249	300.238	300.223	300.214	300.192	300.18	300.172	300.157	300.149	300.135	300.121	300.112	300.105	300.093	300.081	300.063	300.043	300.032	300.021	300.002	299.988	299.968	299.951	299.935	299.92	299.91	299.9	299.882	299.862	299.845	299.831	299.82	299.81	299.794	299.778	299.763	299.746	299.732	299.722	299.701	299.686	299.673	299.664	299.656	299.65	299.644	299.628	299.62	299.613	299.6	299.6
301.013	301.01	301.01	301.015	300.999	300.997	300.982	300.977	300.975	300.965	300.972	300.966	300.962	300.959	300.955	300.944	300.944	300.928	300.926	300.922	300.918	300.923	300.906	300.895	300.878	300.864	300.856	300.845	300.835	300.824	300.814	300.81	300.805	300.803	300.794	300.788	300.78	300.765	300.749	300.741	300.725	300.716	300.704	300.689	300.678	300.672	300.672	300.656	300.652	300.644	300.636	300.625	300.617	300.595	300.583	300.572	300.559	300.554	300.547	300.527	300.512	300.494	300.481	300.47	300.463	300.445	300.439	300.433	300.424	300.415	300.404	300.387	300.371	300.354	300.336	300.32	300.308	300.294	300.284	300.272	300.266	300.263	300.247	300.242	300.228	300.213	300.2	300.187	300.171	300.161	300.14	300.123	300.111	300.102	300.096	300.083	300.073	300.06	300.048	300.04	300.022	300.015	299.996	299.98	299.966	299.954	299.944	299.928	299.912	299.899	299.888	299.873	299.862	299.843	299.827	299.813	299.8	299.779	299.757	299.745	299.729	299.71	299.693	299.681	299.673	299.66	299.644	299.631	299.62	299.613	299.6	299.59	299.583	299.574	299.567	299.56	299.548
300.976	300.975	300.972	300.975	300.965	300.959	300.946	300.936	300.935	300.933	300.938	300.936	300.931	300.932	300.924	300.911	300.91	300.888	300.881	300.874	300.869	300.867	300.871	300.861	300.846	300.83	300.816	300.8	300.791	300.778	300.775	300.766	300.759	300.754	300.756	300.739	300.729	300.718	300.704	300.699	300.69	300.677	300.663	300.651	300.642	300.636	300.626	300.625	300.615	300.61	300.601	300.591	300.57	300.558	300.537	300.528	300.517	300.507	300.498	300.483	300.464	300.453	300.44	300.427	300.419	300.409	300.401	300.393	300.385	300.376	300.363	300.342	300.326	300.314	300.297	300.285	300.276	300.257	300.249	300.238	300.228	300.22	300.214	300.192	300.174	300.158	300.144	300.127	300.114	300.096	300.086	300.066	300.053	300.045	300.04	300.019	300.015	300.006	299.995	299.993	299.971	299.962	299.952	299.935	299.925	299.914	299.905	299.894	299.879	299.869	299.856	299.843	299.831	299.81	299.795	299.768	299.75	299.734	299.719	299.7	299.678	299.666	299.653	299.645	299.635	299.619	299.605	299.59	299.579	299.569	299.562	299.549	299.539	299.525	299.515	299.516	299.505
300.936	300.932	300.93	300.929	300.92	300.909	300.9	300.896	300.892	300.901	300.9	300.901	300.892	300.889	300.888	300.878	300.87	300.856	300.846	300.845	300.839	300.832	300.83	300.816	300.803	300.787	300.778	300.764	300.759	300.74	300.732	300.727	300.719	300.713	300.712	300.699	300.689	300.676	300.664	300.654	300.645	300.638	300.627	300.618	300.608	300.6	300.586	300.583	300.575	300.563	300.555	300.543	300.525	300.519	300.494	300.482	300.474	300.463	300.455	300.439	300.42	300.405	300.395	300.384	300.378	300.37	300.358	300.35	300.34	300.33	300.314	300.298	300.278	300.267	300.254	300.239	300.233	300.221	300.209	300.197	300.183	300.168	300.158	300.139	300.122	300.106	300.087	300.067	300.06	300.041	300.029	300.018	300.003	299.988	299.985	299.971	299.967	299.956	299.942	299.937	299.922	299.914	299.899	299.888	299.877	299.867	299.861	299.855	299.845	299.83	299.817	299.803	299.786	299.757	299.737	299.722	299.699	299.686	299.666	299.653	299.637	299.62	299.606	299.594	299.59	299.577	299.563	299.554	299.543	299.53	299.524	299.506	299.498	299.484	299.476	299.471	299.465
300.897	300.887	300.884	300.883	300.875	300.865	300.862	300.855	300.856	300.861	300.86	300.861	300.851	300.845	300.84	300.839	300.83	300.822	300.807	300.802	300.8	300.791	300.785	300.777	300.76	300.749	300.737	300.725	300.713	300.7	300.687	300.679	300.673	300.666	300.659	300.657	300.642	300.633	300.62	300.613	300.607	300.597	300.591	300.576	300.563	300.552	300.542	300.528	300.52	300.517	300.507	300.496	300.475	300.467	300.452	300.438	300.426	300.414	300.408	300.388	300.374	300.365	300.353	300.345	300.338	300.327	300.319	300.309	300.298	300.286	300.268	300.26	300.239	300.226	300.215	300.201	300.189	300.172	300.154	300.137	300.129	300.116	300.101	300.088	300.072	300.055	300.035	300.02	300.005	299.993	299.975	299.963	299.951	299.937	299.931	299.92	299.914	299.911	299.899	299.889	299.874	299.866	299.852	299.839	299.832	299.822	299.819	299.81	299.797	299.787	299.768	299.745	299.729	299.7	299.685	299.668	299.653	299.638	299.623	299.611	299.591	299.575	299.56	299.552	299.548	299.532	299.52	299.509	299.499	299.486	299.482	299.469	299.455	299.444	299.436	299.429	299.422
