301.842	301.849	301.849	301.845	301.844	301.84	301.837	301.832	301.83	301.831	301.831	301.827	301.825	301.822	301.817	301.815	301.813	301.812	301.813	301.815	301.809	301.805	301.802	301.799	301.801	301.799	301.804	301.8	301.802	301.798	301.795	301.793	301.786	301.781	301.772	301.763	301.765	301.753	301.756	301.744	301.739	301.732	301.735	301.73	301.73	301.733	301.736	301.735	301.726	301.728	301.723	301.72	301.715	301.709	301.707	301.705	301.696	301.689	301.688	301.685	301.683	301.683	301.684	301.679	301.68	301.669	301.665	301.662	301.654	301.644	301.641	301.642	301.639	301.642	301.638	301.631	301.625	301.616	301.611	301.609	301.608	301.61	301.611	301.602	301.59	301.579	301.568	301.563	301.559	301.556	301.553	301.551	301.548	301.54	301.537	301.527	301.522	301.515	301.509	301.507	301.505	301.496	301.494	301.492	301.491	301.494	301.492	301.496	301.495	301.5	301.493	301.487	301.483	301.477	301.476	301.474	301.47	301.469	301.468	301.459	301.456	301.45	301.444	301.443	301.439	301.437	301.433	301.433	301.428	301.423	301.419	301.418	301.414	301.406	301.4	301.393	301.391
301.84	301.845	301.847	301.844	301.84	301.835	301.832	301.827	301.829	301.831	301.832	301.831	301.829	301.826	301.822	301.814	301.814	301.813	301.812	301.814	301.806	301.808	301.798	301.799	301.799	301.801	301.801	301.795	301.799	301.794	301.793	301.786	301.784	301.77	301.762	301.76	301.756	301.756	301.746	301.738	301.736	301.737	301.732	301.728	301.726	301.728	301.725	301.723	301.716	301.716	301.711	301.708	301.706	301.704	301.705	301.692	301.693	301.683	301.681	301.681	301.677	301.683	301.679	301.674	301.671	301.664	301.657	301.652	301.644	301.635	301.633	301.63	301.635	301.635	301.627	301.622	301.611	301.606	301.599	301.597	301.602	301.601	301.601	301.59	301.582	301.572	301.561	301.557	301.552	301.552	301.552	301.545	301.541	301.536	301.528	301.524	301.513	301.507	301.502	301.497	301.496	301.487	301.487	301.482	301.483	301.484	301.485	301.486	301.485	301.487	301.479	301.475	301.468	301.464	301.461	301.459	301.46	301.454	301.454	301.447	301.442	301.437	301.433	301.429	301.426	301.421	301.415	301.416	301.41	301.407	301.401	301.398	301.391	301.379	301.378	301.367	301.367
301.841	301.844	301.842	301.841	301.839	301.833	301.831	301.828	301.83	301.832	301.836	301.838	301.833	301.831	301.827	301.82	301.817	301.818	301.813	301.818	301.811	301.808	301.8	301.796	301.799	301.8	301.793	301.796	301.797	301.794	301.788	301.781	301.777	301.767	301.76	301.763	301.749	301.756	301.743	301.741	301.737	301.73	301.73	301.725	301.718	301.723	301.722	301.713	301.703	301.708	301.703	301.703	301.7	301.697	301.699	301.687	301.686	301.673	301.674	301.672	301.67	301.674	301.67	301.669	301.66	301.656	301.644	301.642	301.632	301.624	301.624	301.624	301.628	301.626	301.625	301.615	301.605	301.597	301.591	301.59	301.593	301.595	301.592	301.581	301.571	301.565	301.558	301.556	301.552	301.548	301.546	301.541	301.539	301.531	301.523	301.518	301.508	301.501	301.499	301.494	301.495	301.484	301.478	301.478	301.476	301.477	301.476	301.475	301.472	301.472	301.467	301.463	301.457	301.452	301.451	301.448	301.448	301.443	301.44	301.435	301.427	301.425	301.42	301.417	301.417	301.409	301.405	301.4	301.389	301.389	301.377	301.371	301.366	301.359	301.358	301.354	301.351
301.838	301.848	301.845	301.846	301.841	301.837	301.833	301.83	301.832	301.833	301.842	301.84	301.838	301.832	301.83	301.83	301.826	301.825	301.819	301.823	301.816	301.815	301.808	301.802	301.796	301.797	301.8	301.798	301.796	301.789	301.789	301.776	301.776	301.768	301.758	301.76	301.749	301.749	301.737	301.736	301.727	301.721	301.717	301.715	301.713	301.715	301.709	301.708	301.706	301.7	301.695	301.694	301.697	301.695	301.692	301.692	301.683	301.672	301.675	301.673	301.67	301.675	301.67	301.667	301.651	301.652	301.64	301.633	301.625	301.621	301.621	301.624	301.625	301.625	301.622	301.613	301.605	301.601	301.597	301.594	301.595	301.591	301.591	301.581	301.574	301.568	301.561	301.557	301.552	301.549	301.545	301.544	301.534	301.531	301.524	301.516	301.51	301.5	301.499	301.494	301.492	301.486	301.483	301.479	301.476	301.473	301.471	301.47	301.467	301.467	301.458	301.457	301.45	301.447	301.442	301.439	301.436	301.435	301.436	301.428	301.421	301.415	301.41	301.409	301.405	301.401	301.392	301.389	301.378	301.373	301.362	301.359	301.349	301.343	301.336	301.332	301.329
301.844	301.844	301.839	301.838	301.841	301.842	301.837	301.835	301.839	301.84	301.849	301.842	301.841	301.837	301.835	301.834	301.828	301.829	301.83	301.825	301.823	301.815	301.809	301.805	301.805	301.804	301.799	301.794	301.809	301.794	301.79	301.78	301.772	301.765	301.76	301.756	301.756	301.747	301.738	301.728	301.725	301.722	301.713	301.71	301.713	301.71	301.713	301.714	301.701	301.701	301.696	301.694	301.698	301.703	301.702	301.693	301.684	301.676	301.678	301.67	301.671	301.671	301.661	301.666	301.652	301.65	301.636	301.633	301.625	301.622	301.618	301.614	301.617	301.622	301.614	301.604	301.603	301.595	301.592	301.591	301.585	301.587	301.585	301.576	301.566	301.561	301.556	301.551	301.548	301.546	301.541	301.544	301.531	301.531	301.523	301.517	301.511	301.503	301.498	301.496	301.491	301.486	301.479	301.472	301.469	301.465	301.462	301.46	301.457	301.461	301.449	301.445	301.44	301.437	301.434	301.435	301.431	301.424	301.428	301.417	301.412	301.404	301.401	301.397	301.394	301.389	301.378	301.378	301.368	301.356	301.352	301.346	301.337	301.329	301.327	301.318	301.317
301.852	301.848	301.85	301.844	301.842	301.843	301.841	301.838	301.84	301.838	301.848	301.838	301.838	301.834	301.834	301.836	301.834	301.834	301.828	301.827	301.821	301.817	301.81	301.807	301.804	301.802	301.805	301.8	301.801	301.784	301.782	301.774	301.764	301.766	301.76	301.752	301.746	301.738	301.729	301.719	301.711	301.71	301.712	301.712	301.71	301.707	301.72	301.709	301.704	301.703	301.701	301.699	301.695	301.695	301.697	301.694	301.694	301.68	301.677	301.672	301.67	301.668	301.662	301.658	301.653	301.649	301.639	301.639	301.629	301.621	301.62	301.618	301.62	301.609	301.609	301.598	301.589	301.583	301.583	301.583	301.578	301.581	301.573	301.571	301.567	301.559	301.556	301.547	301.542	301.544	301.543	301.541	301.534	301.529	301.524	301.517	301.509	301.504	301.502	301.497	301.498	301.492	301.482	301.473	301.467	301.46	301.455	301.457	301.453	301.451	301.445	301.44	301.434	301.431	301.426	301.423	301.424	301.42	301.422	301.41	301.409	301.398	301.388	301.38	301.372	301.373	301.367	301.363	301.352	301.345	301.337	301.33	301.321	301.316	301.309	301.298	301.296
301.847	301.845	301.841	301.839	301.839	301.841	301.838	301.838	301.84	301.842	301.843	301.837	301.833	301.834	301.834	301.834	301.836	301.833	301.827	301.831	301.81	301.812	301.809	301.807	301.804	301.802	301.803	301.799	301.789	301.795	301.78	301.768	301.761	301.753	301.747	301.749	301.746	301.735	301.721	301.718	301.717	301.711	301.704	301.706	301.705	301.719	301.72	301.713	301.715	301.702	301.696	301.701	301.701	301.7	301.705	301.702	301.693	301.686	301.68	301.673	301.668	301.664	301.66	301.655	301.654	301.647	301.636	301.631	301.625	301.62	301.62	301.607	301.609	301.604	301.602	301.587	301.584	301.579	301.572	301.569	301.566	301.563	301.563	301.559	301.554	301.549	301.545	301.539	301.537	301.535	301.538	301.536	301.532	301.524	301.518	301.512	301.503	301.5	301.497	301.49	301.494	301.48	301.475	301.468	301.459	301.453	301.449	301.446	301.445	301.441	301.434	301.43	301.421	301.419	301.415	301.413	301.416	301.415	301.414	301.403	301.399	301.387	301.379	301.37	301.363	301.356	301.352	301.351	301.334	301.328	301.316	301.31	301.307	301.3	301.293	301.297	301.281
301.844	301.849	301.843	301.843	301.842	301.838	301.838	301.835	301.835	301.836	301.833	301.832	301.826	301.828	301.831	301.83	301.828	301.828	301.818	301.821	301.808	301.811	301.804	301.802	301.803	301.8	301.796	301.797	301.791	301.78	301.768	301.764	301.761	301.75	301.743	301.739	301.728	301.73	301.723	301.716	301.712	301.707	301.705	301.704	301.708	301.709	301.713	301.715	301.7	301.702	301.704	301.702	301.697	301.7	301.699	301.7	301.692	301.692	301.682	301.673	301.665	301.657	301.651	301.65	301.646	301.638	301.634	301.631	301.621	301.616	301.609	301.605	301.606	301.603	301.597	301.59	301.583	301.572	301.566	301.562	301.559	301.553	301.553	301.547	301.545	301.544	301.535	301.533	301.532	301.529	301.532	301.53	301.525	301.52	301.513	301.504	301.496	301.491	301.488	301.482	301.48	301.47	301.466	301.459	301.455	301.45	301.445	301.441	301.435	301.436	301.426	301.424	301.415	301.408	301.405	301.403	301.403	301.4	301.4	301.387	301.376	301.368	301.358	301.353	301.352	301.348	301.337	301.333	301.321	301.313	301.303	301.296	301.292	301.287	301.284	301.273	301.267
301.842	301.847	301.845	301.844	301.843	301.839	301.836	301.835	301.833	301.836	301.838	301.837	301.833	301.826	301.827	301.826	301.826	301.823	301.819	301.815	301.807	301.805	301.809	301.804	301.801	301.801	301.801	301.796	301.795	301.776	301.771	301.76	301.757	301.751	301.746	301.739	301.737	301.735	301.73	301.724	301.72	301.716	301.706	301.707	301.709	301.71	301.708	301.716	301.707	301.708	301.706	301.704	301.701	301.699	301.693	301.7	301.691	301.688	301.68	301.671	301.66	301.654	301.648	301.647	301.641	301.634	301.628	301.62	301.613	301.605	301.603	301.601	301.601	301.604	301.601	301.59	301.577	301.57	301.565	301.562	301.552	301.552	301.544	301.542	301.535	301.533	301.527	301.527	301.526	301.523	301.527	301.525	301.52	301.514	301.507	301.502	301.495	301.491	301.482	301.477	301.47	301.464	301.458	301.456	301.45	301.443	301.44	301.439	301.432	301.431	301.42	301.415	301.406	301.4	301.398	301.397	301.393	301.388	301.384	301.373	301.365	301.356	301.351	301.345	301.34	301.334	301.328	301.32	301.311	301.303	301.294	301.288	301.283	301.278	301.274	301.261	301.262
301.842	301.848	301.848	301.845	301.842	301.842	301.839	301.837	301.839	301.839	301.844	301.838	301.835	301.831	301.828	301.829	301.824	301.817	301.817	301.811	301.809	301.8	301.805	301.805	301.801	301.8	301.8	301.795	301.795	301.779	301.769	301.76	301.76	301.755	301.745	301.741	301.74	301.736	301.736	301.728	301.722	301.718	301.711	301.709	301.714	301.716	301.709	301.71	301.71	301.711	301.708	301.705	301.7	301.697	301.696	301.698	301.691	301.683	301.675	301.666	301.661	301.656	301.651	301.643	301.637	301.63	301.621	301.611	301.604	301.602	301.598	301.599	301.601	301.606	301.597	301.59	301.579	301.572	301.567	301.558	301.553	301.554	301.543	301.543	301.531	301.528	301.527	301.527	301.527	301.524	301.522	301.523	301.518	301.508	301.502	301.494	301.49	301.484	301.477	301.475	301.468	301.462	301.456	301.453	301.449	301.443	301.437	301.435	301.426	301.426	301.418	301.411	301.404	301.396	301.391	301.384	301.38	301.378	301.38	301.366	301.357	301.347	301.341	301.333	301.328	301.322	301.32	301.311	301.303	301.292	301.283	301.277	301.275	301.265	301.26	301.251	301.252
301.842	301.848	301.844	301.845	301.841	301.841	301.84	301.837	301.842	301.838	301.847	301.84	301.84	301.837	301.835	301.829	301.823	301.816	301.816	301.807	301.807	301.801	301.8	301.8	301.8	301.798	301.795	301.791	301.788	301.777	301.763	301.76	301.766	301.756	301.75	301.745	301.744	301.743	301.743	301.732	301.724	301.723	301.718	301.718	301.715	301.712	301.715	301.707	301.708	301.703	301.705	301.705	301.699	301.696	301.702	301.695	301.693	301.684	301.673	301.667	301.659	301.654	301.65	301.643	301.64	301.622	301.614	301.605	301.6	301.594	301.592	301.592	301.597	301.599	301.591	301.589	301.579	301.572	301.564	301.557	301.553	301.552	301.548	301.544	301.537	301.533	301.532	301.528	301.524	301.524	301.519	301.517	301.51	301.504	301.497	301.489	301.481	301.477	301.47	301.466	301.465	301.457	301.455	301.451	301.448	301.444	301.439	301.431	301.427	301.42	301.413	301.408	301.401	301.394	301.385	301.381	301.375	301.37	301.371	301.357	301.352	301.339	301.334	301.329	301.322	301.317	301.312	301.307	301.294	301.288	301.278	301.271	301.266	301.257	301.25	301.245	301.239
301.846	301.85	301.843	301.843	301.842	301.841	301.84	301.839	301.842	301.842	301.847	301.848	301.847	301.844	301.839	301.833	301.829	301.82	301.817	301.815	301.81	301.807	301.804	301.799	301.796	301.798	301.787	301.794	301.781	301.779	301.771	301.772	301.765	301.758	301.755	301.756	301.751	301.755	301.755	301.744	301.74	301.731	301.728	301.724	301.722	301.713	301.718	301.714	301.709	301.703	301.702	301.704	301.702	301.699	301.703	301.701	301.7	301.686	301.677	301.67	301.662	301.654	301.648	301.644	301.643	301.627	301.618	301.608	301.6	301.597	301.592	301.59	301.592	301.595	301.594	301.585	301.577	301.569	301.562	301.559	301.554	301.549	301.555	301.544	301.543	301.54	301.534	301.532	301.528	301.527	301.522	301.52	301.51	301.5	301.495	301.487	301.478	301.474	301.469	301.465	301.462	301.454	301.448	301.448	301.44	301.436	301.432	301.424	301.426	301.418	301.41	301.404	301.397	301.388	301.381	301.379	301.374	301.368	301.368	301.355	301.347	301.346	301.34	301.331	301.324	301.318	301.312	301.314	301.294	301.291	301.282	301.272	301.264	301.253	301.247	301.244	301.236
301.848	301.852	301.847	301.847	301.847	301.848	301.848	301.845	301.847	301.85	301.849	301.851	301.855	301.854	301.85	301.843	301.833	301.831	301.821	301.828	301.82	301.814	301.808	301.801	301.797	301.793	301.793	301.797	301.788	301.792	301.78	301.775	301.774	301.769	301.771	301.763	301.765	301.759	301.753	301.747	301.739	301.735	301.732	301.725	301.726	301.722	301.716	301.718	301.713	301.711	301.705	301.703	301.703	301.702	301.696	301.708	301.696	301.687	301.681	301.673	301.666	301.659	301.656	301.652	301.646	301.634	301.626	301.617	301.609	301.604	301.595	301.594	301.596	301.594	301.594	301.583	301.577	301.573	301.566	301.56	301.561	301.556	301.558	301.547	301.547	301.541	301.542	301.54	301.536	301.533	301.53	301.521	301.51	301.504	301.493	301.486	301.478	301.475	301.473	301.469	301.465	301.463	301.449	301.443	301.437	301.429	301.424	301.424	301.419	301.414	301.413	301.404	301.393	301.388	301.383	301.376	301.374	301.376	301.37	301.363	301.353	301.345	301.34	301.333	301.329	301.327	301.315	301.315	301.301	301.298	301.288	301.276	301.266	301.251	301.242	301.24	301.239
301.85	301.855	301.852	301.85	301.853	301.851	301.851	301.853	301.85	301.854	301.86	301.863	301.861	301.858	301.855	301.848	301.844	301.842	301.835	301.831	301.826	301.818	301.813	301.805	301.805	301.802	301.798	301.802	301.803	301.797	301.786	301.793	301.783	301.778	301.779	301.775	301.774	301.762	301.757	301.752	301.738	301.732	301.731	301.728	301.721	301.727	301.73	301.732	301.722	301.715	301.712	301.714	301.708	301.705	301.704	301.71	301.692	301.69	301.679	301.672	301.669	301.663	301.654	301.653	301.646	301.636	301.626	301.621	301.613	301.607	301.603	301.597	301.595	301.591	301.585	301.585	301.579	301.569	301.566	301.562	301.562	301.557	301.555	301.554	301.549	301.543	301.543	301.541	301.539	301.543	301.535	301.529	301.514	301.503	301.494	301.488	301.482	301.476	301.472	301.473	301.465	301.468	301.453	301.443	301.433	301.424	301.419	301.415	301.415	301.415	301.41	301.398	301.395	301.384	301.38	301.381	301.371	301.372	301.365	301.358	301.35	301.342	301.338	301.33	301.324	301.32	301.319	301.311	301.306	301.296	301.285	301.276	301.271	301.263	301.253	301.246	301.242
301.862	301.864	301.863	301.861	301.864	301.862	301.862	301.863	301.863	301.863	301.866	301.863	301.868	301.866	301.862	301.858	301.853	301.848	301.85	301.845	301.838	301.829	301.821	301.816	301.811	301.809	301.808	301.808	301.806	301.803	301.803	301.801	301.79	301.786	301.792	301.786	301.781	301.766	301.758	301.744	301.746	301.742	301.734	301.734	301.732	301.732	301.739	301.735	301.739	301.734	301.726	301.718	301.712	301.711	301.707	301.707	301.701	301.695	301.684	301.677	301.67	301.662	301.659	301.655	301.649	301.642	301.634	301.628	301.622	301.614	301.612	301.606	301.597	301.605	301.591	301.589	301.58	301.577	301.576	301.573	301.57	301.571	301.575	301.562	301.556	301.552	301.553	301.55	301.546	301.544	301.532	301.536	301.52	301.51	301.5	301.492	301.488	301.487	301.48	301.484	301.482	301.469	301.462	301.452	301.443	301.436	301.43	301.422	301.421	301.421	301.417	301.409	301.402	301.393	301.386	301.382	301.376	301.373	301.374	301.368	301.358	301.349	301.338	301.332	301.33	301.323	301.321	301.314	301.309	301.302	301.294	301.286	301.275	301.262	301.256	301.244	301.241
301.859	301.862	301.864	301.862	301.858	301.863	301.864	301.864	301.868	301.868	301.872	301.872	301.869	301.868	301.861	301.857	301.855	301.846	301.848	301.843	301.837	301.831	301.824	301.821	301.817	301.813	301.812	301.809	301.81	301.808	301.806	301.802	301.803	301.798	301.792	301.785	301.786	301.774	301.772	301.752	301.747	301.74	301.735	301.735	301.73	301.733	301.737	301.738	301.735	301.724	301.72	301.718	301.712	301.703	301.703	301.703	301.695	301.686	301.686	301.678	301.669	301.661	301.659	301.646	301.647	301.636	301.626	301.617	301.615	301.61	301.604	301.601	301.595	301.592	301.581	301.579	301.58	301.578	301.577	301.573	301.572	301.568	301.564	301.556	301.556	301.547	301.544	301.541	301.538	301.537	301.535	301.527	301.515	301.505	301.496	301.489	301.486	301.482	301.481	301.476	301.474	301.466	301.457	301.446	301.438	301.431	301.426	301.42	301.42	301.414	301.412	301.402	301.389	301.385	301.377	301.371	301.37	301.37	301.358	301.361	301.348	301.347	301.338	301.328	301.322	301.311	301.312	301.309	301.302	301.295	301.286	301.28	301.275	301.266	301.257	301.253	301.242
301.864	301.865	301.862	301.867	301.864	301.866	301.869	301.87	301.876	301.867	301.872	301.873	301.866	301.865	301.862	301.856	301.851	301.849	301.847	301.843	301.836	301.828	301.823	301.819	301.817	301.815	301.81	301.811	301.812	301.806	301.809	301.806	301.802	301.797	301.794	301.796	301.788	301.776	301.767	301.761	301.747	301.74	301.737	301.731	301.729	301.729	301.728	301.731	301.722	301.718	301.712	301.709	301.704	301.7	301.699	301.693	301.686	301.688	301.683	301.679	301.671	301.665	301.654	301.645	301.649	301.628	301.623	301.611	301.609	301.607	301.599	301.599	301.589	301.587	301.583	301.576	301.578	301.579	301.578	301.577	301.577	301.567	301.569	301.56	301.551	301.544	301.539	301.538	301.532	301.53	301.528	301.522	301.517	301.508	301.497	301.492	301.485	301.48	301.479	301.475	301.472	301.464	301.455	301.446	301.437	301.43	301.425	301.422	301.418	301.413	301.406	301.399	301.385	301.378	301.372	301.369	301.367	301.365	301.355	301.352	301.338	301.333	301.325	301.318	301.313	301.306	301.305	301.299	301.296	301.288	301.283	301.273	301.266	301.259	301.252	301.246	301.239
301.86	301.867	301.865	301.871	301.875	301.876	301.877	301.88	301.881	301.878	301.881	301.872	301.868	301.86	301.859	301.855	301.852	301.848	301.846	301.847	301.838	301.83	301.828	301.823	301.82	301.818	301.814	301.816	301.818	301.816	301.812	301.811	301.808	301.804	301.804	301.788	301.784	301.789	301.768	301.761	301.755	301.744	301.739	301.734	301.734	301.736	301.728	301.73	301.719	301.722	301.714	301.709	301.709	301.703	301.701	301.692	301.686	301.683	301.681	301.674	301.668	301.662	301.654	301.65	301.645	301.632	301.627	301.618	301.615	301.609	301.605	301.599	301.593	301.593	301.584	301.581	301.581	301.584	301.58	301.579	301.574	301.569	301.564	301.557	301.548	301.545	301.536	301.531	301.53	301.531	301.531	301.527	301.516	301.509	301.504	301.497	301.491	301.487	301.479	301.475	301.474	301.462	301.454	301.448	301.438	301.431	301.426	301.419	301.414	301.414	301.404	301.395	301.392	301.384	301.381	301.379	301.368	301.365	301.355	301.348	301.337	301.329	301.319	301.313	301.306	301.298	301.298	301.29	301.295	301.282	301.281	301.274	301.264	301.259	301.248	301.244	301.237
301.868	301.871	301.87	301.871	301.876	301.883	301.885	301.885	301.882	301.882	301.882	301.872	301.869	301.86	301.856	301.853	301.85	301.845	301.846	301.848	301.842	301.834	301.832	301.828	301.825	301.821	301.816	301.818	301.817	301.82	301.814	301.812	301.809	301.806	301.801	301.788	301.784	301.782	301.767	301.758	301.748	301.751	301.745	301.737	301.735	301.736	301.732	301.729	301.718	301.718	301.711	301.707	301.707	301.702	301.703	301.697	301.69	301.682	301.675	301.673	301.667	301.661	301.661	301.649	301.644	301.638	301.627	301.621	301.617	301.616	301.607	301.603	301.598	301.6	301.587	301.588	301.588	301.585	301.582	301.578	301.573	301.57	301.563	301.558	301.549	301.543	301.541	301.535	301.53	301.532	301.527	301.529	301.515	301.512	301.507	301.499	301.49	301.487	301.477	301.471	301.469	301.459	301.454	301.446	301.441	301.432	301.428	301.423	301.419	301.418	301.413	301.403	301.397	301.388	301.39	301.381	301.37	301.363	301.351	301.344	301.333	301.324	301.318	301.312	301.304	301.297	301.294	301.286	301.287	301.279	301.274	301.263	301.257	301.252	301.242	301.237	301.228
301.873	301.873	301.876	301.877	301.882	301.888	301.887	301.886	301.884	301.881	301.882	301.873	301.868	301.861	301.856	301.851	301.848	301.849	301.848	301.85	301.842	301.839	301.837	301.833	301.829	301.826	301.821	301.822	301.82	301.821	301.816	301.813	301.81	301.804	301.797	301.792	301.79	301.778	301.777	301.766	301.761	301.76	301.753	301.745	301.742	301.738	301.74	301.729	301.717	301.713	301.71	301.706	301.701	301.701	301.705	301.699	301.689	301.683	301.676	301.671	301.672	301.666	301.662	301.654	301.649	301.643	301.632	301.631	301.627	301.626	301.617	301.611	301.603	301.605	301.595	301.597	301.593	301.59	301.587	301.581	301.577	301.573	301.569	301.561	301.553	301.547	301.544	301.54	301.535	301.535	301.53	301.53	301.521	301.516	301.508	301.499	301.491	301.487	301.48	301.472	301.465	301.46	301.456	301.447	301.443	301.439	301.432	301.429	301.426	301.421	301.419	301.411	301.404	301.402	301.39	301.383	301.373	301.363	301.354	301.351	301.338	301.331	301.321	301.315	301.307	301.3	301.295	301.286	301.278	301.271	301.266	301.258	301.254	301.245	301.24	301.235	301.227
301.875	301.877	301.883	301.882	301.886	301.891	301.891	301.89	301.891	301.888	301.889	301.881	301.871	301.866	301.861	301.854	301.853	301.856	301.853	301.855	301.848	301.844	301.843	301.84	301.836	301.835	301.829	301.829	301.831	301.825	301.821	301.819	301.81	301.806	301.803	301.796	301.799	301.793	301.792	301.776	301.771	301.765	301.757	301.754	301.752	301.753	301.748	301.734	301.73	301.723	301.718	301.712	301.71	301.714	301.711	301.707	301.701	301.688	301.682	301.679	301.677	301.677	301.67	301.67	301.66	301.647	301.645	301.64	301.638	301.634	301.631	301.621	301.618	301.616	301.609	301.601	301.602	301.597	301.595	301.593	301.584	301.579	301.583	301.568	301.563	301.557	301.55	301.546	301.541	301.542	301.539	301.535	301.53	301.522	301.512	301.505	301.499	301.493	301.485	301.478	301.471	301.465	301.458	301.452	301.444	301.437	301.436	301.434	301.438	301.431	301.43	301.419	301.411	301.401	301.393	301.379	301.37	301.367	301.364	301.36	301.345	301.341	301.327	301.317	301.316	301.307	301.297	301.289	301.276	301.267	301.26	301.256	301.251	301.248	301.242	301.239	301.229
301.879	301.887	301.885	301.882	301.885	301.894	301.899	301.896	301.897	301.894	301.89	301.885	301.88	301.874	301.869	301.865	301.865	301.864	301.858	301.859	301.851	301.848	301.843	301.841	301.839	301.837	301.835	301.828	301.831	301.827	301.826	301.819	301.808	301.804	301.801	301.799	301.804	301.8	301.797	301.787	301.779	301.769	301.766	301.764	301.764	301.762	301.76	301.744	301.735	301.724	301.722	301.722	301.718	301.722	301.717	301.719	301.706	301.694	301.691	301.687	301.685	301.682	301.676	301.677	301.67	301.659	301.653	301.645	301.646	301.645	301.637	301.631	301.633	301.624	301.617	301.613	301.607	301.602	301.598	301.594	301.596	301.586	301.594	301.577	301.579	301.568	301.557	301.551	301.546	301.543	301.538	301.538	301.528	301.524	301.515	301.506	301.499	301.493	301.491	301.481	301.479	301.473	301.464	301.458	301.449	301.444	301.443	301.443	301.443	301.441	301.435	301.427	301.419	301.408	301.398	301.383	301.371	301.369	301.365	301.363	301.355	301.343	301.332	301.323	301.314	301.307	301.295	301.286	301.272	301.262	301.256	301.25	301.246	301.242	301.239	301.232	301.227
301.88	301.892	301.893	301.899	301.895	301.893	301.896	301.9	301.901	301.904	301.899	301.892	301.887	301.887	301.882	301.878	301.874	301.868	301.876	301.868	301.863	301.856	301.854	301.853	301.849	301.842	301.842	301.837	301.833	301.828	301.822	301.823	301.817	301.81	301.806	301.807	301.811	301.805	301.81	301.801	301.786	301.778	301.775	301.777	301.774	301.778	301.771	301.754	301.747	301.738	301.734	301.727	301.73	301.737	301.734	301.732	301.719	301.708	301.701	301.696	301.69	301.689	301.688	301.68	301.676	301.668	301.656	301.655	301.652	301.645	301.643	301.64	301.636	301.628	301.623	301.615	301.609	301.61	301.607	301.601	301.594	301.588	301.591	301.581	301.577	301.569	301.563	301.558	301.548	301.54	301.535	301.54	301.525	301.521	301.513	301.506	301.499	301.494	301.487	301.483	301.48	301.475	301.466	301.462	301.453	301.45	301.448	301.445	301.445	301.441	301.436	301.427	301.418	301.407	301.398	301.387	301.371	301.372	301.37	301.367	301.356	301.34	301.333	301.327	301.317	301.309	301.3	301.285	301.275	301.266	301.26	301.255	301.252	301.246	301.242	301.236	301.228
301.899	301.916	301.904	301.901	301.903	301.906	301.909	301.909	301.91	301.906	301.91	301.909	301.902	301.898	301.893	301.89	301.889	301.887	301.887	301.886	301.879	301.874	301.868	301.866	301.864	301.857	301.85	301.844	301.838	301.837	301.828	301.82	301.815	301.813	301.81	301.81	301.811	301.819	301.809	301.8	301.791	301.789	301.785	301.778	301.779	301.778	301.775	301.772	301.752	301.743	301.737	301.737	301.739	301.738	301.742	301.743	301.734	301.726	301.71	301.707	301.701	301.69	301.691	301.69	301.685	301.68	301.67	301.668	301.662	301.656	301.655	301.648	301.64	301.645	301.63	301.625	301.615	301.61	301.607	301.603	301.602	301.603	301.594	301.588	301.581	301.574	301.569	301.558	301.55	301.552	301.537	301.538	301.53	301.519	301.514	301.508	301.504	301.498	301.494	301.492	301.483	301.481	301.476	301.467	301.46	301.457	301.454	301.452	301.449	301.438	301.439	301.426	301.421	301.415	301.404	301.396	301.387	301.38	301.38	301.369	301.357	301.345	301.335	301.329	301.321	301.312	301.304	301.297	301.286	301.276	301.268	301.26	301.253	301.246	301.24	301.232	301.224
301.877	301.91	301.911	301.91	301.907	301.905	301.904	301.907	301.915	301.918	301.918	301.913	301.908	301.907	301.901	301.895	301.893	301.89	301.889	301.896	301.888	301.882	301.882	301.873	301.867	301.863	301.852	301.847	301.838	301.827	301.828	301.823	301.817	301.814	301.811	301.814	301.811	301.812	301.803	301.8	301.786	301.778	301.778	301.775	301.772	301.769	301.76	301.758	301.743	301.738	301.735	301.732	301.732	301.728	301.736	301.73	301.721	301.711	301.705	301.7	301.696	301.693	301.69	301.685	301.677	301.667	301.664	301.657	301.653	301.648	301.639	301.636	301.635	301.632	301.618	301.613	301.605	301.599	301.596	301.595	301.586	301.582	301.58	301.573	301.566	301.559	301.554	301.551	301.543	301.532	301.527	301.528	301.519	301.511	301.503	301.495	301.491	301.488	301.483	301.478	301.477	301.471	301.466	301.465	301.458	301.452	301.446	301.438	301.431	301.425	301.42	301.414	301.41	301.404	301.396	301.385	301.376	301.372	301.368	301.361	301.348	301.34	301.325	301.314	301.313	301.304	301.293	301.283	301.272	301.265	301.262	301.255	301.249	301.241	301.233	301.223	301.213
301.899	301.929	301.922	301.922	301.917	301.914	301.914	301.917	301.917	301.923	301.926	301.924	301.919	301.91	301.908	301.903	301.898	301.899	301.9	301.899	301.892	301.887	301.887	301.882	301.876	301.87	301.86	301.852	301.848	301.836	301.825	301.822	301.822	301.817	301.811	301.812	301.809	301.809	301.802	301.796	301.782	301.777	301.776	301.764	301.758	301.762	301.751	301.746	301.741	301.737	301.728	301.724	301.727	301.724	301.722	301.716	301.715	301.701	301.697	301.689	301.684	301.687	301.684	301.675	301.68	301.665	301.669	301.659	301.656	301.649	301.639	301.641	301.633	301.63	301.627	301.615	301.61	301.603	301.598	301.591	301.587	301.581	301.579	301.565	301.558	301.55	301.541	301.536	301.534	301.525	301.526	301.521	301.513	301.505	301.497	301.494	301.488	301.481	301.479	301.471	301.471	301.463	301.461	301.46	301.449	301.442	301.438	301.431	301.427	301.423	301.413	301.411	301.403	301.396	301.387	301.38	301.37	301.364	301.355	301.352	301.34	301.332	301.326	301.314	301.303	301.29	301.287	301.278	301.272	301.268	301.259	301.251	301.242	301.234	301.224	301.212	301.204
301.917	301.936	301.935	301.933	301.933	301.927	301.921	301.921	301.93	301.932	301.932	301.933	301.928	301.921	301.914	301.91	301.907	301.904	301.906	301.898	301.9	301.892	301.888	301.883	301.88	301.874	301.868	301.859	301.853	301.845	301.836	301.829	301.827	301.826	301.822	301.818	301.817	301.813	301.805	301.795	301.797	301.786	301.775	301.763	301.758	301.754	301.749	301.745	301.738	301.73	301.727	301.722	301.719	301.713	301.71	301.704	301.704	301.695	301.692	301.683	301.679	301.677	301.673	301.669	301.672	301.662	301.664	301.662	301.655	301.648	301.643	301.64	301.634	301.632	301.628	301.621	301.613	301.605	301.597	301.592	301.586	301.576	301.569	301.555	301.545	301.54	301.53	301.526	301.523	301.519	301.517	301.511	301.514	301.504	301.495	301.49	301.481	301.474	301.472	301.468	301.463	301.458	301.453	301.447	301.44	301.435	301.432	301.425	301.422	301.416	301.409	301.405	301.393	301.383	301.376	301.369	301.36	301.357	301.346	301.337	301.33	301.319	301.309	301.301	301.287	301.276	301.274	301.266	301.261	301.256	301.253	301.245	301.24	301.225	301.215	301.203	301.194
301.933	301.939	301.943	301.944	301.941	301.941	301.934	301.933	301.94	301.942	301.942	301.938	301.933	301.925	301.917	301.911	301.912	301.908	301.906	301.903	301.899	301.899	301.893	301.888	301.885	301.878	301.872	301.865	301.859	301.848	301.841	301.833	301.833	301.829	301.825	301.82	301.819	301.816	301.813	301.806	301.803	301.791	301.778	301.769	301.763	301.757	301.757	301.745	301.736	301.727	301.719	301.715	301.711	301.706	301.706	301.701	301.699	301.696	301.689	301.685	301.675	301.675	301.672	301.667	301.667	301.664	301.66	301.655	301.656	301.649	301.644	301.64	301.638	301.639	301.621	301.621	301.611	301.604	301.595	301.589	301.581	301.576	301.564	301.554	301.54	301.531	301.528	301.522	301.519	301.515	301.514	301.51	301.505	301.496	301.49	301.483	301.475	301.47	301.464	301.46	301.455	301.448	301.442	301.436	301.437	301.433	301.426	301.422	301.416	301.412	301.407	301.395	301.385	301.38	301.372	301.364	301.354	301.344	301.333	301.325	301.318	301.312	301.303	301.294	301.283	301.273	301.266	301.261	301.255	301.246	301.24	301.233	301.222	301.214	301.202	301.188	301.18
301.949	301.952	301.955	301.957	301.956	301.953	301.953	301.949	301.953	301.95	301.952	301.945	301.939	301.935	301.925	301.917	301.916	301.911	301.909	301.912	301.901	301.906	301.901	301.897	301.896	301.887	301.877	301.87	301.87	301.858	301.85	301.847	301.842	301.841	301.833	301.83	301.831	301.824	301.823	301.817	301.812	301.801	301.796	301.786	301.777	301.772	301.766	301.753	301.746	301.737	301.726	301.721	301.716	301.708	301.707	301.71	301.702	301.699	301.69	301.683	301.678	301.673	301.674	301.676	301.672	301.673	301.663	301.663	301.657	301.653	301.646	301.639	301.634	301.633	301.619	301.618	301.608	301.599	301.595	301.587	301.583	301.583	301.567	301.555	301.542	301.536	301.53	301.526	301.521	301.518	301.514	301.512	301.503	301.496	301.491	301.485	301.477	301.471	301.462	301.458	301.452	301.445	301.44	301.435	301.433	301.431	301.424	301.421	301.413	301.41	301.401	301.386	301.384	301.375	301.371	301.356	301.35	301.331	301.327	301.319	301.31	301.304	301.293	301.29	301.278	301.27	301.264	301.26	301.249	301.243	301.234	301.225	301.217	301.204	301.196	301.184	301.176
301.959	301.974	301.968	301.972	301.97	301.968	301.966	301.967	301.962	301.961	301.96	301.954	301.95	301.945	301.939	301.931	301.926	301.922	301.914	301.917	301.91	301.91	301.904	301.902	301.899	301.895	301.884	301.878	301.877	301.87	301.865	301.856	301.852	301.854	301.851	301.842	301.843	301.836	301.831	301.823	301.818	301.811	301.807	301.806	301.799	301.794	301.781	301.767	301.75	301.745	301.734	301.729	301.731	301.722	301.713	301.72	301.706	301.705	301.695	301.688	301.683	301.682	301.68	301.683	301.676	301.673	301.668	301.666	301.658	301.649	301.643	301.635	301.627	301.625	301.618	301.609	301.603	301.603	301.595	301.593	301.586	301.582	301.572	301.557	301.547	301.541	301.533	301.526	301.527	301.521	301.518	301.512	301.507	301.497	301.49	301.487	301.479	301.472	301.462	301.458	301.451	301.444	301.439	301.436	301.432	301.426	301.424	301.418	301.414	301.409	301.401	301.392	301.385	301.374	301.362	301.349	301.337	301.328	301.321	301.312	301.306	301.299	301.293	301.288	301.282	301.273	301.264	301.256	301.247	301.238	301.227	301.217	301.207	301.198	301.186	301.18	301.17
301.961	301.99	301.979	301.984	301.99	301.983	301.984	301.981	301.976	301.976	301.971	301.963	301.958	301.948	301.945	301.941	301.93	301.936	301.928	301.925	301.919	301.916	301.911	301.906	301.901	301.891	301.89	301.891	301.88	301.877	301.873	301.866	301.862	301.858	301.853	301.851	301.846	301.845	301.84	301.833	301.826	301.816	301.814	301.815	301.813	301.807	301.791	301.778	301.759	301.752	301.743	301.735	301.731	301.736	301.724	301.722	301.705	301.703	301.695	301.69	301.684	301.683	301.683	301.682	301.681	301.672	301.669	301.662	301.654	301.652	301.642	301.635	301.63	301.621	301.62	301.606	301.603	301.6	301.595	301.592	301.59	301.576	301.578	301.564	301.55	301.54	301.535	301.528	301.526	301.523	301.52	301.512	301.507	301.492	301.484	301.484	301.476	301.465	301.464	301.456	301.451	301.447	301.438	301.436	301.432	301.426	301.421	301.418	301.415	301.41	301.402	301.394	301.38	301.372	301.361	301.347	301.335	301.326	301.318	301.306	301.307	301.296	301.289	301.287	301.276	301.274	301.262	301.254	301.246	301.231	301.217	301.205	301.195	301.182	301.175	301.17	301.153
301.986	301.996	301.99	301.996	301.997	301.999	302.002	301.998	301.986	301.981	301.987	301.974	301.973	301.963	301.959	301.955	301.951	301.949	301.944	301.944	301.934	301.927	301.922	301.913	301.91	301.909	301.899	301.899	301.897	301.894	301.884	301.879	301.876	301.868	301.864	301.861	301.861	301.857	301.849	301.84	301.836	301.831	301.831	301.831	301.821	301.822	301.812	301.795	301.78	301.769	301.759	301.753	301.747	301.743	301.734	301.726	301.716	301.708	301.7	301.697	301.693	301.692	301.692	301.687	301.687	301.668	301.666	301.658	301.656	301.652	301.645	301.635	301.636	301.622	301.624	301.613	301.605	301.599	301.593	301.592	301.587	301.584	301.575	301.559	301.556	301.549	301.539	301.532	301.528	301.523	301.527	301.519	301.509	301.503	301.491	301.482	301.472	301.468	301.465	301.46	301.458	301.453	301.442	301.439	301.435	301.429	301.426	301.42	301.414	301.408	301.4	301.393	301.379	301.366	301.347	301.338	301.333	301.323	301.325	301.309	301.297	301.289	301.283	301.282	301.275	301.268	301.26	301.254	301.237	301.22	301.213	301.197	301.188	301.181	301.169	301.169	301.153
302.015	301.999	302.007	302.005	302.003	302.007	302	301.999	302.008	301.999	302.003	301.986	301.981	301.974	301.968	301.965	301.961	301.958	301.952	301.954	301.937	301.932	301.929	301.923	301.917	301.916	301.913	301.911	301.907	301.904	301.894	301.886	301.877	301.871	301.867	301.862	301.862	301.858	301.858	301.85	301.843	301.835	301.828	301.829	301.832	301.823	301.817	301.803	301.794	301.777	301.766	301.761	301.756	301.749	301.746	301.737	301.723	301.713	301.706	301.705	301.699	301.694	301.697	301.69	301.692	301.68	301.673	301.668	301.657	301.648	301.643	301.639	301.634	301.63	301.625	301.614	301.608	301.599	301.595	301.588	301.582	301.586	301.576	301.57	301.56	301.547	301.542	301.532	301.528	301.529	301.52	301.524	301.513	301.504	301.494	301.485	301.48	301.474	301.464	301.463	301.462	301.455	301.451	301.443	301.435	301.43	301.427	301.422	301.42	301.414	301.405	301.387	301.373	301.36	301.342	301.331	301.326	301.319	301.317	301.301	301.293	301.286	301.275	301.272	301.267	301.258	301.248	301.236	301.226	301.207	301.196	301.183	301.172	301.166	301.158	301.153	301.151
301.997	302.002	302.006	301.996	301.991	301.999	302.003	302.004	302.004	301.992	302.001	301.995	301.988	301.978	301.972	301.967	301.961	301.956	301.952	301.948	301.941	301.931	301.926	301.926	301.921	301.912	301.91	301.911	301.907	301.9	301.89	301.886	301.88	301.876	301.872	301.867	301.869	301.857	301.849	301.84	301.836	301.833	301.831	301.828	301.827	301.821	301.82	301.812	301.795	301.79	301.778	301.769	301.759	301.753	301.742	301.73	301.723	301.719	301.708	301.703	301.696	301.692	301.691	301.688	301.685	301.677	301.663	301.655	301.645	301.639	301.633	301.629	301.622	301.625	301.612	301.605	301.6	301.586	301.579	301.575	301.567	301.567	301.555	301.557	301.54	301.537	301.533	301.521	301.513	301.515	301.511	301.516	301.511	301.5	301.494	301.483	301.473	301.464	301.459	301.46	301.456	301.447	301.443	301.433	301.427	301.422	301.414	301.412	301.408	301.402	301.392	301.373	301.356	301.338	301.325	301.312	301.304	301.306	301.297	301.284	301.274	301.266	301.258	301.254	301.244	301.232	301.228	301.214	301.209	301.19	301.18	301.173	301.162	301.152	301.152	301.142	301.135
302.006	302.014	302	302.009	301.997	301.991	301.993	301.998	301.996	302.003	302.003	301.993	301.991	301.978	301.974	301.968	301.962	301.955	301.95	301.945	301.939	301.934	301.923	301.919	301.917	301.919	301.916	301.91	301.909	301.904	301.89	301.882	301.874	301.869	301.867	301.863	301.861	301.857	301.851	301.844	301.837	301.833	301.828	301.825	301.823	301.825	301.823	301.815	301.805	301.792	301.78	301.77	301.767	301.76	301.746	301.742	301.728	301.716	301.706	301.7	301.693	301.689	301.683	301.684	301.679	301.667	301.662	301.652	301.647	301.64	301.63	301.628	301.622	301.619	301.613	301.603	301.592	301.584	301.574	301.566	301.555	301.56	301.555	301.549	301.545	301.536	301.526	301.514	301.511	301.507	301.507	301.505	301.503	301.5	301.49	301.482	301.472	301.466	301.463	301.453	301.451	301.444	301.436	301.429	301.423	301.415	301.41	301.413	301.403	301.397	301.377	301.366	301.346	301.325	301.311	301.3	301.29	301.287	301.275	301.271	301.253	301.247	301.238	301.231	301.225	301.213	301.211	301.201	301.195	301.186	301.168	301.16	301.147	301.139	301.135	301.127	301.124
302	302.014	302	302.002	302.002	301.993	301.997	301.997	301.996	302	301.995	301.994	301.987	301.979	301.966	301.966	301.96	301.958	301.95	301.951	301.935	301.93	301.933	301.922	301.917	301.916	301.915	301.913	301.908	301.903	301.893	301.887	301.876	301.873	301.866	301.866	301.861	301.859	301.846	301.842	301.841	301.833	301.832	301.832	301.826	301.827	301.821	301.815	301.809	301.798	301.789	301.783	301.773	301.766	301.752	301.745	301.73	301.717	301.714	301.702	301.69	301.688	301.677	301.675	301.677	301.662	301.655	301.65	301.64	301.634	301.629	301.622	301.621	301.616	301.608	301.596	301.584	301.572	301.563	301.552	301.551	301.548	301.549	301.539	301.531	301.529	301.515	301.515	301.509	301.498	301.503	301.496	301.495	301.49	301.487	301.477	301.466	301.459	301.451	301.441	301.442	301.43	301.425	301.417	301.408	301.404	301.398	301.391	301.376	301.376	301.352	301.339	301.328	301.307	301.297	301.283	301.275	301.274	301.262	301.256	301.238	301.238	301.225	301.217	301.208	301.2	301.19	301.19	301.181	301.176	301.165	301.149	301.141	301.13	301.121	301.114	301.113
302.002	302.021	302.014	302.01	302.005	302.004	302.003	302.005	302.004	302.004	301.998	301.995	301.977	301.969	301.971	301.962	301.965	301.961	301.955	301.954	301.939	301.932	301.929	301.927	301.917	301.919	301.915	301.918	301.91	301.903	301.897	301.887	301.884	301.876	301.868	301.863	301.864	301.865	301.857	301.848	301.842	301.835	301.828	301.831	301.826	301.826	301.824	301.819	301.808	301.798	301.799	301.788	301.78	301.768	301.761	301.754	301.741	301.729	301.72	301.709	301.696	301.688	301.683	301.672	301.673	301.661	301.653	301.646	301.636	301.631	301.628	301.622	301.618	301.617	301.603	301.594	301.581	301.569	301.559	301.552	301.546	301.538	301.537	301.529	301.517	301.513	301.51	301.506	301.503	301.496	301.495	301.487	301.487	301.482	301.475	301.468	301.456	301.449	301.44	301.431	301.429	301.415	301.414	301.405	301.401	301.393	301.378	301.368	301.361	301.354	301.336	301.323	301.309	301.296	301.281	301.274	301.269	301.269	301.253	301.248	301.234	301.224	301.214	301.201	301.199	301.193	301.189	301.19	301.178	301.174	301.159	301.148	301.134	301.121	301.111	301.104	301.098
302.019	302.037	302.021	302.017	302.014	302.014	302.017	302.013	302.015	302.011	302.006	301.994	301.977	301.972	301.967	301.969	301.967	301.969	301.96	301.956	301.949	301.938	301.933	301.928	301.922	301.917	301.916	301.915	301.915	301.908	301.901	301.89	301.881	301.876	301.866	301.867	301.868	301.868	301.865	301.853	301.845	301.834	301.827	301.824	301.823	301.823	301.821	301.817	301.808	301.802	301.796	301.796	301.782	301.774	301.767	301.76	301.751	301.736	301.723	301.712	301.7	301.688	301.682	301.674	301.667	301.656	301.646	301.639	301.633	301.627	301.623	301.619	301.613	301.609	301.594	301.585	301.575	301.566	301.559	301.549	301.542	301.535	301.527	301.521	301.508	301.503	301.497	301.497	301.491	301.489	301.484	301.48	301.479	301.472	301.468	301.456	301.45	301.445	301.433	301.422	301.418	301.408	301.404	301.391	301.385	301.38	301.363	301.353	301.346	301.331	301.318	301.302	301.294	301.278	301.273	301.264	301.257	301.254	301.246	301.238	301.224	301.211	301.201	301.193	301.186	301.184	301.184	301.179	301.178	301.171	301.158	301.142	301.128	301.113	301.102	301.093	301.087
302.024	302.053	302.023	302.029	302.026	302.026	302.023	302.025	302.019	302.016	302.014	301.997	301.988	301.976	301.971	301.967	301.972	301.967	301.97	301.958	301.953	301.943	301.937	301.932	301.921	301.922	301.919	301.915	301.919	301.91	301.903	301.894	301.884	301.874	301.872	301.872	301.877	301.872	301.868	301.856	301.846	301.839	301.826	301.822	301.819	301.82	301.817	301.814	301.808	301.8	301.792	301.785	301.791	301.777	301.772	301.764	301.746	301.74	301.723	301.709	301.697	301.687	301.681	301.674	301.662	301.652	301.638	301.632	301.627	301.621	301.615	301.608	301.601	301.596	301.585	301.579	301.568	301.559	301.55	301.544	301.532	301.533	301.52	301.511	301.502	301.495	301.49	301.486	301.484	301.477	301.472	301.473	301.463	301.459	301.455	301.446	301.439	301.439	301.423	301.415	301.41	301.396	301.384	301.369	301.364	301.356	301.345	301.334	301.323	301.314	301.303	301.283	301.277	301.269	301.259	301.256	301.247	301.242	301.234	301.225	301.219	301.202	301.194	301.184	301.176	301.171	301.175	301.167	301.173	301.161	301.147	301.132	301.114	301.1	301.087	301.078	301.073
302.005	302.057	302.034	302.036	302.032	302.028	302.028	302.025	302.027	302.024	302.025	302.006	301.995	301.985	301.976	301.976	301.975	301.972	301.972	301.964	301.96	301.942	301.934	301.928	301.925	301.922	301.927	301.918	301.92	301.907	301.904	301.898	301.885	301.881	301.876	301.872	301.876	301.877	301.863	301.856	301.846	301.836	301.832	301.825	301.823	301.819	301.818	301.816	301.807	301.804	301.793	301.787	301.782	301.775	301.767	301.762	301.746	301.739	301.725	301.712	301.702	301.694	301.687	301.676	301.668	301.653	301.644	301.633	301.626	301.62	301.611	301.607	301.596	301.592	301.585	301.575	301.569	301.557	301.548	301.542	301.532	301.527	301.517	301.507	301.502	301.493	301.485	301.481	301.477	301.47	301.467	301.465	301.455	301.45	301.438	301.431	301.427	301.422	301.418	301.413	301.398	301.384	301.37	301.365	301.355	301.346	301.341	301.331	301.316	301.307	301.293	301.275	301.267	301.258	301.25	301.243	301.241	301.228	301.23	301.213	301.208	301.198	301.187	301.178	301.172	301.165	301.164	301.159	301.156	301.144	301.136	301.118	301.103	301.087	301.071	301.064	301.06
302.038	302.051	302.03	302.028	302.033	302.035	302.03	302.033	302.036	302.035	302.029	302.019	302.009	302.003	301.996	301.985	301.984	301.987	301.985	301.974	301.968	301.957	301.947	301.935	301.929	301.927	301.922	301.921	301.918	301.909	301.902	301.896	301.893	301.892	301.888	301.882	301.877	301.876	301.863	301.856	301.847	301.841	301.835	301.832	301.825	301.83	301.821	301.818	301.814	301.808	301.804	301.796	301.787	301.782	301.771	301.762	301.754	301.738	301.725	301.717	301.708	301.699	301.685	301.679	301.674	301.656	301.648	301.636	301.626	301.617	301.608	301.6	301.595	301.589	301.582	301.569	301.565	301.554	301.541	301.534	301.525	301.515	301.512	301.5	301.491	301.485	301.479	301.472	301.467	301.464	301.46	301.455	301.448	301.44	301.429	301.423	301.418	301.41	301.405	301.399	301.384	301.383	301.363	301.357	301.347	301.338	301.331	301.319	301.314	301.3	301.282	301.273	301.256	301.248	301.245	301.235	301.229	301.216	301.213	301.205	301.198	301.189	301.178	301.169	301.162	301.154	301.147	301.146	301.139	301.13	301.119	301.104	301.089	301.078	301.062	301.055	301.047
302.059	302.043	302.033	302.03	302.029	302.03	302.033	302.035	302.036	302.038	302.038	302.031	302.014	302.006	302.001	301.996	301.992	301.988	301.979	301.988	301.962	301.956	301.95	301.94	301.938	301.933	301.924	301.926	301.913	301.909	301.897	301.891	301.888	301.881	301.877	301.882	301.875	301.87	301.861	301.849	301.842	301.838	301.832	301.829	301.825	301.826	301.82	301.813	301.812	301.804	301.797	301.794	301.783	301.775	301.766	301.759	301.753	301.733	301.722	301.711	301.702	301.691	301.688	301.678	301.674	301.659	301.649	301.637	301.629	301.62	301.61	301.603	301.595	301.581	301.583	301.569	301.559	301.549	301.538	301.527	301.52	301.512	301.505	301.496	301.488	301.481	301.474	301.465	301.457	301.452	301.444	301.447	301.436	301.431	301.423	301.414	301.405	301.398	301.394	301.391	301.378	301.363	301.348	301.345	301.337	301.33	301.324	301.307	301.301	301.288	301.276	301.268	301.25	301.243	301.235	301.222	301.219	301.208	301.198	301.189	301.178	301.171	301.165	301.158	301.151	301.145	301.136	301.126	301.114	301.102	301.091	301.082	301.072	301.06	301.049	301.042	301.026
302.045	302.036	302.033	302.03	302.033	302.035	302.039	302.039	302.034	302.039	302.029	302.022	302.016	302.013	302.004	302.001	301.995	301.985	301.973	301.978	301.967	301.962	301.957	301.95	301.948	301.94	301.931	301.926	301.912	301.908	301.896	301.892	301.89	301.888	301.882	301.874	301.868	301.864	301.855	301.844	301.839	301.833	301.829	301.828	301.824	301.816	301.82	301.812	301.804	301.799	301.795	301.788	301.775	301.763	301.759	301.754	301.736	301.727	301.714	301.705	301.693	301.684	301.674	301.666	301.661	301.656	301.643	301.632	301.62	301.612	301.601	301.59	301.588	301.58	301.566	301.559	301.546	301.535	301.526	301.516	301.507	301.501	301.492	301.487	301.479	301.469	301.46	301.455	301.449	301.445	301.439	301.432	301.424	301.421	301.413	301.4	301.391	301.385	301.376	301.37	301.36	301.352	301.34	301.327	301.311	301.3	301.295	301.29	301.283	301.275	301.259	301.244	301.234	301.223	301.214	301.206	301.197	301.181	301.178	301.164	301.158	301.151	301.142	301.133	301.123	301.116	301.109	301.099	301.088	301.077	301.07	301.06	301.052	301.044	301.036	301.029	301.012
302.057	302.045	302.04	302.027	302.032	302.036	302.035	302.037	302.039	302.03	302.027	302.019	302.014	302.004	302	301.991	301.984	301.979	301.978	301.967	301.963	301.958	301.954	301.95	301.945	301.942	301.938	301.927	301.918	301.903	301.893	301.885	301.876	301.869	301.869	301.859	301.863	301.856	301.846	301.844	301.835	301.83	301.827	301.824	301.82	301.814	301.816	301.806	301.8	301.786	301.782	301.774	301.77	301.756	301.745	301.742	301.729	301.719	301.705	301.696	301.685	301.673	301.664	301.662	301.652	301.645	301.636	301.628	301.618	301.608	301.602	301.593	301.578	301.572	301.557	301.549	301.535	301.526	301.516	301.508	301.502	301.49	301.485	301.477	301.472	301.461	301.455	301.446	301.436	301.43	301.423	301.416	301.412	301.401	301.391	301.384	301.379	301.369	301.357	301.356	301.343	301.33	301.314	301.303	301.298	301.291	301.277	301.271	301.263	301.253	301.238	301.226	301.216	301.199	301.188	301.18	301.167	301.159	301.158	301.141	301.139	301.129	301.122	301.112	301.104	301.096	301.086	301.079	301.064	301.052	301.046	301.036	301.027	301.024	301.015	301.002	300.993
302.044	302.035	302.039	302.026	302.035	302.035	302.036	302.036	302.033	302.021	302.027	302.012	302.004	301.997	301.992	301.992	301.986	301.976	301.97	301.972	301.97	301.96	301.957	301.948	301.942	301.935	301.932	301.917	301.914	301.904	301.89	301.888	301.874	301.872	301.869	301.857	301.858	301.847	301.842	301.835	301.829	301.824	301.823	301.818	301.817	301.813	301.813	301.805	301.793	301.78	301.768	301.763	301.753	301.747	301.733	301.729	301.717	301.705	301.699	301.687	301.68	301.667	301.658	301.655	301.639	301.64	301.623	301.62	301.606	301.597	301.587	301.582	301.569	301.56	301.546	301.533	301.523	301.511	301.502	301.492	301.484	301.472	301.473	301.463	301.458	301.448	301.438	301.433	301.427	301.418	301.414	301.402	301.391	301.379	301.378	301.369	301.356	301.349	301.341	301.335	301.324	301.313	301.3	301.286	301.281	301.268	301.254	301.247	301.235	301.223	301.213	301.199	301.19	301.177	301.17	301.159	301.146	301.141	301.135	301.127	301.12	301.111	301.101	301.095	301.084	301.078	301.068	301.057	301.048	301.034	301.028	301.02	301.012	301.007	300.991	300.979	300.966
302.044	302.034	302.036	302.031	302.033	302.039	302.036	302.037	302.03	302.022	302.019	302.005	302.003	301.992	301.985	301.982	301.99	301.981	301.976	301.975	301.964	301.964	301.954	301.949	301.935	301.935	301.928	301.92	301.912	301.903	301.892	301.884	301.876	301.87	301.868	301.857	301.855	301.844	301.84	301.831	301.823	301.821	301.816	301.814	301.813	301.809	301.809	301.797	301.794	301.772	301.766	301.749	301.741	301.734	301.726	301.722	301.705	301.696	301.686	301.676	301.665	301.659	301.649	301.649	301.632	301.627	301.614	301.605	301.601	301.585	301.578	301.569	301.562	301.549	301.537	301.53	301.514	301.505	301.49	301.485	301.477	301.465	301.463	301.451	301.448	301.438	301.43	301.42	301.413	301.403	301.405	301.391	301.381	301.37	301.36	301.35	301.335	301.331	301.32	301.311	301.309	301.295	301.285	301.273	301.266	301.251	301.239	301.226	301.216	301.204	301.192	301.185	301.172	301.163	301.152	301.142	301.132	301.126	301.116	301.111	301.099	301.09	301.087	301.076	301.071	301.065	301.057	301.047	301.038	301.028	301.02	301.011	300.996	300.978	300.965	300.952	300.939
302.045	302.039	302.033	302.033	302.032	302.034	302.038	302.032	302.026	302.019	302.01	302.007	301.999	301.993	301.979	301.981	301.981	301.981	301.976	301.977	301.963	301.962	301.952	301.942	301.943	301.936	301.93	301.925	301.912	301.903	301.891	301.882	301.873	301.867	301.859	301.855	301.85	301.844	301.836	301.828	301.825	301.818	301.812	301.809	301.809	301.804	301.805	301.788	301.781	301.764	301.753	301.744	301.726	301.724	301.715	301.709	301.697	301.682	301.676	301.66	301.655	301.647	301.637	301.633	301.622	301.61	301.6	301.591	301.583	301.579	301.568	301.56	301.55	301.544	301.529	301.521	301.507	301.495	301.487	301.472	301.469	301.456	301.454	301.442	301.433	301.427	301.416	301.411	301.402	301.395	301.391	301.381	301.371	301.353	301.339	301.323	301.314	301.307	301.3	301.288	301.283	301.271	301.264	301.253	301.244	301.235	301.221	301.205	301.196	301.189	301.17	301.163	301.151	301.139	301.135	301.123	301.116	301.108	301.099	301.09	301.076	301.074	301.067	301.059	301.051	301.044	301.036	301.032	301.021	301.017	301.005	300.993	300.978	300.957	300.942	300.93	300.917
302.047	302.04	302.034	302.04	302.037	302.04	302.04	302.036	302.03	302.018	302.003	302.003	301.993	301.985	301.984	301.981	301.978	301.98	301.975	301.976	301.965	301.957	301.948	301.944	301.942	301.939	301.927	301.927	301.914	301.906	301.893	301.883	301.874	301.869	301.86	301.857	301.849	301.846	301.838	301.826	301.823	301.812	301.811	301.808	301.803	301.797	301.798	301.781	301.775	301.751	301.739	301.727	301.714	301.708	301.702	301.692	301.683	301.666	301.662	301.651	301.642	301.632	301.623	301.618	301.604	301.596	301.591	301.576	301.57	301.562	301.558	301.548	301.538	301.533	301.521	301.511	301.496	301.485	301.476	301.463	301.457	301.45	301.442	301.433	301.422	301.413	301.407	301.403	301.396	301.389	301.38	301.367	301.359	301.341	301.329	301.316	301.304	301.291	301.286	301.272	301.262	301.254	301.242	301.232	301.219	301.209	301.198	301.187	301.179	301.169	301.153	301.149	301.135	301.127	301.12	301.111	301.103	301.092	301.08	301.069	301.057	301.052	301.042	301.033	301.031	301.023	301.02	301.014	301.004	301.003	300.982	300.966	300.951	300.937	300.924	300.912	300.901
302.055	302.046	302.046	302.043	302.05	302.054	302.048	302.039	302.029	302.023	302.01	302.006	302.002	301.991	301.984	301.976	301.974	301.982	301.97	301.967	301.956	301.949	301.944	301.944	301.94	301.936	301.927	301.919	301.912	301.904	301.892	301.882	301.868	301.859	301.851	301.851	301.847	301.844	301.837	301.821	301.815	301.813	301.81	301.806	301.798	301.786	301.769	301.768	301.755	301.744	301.73	301.72	301.705	301.69	301.689	301.681	301.672	301.66	301.657	301.645	301.63	301.619	301.612	301.6	301.591	301.582	301.577	301.567	301.57	301.556	301.546	301.536	301.53	301.523	301.513	301.503	301.492	301.48	301.472	301.461	301.456	301.448	301.436	301.424	301.414	301.407	301.402	301.402	301.395	301.376	301.366	301.355	301.344	301.33	301.323	301.303	301.289	301.277	301.267	301.267	301.251	301.25	301.232	301.217	301.207	301.196	301.185	301.178	301.16	301.155	301.146	301.136	301.124	301.119	301.109	301.099	301.09	301.077	301.064	301.054	301.045	301.034	301.023	301.021	301.016	301.011	301.006	300.994	300.984	300.971	300.957	300.946	300.929	300.916	300.904	300.892	300.882
302.061	302.056	302.055	302.057	302.061	302.062	302.049	302.043	302.026	302.014	302.018	302.001	302.002	301.992	301.988	301.986	301.978	301.974	301.973	301.966	301.958	301.949	301.946	301.942	301.94	301.936	301.925	301.917	301.905	301.895	301.885	301.883	301.869	301.859	301.851	301.843	301.848	301.841	301.829	301.825	301.815	301.808	301.803	301.795	301.8	301.781	301.77	301.763	301.751	301.739	301.726	301.71	301.695	301.685	301.678	301.674	301.671	301.657	301.644	301.633	301.622	301.612	301.607	301.596	301.584	301.575	301.568	301.563	301.557	301.546	301.539	301.53	301.52	301.51	301.502	301.489	301.48	301.468	301.461	301.457	301.449	301.444	301.429	301.419	301.406	301.397	301.39	301.391	301.388	301.377	301.365	301.352	301.335	301.317	301.309	301.285	301.278	301.259	301.25	301.246	301.244	301.232	301.22	301.209	301.197	301.185	301.171	301.166	301.156	301.143	301.129	301.119	301.112	301.105	301.097	301.088	301.077	301.069	301.056	301.046	301.038	301.024	301.014	301.007	300.999	300.989	300.982	300.966	300.968	300.947	300.93	300.923	300.91	300.901	300.888	300.877	300.868
302.086	302.079	302.075	302.071	302.073	302.077	302.062	302.051	302.029	302.014	302.013	302.013	302.012	301.997	301.99	301.984	301.977	301.972	301.974	301.96	301.954	301.949	301.944	301.941	301.947	301.934	301.925	301.92	301.912	301.898	301.884	301.869	301.856	301.849	301.844	301.839	301.835	301.833	301.82	301.813	301.806	301.802	301.802	301.786	301.785	301.767	301.759	301.744	301.732	301.73	301.716	301.703	301.691	301.679	301.678	301.673	301.66	301.653	301.638	301.625	301.615	301.607	301.599	301.594	301.58	301.564	301.559	301.555	301.547	301.55	301.533	301.521	301.507	301.497	301.491	301.48	301.472	301.464	301.458	301.451	301.445	301.436	301.425	301.412	301.397	301.388	301.384	301.386	301.38	301.371	301.353	301.337	301.32	301.303	301.294	301.274	301.257	301.244	301.237	301.232	301.226	301.22	301.213	301.197	301.184	301.176	301.169	301.155	301.143	301.129	301.12	301.112	301.103	301.092	301.089	301.078	301.063	301.053	301.048	301.037	301.031	301.014	301.001	300.986	300.976	300.966	300.958	300.947	300.936	300.925	300.911	300.902	300.888	300.884	300.867	300.86	300.847
302.081	302.075	302.078	302.084	302.073	302.077	302.056	302.042	302.027	302.021	302.012	302.006	302.002	301.998	301.989	301.981	301.977	301.977	301.967	301.961	301.953	301.951	301.946	301.943	301.938	301.927	301.921	301.909	301.895	301.885	301.88	301.868	301.858	301.844	301.834	301.834	301.827	301.83	301.819	301.808	301.8	301.792	301.785	301.774	301.765	301.757	301.748	301.743	301.727	301.717	301.702	301.694	301.679	301.668	301.664	301.659	301.649	301.639	301.624	301.612	301.602	301.597	301.591	301.566	301.565	301.547	301.535	301.534	301.529	301.53	301.509	301.5	301.488	301.476	301.469	301.462	301.456	301.448	301.44	301.434	301.429	301.418	301.408	301.394	301.378	301.368	301.36	301.363	301.359	301.353	301.337	301.317	301.296	301.279	301.264	301.254	301.234	301.222	301.213	301.204	301.2	301.196	301.178	301.171	301.163	301.151	301.142	301.132	301.121	301.108	301.097	301.088	301.078	301.076	301.064	301.055	301.046	301.038	301.03	301.023	301.014	300.999	300.976	300.962	300.948	300.94	300.928	300.925	300.919	300.909	300.896	300.882	300.873	300.864	300.845	300.841	300.827
302.081	302.08	302.081	302.084	302.076	302.068	302.055	302.034	302.022	302.009	302.009	302.009	301.998	301.995	301.986	301.977	301.97	301.963	301.954	301.954	301.944	301.936	301.937	301.933	301.93	301.92	301.905	301.899	301.889	301.877	301.87	301.849	301.846	301.831	301.824	301.824	301.813	301.817	301.803	301.795	301.781	301.771	301.763	301.756	301.739	301.725	301.714	301.703	301.694	301.686	301.68	301.675	301.658	301.649	301.64	301.629	301.627	301.608	301.599	301.585	301.575	301.565	301.566	301.546	301.535	301.526	301.516	301.514	301.509	301.507	301.495	301.48	301.468	301.455	301.45	301.444	301.437	301.434	301.425	301.42	301.412	301.401	301.389	301.37	301.36	301.348	301.339	301.337	301.33	301.319	301.303	301.283	301.261	301.253	301.239	301.225	301.213	301.197	301.191	301.18	301.171	301.164	301.151	301.143	301.131	301.121	301.114	301.11	301.101	301.086	301.082	301.071	301.06	301.057	301.043	301.034	301.021	301.012	301.004	300.999	300.986	300.971	300.959	300.937	300.925	300.915	300.902	300.891	300.888	300.884	300.867	300.86	300.847	300.834	300.824	300.809	300.799
302.083	302.079	302.074	302.069	302.068	302.062	302.045	302.037	302.021	302.01	302.003	301.997	301.999	301.984	301.979	301.966	301.961	301.958	301.955	301.948	301.937	301.938	301.933	301.926	301.919	301.907	301.893	301.885	301.876	301.86	301.863	301.849	301.837	301.827	301.821	301.814	301.806	301.808	301.796	301.78	301.762	301.749	301.747	301.737	301.721	301.712	301.699	301.691	301.681	301.667	301.658	301.644	301.641	301.629	301.623	301.61	301.601	301.591	301.575	301.568	301.557	301.547	301.542	301.528	301.516	301.502	301.496	301.49	301.488	301.485	301.474	301.464	301.448	301.441	301.432	301.424	301.419	301.409	301.406	301.397	301.395	301.383	301.369	301.353	301.339	301.333	301.323	301.313	301.309	301.29	301.281	301.256	301.243	301.226	301.22	301.205	301.19	301.181	301.167	301.161	301.149	301.139	301.13	301.114	301.108	301.098	301.095	301.083	301.077	301.068	301.06	301.055	301.044	301.035	301.023	301.009	300.999	300.982	300.975	300.966	300.957	300.936	300.922	300.911	300.897	300.889	300.879	300.87	300.864	300.853	300.847	300.835	300.821	300.811	300.796	300.783	300.769
302.074	302.08	302.068	302.059	302.055	302.048	302.039	302.026	302.014	302.001	302.003	301.99	301.989	301.979	301.964	301.96	301.95	301.947	301.947	301.937	301.94	301.932	301.927	301.921	301.908	301.899	301.885	301.877	301.864	301.853	301.851	301.836	301.827	301.814	301.807	301.799	301.798	301.795	301.776	301.769	301.749	301.737	301.73	301.719	301.707	301.69	301.679	301.666	301.658	301.648	301.638	301.626	301.615	301.606	301.592	301.593	301.575	301.568	301.56	301.547	301.545	301.534	301.522	301.507	301.494	301.488	301.478	301.472	301.467	301.462	301.456	301.443	301.435	301.423	301.414	301.407	301.402	301.395	301.381	301.379	301.367	301.364	301.346	301.337	301.322	301.312	301.304	301.289	301.283	301.265	301.247	301.235	301.216	301.208	301.2	301.185	301.176	301.159	301.15	301.141	301.134	301.125	301.108	301.102	301.088	301.077	301.069	301.061	301.057	301.046	301.034	301.026	301.019	301.01	301	300.986	300.967	300.958	300.947	300.931	300.928	300.903	300.888	300.877	300.868	300.856	300.853	300.847	300.835	300.829	300.821	300.809	300.795	300.786	300.77	300.753	300.742
302.059	302.063	302.057	302.055	302.045	302.036	302.025	302.014	302.012	302.001	301.999	301.981	301.976	301.963	301.954	301.948	301.944	301.94	301.937	301.93	301.93	301.92	301.913	301.917	301.897	301.89	301.881	301.866	301.861	301.849	301.837	301.824	301.818	301.807	301.795	301.788	301.786	301.779	301.769	301.756	301.743	301.728	301.718	301.703	301.69	301.672	301.659	301.65	301.638	301.632	301.621	301.606	301.599	301.59	301.575	301.572	301.552	301.547	301.538	301.529	301.52	301.515	301.502	301.496	301.479	301.47	301.461	301.45	301.446	301.438	301.432	301.424	301.416	301.41	301.401	301.387	301.376	301.366	301.361	301.354	301.343	301.335	301.316	301.311	301.297	301.284	301.274	301.259	301.248	301.233	301.213	301.2	301.191	301.182	301.18	301.166	301.155	301.142	301.132	301.125	301.115	301.105	301.088	301.078	301.065	301.052	301.048	301.04	301.032	301.02	301.012	301.003	300.992	300.981	300.96	300.949	300.936	300.923	300.919	300.906	300.897	300.878	300.862	300.848	300.84	300.835	300.825	300.817	300.81	300.801	300.792	300.777	300.77	300.761	300.746	300.737	300.723
302.042	302.045	302.045	302.05	302.034	302.026	302.012	302.007	302.009	301.992	301.987	301.972	301.96	301.955	301.943	301.94	301.94	301.932	301.922	301.915	301.912	301.907	301.902	301.897	301.88	301.879	301.866	301.855	301.855	301.838	301.829	301.819	301.813	301.799	301.793	301.777	301.769	301.758	301.747	301.741	301.728	301.71	301.701	301.683	301.674	301.662	301.65	301.639	301.62	301.612	301.601	301.59	301.583	301.571	301.559	301.544	301.54	301.527	301.521	301.513	301.498	301.492	301.484	301.481	301.466	301.455	301.444	301.435	301.425	301.417	301.413	301.404	301.387	301.383	301.376	301.365	301.361	301.346	301.34	301.322	301.312	301.305	301.292	301.281	301.266	301.255	301.243	301.232	301.221	301.206	301.191	301.179	301.174	301.162	301.158	301.147	301.136	301.124	301.113	301.109	301.097	301.086	301.07	301.055	301.047	301.033	301.025	301.015	301	300.996	300.987	300.983	300.97	300.951	300.933	300.917	300.907	300.89	300.887	300.877	300.858	300.847	300.832	300.824	300.814	300.807	300.798	300.79	300.783	300.772	300.77	300.755	300.745	300.738	300.725	300.719	300.708
302.03	302.029	302.031	302.033	302.018	302.018	301.997	301.991	301.989	301.986	301.975	301.96	301.948	301.939	301.936	301.925	301.928	301.913	301.904	301.898	301.89	301.893	301.887	301.876	301.871	301.864	301.859	301.851	301.842	301.826	301.817	301.809	301.798	301.791	301.781	301.764	301.75	301.737	301.731	301.72	301.718	301.696	301.686	301.675	301.66	301.651	301.636	301.618	301.608	301.597	301.589	301.581	301.565	301.555	301.54	301.529	301.519	301.52	301.505	301.498	301.485	301.474	301.471	301.461	301.456	301.446	301.433	301.423	301.411	301.403	301.393	301.382	301.37	301.359	301.353	301.34	301.34	301.322	301.311	301.303	301.288	301.279	301.273	301.255	301.242	301.229	301.218	301.206	301.198	301.181	301.165	301.158	301.149	301.145	301.138	301.127	301.115	301.1	301.09	301.087	301.081	301.065	301.049	301.038	301.024	301.015	301.002	300.988	300.983	300.973	300.968	300.958	300.942	300.924	300.903	300.89	300.875	300.864	300.852	300.841	300.83	300.819	300.811	300.799	300.795	300.783	300.771	300.764	300.755	300.747	300.738	300.727	300.72	300.711	300.706	300.697	300.689
302.009	302.005	302.002	302.006	301.993	301.992	301.989	301.98	301.972	301.963	301.955	301.944	301.928	301.92	301.913	301.908	301.912	301.898	301.895	301.886	301.878	301.87	301.871	301.865	301.858	301.849	301.839	301.836	301.829	301.822	301.812	301.799	301.791	301.787	301.767	301.756	301.739	301.729	301.717	301.709	301.704	301.681	301.671	301.655	301.645	301.631	301.626	301.607	301.599	301.588	301.57	301.567	301.551	301.536	301.524	301.515	301.508	301.502	301.501	301.487	301.47	301.462	301.456	301.447	301.447	301.425	301.414	301.403	301.394	301.378	301.365	301.354	301.339	301.329	301.32	301.314	301.301	301.288	301.273	301.263	301.257	301.246	301.245	301.223	301.211	301.2	301.186	301.182	301.17	301.155	301.15	301.14	301.135	301.129	301.12	301.105	301.093	301.083	301.073	301.064	301.057	301.039	301.029	301.015	301	300.99	300.978	300.959	300.948	300.937	300.927	300.924	300.907	300.889	300.877	300.861	300.851	300.841	300.829	300.809	300.796	300.784	300.774	300.774	300.772	300.763	300.755	300.741	300.729	300.722	300.716	300.707	300.697	300.688	300.681	300.678	300.671
301.989	301.982	301.975	301.977	301.981	301.966	301.963	301.958	301.951	301.946	301.932	301.918	301.91	301.905	301.897	301.89	301.888	301.882	301.874	301.867	301.865	301.864	301.864	301.855	301.845	301.843	301.839	301.827	301.821	301.811	301.802	301.787	301.773	301.77	301.761	301.748	301.728	301.716	301.708	301.7	301.694	301.683	301.662	301.645	301.628	301.61	301.605	301.587	301.577	301.571	301.563	301.55	301.542	301.524	301.511	301.501	301.497	301.492	301.489	301.483	301.469	301.458	301.448	301.441	301.436	301.419	301.412	301.401	301.384	301.37	301.351	301.342	301.329	301.315	301.299	301.292	301.282	301.282	301.263	301.25	301.244	301.234	301.223	301.205	301.19	301.177	301.166	301.158	301.149	301.142	301.131	301.124	301.119	301.109	301.103	301.094	301.077	301.066	301.058	301.047	301.044	301.028	301.014	301.002	300.987	300.971	300.968	300.945	300.931	300.919	300.909	300.895	300.886	300.873	300.857	300.844	300.834	300.814	300.806	300.785	300.768	300.757	300.75	300.75	300.749	300.741	300.736	300.726	300.715	300.706	300.695	300.689	300.681	300.672	300.666	300.659	300.649
301.951	301.945	301.939	301.93	301.933	301.935	301.932	301.923	301.913	301.906	301.903	301.889	301.879	301.872	301.869	301.869	301.863	301.864	301.858	301.855	301.849	301.843	301.84	301.836	301.829	301.823	301.813	301.804	301.811	301.801	301.787	301.771	301.758	301.751	301.747	301.723	301.714	301.695	301.686	301.684	301.674	301.662	301.639	301.625	301.612	301.595	301.581	301.576	301.561	301.549	301.539	301.523	301.516	301.502	301.492	301.483	301.478	301.478	301.468	301.461	301.454	301.44	301.432	301.425	301.416	301.401	301.38	301.367	301.357	301.349	301.333	301.319	301.301	301.286	301.273	301.264	301.256	301.244	301.234	301.228	301.22	301.212	301.199	301.178	301.165	301.151	301.144	301.134	301.126	301.12	301.109	301.106	301.101	301.092	301.081	301.066	301.054	301.044	301.037	301.029	301.018	301.006	300.986	300.973	300.965	300.956	300.94	300.93	300.912	300.895	300.875	300.861	300.855	300.84	300.822	300.814	300.807	300.794	300.78	300.754	300.735	300.719	300.708	300.702	300.709	300.702	300.693	300.687	300.681	300.679	300.673	300.665	300.657	300.65	300.642	300.634	300.626
301.918	301.909	301.903	301.902	301.907	301.898	301.893	301.887	301.878	301.868	301.861	301.854	301.848	301.845	301.842	301.845	301.842	301.836	301.832	301.828	301.824	301.819	301.821	301.815	301.807	301.807	301.796	301.79	301.786	301.77	301.762	301.745	301.732	301.72	301.717	301.693	301.683	301.672	301.659	301.659	301.647	301.636	301.622	301.598	301.582	301.573	301.556	301.549	301.533	301.522	301.51	301.5	301.493	301.475	301.474	301.46	301.452	301.451	301.449	301.444	301.434	301.426	301.416	301.408	301.394	301.376	301.356	301.342	301.333	301.316	301.312	301.289	301.269	301.261	301.25	301.241	301.239	301.223	301.22	301.209	301.2	301.192	301.182	301.159	301.143	301.132	301.121	301.114	301.104	301.098	301.094	301.082	301.07	301.061	301.059	301.041	301.032	301.021	301.009	301.009	300.995	300.983	300.973	300.954	300.94	300.933	300.926	300.908	300.884	300.867	300.851	300.836	300.818	300.807	300.8	300.789	300.778	300.768	300.751	300.733	300.707	300.692	300.679	300.672	300.669	300.662	300.656	300.648	300.643	300.634	300.628	300.621	300.611	300.609	300.604	300.595	300.588
301.9	301.884	301.872	301.866	301.873	301.868	301.86	301.85	301.838	301.833	301.827	301.816	301.817	301.813	301.816	301.817	301.826	301.822	301.817	301.814	301.812	301.809	301.81	301.798	301.79	301.779	301.771	301.762	301.755	301.753	301.739	301.731	301.716	301.701	301.698	301.677	301.666	301.653	301.648	301.642	301.632	301.612	301.597	301.582	301.563	301.555	301.541	301.528	301.518	301.502	301.49	301.477	301.474	301.458	301.449	301.445	301.433	301.435	301.429	301.423	301.419	301.407	301.403	301.389	301.371	301.357	301.333	301.321	301.306	301.296	301.293	301.267	301.25	301.236	301.225	301.212	301.213	301.203	301.194	301.189	301.177	301.173	301.158	301.139	301.127	301.112	301.104	301.093	301.087	301.077	301.067	301.061	301.049	301.039	301.036	301.018	301.015	301.004	300.999	300.986	300.973	300.953	300.939	300.929	300.917	300.91	300.901	300.88	300.868	300.844	300.821	300.803	300.795	300.782	300.77	300.762	300.746	300.739	300.724	300.704	300.685	300.666	300.652	300.643	300.636	300.631	300.62	300.616	300.605	300.595	300.59	300.578	300.574	300.564	300.56	300.555	300.55
301.862	301.86	301.848	301.843	301.843	301.835	301.829	301.817	301.809	301.804	301.793	301.792	301.788	301.798	301.796	301.802	301.805	301.799	301.796	301.784	301.788	301.784	301.792	301.777	301.768	301.754	301.739	301.737	301.725	301.722	301.706	301.693	301.693	301.675	301.67	301.658	301.645	301.646	301.638	301.624	301.614	301.592	301.579	301.559	301.545	301.53	301.52	301.511	301.494	301.487	301.469	301.458	301.453	301.437	301.43	301.418	301.413	301.409	301.408	301.405	301.398	301.393	301.377	301.37	301.353	301.335	301.32	301.304	301.294	301.283	301.27	301.249	301.23	301.219	301.202	301.199	301.195	301.185	301.179	301.167	301.162	301.15	301.136	301.123	301.105	301.097	301.082	301.072	301.063	301.053	301.038	301.029	301.023	301.011	301.006	300.994	300.98	300.974	300.96	300.948	300.936	300.923	300.908	300.893	300.886	300.87	300.865	300.846	300.827	300.815	300.791	300.778	300.77	300.753	300.743	300.73	300.721	300.705	300.69	300.678	300.658	300.647	300.628	300.614	300.607	300.597	300.583	300.576	300.569	300.559	300.553	300.541	300.532	300.531	300.519	300.514	300.507
301.841	301.835	301.826	301.822	301.819	301.808	301.799	301.793	301.775	301.774	301.76	301.763	301.762	301.767	301.774	301.774	301.783	301.779	301.77	301.767	301.759	301.76	301.765	301.753	301.746	301.725	301.722	301.714	301.698	301.694	301.674	301.666	301.659	301.657	301.648	301.639	301.633	301.627	301.624	301.603	301.596	301.574	301.554	301.542	301.524	301.514	301.503	301.492	301.484	301.471	301.461	301.449	301.439	301.425	301.409	301.405	301.396	301.392	301.389	301.38	301.376	301.362	301.355	301.345	301.33	301.306	301.29	301.28	301.263	301.261	301.246	301.231	301.221	301.203	301.192	301.187	301.174	301.169	301.158	301.15	301.136	301.128	301.116	301.101	301.089	301.074	301.063	301.05	301.041	301.031	301.016	301.005	300.991	300.987	300.977	300.961	300.944	300.931	300.929	300.914	300.902	300.896	300.877	300.87	300.855	300.84	300.828	300.806	300.785	300.77	300.762	300.749	300.74	300.728	300.714	300.706	300.691	300.676	300.665	300.647	300.632	300.614	300.604	300.582	300.575	300.561	300.547	300.54	300.531	300.523	300.521	300.51	300.5	300.491	300.487	300.473	300.468
301.82	301.819	301.808	301.8	301.799	301.781	301.772	301.761	301.748	301.747	301.74	301.739	301.736	301.738	301.741	301.748	301.752	301.747	301.745	301.738	301.741	301.735	301.741	301.726	301.711	301.706	301.698	301.692	301.679	301.667	301.662	301.645	301.638	301.632	301.63	301.624	301.608	301.607	301.594	301.591	301.577	301.555	301.541	301.52	301.508	301.497	301.485	301.473	301.466	301.457	301.443	301.438	301.429	301.413	301.402	301.388	301.387	301.374	301.37	301.357	301.35	301.35	301.338	301.327	301.313	301.282	301.271	301.251	301.242	301.234	301.226	301.214	301.198	301.191	301.175	301.169	301.158	301.147	301.132	301.119	301.113	301.102	301.095	301.081	301.067	301.054	301.039	301.031	301.022	301.008	301	300.981	300.971	300.958	300.948	300.934	300.913	300.903	300.893	300.889	300.875	300.861	300.85	300.838	300.826	300.809	300.793	300.768	300.747	300.733	300.719	300.713	300.703	300.698	300.687	300.667	300.661	300.647	300.636	300.622	300.604	300.59	300.571	300.557	300.545	300.528	300.523	300.51	300.505	300.499	300.489	300.486	300.471	300.465	300.454	300.443	300.441
301.799	301.795	301.792	301.774	301.771	301.752	301.744	301.738	301.724	301.719	301.721	301.713	301.715	301.715	301.718	301.718	301.719	301.715	301.709	301.712	301.711	301.707	301.708	301.703	301.696	301.681	301.673	301.658	301.658	301.641	301.633	301.626	301.615	301.613	301.603	301.593	301.592	301.581	301.573	301.565	301.554	301.536	301.522	301.506	301.485	301.479	301.466	301.451	301.448	301.438	301.427	301.419	301.41	301.401	301.38	301.378	301.364	301.358	301.345	301.33	301.325	301.322	301.314	301.298	301.288	301.265	301.246	301.236	301.222	301.216	301.203	301.19	301.179	301.168	301.16	301.146	301.142	301.126	301.111	301.101	301.089	301.082	301.08	301.061	301.05	301.031	301.019	301.011	300.999	300.974	300.961	300.95	300.934	300.931	300.922	300.902	300.887	300.874	300.862	300.853	300.845	300.833	300.818	300.806	300.793	300.784	300.763	300.739	300.722	300.702	300.685	300.678	300.67	300.665	300.65	300.64	300.629	300.62	300.602	300.588	300.574	300.559	300.543	300.528	300.525	300.507	300.497	300.486	300.476	300.474	300.458	300.454	300.449	300.439	300.433	300.418	300.41
301.783	301.774	301.76	301.753	301.741	301.722	301.714	301.708	301.706	301.7	301.7	301.693	301.699	301.697	301.69	301.698	301.699	301.697	301.694	301.691	301.691	301.689	301.681	301.675	301.662	301.655	301.648	301.635	301.633	301.617	301.615	301.605	301.597	301.59	301.589	301.579	301.573	301.564	301.551	301.541	301.532	301.521	301.498	301.483	301.474	301.457	301.452	301.44	301.427	301.421	301.413	301.405	301.381	301.37	301.364	301.354	301.351	301.339	301.325	301.319	301.305	301.299	301.288	301.276	301.26	301.246	301.232	301.217	301.212	301.203	301.187	301.176	301.16	301.145	301.133	301.123	301.116	301.1	301.091	301.079	301.07	301.06	301.059	301.042	301.027	301.016	301.002	300.983	300.964	300.949	300.928	300.914	300.907	300.892	300.894	300.875	300.86	300.85	300.838	300.829	300.822	300.806	300.788	300.773	300.761	300.75	300.738	300.715	300.696	300.677	300.661	300.653	300.638	300.637	300.624	300.609	300.598	300.581	300.57	300.551	300.537	300.527	300.516	300.501	300.5	300.483	300.475	300.465	300.456	300.447	300.434	300.431	300.42	300.413	300.405	300.392	300.384
301.751	301.752	301.742	301.73	301.715	301.719	301.696	301.683	301.68	301.681	301.685	301.683	301.688	301.686	301.68	301.676	301.673	301.665	301.67	301.668	301.665	301.664	301.651	301.657	301.644	301.631	301.62	301.602	301.599	301.593	301.582	301.576	301.572	301.567	301.561	301.551	301.542	301.536	301.531	301.523	301.511	301.502	301.477	301.464	301.449	301.436	301.433	301.412	301.405	301.401	301.388	301.369	301.361	301.341	301.334	301.326	301.318	301.317	301.31	301.292	301.284	301.273	301.263	301.251	301.242	301.229	301.221	301.214	301.204	301.199	301.179	301.16	301.14	301.129	301.12	301.109	301.096	301.083	301.073	301.062	301.054	301.048	301.031	301.021	301.004	300.988	300.974	300.954	300.929	300.915	300.893	300.884	300.876	300.864	300.859	300.846	300.831	300.824	300.817	300.806	300.797	300.785	300.766	300.752	300.743	300.724	300.713	300.693	300.678	300.663	300.651	300.642	300.633	300.617	300.598	300.577	300.561	300.55	300.538	300.521	300.51	300.504	300.497	300.485	300.482	300.463	300.452	300.437	300.425	300.419	300.412	300.399	300.385	300.376	300.371	300.361	300.36
301.713	301.712	301.709	301.703	301.68	301.674	301.658	301.658	301.659	301.657	301.663	301.652	301.646	301.645	301.645	301.64	301.649	301.641	301.643	301.645	301.64	301.639	301.623	301.618	301.602	301.589	301.584	301.573	301.57	301.557	301.545	301.543	301.538	301.541	301.533	301.527	301.519	301.506	301.493	301.486	301.475	301.468	301.453	301.439	301.427	301.418	301.415	301.389	301.374	301.365	301.357	301.343	301.332	301.308	301.297	301.293	301.287	301.283	301.283	301.264	301.252	301.237	301.224	301.214	301.209	301.197	301.19	301.186	301.175	301.165	301.151	301.134	301.117	301.098	301.081	301.068	301.059	301.048	301.039	301.028	301.019	301.015	300.996	300.98	300.964	300.941	300.918	300.9	300.883	300.87	300.85	300.837	300.827	300.819	300.821	300.81	300.802	300.786	300.774	300.766	300.752	300.745	300.729	300.714	300.7	300.689	300.678	300.663	300.652	300.64	300.628	300.616	300.607	300.585	300.562	300.539	300.516	300.504	300.492	300.484	300.471	300.457	300.451	300.445	300.441	300.433	300.42	300.406	300.396	300.387	300.376	300.362	300.352	300.342	300.334	300.328	300.319
301.687	301.679	301.668	301.665	301.654	301.646	301.634	301.63	301.633	301.628	301.638	301.638	301.627	301.624	301.619	301.612	301.618	301.608	301.613	301.609	301.602	301.598	301.601	301.593	301.579	301.569	301.556	301.539	301.532	301.519	301.515	301.506	301.505	301.505	301.514	301.497	301.485	301.475	301.461	301.458	301.45	301.44	301.425	301.412	301.405	301.393	301.383	301.37	301.345	301.334	301.321	301.314	301.295	301.281	301.266	301.256	301.26	301.251	301.252	301.238	301.215	301.203	301.189	301.18	301.175	301.166	301.159	301.15	301.146	301.136	301.123	301.102	301.082	301.07	301.054	301.042	301.036	301.019	301.011	300.999	300.988	300.978	300.964	300.933	300.914	300.898	300.878	300.859	300.849	300.828	300.813	300.794	300.779	300.771	300.775	300.759	300.756	300.748	300.732	300.731	300.71	300.703	300.691	300.679	300.67	300.659	300.653	300.647	300.63	300.623	300.611	300.599	300.582	300.547	300.525	300.498	300.478	300.47	300.458	300.452	300.431	300.422	300.417	300.41	300.406	300.396	300.389	300.373	300.364	300.354	300.348	300.334	300.317	300.305	300.294	300.292	300.281
301.658	301.648	301.643	301.639	301.625	301.619	301.606	301.606	301.598	301.606	301.608	301.605	301.598	301.594	301.593	301.587	301.59	301.586	301.582	301.584	301.576	301.572	301.569	301.559	301.552	301.538	301.533	301.519	301.512	301.495	301.484	301.485	301.481	301.481	301.485	301.47	301.461	301.447	301.438	301.428	301.422	301.416	301.403	301.393	301.37	301.361	301.348	301.336	301.325	301.305	301.293	301.28	301.265	301.259	301.235	301.225	301.22	301.221	301.218	301.203	301.186	301.168	301.158	301.144	301.136	301.13	301.122	301.116	301.106	301.102	301.084	301.066	301.049	301.032	301.024	301.007	301.006	300.99	300.973	300.966	300.949	300.936	300.924	300.9	300.882	300.857	300.841	300.821	300.816	300.795	300.771	300.756	300.739	300.724	300.726	300.714	300.715	300.702	300.689	300.684	300.672	300.667	300.647	300.635	300.626	300.621	300.624	300.619	300.612	300.598	300.582	300.559	300.545	300.513	300.489	300.472	300.449	300.439	300.423	300.414	300.404	300.387	300.377	300.365	300.367	300.36	300.347	300.345	300.335	300.321	300.314	300.295	300.285	300.265	300.259	300.255	300.251
301.635	301.623	301.61	301.613	301.603	301.593	301.587	301.578	301.578	301.581	301.58	301.583	301.573	301.569	301.564	301.56	301.557	301.555	301.549	301.544	301.543	301.535	301.534	301.534	301.522	301.516	301.506	301.493	301.481	301.466	301.455	301.45	301.452	301.45	301.444	301.441	301.427	301.42	301.406	301.404	301.398	301.375	301.367	301.347	301.333	301.319	301.31	301.294	301.281	301.273	301.259	301.254	301.238	301.227	301.21	301.193	301.187	301.177	301.178	301.16	301.145	301.141	301.122	301.116	301.107	301.096	301.092	301.08	301.07	301.06	301.044	301.032	301.011	301.001	300.983	300.974	300.972	300.957	300.942	300.924	300.914	300.898	300.885	300.873	300.845	300.829	300.804	300.785	300.773	300.751	300.728	300.709	300.698	300.685	300.684	300.672	300.665	300.665	300.652	300.644	300.631	300.624	300.611	300.594	300.59	300.584	300.589	300.582	300.566	300.559	300.541	300.518	300.502	300.469	300.453	300.43	300.418	300.403	300.388	300.379	300.361	300.352	300.337	300.33	300.329	300.319	300.313	300.306	300.298	300.282	300.277	300.259	300.244	300.229	300.213	300.208	300.204
