301.073	301.079	301.074	301.067	301.063	301.057	301.054	301.053	301.053	301.053	301.055	301.05	301.05	301.048	301.046	301.046	301.046	301.047	301.049	301.052	301.047	301.044	301.041	301.035	301.033	301.032	301.038	301.035	301.04	301.035	301.034	301.03	301.026	301.026	301.024	301.02	301.024	301.018	301.021	301.013	301.009	301.005	301.004	301	300.999	300.996	300.994	300.991	300.986	300.987	300.984	300.982	300.978	300.97	300.968	300.968	300.962	300.956	300.954	300.955	300.955	300.957	300.96	300.955	300.952	300.94	300.931	300.923	300.915	300.904	300.902	300.899	300.896	300.894	300.889	300.883	300.877	300.866	300.857	300.852	300.844	300.839	300.838	300.828	300.82	300.811	300.805	300.798	300.797	300.794	300.795	300.793	300.787	300.781	300.779	300.775	300.771	300.764	300.755	300.75	300.745	300.738	300.737	300.735	300.735	300.736	300.736	300.741	300.74	300.743	300.739	300.738	300.735	300.73	300.729	300.726	300.722	300.719	300.719	300.71	300.707	300.699	300.693	300.689	300.682	300.679	300.674	300.667	300.662	300.653	300.647	300.642	300.634	300.626	300.62	300.613	300.609
301.069	301.072	301.068	301.061	301.058	301.054	301.05	301.05	301.052	301.053	301.055	301.056	301.053	301.052	301.051	301.046	301.047	301.048	301.049	301.05	301.044	301.045	301.038	301.032	301.033	301.034	301.034	301.032	301.037	301.032	301.031	301.027	301.024	301.021	301.019	301.018	301.017	301.018	301.013	301.007	301.004	301.002	300.996	300.992	300.989	300.988	300.985	300.984	300.979	300.977	300.976	300.971	300.968	300.962	300.961	300.949	300.954	300.947	300.946	300.948	300.949	300.953	300.954	300.946	300.944	300.932	300.922	300.913	300.906	300.898	300.894	300.891	300.891	300.886	300.879	300.872	300.861	300.851	300.843	300.838	300.836	300.831	300.825	300.816	300.807	300.798	300.791	300.791	300.788	300.789	300.789	300.784	300.782	300.773	300.769	300.764	300.756	300.75	300.746	300.74	300.737	300.731	300.731	300.726	300.726	300.728	300.728	300.729	300.729	300.732	300.725	300.723	300.719	300.714	300.711	300.708	300.707	300.701	300.702	300.695	300.69	300.684	300.678	300.674	300.668	300.663	300.658	300.654	300.647	300.638	300.631	300.626	300.62	300.611	300.608	300.598	300.59
301.067	301.065	301.059	301.059	301.056	301.053	301.051	301.049	301.051	301.054	301.056	301.057	301.055	301.056	301.054	301.05	301.049	301.053	301.05	301.053	301.045	301.042	301.035	301.033	301.036	301.036	301.032	301.034	301.033	301.032	301.027	301.023	301.021	301.018	301.015	301.017	301.012	301.017	301.008	301.005	301.001	300.993	300.99	300.985	300.977	300.979	300.979	300.975	300.97	300.973	300.966	300.961	300.956	300.953	300.952	300.941	300.943	300.937	300.939	300.94	300.942	300.942	300.942	300.941	300.934	300.926	300.911	300.907	300.897	300.889	300.886	300.883	300.882	300.873	300.871	300.861	300.85	300.844	300.835	300.829	300.828	300.825	300.816	300.805	300.794	300.787	300.784	300.784	300.784	300.785	300.783	300.777	300.775	300.767	300.762	300.753	300.745	300.74	300.738	300.732	300.731	300.724	300.721	300.719	300.717	300.718	300.719	300.718	300.715	300.716	300.709	300.708	300.702	300.7	300.697	300.691	300.69	300.686	300.684	300.68	300.673	300.669	300.662	300.657	300.654	300.648	300.643	300.639	300.629	300.626	300.616	300.61	300.604	300.594	300.588	300.578	300.57
301.064	301.067	301.059	301.06	301.054	301.053	301.053	301.051	301.052	301.051	301.056	301.054	301.055	301.052	301.055	301.056	301.057	301.057	301.053	301.057	301.048	301.044	301.042	301.038	301.035	301.034	301.035	301.034	301.027	301.024	301.024	301.018	301.019	301.017	301.012	301.014	301.01	301.011	301.005	301.001	300.993	300.986	300.981	300.977	300.974	300.978	300.972	300.967	300.967	300.962	300.955	300.954	300.951	300.942	300.938	300.941	300.935	300.932	300.934	300.935	300.937	300.939	300.932	300.936	300.919	300.918	300.906	300.895	300.886	300.88	300.879	300.875	300.869	300.865	300.861	300.848	300.842	300.835	300.827	300.824	300.82	300.812	300.808	300.797	300.79	300.787	300.781	300.781	300.782	300.778	300.774	300.774	300.764	300.76	300.752	300.745	300.739	300.736	300.735	300.73	300.73	300.722	300.718	300.716	300.712	300.711	300.71	300.711	300.707	300.707	300.699	300.7	300.692	300.689	300.685	300.678	300.675	300.674	300.673	300.667	300.661	300.654	300.648	300.643	300.638	300.636	300.629	300.625	300.615	300.611	300.603	300.596	300.587	300.575	300.567	300.557	300.548
301.069	301.064	301.056	301.053	301.053	301.052	301.052	301.053	301.055	301.054	301.061	301.053	301.057	301.054	301.056	301.057	301.058	301.061	301.061	301.056	301.051	301.045	301.041	301.039	301.04	301.04	301.033	301.029	301.037	301.026	301.023	301.017	301.012	301.011	301.009	301.008	301.009	301.005	301.003	300.996	300.992	300.986	300.976	300.969	300.974	300.97	300.968	300.969	300.959	300.956	300.955	300.95	300.946	300.947	300.944	300.935	300.93	300.928	300.928	300.925	300.927	300.929	300.921	300.926	300.911	300.909	300.892	300.883	300.876	300.871	300.866	300.858	300.856	300.856	300.846	300.835	300.831	300.821	300.814	300.812	300.804	300.8	300.796	300.786	300.781	300.776	300.774	300.774	300.772	300.769	300.765	300.764	300.752	300.752	300.745	300.739	300.734	300.729	300.727	300.726	300.722	300.717	300.713	300.706	300.703	300.702	300.7	300.697	300.694	300.694	300.687	300.683	300.68	300.674	300.67	300.668	300.663	300.659	300.662	300.653	300.65	300.642	300.637	300.632	300.625	300.621	300.613	300.611	300.603	300.592	300.584	300.574	300.564	300.556	300.549	300.54	300.537
301.067	301.063	301.064	301.056	301.053	301.051	301.051	301.051	301.054	301.052	301.059	301.052	301.052	301.051	301.057	301.059	301.059	301.06	301.057	301.056	301.053	301.046	301.04	301.039	301.034	301.031	301.034	301.029	301.028	301.017	301.018	301.015	301.012	301.01	301.009	301.004	301.004	301.002	300.998	300.987	300.978	300.973	300.972	300.972	300.967	300.963	300.972	300.961	300.953	300.951	300.95	300.947	300.942	300.938	300.938	300.93	300.93	300.918	300.918	300.919	300.917	300.916	300.913	300.911	300.904	300.896	300.883	300.881	300.871	300.862	300.858	300.852	300.85	300.836	300.83	300.82	300.811	300.805	300.801	300.796	300.79	300.788	300.776	300.777	300.775	300.771	300.77	300.766	300.759	300.761	300.754	300.753	300.749	300.744	300.738	300.732	300.726	300.723	300.724	300.721	300.721	300.714	300.711	300.705	300.7	300.695	300.691	300.69	300.686	300.681	300.68	300.672	300.668	300.664	300.658	300.654	300.651	300.648	300.651	300.641	300.639	300.629	300.624	300.618	300.612	300.609	300.602	300.591	300.579	300.57	300.561	300.552	300.542	300.535	300.527	300.516	300.51
301.063	301.058	301.053	301.05	301.049	301.051	301.052	301.053	301.054	301.057	301.056	301.057	301.053	301.051	301.051	301.054	301.058	301.058	301.054	301.056	301.041	301.04	301.036	301.034	301.032	301.029	301.029	301.025	301.022	301.025	301.017	301.011	301.007	301.001	300.999	301	301	300.995	300.987	300.982	300.98	300.974	300.966	300.964	300.962	300.967	300.96	300.95	300.952	300.942	300.937	300.938	300.941	300.936	300.938	300.929	300.921	300.914	300.91	300.907	300.903	300.905	300.904	300.897	300.893	300.886	300.875	300.866	300.858	300.854	300.851	300.836	300.833	300.823	300.819	300.807	300.801	300.793	300.786	300.781	300.774	300.77	300.766	300.763	300.758	300.756	300.754	300.753	300.75	300.746	300.742	300.741	300.738	300.733	300.73	300.724	300.719	300.715	300.713	300.708	300.713	300.703	300.699	300.694	300.688	300.683	300.678	300.675	300.672	300.668	300.661	300.658	300.651	300.649	300.647	300.642	300.639	300.635	300.634	300.629	300.623	300.618	300.612	300.608	300.602	300.592	300.581	300.575	300.558	300.548	300.537	300.53	300.526	300.52	300.511	300.51	300.496
301.057	301.059	301.052	301.054	301.051	301.048	301.05	301.049	301.049	301.053	301.05	301.05	301.046	301.047	301.051	301.053	301.051	301.051	301.046	301.048	301.038	301.039	301.032	301.027	301.026	301.024	301.018	301.02	301.02	301.014	301.008	301.004	301.003	300.997	300.992	300.993	300.985	300.987	300.979	300.97	300.968	300.967	300.962	300.958	300.958	300.952	300.949	300.949	300.93	300.93	300.931	300.93	300.925	300.924	300.923	300.921	300.912	300.91	300.903	300.899	300.897	300.892	300.886	300.885	300.88	300.871	300.865	300.857	300.85	300.846	300.839	300.831	300.825	300.816	300.807	300.797	300.792	300.784	300.776	300.772	300.767	300.758	300.758	300.75	300.75	300.749	300.744	300.74	300.738	300.732	300.734	300.731	300.729	300.728	300.721	300.715	300.71	300.708	300.705	300.703	300.7	300.693	300.691	300.684	300.68	300.676	300.672	300.667	300.662	300.662	300.652	300.65	300.642	300.638	300.634	300.629	300.627	300.622	300.619	300.615	300.607	300.603	300.597	300.587	300.583	300.576	300.563	300.556	300.539	300.531	300.521	300.513	300.508	300.501	300.494	300.486	300.477
301.054	301.057	301.053	301.052	301.052	301.05	301.05	301.051	301.048	301.051	301.051	301.053	301.05	301.045	301.049	301.048	301.049	301.046	301.042	301.04	301.037	301.033	301.035	301.028	301.022	301.019	301.017	301.017	301.015	301.011	301.007	301	300.995	300.991	300.989	300.987	300.987	300.984	300.977	300.971	300.967	300.962	300.954	300.949	300.947	300.947	300.939	300.942	300.928	300.924	300.923	300.92	300.918	300.919	300.914	300.915	300.907	300.901	300.897	300.891	300.887	300.881	300.876	300.875	300.867	300.861	300.852	300.843	300.838	300.833	300.826	300.82	300.811	300.806	300.801	300.793	300.784	300.778	300.772	300.767	300.757	300.753	300.746	300.744	300.74	300.737	300.734	300.731	300.728	300.724	300.724	300.721	300.72	300.716	300.713	300.707	300.705	300.701	300.695	300.695	300.688	300.685	300.68	300.677	300.672	300.665	300.66	300.66	300.652	300.652	300.641	300.637	300.632	300.626	300.623	300.62	300.614	300.61	300.604	300.6	300.591	300.586	300.576	300.572	300.566	300.558	300.548	300.539	300.528	300.516	300.506	300.499	300.492	300.486	300.482	300.47	300.469
301.053	301.055	301.052	301.052	301.051	301.051	301.052	301.05	301.053	301.05	301.053	301.051	301.054	301.049	301.047	301.047	301.042	301.036	301.038	301.033	301.035	301.026	301.028	301.024	301.019	301.017	301.013	301.009	301.011	301.007	301.001	300.993	300.993	300.99	300.982	300.982	300.984	300.979	300.974	300.968	300.963	300.958	300.948	300.943	300.94	300.938	300.933	300.93	300.927	300.922	300.917	300.915	300.91	300.909	300.909	300.909	300.902	300.895	300.889	300.884	300.877	300.873	300.869	300.863	300.859	300.851	300.842	300.832	300.826	300.821	300.814	300.809	300.804	300.804	300.793	300.788	300.78	300.773	300.767	300.76	300.753	300.75	300.741	300.742	300.735	300.733	300.731	300.729	300.724	300.721	300.717	300.714	300.713	300.707	300.702	300.696	300.692	300.692	300.688	300.686	300.682	300.676	300.672	300.668	300.666	300.658	300.652	300.65	300.644	300.64	300.633	300.627	300.623	300.618	300.614	300.61	300.605	300.599	300.594	300.585	300.578	300.569	300.563	300.555	300.551	300.543	300.536	300.525	300.515	300.503	300.493	300.489	300.482	300.472	300.468	300.458	300.456
301.054	301.055	301.051	301.052	301.049	301.049	301.051	301.05	301.052	301.05	301.058	301.054	301.056	301.054	301.049	301.045	301.041	301.033	301.034	301.027	301.029	301.025	301.022	301.02	301.015	301.013	301.008	301.006	301.006	301.004	300.997	300.993	300.993	300.984	300.979	300.978	300.977	300.976	300.972	300.964	300.958	300.952	300.944	300.939	300.933	300.928	300.93	300.921	300.921	300.913	300.909	300.909	300.904	300.902	300.906	300.9	300.897	300.891	300.883	300.877	300.872	300.866	300.859	300.853	300.853	300.838	300.831	300.823	300.817	300.811	300.805	300.8	300.797	300.796	300.784	300.781	300.772	300.766	300.76	300.754	300.749	300.744	300.74	300.737	300.732	300.731	300.728	300.726	300.72	300.718	300.712	300.709	300.704	300.698	300.694	300.686	300.682	300.683	300.678	300.675	300.672	300.665	300.661	300.658	300.655	300.652	300.646	300.642	300.638	300.63	300.624	300.618	300.615	300.609	300.604	300.599	300.594	300.586	300.585	300.574	300.566	300.559	300.551	300.544	300.538	300.531	300.523	300.514	300.501	300.492	300.482	300.475	300.469	300.459	300.453	300.445	300.439
301.054	301.057	301.051	301.052	301.049	301.051	301.052	301.051	301.051	301.051	301.059	301.06	301.059	301.057	301.051	301.047	301.043	301.035	301.033	301.027	301.026	301.023	301.022	301.016	301.014	301.01	301.005	301.008	301.002	301.002	300.997	300.997	300.987	300.978	300.975	300.976	300.974	300.973	300.969	300.961	300.958	300.949	300.941	300.938	300.935	300.927	300.931	300.922	300.917	300.911	300.906	300.904	300.903	300.902	300.901	300.895	300.895	300.887	300.878	300.871	300.866	300.861	300.852	300.848	300.846	300.832	300.826	300.817	300.811	300.806	300.8	300.793	300.788	300.783	300.78	300.772	300.764	300.76	300.753	300.75	300.745	300.739	300.74	300.731	300.729	300.728	300.724	300.721	300.719	300.714	300.711	300.705	300.698	300.691	300.687	300.681	300.677	300.673	300.667	300.662	300.658	300.654	300.649	300.644	300.641	300.637	300.638	300.631	300.631	300.622	300.617	300.611	300.606	300.6	300.594	300.59	300.584	300.578	300.574	300.563	300.554	300.55	300.544	300.536	300.53	300.523	300.511	300.508	300.492	300.484	300.473	300.465	300.458	300.449	300.442	300.438	300.429
301.054	301.057	301.055	301.055	301.054	301.055	301.053	301.05	301.052	301.054	301.053	301.058	301.06	301.059	301.056	301.047	301.042	301.038	301.031	301.034	301.027	301.022	301.019	301.014	301.011	301.009	301.006	301.006	300.999	301.003	300.994	300.988	300.984	300.98	300.977	300.97	300.974	300.968	300.961	300.96	300.952	300.946	300.941	300.936	300.939	300.933	300.925	300.921	300.919	300.912	300.905	300.9	300.898	300.899	300.891	300.898	300.888	300.883	300.876	300.867	300.859	300.853	300.852	300.844	300.84	300.836	300.826	300.817	300.812	300.806	300.796	300.791	300.786	300.779	300.775	300.762	300.759	300.756	300.751	300.745	300.744	300.737	300.737	300.728	300.729	300.725	300.723	300.722	300.717	300.711	300.709	300.702	300.695	300.688	300.678	300.673	300.669	300.663	300.66	300.656	300.648	300.649	300.638	300.637	300.633	300.63	300.628	300.625	300.621	300.615	300.615	300.607	300.602	300.595	300.588	300.58	300.576	300.574	300.566	300.559	300.548	300.538	300.532	300.525	300.518	300.515	300.502	300.501	300.487	300.479	300.469	300.459	300.449	300.439	300.428	300.425	300.421
301.052	301.06	301.057	301.052	301.054	301.052	301.052	301.053	301.049	301.056	301.058	301.06	301.057	301.057	301.056	301.052	301.047	301.045	301.037	301.03	301.028	301.025	301.021	301.016	301.012	301.011	301.008	301.007	301.005	301.003	300.992	300.994	300.988	300.98	300.976	300.97	300.972	300.969	300.968	300.962	300.95	300.945	300.944	300.939	300.932	300.935	300.932	300.928	300.918	300.912	300.91	300.907	300.901	300.899	300.897	300.9	300.883	300.881	300.871	300.862	300.857	300.851	300.846	300.844	300.841	300.831	300.823	300.818	300.811	300.803	300.797	300.789	300.783	300.777	300.767	300.766	300.761	300.755	300.748	300.744	300.74	300.735	300.729	300.726	300.723	300.72	300.719	300.716	300.713	300.714	300.707	300.701	300.689	300.679	300.673	300.667	300.662	300.658	300.652	300.647	300.637	300.641	300.632	300.628	300.622	300.617	300.615	300.614	300.614	300.612	300.607	300.6	300.595	300.585	300.578	300.576	300.569	300.567	300.558	300.551	300.545	300.534	300.525	300.516	300.506	300.501	300.495	300.487	300.48	300.471	300.459	300.449	300.44	300.432	300.426	300.416	300.412
301.057	301.06	301.056	301.057	301.06	301.055	301.054	301.057	301.054	301.055	301.059	301.056	301.061	301.06	301.058	301.056	301.049	301.043	301.045	301.038	301.034	301.028	301.023	301.019	301.015	301.011	301.009	301.008	301.005	301.001	300.997	300.994	300.986	300.983	300.983	300.978	300.974	300.969	300.962	300.953	300.954	300.946	300.939	300.941	300.936	300.935	300.93	300.924	300.924	300.916	300.911	300.903	300.899	300.9	300.894	300.888	300.887	300.883	300.87	300.862	300.857	300.849	300.845	300.841	300.838	300.83	300.824	300.819	300.811	300.806	300.803	300.792	300.782	300.782	300.769	300.765	300.755	300.752	300.751	300.745	300.739	300.738	300.735	300.728	300.723	300.72	300.72	300.716	300.714	300.712	300.701	300.704	300.69	300.678	300.671	300.661	300.658	300.656	300.649	300.65	300.646	300.636	300.632	300.626	300.62	300.617	300.615	300.611	300.611	300.609	300.605	300.599	300.59	300.579	300.571	300.568	300.563	300.561	300.559	300.545	300.536	300.53	300.519	300.511	300.502	300.49	300.488	300.479	300.473	300.463	300.452	300.442	300.43	300.418	300.413	300.404	300.401
301.052	301.054	301.057	301.056	301.054	301.057	301.057	301.055	301.061	301.061	301.063	301.061	301.06	301.062	301.057	301.055	301.053	301.044	301.043	301.039	301.037	301.03	301.025	301.02	301.014	301.012	301.008	301.005	301.006	301.003	300.997	300.99	300.993	300.991	300.982	300.976	300.976	300.97	300.969	300.953	300.95	300.945	300.938	300.934	300.927	300.926	300.929	300.919	300.914	300.908	300.903	300.901	300.899	300.892	300.885	300.886	300.877	300.867	300.865	300.858	300.849	300.843	300.842	300.833	300.833	300.825	300.817	300.81	300.808	300.801	300.792	300.788	300.781	300.772	300.765	300.761	300.759	300.754	300.747	300.741	300.739	300.733	300.728	300.721	300.717	300.71	300.707	300.705	300.703	300.702	300.702	300.692	300.684	300.674	300.667	300.659	300.652	300.649	300.645	300.642	300.639	300.636	300.63	300.621	300.614	300.608	300.603	300.602	300.603	300.596	300.594	300.583	300.572	300.567	300.562	300.557	300.554	300.55	300.541	300.54	300.526	300.522	300.508	300.497	300.489	300.476	300.472	300.465	300.458	300.448	300.44	300.43	300.422	300.413	300.404	300.4	300.393
301.052	301.049	301.049	301.057	301.055	301.06	301.062	301.06	301.064	301.059	301.062	301.065	301.058	301.06	301.055	301.05	301.046	301.042	301.042	301.037	301.035	301.03	301.025	301.017	301.013	301.008	301.005	301.001	301.003	300.997	301	300.996	300.99	300.988	300.988	300.985	300.976	300.96	300.958	300.955	300.948	300.942	300.936	300.925	300.919	300.918	300.912	300.91	300.903	300.899	300.894	300.89	300.886	300.88	300.876	300.872	300.869	300.867	300.858	300.849	300.841	300.837	300.832	300.829	300.83	300.816	300.817	300.808	300.803	300.796	300.79	300.787	300.777	300.77	300.766	300.76	300.755	300.75	300.745	300.741	300.739	300.729	300.729	300.718	300.71	300.704	300.699	300.697	300.694	300.691	300.691	300.682	300.68	300.671	300.662	300.66	300.653	300.647	300.646	300.64	300.637	300.634	300.626	300.619	300.615	300.609	300.604	300.6	300.594	300.591	300.582	300.575	300.565	300.557	300.551	300.546	300.544	300.544	300.532	300.528	300.512	300.507	300.498	300.487	300.476	300.468	300.463	300.454	300.449	300.437	300.429	300.416	300.408	300.4	300.39	300.385	300.377
301.049	301.051	301.05	301.054	301.058	301.06	301.065	301.067	301.067	301.068	301.067	301.064	301.061	301.055	301.051	301.048	301.045	301.04	301.04	301.038	301.035	301.031	301.026	301.019	301.014	301.01	301.005	301.005	301.002	301.002	301	301.001	300.999	300.999	300.999	300.98	300.97	300.971	300.953	300.951	300.946	300.941	300.933	300.923	300.918	300.917	300.905	300.905	300.896	300.896	300.891	300.886	300.882	300.877	300.875	300.868	300.864	300.859	300.853	300.845	300.841	300.836	300.831	300.829	300.826	300.815	300.814	300.806	300.8	300.794	300.788	300.781	300.772	300.772	300.762	300.759	300.756	300.752	300.748	300.743	300.737	300.73	300.725	300.716	300.707	300.701	300.695	300.689	300.686	300.684	300.682	300.68	300.674	300.667	300.663	300.656	300.652	300.646	300.64	300.635	300.636	300.629	300.625	300.619	300.614	300.608	300.604	300.595	300.587	300.584	300.572	300.567	300.559	300.55	300.55	300.549	300.534	300.533	300.526	300.52	300.508	300.497	300.488	300.478	300.469	300.458	300.454	300.441	300.438	300.424	300.42	300.408	300.399	300.39	300.381	300.375	300.368
301.05	301.048	301.048	301.05	301.053	301.06	301.063	301.067	301.068	301.069	301.069	301.063	301.063	301.055	301.049	301.046	301.044	301.042	301.039	301.04	301.035	301.03	301.027	301.021	301.015	301.01	301.006	301.003	300.998	301.003	300.997	301	300.998	300.998	300.995	300.98	300.969	300.967	300.952	300.948	300.943	300.939	300.932	300.923	300.917	300.912	300.905	300.9	300.89	300.89	300.885	300.88	300.878	300.873	300.872	300.869	300.862	300.854	300.85	300.847	300.842	300.836	300.833	300.825	300.821	300.817	300.808	300.803	300.798	300.791	300.785	300.778	300.771	300.772	300.761	300.762	300.756	300.75	300.745	300.741	300.735	300.731	300.721	300.715	300.707	300.7	300.696	300.69	300.684	300.683	300.677	300.679	300.669	300.666	300.659	300.652	300.645	300.642	300.636	300.633	300.632	300.625	300.622	300.616	300.614	300.606	300.6	300.592	300.583	300.576	300.569	300.558	300.554	300.549	300.548	300.543	300.532	300.527	300.521	300.513	300.505	300.494	300.483	300.473	300.462	300.45	300.446	300.432	300.428	300.415	300.408	300.398	300.388	300.382	300.373	300.365	300.357
301.047	301.042	301.049	301.048	301.051	301.058	301.06	301.064	301.067	301.067	301.068	301.063	301.062	301.055	301.049	301.044	301.043	301.043	301.039	301.039	301.033	301.029	301.026	301.02	301.015	301.011	301.004	301.003	300.997	301.001	300.998	300.998	300.996	300.991	300.984	300.98	300.969	300.957	300.955	300.951	300.942	300.939	300.931	300.924	300.92	300.916	300.91	300.899	300.89	300.883	300.879	300.877	300.876	300.877	300.876	300.869	300.859	300.852	300.846	300.844	300.845	300.839	300.833	300.826	300.821	300.816	300.807	300.804	300.798	300.791	300.784	300.78	300.772	300.769	300.763	300.76	300.754	300.746	300.742	300.737	300.731	300.726	300.72	300.716	300.706	300.699	300.696	300.69	300.683	300.682	300.674	300.675	300.667	300.663	300.658	300.649	300.645	300.641	300.635	300.631	300.625	300.62	300.616	300.61	300.607	300.603	300.592	300.586	300.581	300.566	300.567	300.554	300.551	300.545	300.54	300.534	300.526	300.52	300.513	300.508	300.497	300.49	300.478	300.469	300.458	300.445	300.438	300.425	300.414	300.403	300.395	300.385	300.38	300.373	300.366	300.359	300.351
301.047	301.045	301.052	301.049	301.053	301.057	301.059	301.061	301.067	301.065	301.066	301.063	301.056	301.054	301.05	301.045	301.043	301.042	301.039	301.041	301.033	301.028	301.024	301.019	301.016	301.012	301.004	301.004	301.001	300.996	300.997	300.997	300.991	300.986	300.98	300.972	300.972	300.961	300.961	300.947	300.94	300.935	300.93	300.927	300.928	300.927	300.917	300.902	300.893	300.885	300.881	300.879	300.881	300.885	300.881	300.87	300.861	300.851	300.842	300.84	300.841	300.837	300.829	300.828	300.82	300.81	300.807	300.803	300.797	300.79	300.784	300.778	300.773	300.768	300.762	300.754	300.749	300.743	300.738	300.735	300.726	300.719	300.721	300.709	300.707	300.7	300.695	300.689	300.683	300.681	300.675	300.671	300.667	300.662	300.654	300.651	300.647	300.641	300.635	300.628	300.621	300.617	300.608	300.604	300.597	300.586	300.584	300.575	300.573	300.563	300.561	300.555	300.55	300.542	300.535	300.527	300.518	300.508	300.502	300.499	300.487	300.483	300.474	300.464	300.456	300.445	300.431	300.42	300.405	300.394	300.385	300.376	300.371	300.368	300.36	300.354	300.346
301.047	301.055	301.05	301.049	301.05	301.058	301.062	301.062	301.063	301.063	301.062	301.058	301.056	301.051	301.045	301.044	301.045	301.043	301.041	301.037	301.033	301.028	301.023	301.018	301.014	301.01	301.007	301	301.004	300.996	300.995	300.988	300.981	300.977	300.975	300.965	300.967	300.959	300.954	300.942	300.939	300.935	300.932	300.93	300.929	300.926	300.922	300.909	300.892	300.88	300.88	300.881	300.88	300.883	300.878	300.874	300.86	300.849	300.845	300.839	300.836	300.832	300.824	300.823	300.815	300.807	300.804	300.798	300.794	300.791	300.784	300.777	300.777	300.766	300.76	300.751	300.746	300.736	300.729	300.725	300.724	300.714	300.718	300.703	300.707	300.699	300.692	300.689	300.684	300.678	300.673	300.669	300.661	300.658	300.652	300.648	300.644	300.64	300.635	300.624	300.619	300.611	300.601	300.596	300.583	300.577	300.577	300.569	300.565	300.561	300.551	300.55	300.546	300.536	300.53	300.52	300.507	300.503	300.491	300.485	300.479	300.473	300.465	300.459	300.45	300.44	300.424	300.413	300.398	300.383	300.372	300.364	300.36	300.356	300.353	300.344	300.336
301.044	301.053	301.056	301.062	301.056	301.055	301.061	301.063	301.064	301.066	301.063	301.056	301.052	301.051	301.05	301.048	301.044	301.04	301.044	301.038	301.037	301.03	301.025	301.021	301.017	301.012	301.011	301.002	301.001	300.992	300.984	300.985	300.978	300.97	300.968	300.97	300.968	300.954	300.958	300.948	300.936	300.928	300.928	300.931	300.93	300.93	300.921	300.905	300.894	300.886	300.88	300.878	300.882	300.886	300.88	300.873	300.858	300.847	300.84	300.832	300.829	300.829	300.826	300.816	300.809	300.806	300.796	300.795	300.789	300.784	300.78	300.774	300.77	300.761	300.755	300.747	300.738	300.735	300.73	300.722	300.715	300.706	300.707	300.699	300.696	300.69	300.689	300.685	300.679	300.674	300.667	300.667	300.657	300.653	300.647	300.644	300.64	300.634	300.627	300.62	300.611	300.605	300.593	300.583	300.575	300.567	300.559	300.551	300.549	300.544	300.543	300.538	300.535	300.53	300.521	300.512	300.497	300.489	300.48	300.477	300.473	300.465	300.461	300.453	300.441	300.429	300.419	300.399	300.384	300.373	300.365	300.36	300.356	300.352	300.347	300.337	300.329
301.057	301.072	301.059	301.056	301.058	301.062	301.064	301.063	301.065	301.061	301.063	301.063	301.053	301.05	301.047	301.047	301.047	301.046	301.045	301.042	301.037	301.032	301.026	301.022	301.019	301.012	301.006	301.002	300.995	300.99	300.979	300.969	300.965	300.963	300.957	300.954	300.951	300.958	300.945	300.934	300.932	300.931	300.928	300.922	300.921	300.923	300.914	300.906	300.89	300.879	300.873	300.875	300.878	300.877	300.876	300.864	300.854	300.846	300.833	300.828	300.824	300.817	300.813	300.813	300.807	300.802	300.793	300.791	300.784	300.779	300.777	300.77	300.763	300.765	300.75	300.745	300.736	300.728	300.719	300.711	300.711	300.71	300.702	300.696	300.689	300.686	300.682	300.676	300.672	300.674	300.662	300.659	300.651	300.645	300.641	300.638	300.634	300.628	300.621	300.618	300.605	300.599	300.591	300.577	300.568	300.561	300.552	300.551	300.547	300.534	300.54	300.527	300.524	300.519	300.512	300.505	300.494	300.48	300.476	300.469	300.463	300.458	300.451	300.441	300.429	300.416	300.402	300.391	300.379	300.367	300.356	300.35	300.345	300.339	300.334	300.327	300.316
301.037	301.067	301.066	301.064	301.061	301.059	301.06	301.063	301.065	301.067	301.065	301.057	301.053	301.052	301.05	301.049	301.049	301.047	301.044	301.048	301.038	301.033	301.031	301.024	301.02	301.017	301.007	301.005	300.99	300.981	300.978	300.97	300.966	300.96	300.957	300.955	300.95	300.947	300.933	300.93	300.92	300.913	300.91	300.91	300.908	300.906	300.899	300.894	300.879	300.876	300.868	300.866	300.866	300.862	300.861	300.852	300.838	300.83	300.822	300.815	300.81	300.806	300.803	300.801	300.793	300.788	300.783	300.773	300.767	300.762	300.758	300.756	300.751	300.752	300.738	300.734	300.725	300.717	300.712	300.708	300.7	300.693	300.688	300.683	300.675	300.669	300.665	300.665	300.662	300.656	300.652	300.651	300.642	300.635	300.629	300.621	300.616	300.613	300.607	300.6	300.595	300.581	300.569	300.561	300.552	300.544	300.537	300.527	300.52	300.517	300.515	300.51	300.508	300.502	300.493	300.485	300.475	300.466	300.463	300.455	300.449	300.444	300.432	300.42	300.41	300.396	300.382	300.372	300.362	300.356	300.352	300.343	300.338	300.332	300.322	300.311	300.303
301.053	301.077	301.068	301.07	301.066	301.064	301.065	301.067	301.067	301.069	301.068	301.062	301.057	301.051	301.05	301.05	301.049	301.048	301.047	301.044	301.04	301.032	301.03	301.025	301.021	301.016	301.008	301.003	300.998	300.985	300.974	300.972	300.968	300.963	300.952	300.949	300.94	300.938	300.927	300.922	300.91	300.906	300.901	300.893	300.887	300.887	300.885	300.88	300.871	300.864	300.855	300.851	300.85	300.847	300.839	300.832	300.828	300.817	300.813	300.803	300.796	300.796	300.792	300.786	300.788	300.778	300.776	300.763	300.756	300.75	300.745	300.747	300.74	300.738	300.733	300.722	300.714	300.708	300.702	300.696	300.692	300.688	300.685	300.673	300.667	300.659	300.652	300.65	300.65	300.642	300.645	300.638	300.632	300.624	300.617	300.614	300.608	300.601	300.595	300.583	300.579	300.57	300.56	300.555	300.546	300.539	300.534	300.524	300.516	300.511	300.499	300.498	300.49	300.485	300.48	300.473	300.461	300.455	300.445	300.442	300.436	300.427	300.418	300.404	300.388	300.373	300.368	300.359	300.353	300.348	300.342	300.333	300.324	300.313	300.304	300.293	300.285
301.068	301.082	301.076	301.077	301.076	301.072	301.068	301.068	301.073	301.074	301.071	301.066	301.06	301.056	301.054	301.053	301.053	301.049	301.049	301.042	301.041	301.033	301.027	301.023	301.018	301.011	301.009	301.003	300.995	300.988	300.978	300.971	300.968	300.966	300.96	300.95	300.941	300.936	300.925	300.916	300.912	300.904	300.891	300.882	300.876	300.872	300.869	300.867	300.861	300.854	300.847	300.841	300.837	300.829	300.826	300.816	300.816	300.806	300.802	300.793	300.787	300.784	300.78	300.777	300.78	300.768	300.766	300.756	300.747	300.741	300.736	300.733	300.727	300.726	300.722	300.714	300.71	300.702	300.695	300.689	300.685	300.677	300.671	300.66	300.651	300.646	300.639	300.635	300.634	300.632	300.633	300.627	300.626	300.616	300.608	300.603	300.594	300.586	300.581	300.573	300.564	300.559	300.548	300.542	300.533	300.527	300.52	300.51	300.498	300.491	300.482	300.478	300.474	300.466	300.459	300.45	300.446	300.442	300.431	300.426	300.417	300.407	300.397	300.385	300.371	300.361	300.354	300.346	300.345	300.338	300.331	300.322	300.312	300.3	300.289	300.279	300.269
301.077	301.081	301.083	301.084	301.08	301.079	301.074	301.075	301.079	301.076	301.075	301.068	301.061	301.057	301.051	301.05	301.05	301.048	301.046	301.042	301.036	301.033	301.024	301.021	301.015	301.01	301.008	301.004	300.998	300.986	300.98	300.972	300.965	300.962	300.956	300.946	300.941	300.93	300.924	300.918	300.91	300.897	300.887	300.878	300.871	300.863	300.86	300.855	300.849	300.843	300.834	300.827	300.823	300.816	300.815	300.805	300.803	300.798	300.792	300.785	300.778	300.775	300.772	300.768	300.767	300.761	300.756	300.747	300.74	300.732	300.726	300.722	300.719	300.719	300.71	300.71	300.702	300.697	300.689	300.681	300.675	300.667	300.656	300.65	300.636	300.631	300.627	300.623	300.623	300.623	300.622	300.619	300.614	300.606	300.597	300.591	300.579	300.573	300.564	300.56	300.55	300.544	300.54	300.529	300.526	300.519	300.508	300.499	300.487	300.478	300.469	300.46	300.454	300.45	300.441	300.438	300.434	300.424	300.42	300.409	300.398	300.389	300.379	300.367	300.358	300.348	300.342	300.339	300.333	300.327	300.319	300.307	300.296	300.286	300.275	300.265	300.255
301.082	301.084	301.085	301.086	301.084	301.081	301.08	301.08	301.08	301.076	301.078	301.072	301.063	301.058	301.053	301.049	301.048	301.043	301.041	301.043	301.032	301.029	301.025	301.02	301.018	301.012	301.007	301.003	301.002	300.988	300.981	300.972	300.964	300.962	300.954	300.948	300.945	300.933	300.929	300.92	300.912	300.898	300.889	300.881	300.871	300.864	300.858	300.848	300.843	300.836	300.827	300.821	300.815	300.809	300.803	300.803	300.792	300.79	300.781	300.773	300.771	300.767	300.767	300.763	300.759	300.757	300.748	300.743	300.735	300.728	300.721	300.717	300.713	300.711	300.703	300.702	300.696	300.689	300.683	300.676	300.668	300.661	300.647	300.638	300.626	300.62	300.614	300.611	300.611	300.612	300.611	300.612	300.603	300.593	300.587	300.576	300.57	300.563	300.554	300.548	300.542	300.531	300.527	300.519	300.513	300.509	300.497	300.487	300.475	300.467	300.459	300.445	300.441	300.437	300.431	300.427	300.423	300.412	300.407	300.396	300.387	300.376	300.363	300.356	300.347	300.339	300.332	300.329	300.318	300.312	300.305	300.293	300.284	300.275	300.264	300.255	300.247
301.078	301.091	301.084	301.087	301.088	301.083	301.082	301.081	301.079	301.077	301.074	301.072	301.067	301.063	301.058	301.053	301.048	301.044	301.038	301.039	301.032	301.029	301.023	301.019	301.017	301.014	301.005	301.003	300.998	300.992	300.982	300.974	300.964	300.961	300.955	300.949	300.949	300.939	300.935	300.921	300.915	300.902	300.892	300.889	300.877	300.87	300.857	300.846	300.833	300.828	300.821	300.815	300.813	300.807	300.797	300.802	300.784	300.781	300.773	300.768	300.765	300.764	300.761	300.759	300.752	300.748	300.741	300.738	300.731	300.722	300.716	300.71	300.704	300.7	300.696	300.69	300.686	300.683	300.676	300.671	300.662	300.653	300.639	300.627	300.617	300.612	300.606	300.602	300.6	300.602	300.6	300.599	300.592	300.58	300.572	300.567	300.559	300.553	300.544	300.537	300.53	300.52	300.513	300.507	300.499	300.492	300.483	300.471	300.462	300.455	300.445	300.44	300.432	300.424	300.417	300.411	300.405	300.401	300.394	300.383	300.376	300.362	300.354	300.346	300.338	300.329	300.321	300.314	300.305	300.297	300.288	300.281	300.272	300.264	300.251	300.245	300.234
301.069	301.094	301.086	301.09	301.089	301.085	301.084	301.084	301.08	301.081	301.076	301.069	301.068	301.059	301.058	301.054	301.045	301.045	301.038	301.035	301.031	301.026	301.022	301.02	301.014	301.008	301.005	301.003	300.995	300.992	300.983	300.975	300.964	300.954	300.95	300.947	300.944	300.939	300.934	300.926	300.917	300.902	300.893	300.892	300.884	300.874	300.855	300.846	300.829	300.816	300.81	300.804	300.799	300.802	300.793	300.793	300.777	300.777	300.768	300.762	300.76	300.758	300.756	300.752	300.748	300.74	300.737	300.73	300.723	300.719	300.714	300.707	300.7	300.69	300.688	300.679	300.679	300.673	300.667	300.662	300.656	300.64	300.637	300.625	300.614	300.606	300.601	300.598	300.593	300.591	300.594	300.584	300.579	300.56	300.553	300.552	300.546	300.535	300.534	300.523	300.518	300.517	300.504	300.498	300.49	300.482	300.472	300.462	300.455	300.448	300.434	300.425	300.414	300.408	300.401	300.392	300.388	300.385	300.376	300.367	300.361	300.35	300.342	300.334	300.323	300.318	300.309	300.301	300.293	300.28	300.272	300.264	300.256	300.247	300.237	300.232	300.218
301.085	301.092	301.087	301.092	301.092	301.093	301.095	301.093	301.084	301.077	301.082	301.072	301.072	301.062	301.058	301.055	301.049	301.047	301.041	301.041	301.034	301.029	301.026	301.02	301.016	301.011	301.005	301.001	301	300.997	300.98	300.976	300.967	300.959	300.955	300.951	300.951	300.942	300.931	300.92	300.915	300.91	300.906	300.898	300.883	300.878	300.866	300.845	300.834	300.819	300.81	300.803	300.797	300.797	300.791	300.786	300.777	300.769	300.762	300.76	300.758	300.756	300.753	300.745	300.747	300.733	300.729	300.722	300.718	300.715	300.709	300.699	300.697	300.681	300.682	300.674	300.671	300.666	300.66	300.653	300.645	300.638	300.629	300.614	300.612	300.607	300.599	300.591	300.589	300.583	300.585	300.576	300.563	300.557	300.548	300.537	300.528	300.522	300.519	300.515	300.51	300.502	300.492	300.486	300.476	300.465	300.458	300.45	300.442	300.434	300.426	300.415	300.403	300.392	300.382	300.374	300.373	300.365	300.366	300.355	300.343	300.335	300.328	300.32	300.313	300.304	300.296	300.289	300.278	300.267	300.261	300.25	300.243	300.238	300.226	300.223	300.212
301.1	301.088	301.096	301.096	301.095	301.095	301.089	301.088	301.096	301.085	301.088	301.07	301.068	301.064	301.058	301.054	301.051	301.048	301.043	301.044	301.034	301.032	301.026	301.017	301.013	301.012	301.007	301.005	300.997	300.992	300.983	300.974	300.962	300.955	300.948	300.938	300.938	300.931	300.933	300.924	300.914	300.903	300.892	300.89	300.885	300.874	300.865	300.841	300.832	300.818	300.806	300.801	300.797	300.791	300.79	300.784	300.772	300.764	300.758	300.757	300.752	300.748	300.747	300.737	300.738	300.726	300.721	300.717	300.712	300.706	300.702	300.697	300.691	300.681	300.676	300.667	300.66	300.656	300.65	300.644	300.634	300.633	300.622	300.617	300.61	300.602	300.593	300.584	300.58	300.576	300.564	300.564	300.548	300.54	300.532	300.526	300.521	300.517	300.506	300.503	300.498	300.489	300.485	300.473	300.464	300.456	300.447	300.442	300.439	300.432	300.418	300.4	300.387	300.377	300.367	300.36	300.357	300.349	300.348	300.337	300.33	300.321	300.31	300.303	300.298	300.289	300.285	300.273	300.264	300.253	300.244	300.234	300.228	300.223	300.211	300.205	300.199
301.084	301.087	301.094	301.091	301.091	301.096	301.095	301.091	301.088	301.075	301.081	301.075	301.07	301.062	301.057	301.052	301.048	301.046	301.044	301.041	301.036	301.028	301.023	301.019	301.013	301.006	301	301.001	300.991	300.985	300.972	300.967	300.957	300.953	300.945	300.939	300.941	300.924	300.917	300.906	300.898	300.892	300.884	300.877	300.873	300.856	300.855	300.846	300.83	300.821	300.81	300.804	300.797	300.79	300.786	300.776	300.768	300.763	300.753	300.748	300.744	300.74	300.738	300.73	300.725	300.719	300.709	300.703	300.697	300.695	300.691	300.686	300.675	300.676	300.664	300.657	300.652	300.641	300.634	300.63	300.622	300.619	300.608	300.609	300.588	300.581	300.576	300.565	300.554	300.552	300.544	300.541	300.534	300.523	300.519	300.512	300.502	300.495	300.489	300.484	300.476	300.466	300.461	300.448	300.44	300.434	300.424	300.422	300.417	300.41	300.4	300.385	300.367	300.354	300.346	300.339	300.334	300.332	300.327	300.319	300.309	300.298	300.29	300.283	300.275	300.265	300.263	300.249	300.249	300.236	300.229	300.222	300.214	300.205	300.201	300.185	300.173
301.088	301.094	301.088	301.096	301.091	301.084	301.083	301.085	301.08	301.083	301.079	301.07	301.067	301.057	301.056	301.052	301.046	301.045	301.041	301.037	301.032	301.025	301.017	301.01	301.004	301.002	300.997	300.988	300.983	300.981	300.964	300.955	300.947	300.939	300.932	300.925	300.922	300.914	300.909	300.901	300.887	300.878	300.871	300.862	300.852	300.851	300.844	300.833	300.825	300.817	300.809	300.799	300.791	300.785	300.776	300.774	300.764	300.755	300.747	300.742	300.737	300.732	300.726	300.725	300.717	300.709	300.706	300.696	300.694	300.689	300.681	300.678	300.672	300.667	300.656	300.647	300.639	300.631	300.624	300.616	300.607	300.608	300.598	300.592	300.584	300.571	300.556	300.544	300.542	300.533	300.528	300.517	300.513	300.509	300.5	300.496	300.487	300.478	300.474	300.459	300.456	300.446	300.439	300.43	300.423	300.416	300.413	300.411	300.4	300.398	300.38	300.368	300.351	300.337	300.327	300.323	300.317	300.315	300.306	300.303	300.29	300.281	300.273	300.265	300.258	300.25	300.245	300.236	300.231	300.222	300.213	300.207	300.196	300.182	300.175	300.156	300.152
301.08	301.095	301.086	301.09	301.089	301.083	301.084	301.084	301.077	301.078	301.072	301.068	301.062	301.056	301.051	301.049	301.044	301.042	301.037	301.036	301.026	301.022	301.018	301.01	301	300.993	300.984	300.981	300.977	300.969	300.957	300.949	300.939	300.931	300.925	300.919	300.911	300.907	300.892	300.887	300.88	300.87	300.864	300.857	300.847	300.845	300.834	300.829	300.821	300.811	300.804	300.797	300.787	300.78	300.769	300.768	300.757	300.75	300.747	300.738	300.73	300.726	300.72	300.715	300.708	300.699	300.694	300.685	300.681	300.678	300.671	300.665	300.659	300.653	300.649	300.636	300.627	300.617	300.611	300.604	300.594	300.588	300.58	300.568	300.559	300.553	300.538	300.531	300.527	300.511	300.511	300.501	300.498	300.49	300.48	300.474	300.466	300.456	300.451	300.439	300.437	300.422	300.416	300.406	300.4	300.395	300.39	300.386	300.375	300.374	300.357	300.343	300.333	300.318	300.309	300.303	300.298	300.297	300.287	300.287	300.272	300.268	300.256	300.245	300.238	300.229	300.222	300.221	300.212	300.209	300.203	300.19	300.177	300.164	300.148	300.136	300.13
301.076	301.095	301.089	301.088	301.084	301.082	301.081	301.079	301.076	301.074	301.068	301.065	301.051	301.047	301.044	301.041	301.04	301.036	301.033	301.033	301.026	301.018	301.013	301.007	300.995	300.986	300.975	300.974	300.969	300.962	300.955	300.946	300.935	300.927	300.913	300.91	300.904	300.901	300.888	300.877	300.87	300.86	300.855	300.849	300.838	300.837	300.83	300.823	300.811	300.801	300.798	300.79	300.78	300.772	300.765	300.76	300.75	300.741	300.737	300.732	300.726	300.722	300.716	300.707	300.703	300.691	300.684	300.675	300.668	300.664	300.658	300.651	300.648	300.644	300.636	300.626	300.617	300.608	300.602	300.593	300.585	300.571	300.565	300.558	300.542	300.537	300.526	300.519	300.512	300.499	300.494	300.484	300.48	300.474	300.463	300.455	300.446	300.44	300.433	300.422	300.418	300.402	300.401	300.39	300.383	300.377	300.369	300.363	300.357	300.349	300.338	300.325	300.312	300.301	300.294	300.289	300.283	300.281	300.272	300.271	300.259	300.252	300.243	300.23	300.222	300.213	300.207	300.208	300.198	300.194	300.182	300.171	300.156	300.139	300.123	300.112	300.103
301.079	301.099	301.085	301.086	301.083	301.079	301.076	301.074	301.074	301.069	301.065	301.058	301.043	301.041	301.037	301.035	301.034	301.033	301.034	301.03	301.025	301.018	301.011	301.004	300.989	300.978	300.97	300.966	300.966	300.959	300.954	300.938	300.928	300.921	300.907	300.905	300.9	300.894	300.891	300.874	300.863	300.852	300.844	300.837	300.833	300.83	300.825	300.815	300.803	300.797	300.793	300.786	300.775	300.766	300.762	300.753	300.746	300.737	300.728	300.723	300.717	300.711	300.709	300.699	300.695	300.683	300.674	300.668	300.66	300.652	300.646	300.64	300.637	300.632	300.624	300.616	300.608	300.601	300.591	300.58	300.57	300.561	300.547	300.541	300.524	300.518	300.508	300.501	300.493	300.487	300.478	300.471	300.467	300.458	300.45	300.441	300.432	300.426	300.415	300.404	300.4	300.387	300.384	300.373	300.365	300.357	300.347	300.342	300.337	300.326	300.319	300.306	300.297	300.285	300.281	300.275	300.27	300.266	300.26	300.255	300.245	300.235	300.223	300.214	300.205	300.198	300.192	300.184	300.185	300.174	300.165	300.152	300.136	300.117	300.103	300.093	300.081
301.075	301.103	301.079	301.085	301.079	301.074	301.071	301.068	301.066	301.064	301.061	301.051	301.042	301.038	301.03	301.027	301.027	301.025	301.032	301.024	301.021	301.015	301.009	301.003	300.987	300.979	300.975	300.967	300.968	300.955	300.947	300.933	300.918	300.909	300.899	300.896	300.896	300.885	300.882	300.868	300.857	300.846	300.838	300.831	300.828	300.823	300.818	300.81	300.799	300.792	300.781	300.774	300.77	300.759	300.755	300.748	300.738	300.732	300.721	300.715	300.709	300.702	300.7	300.692	300.683	300.673	300.663	300.656	300.649	300.64	300.635	300.628	300.624	300.618	300.613	300.606	300.595	300.584	300.572	300.562	300.549	300.544	300.529	300.519	300.512	300.503	300.497	300.488	300.48	300.473	300.464	300.462	300.453	300.442	300.435	300.425	300.415	300.408	300.395	300.386	300.384	300.372	300.363	300.351	300.344	300.336	300.329	300.322	300.316	300.307	300.297	300.285	300.279	300.271	300.265	300.261	300.255	300.25	300.247	300.238	300.233	300.22	300.21	300.195	300.183	300.171	300.167	300.156	300.161	300.148	300.14	300.127	300.109	300.096	300.082	300.07	300.063
301.052	301.1	301.079	301.078	301.071	301.066	301.065	301.062	301.061	301.063	301.059	301.049	301.039	301.031	301.026	301.023	301.022	301.02	301.024	301.019	301.02	301.009	301.002	300.997	300.989	300.98	300.978	300.966	300.97	300.952	300.944	300.928	300.909	300.899	300.891	300.88	300.885	300.882	300.868	300.862	300.851	300.839	300.831	300.824	300.821	300.815	300.812	300.804	300.788	300.78	300.772	300.764	300.759	300.751	300.748	300.742	300.728	300.725	300.715	300.706	300.701	300.696	300.692	300.681	300.675	300.665	300.655	300.646	300.637	300.63	300.622	300.619	300.615	300.609	300.602	300.592	300.585	300.57	300.558	300.549	300.534	300.527	300.516	300.506	300.501	300.49	300.484	300.476	300.465	300.459	300.453	300.445	300.432	300.427	300.416	300.405	300.398	300.389	300.381	300.374	300.364	300.359	300.348	300.341	300.331	300.322	300.316	300.31	300.298	300.29	300.278	300.27	300.262	300.253	300.247	300.244	300.239	300.231	300.232	300.219	300.214	300.204	300.193	300.175	300.161	300.148	300.142	300.135	300.133	300.121	300.115	300.098	300.085	300.072	300.059	300.046	300.039
301.074	301.089	301.07	301.068	301.07	301.067	301.062	301.061	301.063	301.059	301.051	301.047	301.037	301.033	301.025	301.018	301.02	301.023	301.021	301.014	301.015	301.009	301.001	300.991	300.985	300.982	300.975	300.967	300.962	300.949	300.935	300.921	300.909	300.901	300.898	300.888	300.877	300.875	300.863	300.857	300.845	300.834	300.827	300.82	300.813	300.812	300.802	300.796	300.784	300.778	300.769	300.756	300.749	300.747	300.737	300.73	300.723	300.714	300.707	300.7	300.694	300.687	300.677	300.674	300.67	300.654	300.647	300.637	300.628	300.62	300.612	300.607	300.603	300.597	300.593	300.574	300.572	300.56	300.545	300.536	300.524	300.513	300.506	300.494	300.485	300.476	300.468	300.461	300.454	300.449	300.438	300.432	300.42	300.413	300.399	300.391	300.384	300.372	300.363	300.356	300.345	300.346	300.329	300.321	300.311	300.302	300.294	300.286	300.284	300.273	300.26	300.255	300.241	300.236	300.231	300.223	300.221	300.21	300.206	300.199	300.191	300.182	300.169	300.152	300.141	300.128	300.117	300.111	300.104	300.094	300.087	300.072	300.06	300.05	300.035	300.029	300.018
301.09	301.078	301.072	301.067	301.061	301.059	301.06	301.061	301.059	301.056	301.057	301.05	301.036	301.027	301.023	301.018	301.018	301.019	301.012	301.016	301.002	300.994	300.99	300.981	300.977	300.974	300.966	300.968	300.945	300.942	300.928	300.914	300.905	300.888	300.876	300.878	300.867	300.862	300.856	300.846	300.838	300.83	300.822	300.813	300.805	300.801	300.791	300.783	300.777	300.763	300.756	300.749	300.741	300.737	300.727	300.722	300.716	300.704	300.699	300.691	300.682	300.677	300.671	300.663	300.657	300.646	300.638	300.63	300.621	300.613	300.608	300.601	300.596	300.583	300.585	300.571	300.554	300.545	300.537	300.526	300.515	300.507	300.499	300.485	300.477	300.471	300.463	300.451	300.441	300.43	300.418	300.419	300.403	300.392	300.385	300.375	300.367	300.358	300.348	300.344	300.333	300.324	300.31	300.306	300.297	300.29	300.283	300.272	300.268	300.259	300.249	300.242	300.228	300.222	300.211	300.197	300.198	300.189	300.179	300.169	300.156	300.147	300.139	300.129	300.12	300.111	300.098	300.081	300.07	300.058	300.044	300.033	300.024	300.014	300.005	300.002	299.983
301.072	301.066	301.066	301.062	301.058	301.058	301.059	301.06	301.056	301.058	301.05	301.039	301.035	301.028	301.022	301.017	301.014	301.013	301.005	301.007	301	300.99	300.981	300.975	300.972	300.968	300.954	300.956	300.941	300.934	300.92	300.907	300.898	300.892	300.884	300.872	300.86	300.854	300.844	300.835	300.829	300.82	300.812	300.807	300.798	300.79	300.79	300.774	300.769	300.761	300.753	300.745	300.735	300.725	300.721	300.712	300.703	300.697	300.688	300.679	300.671	300.665	300.656	300.65	300.642	300.638	300.626	300.619	300.61	300.602	300.594	300.588	300.587	300.577	300.558	300.556	300.543	300.532	300.521	300.508	300.499	300.491	300.48	300.473	300.464	300.451	300.441	300.432	300.423	300.417	300.408	300.397	300.386	300.376	300.369	300.357	300.347	300.341	300.328	300.319	300.309	300.3	300.293	300.284	300.273	300.264	300.258	300.254	300.247	300.242	300.228	300.219	300.208	300.2	300.189	300.178	300.164	300.148	300.144	300.131	300.125	300.114	300.105	300.097	300.088	300.077	300.066	300.054	300.039	300.024	300.013	300.002	299.995	299.986	299.978	299.976	299.96
301.072	301.065	301.061	301.051	301.052	301.054	301.053	301.056	301.057	301.051	301.047	301.036	301.031	301.021	301.015	301.008	301.002	301.002	300.999	300.987	300.981	300.973	300.971	300.967	300.962	300.957	300.954	300.944	300.933	300.919	300.909	300.898	300.882	300.874	300.87	300.858	300.855	300.841	300.83	300.825	300.815	300.811	300.804	300.8	300.796	300.782	300.781	300.767	300.76	300.751	300.739	300.731	300.728	300.721	300.711	300.703	300.693	300.688	300.676	300.667	300.658	300.648	300.64	300.64	300.628	300.625	300.615	300.611	300.602	300.594	300.589	300.584	300.566	300.563	300.544	300.538	300.526	300.515	300.504	300.495	300.488	300.475	300.472	300.46	300.454	300.441	300.431	300.42	300.406	300.396	300.386	300.375	300.373	300.354	300.347	300.337	300.327	300.317	300.306	300.3	300.291	300.282	300.272	300.262	300.26	300.252	300.242	300.237	300.225	300.218	300.206	300.195	300.185	300.171	300.156	300.145	300.13	300.12	300.114	300.096	300.091	300.078	300.072	300.066	300.061	300.053	300.039	300.024	300.011	299.994	299.983	299.969	299.961	299.956	299.947	299.94	299.936
301.057	301.053	301.058	301.051	301.052	301.052	301.048	301.052	301.047	301.04	301.041	301.027	301.019	301.011	301.004	301.001	300.994	300.987	300.982	300.981	300.974	300.964	300.962	300.959	300.951	300.944	300.939	300.926	300.92	300.906	300.891	300.891	300.876	300.87	300.864	300.85	300.847	300.831	300.822	300.814	300.799	300.796	300.793	300.786	300.79	300.78	300.776	300.764	300.755	300.744	300.733	300.724	300.717	300.709	300.701	300.696	300.685	300.675	300.67	300.657	300.648	300.637	300.628	300.625	300.614	300.614	300.603	300.597	300.587	300.573	300.566	300.563	300.551	300.545	300.533	300.522	300.508	300.498	300.486	300.476	300.469	300.455	300.459	300.445	300.436	300.424	300.41	300.4	300.39	300.378	300.373	300.358	300.353	300.337	300.332	300.321	300.308	300.298	300.288	300.279	300.268	300.258	300.252	300.242	300.237	300.23	300.22	300.214	300.202	300.187	300.176	300.159	300.15	300.135	300.126	300.112	300.101	300.092	300.079	300.07	300.061	300.05	300.04	300.032	300.022	300.017	300.006	299.995	299.987	299.969	299.959	299.945	299.936	299.929	299.92	299.911	299.905
301.052	301.05	301.051	301.053	301.052	301.054	301.05	301.044	301.039	301.031	301.028	301.014	301.011	301.003	300.987	300.981	300.984	300.979	300.975	300.971	300.962	300.96	300.953	300.946	300.936	300.926	300.919	300.913	300.904	300.897	300.881	300.877	300.867	300.858	300.852	300.84	300.834	300.821	300.811	300.802	300.789	300.783	300.777	300.774	300.776	300.77	300.765	300.754	300.746	300.733	300.724	300.713	300.705	300.699	300.69	300.685	300.675	300.662	300.655	300.643	300.633	300.628	300.619	300.616	300.606	300.601	300.589	300.581	300.578	300.564	300.552	300.546	300.54	300.528	300.513	300.505	300.492	300.483	300.471	300.461	300.455	300.44	300.439	300.426	300.416	300.405	300.391	300.381	300.369	300.358	300.356	300.342	300.337	300.325	300.316	300.304	300.292	300.283	300.27	300.258	300.25	300.238	300.232	300.223	300.218	300.21	300.202	300.191	300.175	300.161	300.145	300.134	300.12	300.108	300.097	300.085	300.072	300.061	300.049	300.043	300.031	300.021	300.013	300.002	299.996	299.99	299.979	299.97	299.96	299.947	299.936	299.926	299.914	299.902	299.892	299.884	299.873
301.044	301.046	301.046	301.05	301.047	301.048	301.046	301.039	301.034	301.027	301.018	301.008	301.001	300.992	300.975	300.972	300.973	300.969	300.964	300.962	300.946	300.946	300.939	300.932	300.928	300.919	300.907	300.906	300.891	300.882	300.87	300.865	300.852	300.841	300.834	300.827	300.818	300.811	300.801	300.789	300.783	300.777	300.77	300.766	300.76	300.754	300.752	300.737	300.732	300.718	300.708	300.7	300.692	300.687	300.678	300.669	300.664	300.649	300.642	300.629	300.623	300.618	300.607	300.604	300.594	300.585	300.576	300.566	300.561	300.553	300.54	300.527	300.519	300.512	300.496	300.488	300.473	300.465	300.455	300.443	300.437	300.423	300.417	300.406	300.395	300.384	300.37	300.359	300.348	300.34	300.337	300.327	300.321	300.31	300.3	300.287	300.274	300.263	300.251	300.239	300.232	300.222	300.214	300.208	300.202	300.192	300.178	300.163	300.147	300.135	300.112	300.102	300.088	300.076	300.071	300.057	300.046	300.036	300.025	300.014	300.001	299.996	299.987	299.978	299.972	299.961	299.952	299.944	299.93	299.923	299.909	299.898	299.891	299.878	299.866	299.857	299.848
301.033	301.036	301.039	301.047	301.044	301.046	301.043	301.038	301.03	301.022	301.011	301.004	300.988	300.979	300.975	300.97	300.96	300.959	300.949	300.951	300.936	300.928	300.92	300.916	300.91	300.909	300.896	300.896	300.88	300.874	300.861	300.849	300.842	300.831	300.822	300.817	300.806	300.801	300.79	300.78	300.774	300.761	300.756	300.75	300.743	300.739	300.736	300.718	300.715	300.704	300.694	300.687	300.676	300.671	300.663	300.653	300.647	300.634	300.626	300.619	300.612	300.604	300.595	300.589	300.577	300.565	300.562	300.545	300.539	300.527	300.523	300.512	300.499	300.495	300.478	300.467	300.455	300.443	300.435	300.422	300.414	300.405	300.393	300.383	300.369	300.36	300.348	300.34	300.333	300.328	300.322	300.312	300.306	300.295	300.284	300.271	300.257	300.242	300.231	300.219	300.209	300.207	300.197	300.185	300.172	300.161	300.149	300.136	300.119	300.108	300.084	300.075	300.057	300.048	300.042	300.032	300.021	300.009	299.998	299.988	299.975	299.968	299.959	299.949	299.947	299.932	299.928	299.921	299.905	299.901	299.883	299.874	299.862	299.851	299.841	299.832	299.824
301.024	301.023	301.03	301.035	301.039	301.044	301.037	301.033	301.025	301.018	301.01	301	300.993	300.982	300.972	300.961	300.951	300.954	300.934	300.929	300.915	300.906	300.903	300.901	300.892	300.891	300.887	300.881	300.873	300.864	300.852	300.834	300.823	300.811	300.805	300.802	300.795	300.789	300.78	300.769	300.759	300.752	300.745	300.734	300.726	300.717	300.708	300.699	300.691	300.685	300.675	300.671	300.66	300.652	300.647	300.637	300.631	300.621	300.616	300.607	300.596	300.586	300.585	300.573	300.559	300.545	300.535	300.525	300.529	300.511	300.504	300.491	300.481	300.471	300.458	300.447	300.441	300.426	300.416	300.405	300.395	300.388	300.371	300.361	300.35	300.34	300.331	300.326	300.319	300.31	300.303	300.296	300.286	300.277	300.269	300.25	300.236	300.222	300.209	300.2	300.182	300.183	300.166	300.158	300.146	300.133	300.121	300.111	300.09	300.08	300.066	300.049	300.036	300.025	300.014	300.001	299.993	299.982	299.972	299.966	299.952	299.941	299.933	299.927	299.921	299.915	299.907	299.894	299.885	299.872	299.861	299.851	299.837	299.826	299.816	299.805	299.794
301.013	301.017	301.022	301.027	301.033	301.033	301.026	301.023	301.014	301.008	301.006	300.983	300.986	300.972	300.966	300.96	300.949	300.939	300.932	300.916	300.905	300.894	300.888	300.887	300.882	300.884	300.879	300.874	300.863	300.849	300.84	300.833	300.815	300.803	300.795	300.787	300.786	300.781	300.77	300.762	300.748	300.737	300.729	300.713	300.713	300.697	300.692	300.686	300.676	300.669	300.662	300.652	300.645	300.636	300.626	300.62	300.616	300.608	300.597	300.587	300.579	300.569	300.56	300.552	300.533	300.524	300.515	300.505	300.499	300.49	300.479	300.471	300.457	300.446	300.438	300.428	300.418	300.406	300.396	300.386	300.376	300.368	300.355	300.343	300.329	300.317	300.309	300.304	300.302	300.296	300.289	300.279	300.268	300.256	300.248	300.23	300.221	300.204	300.186	300.17	300.157	300.147	300.131	300.118	300.108	300.096	300.081	300.074	300.066	300.053	300.038	300.022	300.009	299.997	299.986	299.974	299.966	299.959	299.948	299.939	299.928	299.916	299.909	299.901	299.894	299.89	299.884	299.869	299.864	299.85	299.837	299.829	299.814	299.808	299.792	299.778	299.766
301.008	301.009	301.012	301.018	301.022	301.025	301.016	301.013	301.003	300.994	300.994	300.983	300.981	300.963	300.952	300.946	300.936	300.921	300.922	300.899	300.891	300.881	300.874	300.875	300.876	300.869	300.864	300.861	300.857	300.842	300.827	300.81	300.793	300.785	300.78	300.773	300.768	300.766	300.754	300.748	300.736	300.725	300.718	300.702	300.695	300.678	300.67	300.661	300.651	300.65	300.645	300.637	300.629	300.619	300.611	300.604	300.595	300.586	300.574	300.563	300.554	300.546	300.535	300.535	300.519	300.501	300.495	300.49	300.476	300.476	300.46	300.45	300.438	300.426	300.416	300.403	300.397	300.391	300.38	300.37	300.36	300.35	300.339	300.324	300.311	300.303	300.294	300.287	300.282	300.279	300.268	300.258	300.249	300.237	300.228	300.211	300.195	300.179	300.163	300.147	300.133	300.12	300.112	300.091	300.072	300.061	300.054	300.043	300.04	300.028	300.017	300.005	299.989	299.973	299.963	299.952	299.94	299.931	299.923	299.908	299.902	299.89	299.88	299.877	299.871	299.863	299.86	299.846	299.833	299.821	299.812	299.802	299.787	299.775	299.757	299.75	299.736
301.001	301	301.004	301.009	301.006	301.013	301.001	300.997	300.989	300.985	300.975	300.966	300.955	300.948	300.933	300.922	300.92	300.918	300.9	300.889	300.879	300.873	300.868	300.865	300.86	300.858	300.855	300.846	300.834	300.824	300.817	300.804	300.792	300.774	300.767	300.765	300.756	300.757	300.744	300.736	300.724	300.71	300.697	300.684	300.675	300.665	300.657	300.651	300.644	300.637	300.626	300.621	300.611	300.602	300.594	300.581	300.573	300.561	300.55	300.535	300.526	300.521	300.518	300.495	300.494	300.478	300.468	300.462	300.452	300.452	300.433	300.428	300.417	300.404	300.393	300.385	300.373	300.364	300.354	300.344	300.337	300.325	300.313	300.298	300.287	300.276	300.268	300.265	300.261	300.258	300.248	300.238	300.227	300.214	300.197	300.188	300.165	300.151	300.133	300.114	300.108	300.096	300.07	300.056	300.043	300.03	300.019	300.008	300.003	299.994	299.985	299.972	299.958	299.951	299.933	299.924	299.914	299.903	299.894	299.882	299.872	299.863	299.851	299.845	299.839	299.832	299.825	299.821	299.81	299.8	299.784	299.77	299.756	299.743	299.723	299.715	299.701
300.977	300.981	300.986	300.992	300.987	300.991	300.986	300.974	300.969	300.963	300.96	300.958	300.932	300.924	300.913	300.903	300.897	300.888	300.879	300.877	300.864	300.856	300.853	300.848	300.844	300.837	300.832	300.831	300.823	300.809	300.801	300.779	300.772	300.755	300.75	300.748	300.738	300.739	300.726	300.718	300.706	300.692	300.68	300.671	300.658	300.647	300.638	300.63	300.622	300.615	300.61	300.601	300.589	300.577	300.569	300.556	300.552	300.532	300.518	300.508	300.498	300.486	300.488	300.469	300.465	300.451	300.444	300.439	300.431	300.427	300.417	300.407	300.393	300.379	300.369	300.36	300.35	300.343	300.333	300.321	300.309	300.298	300.288	300.274	300.267	300.259	300.25	300.246	300.238	300.23	300.222	300.211	300.2	300.189	300.168	300.152	300.133	300.116	300.102	300.087	300.078	300.066	300.049	300.034	300.018	300.001	299.99	299.982	299.974	299.962	299.956	299.945	299.933	299.928	299.909	299.898	299.887	299.875	299.864	299.857	299.846	299.836	299.828	299.816	299.809	299.804	299.792	299.783	299.771	299.758	299.743	299.73	299.714	299.702	299.69	299.676	299.663
300.963	300.965	300.967	300.968	300.969	300.964	300.957	300.954	300.947	300.943	300.937	300.931	300.919	300.902	300.89	300.879	300.877	300.871	300.869	300.859	300.851	300.85	300.845	300.833	300.831	300.823	300.812	300.808	300.801	300.787	300.788	300.77	300.76	300.747	300.74	300.733	300.726	300.725	300.713	300.701	300.688	300.674	300.664	300.654	300.642	300.635	300.625	300.62	300.612	300.602	300.589	300.577	300.563	300.554	300.544	300.534	300.522	300.512	300.495	300.484	300.472	300.46	300.455	300.442	300.429	300.419	300.415	300.41	300.404	300.398	300.389	300.375	300.362	300.353	300.343	300.332	300.324	300.314	300.304	300.292	300.284	300.276	300.264	300.251	300.244	300.242	300.235	300.223	300.216	300.206	300.198	300.183	300.168	300.153	300.136	300.117	300.101	300.085	300.069	300.058	300.044	300.033	300.021	300.004	299.991	299.976	299.964	299.948	299.94	299.927	299.92	299.915	299.905	299.896	299.886	299.873	299.862	299.85	299.841	299.831	299.823	299.807	299.797	299.784	299.769	299.753	299.744	299.738	299.728	299.716	299.706	299.693	299.677	299.664	299.653	299.639	299.624
300.938	300.951	300.951	300.952	300.951	300.941	300.936	300.93	300.924	300.915	300.914	300.899	300.894	300.881	300.867	300.859	300.854	300.85	300.849	300.84	300.841	300.837	300.828	300.821	300.808	300.806	300.797	300.792	300.783	300.771	300.767	300.751	300.741	300.73	300.722	300.716	300.712	300.703	300.692	300.68	300.666	300.656	300.644	300.634	300.628	300.621	300.613	300.607	300.596	300.583	300.568	300.554	300.542	300.525	300.512	300.509	300.49	300.482	300.468	300.457	300.447	300.439	300.423	300.413	300.399	300.394	300.387	300.38	300.375	300.366	300.355	300.345	300.333	300.322	300.311	300.301	300.294	300.282	300.273	300.266	300.256	300.249	300.238	300.232	300.222	300.216	300.21	300.198	300.192	300.174	300.16	300.147	300.131	300.116	300.106	300.086	300.074	300.056	300.038	300.024	300.015	300.004	299.989	299.98	299.967	299.949	299.936	299.922	299.913	299.9	299.888	299.882	299.878	299.869	299.861	299.848	299.834	299.823	299.814	299.801	299.796	299.777	299.76	299.744	299.727	299.711	299.703	299.692	299.682	299.675	299.665	299.651	299.637	299.625	299.612	299.599	299.586
300.916	300.926	300.923	300.929	300.927	300.918	300.912	300.906	300.904	300.894	300.891	300.876	300.868	300.854	300.843	300.837	300.833	300.829	300.826	300.82	300.821	300.81	300.803	300.808	300.789	300.786	300.782	300.769	300.766	300.755	300.744	300.733	300.725	300.716	300.708	300.701	300.695	300.681	300.672	300.66	300.646	300.637	300.629	300.618	300.614	300.605	300.594	300.587	300.57	300.557	300.545	300.527	300.515	300.506	300.486	300.484	300.466	300.458	300.447	300.43	300.416	300.408	300.393	300.387	300.37	300.363	300.357	300.347	300.342	300.332	300.322	300.312	300.302	300.292	300.281	300.271	300.264	300.253	300.246	300.237	300.229	300.223	300.212	300.211	300.201	300.191	300.181	300.163	300.152	300.137	300.122	300.109	300.095	300.081	300.071	300.053	300.04	300.022	300.009	299.997	299.982	299.973	299.958	299.95	299.939	299.923	299.91	299.896	299.885	299.87	299.862	299.856	299.85	299.841	299.83	299.818	299.807	299.79	299.776	299.757	299.748	299.734	299.719	299.705	299.689	299.677	299.663	299.651	299.641	299.631	299.622	299.608	299.599	299.587	299.575	299.568	299.554
300.895	300.895	300.897	300.907	300.902	300.899	300.889	300.886	300.886	300.869	300.863	300.853	300.839	300.831	300.822	300.814	300.812	300.807	300.802	300.796	300.792	300.788	300.78	300.776	300.762	300.762	300.755	300.745	300.745	300.732	300.723	300.716	300.709	300.699	300.694	300.682	300.671	300.661	300.649	300.638	300.629	300.619	300.611	300.602	300.588	300.58	300.567	300.558	300.54	300.529	300.512	300.496	300.482	300.475	300.46	300.45	300.446	300.433	300.422	300.411	300.395	300.379	300.367	300.359	300.344	300.335	300.326	300.319	300.31	300.3	300.292	300.281	300.268	300.259	300.251	300.242	300.237	300.226	300.218	300.21	300.2	300.196	300.182	300.175	300.162	300.153	300.144	300.129	300.115	300.101	300.089	300.077	300.065	300.051	300.038	300.022	300.005	299.989	299.978	299.968	299.951	299.943	299.931	299.921	299.911	299.897	299.885	299.868	299.848	299.838	299.833	299.824	299.816	299.807	299.794	299.781	299.765	299.745	299.734	299.715	299.698	299.686	299.675	299.663	299.649	299.638	299.625	299.613	299.6	299.59	299.584	299.57	299.558	299.549	299.541	299.536	299.525
300.871	300.87	300.871	300.879	300.874	300.881	300.866	300.86	300.855	300.85	300.837	300.826	300.815	300.808	300.803	300.791	300.791	300.776	300.772	300.765	300.759	300.76	300.751	300.742	300.741	300.738	300.734	300.729	300.721	300.709	300.702	300.693	300.684	300.678	300.672	300.66	300.648	300.639	300.63	300.617	300.613	300.598	300.589	300.576	300.56	300.549	300.535	300.519	300.511	300.496	300.481	300.473	300.452	300.444	300.428	300.419	300.414	300.409	300.395	300.385	300.37	300.356	300.343	300.329	300.322	300.311	300.301	300.291	300.279	300.27	300.263	300.253	300.243	300.232	300.223	300.214	300.211	300.201	300.195	300.185	300.171	300.157	300.152	300.14	300.131	300.119	300.106	300.094	300.084	300.068	300.055	300.042	300.029	300.019	300.003	299.992	299.974	299.956	299.944	299.935	299.926	299.916	299.907	299.894	299.882	299.872	299.855	299.839	299.829	299.817	299.805	299.796	299.776	299.764	299.746	299.732	299.717	299.705	299.69	299.675	299.66	299.647	299.635	299.621	299.609	299.6	299.589	299.578	299.565	299.552	299.541	299.532	299.521	299.512	299.508	299.501	299.499
300.848	300.846	300.845	300.852	300.846	300.848	300.845	300.836	300.827	300.816	300.809	300.8	300.787	300.78	300.774	300.767	300.77	300.753	300.748	300.74	300.73	300.724	300.723	300.721	300.717	300.712	300.704	300.703	300.695	300.69	300.682	300.673	300.668	300.664	300.65	300.642	300.628	300.618	300.608	300.601	300.589	300.572	300.558	300.545	300.528	300.515	300.508	300.489	300.484	300.468	300.448	300.44	300.422	300.411	300.402	300.394	300.385	300.377	300.368	300.356	300.341	300.33	300.318	300.304	300.303	300.282	300.272	300.262	300.251	300.242	300.231	300.223	300.212	300.205	300.196	300.184	300.17	300.162	300.151	300.143	300.133	300.119	300.117	300.097	300.087	300.077	300.068	300.058	300.047	300.032	300.021	300.01	299.997	299.985	299.972	299.957	299.944	299.932	299.92	299.908	299.899	299.883	299.875	299.863	299.849	299.839	299.827	299.809	299.797	299.776	299.764	299.754	299.732	299.716	299.703	299.69	299.675	299.664	299.651	299.63	299.616	299.6	299.583	299.576	299.566	299.56	299.552	299.539	299.527	299.52	299.509	299.497	299.487	299.478	299.475	299.473	299.471
300.818	300.814	300.81	300.817	300.828	300.81	300.807	300.801	300.794	300.785	300.77	300.768	300.762	300.757	300.752	300.743	300.734	300.728	300.717	300.708	300.704	300.7	300.698	300.692	300.687	300.688	300.686	300.679	300.671	300.662	300.655	300.65	300.644	300.636	300.627	300.62	300.606	300.591	300.582	300.572	300.56	300.55	300.532	300.516	300.504	300.483	300.473	300.454	300.44	300.428	300.416	300.403	300.397	300.382	300.37	300.362	300.354	300.345	300.336	300.329	300.316	300.303	300.293	300.284	300.276	300.259	300.253	300.241	300.225	300.216	300.204	300.192	300.179	300.171	300.16	300.15	300.134	300.138	300.121	300.109	300.101	300.087	300.078	300.068	300.056	300.046	300.034	300.024	300.015	300.004	299.99	299.976	299.963	299.95	299.943	299.934	299.917	299.905	299.891	299.875	299.869	299.86	299.849	299.838	299.824	299.809	299.802	299.779	299.758	299.744	299.729	299.705	299.692	299.681	299.669	299.66	299.643	299.624	299.615	299.595	299.577	299.563	299.549	299.54	299.528	299.519	299.516	299.506	299.494	299.482	299.47	299.46	299.45	299.443	299.44	299.439	299.435
300.785	300.783	300.78	300.775	300.776	300.778	300.773	300.763	300.753	300.75	300.741	300.733	300.724	300.716	300.714	300.713	300.703	300.706	300.697	300.691	300.684	300.672	300.669	300.669	300.664	300.66	300.655	300.648	300.651	300.64	300.634	300.627	300.619	300.614	300.614	300.597	300.585	300.568	300.553	300.55	300.533	300.519	300.5	300.485	300.474	300.458	300.442	300.431	300.41	300.395	300.381	300.365	300.359	300.349	300.342	300.333	300.324	300.318	300.306	300.297	300.29	300.279	300.269	300.258	300.246	300.234	300.221	300.21	300.199	300.186	300.165	300.149	300.141	300.131	300.12	300.11	300.101	300.092	300.084	300.076	300.065	300.052	300.042	300.031	300.02	300.01	299.999	299.993	299.981	299.97	299.955	299.946	299.934	299.923	299.907	299.897	299.885	299.872	299.861	299.85	299.834	299.824	299.813	299.803	299.789	299.774	299.748	299.736	299.716	299.699	299.681	299.662	299.655	299.641	299.626	299.62	299.612	299.599	299.585	299.562	299.54	299.521	299.505	299.494	299.491	299.484	299.472	299.464	299.453	299.442	299.434	299.426	299.416	299.406	299.403	299.4	299.397
300.749	300.748	300.748	300.745	300.746	300.739	300.735	300.726	300.72	300.711	300.703	300.696	300.692	300.686	300.681	300.68	300.677	300.673	300.667	300.661	300.658	300.652	300.647	300.641	300.638	300.636	300.632	300.628	300.624	300.614	300.61	300.602	300.59	300.58	300.579	300.559	300.551	300.541	300.524	300.518	300.5	300.487	300.477	300.459	300.441	300.432	300.409	300.394	300.374	300.354	300.339	300.328	300.326	300.313	300.312	300.301	300.289	300.281	300.276	300.267	300.257	300.248	300.238	300.227	300.217	300.206	300.192	300.179	300.167	300.145	300.135	300.113	300.103	300.093	300.082	300.07	300.068	300.058	300.055	300.043	300.03	300.02	300.01	299.997	299.989	299.98	299.968	299.958	299.947	299.938	299.927	299.913	299.899	299.887	299.88	299.865	299.856	299.842	299.826	299.816	299.802	299.792	299.78	299.765	299.748	299.732	299.715	299.702	299.681	299.662	299.645	299.629	299.614	299.602	299.598	299.588	299.573	299.562	299.544	299.528	299.507	299.491	299.476	299.463	299.453	299.448	299.439	299.429	299.421	299.409	299.4	299.385	299.375	299.37	299.362	299.352	299.343
300.728	300.723	300.717	300.711	300.716	300.707	300.699	300.691	300.682	300.674	300.673	300.66	300.654	300.65	300.648	300.645	300.652	300.648	300.644	300.637	300.633	300.629	300.627	300.618	300.616	300.611	300.606	300.604	300.595	300.598	300.584	300.57	300.559	300.546	300.54	300.528	300.516	300.505	300.496	300.483	300.472	300.453	300.442	300.427	300.41	300.4	300.38	300.363	300.343	300.325	300.31	300.297	300.294	300.283	300.278	300.27	300.258	300.252	300.242	300.235	300.228	300.219	300.209	300.199	300.181	300.171	300.151	300.141	300.125	300.111	300.105	300.083	300.064	300.052	300.042	300.031	300.028	300.018	300.012	300.005	299.993	299.983	299.972	299.963	299.956	299.946	299.933	299.922	299.914	299.901	299.89	299.882	299.87	299.856	299.851	299.835	299.828	299.814	299.798	299.781	299.762	299.74	299.727	299.718	299.703	299.691	299.677	299.657	299.643	299.622	299.603	299.587	299.58	299.564	299.557	299.546	299.531	299.524	299.503	299.488	299.469	299.451	299.44	299.429	299.417	299.414	299.407	299.395	299.379	299.368	299.358	299.345	299.337	299.326	299.316	299.309	299.299
300.691	300.692	300.686	300.683	300.68	300.674	300.669	300.659	300.648	300.641	300.636	300.63	300.622	300.62	300.617	300.618	300.621	300.618	300.617	300.612	300.608	300.602	300.599	300.59	300.584	300.572	300.562	300.565	300.552	300.552	300.537	300.525	300.52	300.506	300.498	300.492	300.477	300.478	300.467	300.45	300.443	300.422	300.403	300.388	300.372	300.357	300.344	300.328	300.308	300.296	300.279	300.27	300.264	300.256	300.246	300.237	300.225	300.216	300.209	300.202	300.193	300.181	300.168	300.157	300.141	300.127	300.117	300.103	300.093	300.083	300.066	300.051	300.033	300.014	300.002	299.993	299.987	299.979	299.972	299.965	299.958	299.949	299.938	299.932	299.923	299.914	299.902	299.888	299.877	299.867	299.853	299.845	299.837	299.824	299.818	299.806	299.794	299.778	299.756	299.735	299.718	299.698	299.68	299.67	299.656	299.641	299.631	299.612	299.597	299.58	299.562	299.548	299.543	299.527	299.516	299.504	299.49	299.478	299.46	299.445	299.429	299.418	299.405	299.391	299.379	299.37	299.357	299.343	299.331	299.319	299.307	299.298	299.289	299.282	299.27	299.26	299.248
300.659	300.658	300.655	300.653	300.648	300.641	300.634	300.626	300.613	300.608	300.6	300.598	300.589	300.581	300.583	300.583	300.585	300.587	300.583	300.583	300.577	300.568	300.561	300.546	300.537	300.525	300.519	300.518	300.507	300.503	300.492	300.481	300.474	300.467	300.458	300.452	300.441	300.439	300.431	300.412	300.405	300.385	300.368	300.352	300.334	300.32	300.309	300.293	300.28	300.267	300.258	300.249	300.241	300.232	300.221	300.213	300.199	300.181	300.169	300.158	300.147	300.134	300.123	300.113	300.103	300.084	300.076	300.065	300.055	300.05	300.03	300.016	300	299.982	299.966	299.957	299.945	299.94	299.931	299.926	299.92	299.913	299.907	299.899	299.889	299.881	299.87	299.855	299.841	299.833	299.82	299.811	299.803	299.793	299.779	299.763	299.745	299.727	299.712	299.691	299.672	299.658	299.64	299.624	299.61	299.594	299.583	299.564	299.547	299.532	299.519	299.507	299.497	299.488	299.477	299.464	299.451	299.436	299.422	299.406	299.385	299.369	299.354	299.336	299.326	299.311	299.299	299.288	299.276	299.269	299.254	299.247	299.236	299.23	299.223	299.209	299.201
300.621	300.624	300.621	300.621	300.619	300.61	300.603	300.591	300.573	300.568	300.557	300.554	300.546	300.544	300.54	300.539	300.538	300.544	300.54	300.536	300.536	300.523	300.521	300.502	300.493	300.482	300.476	300.472	300.468	300.461	300.454	300.441	300.434	300.427	300.42	300.413	300.401	300.392	300.383	300.374	300.361	300.343	300.33	300.314	300.3	300.289	300.277	300.262	300.251	300.242	300.233	300.227	300.218	300.209	300.197	300.186	300.168	300.146	300.133	300.117	300.109	300.097	300.085	300.071	300.065	300.045	300.037	300.024	300.014	300.008	299.996	299.981	299.964	299.952	299.936	299.922	299.908	299.902	299.892	299.884	299.88	299.873	299.871	299.861	299.853	299.842	299.833	299.825	299.811	299.794	299.779	299.766	299.755	299.749	299.728	299.713	299.695	299.679	299.664	299.65	299.628	299.614	299.597	299.583	299.57	299.555	299.537	299.52	299.503	299.486	299.473	299.464	299.45	299.446	299.433	299.42	299.41	299.395	299.372	299.352	299.33	299.312	299.299	299.282	299.272	299.255	299.245	299.235	299.225	299.217	299.207	299.203	299.19	299.184	299.177	299.166	299.16
300.576	300.582	300.586	300.581	300.588	300.571	300.565	300.549	300.53	300.52	300.519	300.512	300.511	300.508	300.503	300.499	300.49	300.49	300.486	300.486	300.484	300.475	300.473	300.463	300.449	300.44	300.431	300.421	300.422	300.409	300.404	300.396	300.39	300.389	300.377	300.369	300.362	300.351	300.338	300.331	300.314	300.301	300.29	300.274	300.26	300.253	300.245	300.234	300.227	300.216	300.209	300.203	300.188	300.18	300.16	300.145	300.129	300.11	300.094	300.08	300.064	300.054	300.045	300.031	300.024	300.008	299.998	299.988	299.977	299.968	299.955	299.94	299.927	299.916	299.902	299.885	299.875	299.862	299.852	299.846	299.843	299.837	299.836	299.823	299.817	299.805	299.792	299.78	299.766	299.74	299.727	299.709	299.695	299.686	299.671	299.658	299.647	299.629	299.613	299.601	299.587	299.572	299.558	299.541	299.526	299.516	299.497	299.478	299.466	299.447	299.433	299.422	299.412	299.405	299.383	299.365	299.353	299.337	299.311	299.297	299.28	299.266	299.25	299.234	299.221	299.202	299.194	299.181	299.17	299.168	299.154	299.152	299.144	299.136	299.128	299.119	299.112
300.531	300.535	300.538	300.542	300.54	300.525	300.513	300.504	300.494	300.483	300.482	300.472	300.474	300.468	300.461	300.463	300.455	300.45	300.446	300.444	300.445	300.444	300.43	300.424	300.404	300.392	300.386	300.376	300.374	300.361	300.359	300.355	300.347	300.341	300.34	300.33	300.32	300.31	300.299	300.285	300.272	300.263	300.242	300.232	300.223	300.215	300.216	300.21	300.199	300.186	300.178	300.166	300.143	300.133	300.118	300.105	300.092	300.077	300.055	300.046	300.025	300.011	300.002	299.992	299.976	299.967	299.956	299.945	299.936	299.926	299.916	299.905	299.888	299.873	299.857	299.844	299.835	299.821	299.813	299.807	299.801	299.797	299.796	299.781	299.764	299.749	299.733	299.715	299.701	299.688	299.668	299.65	299.635	299.623	299.618	299.603	299.588	299.58	299.568	299.553	299.542	299.525	299.51	299.493	299.478	299.463	299.456	299.437	299.423	299.41	299.396	299.381	299.36	299.349	299.329	299.308	299.286	299.268	299.26	299.244	299.225	299.211	299.197	299.181	299.169	299.153	299.142	299.132	299.123	299.117	299.106	299.108	299.098	299.092	299.082	299.071	299.066
300.485	300.486	300.49	300.492	300.488	300.495	300.475	300.461	300.453	300.445	300.45	300.443	300.444	300.439	300.43	300.424	300.414	300.401	300.4	300.394	300.39	300.396	300.384	300.389	300.372	300.356	300.342	300.328	300.32	300.316	300.308	300.304	300.301	300.296	300.29	300.282	300.271	300.262	300.256	300.245	300.232	300.224	300.207	300.199	300.187	300.171	300.171	300.158	300.153	300.142	300.125	300.109	300.102	300.079	300.069	300.056	300.044	300.035	300.017	300.003	299.987	299.971	299.959	299.95	299.938	299.929	299.92	299.91	299.902	299.893	299.876	299.86	299.844	299.829	299.819	299.809	299.79	299.779	299.768	299.758	299.753	299.751	299.737	299.727	299.707	299.688	299.674	299.66	299.641	299.63	299.608	299.596	299.587	299.568	299.556	299.547	299.535	299.528	299.52	299.508	299.496	299.481	299.463	299.45	299.439	299.424	299.413	299.398	299.38	299.363	299.347	299.334	299.323	299.299	299.275	299.252	299.232	299.218	299.205	299.189	299.177	299.164	299.151	299.136	299.124	299.108	299.095	299.084	299.077	299.07	299.063	299.06	299.047	299.04	299.032	299.021	299.019
300.438	300.437	300.442	300.452	300.434	300.435	300.422	300.421	300.419	300.407	300.413	300.406	300.4	300.4	300.394	300.384	300.377	300.359	300.359	300.356	300.353	300.357	300.344	300.338	300.323	300.307	300.298	300.288	300.279	300.271	300.263	300.259	300.257	300.253	300.245	300.24	300.232	300.219	300.207	300.199	300.182	300.175	300.163	300.15	300.137	300.128	300.124	300.106	300.101	300.093	300.076	300.064	300.052	300.03	300.02	300.009	299.999	299.992	299.981	299.962	299.948	299.932	299.918	299.905	299.896	299.88	299.873	299.864	299.856	299.847	299.838	299.823	299.807	299.786	299.761	299.744	299.733	299.722	299.712	299.699	299.69	299.688	299.67	299.663	299.65	299.629	299.611	299.594	299.581	299.572	299.554	299.539	299.523	299.511	299.503	299.491	299.486	299.476	299.465	299.457	299.44	299.432	299.416	299.399	299.382	299.366	299.352	299.336	299.321	299.307	299.293	299.275	299.265	299.243	299.223	299.204	299.185	299.165	299.145	299.137	299.127	299.113	299.097	299.084	299.074	299.06	299.049	299.041	299.033	299.027	299.019	299.011	299.002	298.993	298.982	298.973	298.963
300.391	300.388	300.387	300.396	300.391	300.39	300.379	300.375	300.375	300.37	300.37	300.372	300.367	300.366	300.36	300.345	300.341	300.32	300.311	300.305	300.303	300.303	300.303	300.297	300.284	300.27	300.257	300.241	300.235	300.224	300.221	300.214	300.207	300.202	300.205	300.184	300.174	300.161	300.147	300.136	300.125	300.116	300.103	300.089	300.082	300.074	300.06	300.058	300.046	300.036	300.025	300.013	299.998	299.985	299.969	299.961	299.953	299.942	299.93	299.916	299.902	299.889	299.876	299.862	299.851	299.842	299.834	299.825	299.815	299.805	299.787	299.761	299.744	299.73	299.711	299.696	299.685	299.666	299.661	299.651	299.637	299.627	299.621	299.599	299.583	299.567	299.551	299.535	299.526	299.509	299.498	299.483	299.47	299.457	299.448	299.427	299.427	299.421	299.413	299.409	299.387	299.371	299.354	299.335	299.321	299.307	299.291	299.277	299.265	299.257	299.247	299.232	299.216	299.194	299.174	299.152	299.13	299.114	299.101	299.088	299.075	299.063	299.053	299.043	299.03	299.015	299.003	298.99	298.978	298.969	298.962	298.948	298.939	298.922	298.912	298.909	298.895
300.344	300.343	300.342	300.346	300.339	300.337	300.331	300.328	300.326	300.332	300.328	300.328	300.322	300.319	300.317	300.309	300.295	300.282	300.274	300.269	300.266	300.263	300.259	300.248	300.236	300.224	300.212	300.2	300.195	300.178	300.167	300.16	300.149	300.141	300.139	300.121	300.112	300.098	300.085	300.073	300.065	300.058	300.046	300.034	300.027	300.019	300.005	300.002	299.993	299.985	299.977	299.966	299.949	299.942	299.924	299.913	299.907	299.895	299.885	299.87	299.854	299.841	299.831	299.819	299.808	299.801	299.788	299.776	299.76	299.744	299.723	299.706	299.683	299.67	299.653	299.635	299.625	299.608	299.598	299.588	299.577	299.565	299.558	299.542	299.525	299.509	299.492	299.477	299.471	299.456	299.442	299.431	299.418	299.398	299.389	299.373	299.365	299.356	299.339	299.33	299.312	299.299	299.281	299.262	299.249	299.232	299.221	299.214	299.209	299.2	299.187	299.172	299.161	299.139	299.121	299.104	299.087	299.072	299.054	299.043	299.032	299.021	299.005	298.987	298.977	298.959	298.944	298.934	298.922	298.906	298.897	298.881	298.874	298.86	298.85	298.842	298.833
300.3	300.294	300.292	300.293	300.288	300.282	300.284	300.28	300.281	300.286	300.282	300.283	300.278	300.271	300.266	300.261	300.25	300.242	300.227	300.223	300.22	300.214	300.211	300.204	300.191	300.175	300.155	300.138	300.123	300.112	300.097	300.089	300.08	300.074	300.066	300.062	300.047	300.035	300.023	300.018	300.011	300	299.992	299.983	299.972	299.964	299.957	299.945	299.939	299.933	299.925	299.917	299.899	299.891	299.878	299.868	299.856	299.846	299.839	299.822	299.81	299.798	299.785	299.771	299.758	299.743	299.73	299.715	299.701	299.687	299.664	299.653	299.63	299.616	299.6	299.584	299.571	299.556	299.539	299.53	299.523	299.515	299.5	299.491	299.473	299.457	299.442	299.43	299.42	299.411	299.391	299.376	299.352	299.328	299.316	299.307	299.3	299.293	299.277	299.262	299.242	299.23	299.21	299.193	299.179	299.165	299.16	299.153	299.147	299.142	299.131	299.115	299.105	299.083	299.067	299.051	299.04	299.027	299.013	299.005	298.99	298.966	298.947	298.929	298.917	298.9	298.882	298.871	298.857	298.842	298.832	298.819	298.809	298.797	298.786	298.777	298.769
