300.83	300.837	300.831	300.824	300.819	300.811	300.807	300.806	300.805	300.806	300.808	300.804	300.804	300.801	300.798	300.799	300.798	300.799	300.802	300.804	300.798	300.795	300.791	300.785	300.782	300.783	300.79	300.786	300.792	300.785	300.786	300.781	300.776	300.777	300.774	300.771	300.776	300.769	300.772	300.763	300.758	300.753	300.752	300.748	300.747	300.745	300.743	300.741	300.738	300.738	300.736	300.734	300.731	300.727	300.725	300.724	300.72	300.716	300.716	300.716	300.716	300.718	300.719	300.716	300.714	300.706	300.7	300.695	300.688	300.68	300.677	300.675	300.672	300.669	300.664	300.66	300.656	300.649	300.642	300.638	300.632	300.628	300.627	300.619	300.612	300.604	300.598	300.589	300.587	300.584	300.587	300.586	300.581	300.575	300.574	300.569	300.565	300.556	300.545	300.539	300.531	300.522	300.521	300.517	300.518	300.518	300.517	300.522	300.522	300.524	300.522	300.522	300.517	300.511	300.509	300.504	300.498	300.494	300.493	300.484	300.481	300.472	300.465	300.461	300.453	300.449	300.443	300.436	300.429	300.418	300.411	300.406	300.397	300.387	300.38	300.372	300.368
300.826	300.829	300.824	300.818	300.815	300.808	300.804	300.803	300.804	300.806	300.808	300.809	300.806	300.804	300.803	300.798	300.799	300.8	300.802	300.802	300.795	300.795	300.788	300.782	300.785	300.787	300.786	300.783	300.788	300.782	300.782	300.778	300.774	300.771	300.77	300.768	300.768	300.769	300.762	300.757	300.753	300.749	300.745	300.743	300.74	300.739	300.737	300.737	300.733	300.732	300.73	300.726	300.723	300.72	300.719	300.71	300.714	300.71	300.71	300.711	300.711	300.714	300.715	300.71	300.709	300.701	300.692	300.687	300.681	300.675	300.673	300.669	300.668	300.663	300.657	300.652	300.644	300.637	300.631	300.627	300.626	300.622	300.617	300.61	300.601	300.589	300.581	300.58	300.577	300.579	300.58	300.574	300.573	300.563	300.559	300.554	300.545	300.537	300.533	300.526	300.522	300.514	300.513	300.507	300.506	300.509	300.508	300.51	300.51	300.513	300.506	300.504	300.5	300.493	300.489	300.484	300.481	300.474	300.474	300.467	300.461	300.454	300.447	300.443	300.436	300.43	300.424	300.419	300.412	300.401	300.393	300.387	300.38	300.37	300.365	300.355	300.35
300.822	300.82	300.814	300.815	300.812	300.808	300.805	300.803	300.804	300.807	300.808	300.809	300.807	300.809	300.806	300.802	300.801	300.806	300.802	300.806	300.797	300.793	300.784	300.784	300.788	300.788	300.783	300.784	300.784	300.783	300.777	300.773	300.772	300.769	300.766	300.766	300.761	300.768	300.758	300.755	300.75	300.742	300.74	300.739	300.731	300.732	300.733	300.731	300.726	300.728	300.723	300.719	300.715	300.713	300.713	300.706	300.707	300.703	300.705	300.705	300.706	300.706	300.705	300.705	300.7	300.694	300.683	300.681	300.675	300.668	300.666	300.662	300.662	300.655	300.652	300.644	300.636	300.63	300.624	300.62	300.619	300.616	300.609	300.599	300.586	300.576	300.572	300.572	300.571	300.573	300.57	300.563	300.562	300.552	300.547	300.538	300.528	300.522	300.521	300.516	300.513	300.506	300.502	300.499	300.496	300.498	300.499	300.498	300.495	300.496	300.489	300.488	300.481	300.478	300.474	300.466	300.462	300.457	300.453	300.449	300.441	300.436	300.428	300.423	300.419	300.411	300.406	300.401	300.389	300.386	300.376	300.369	300.361	300.352	300.347	300.34	300.334
300.816	300.821	300.812	300.814	300.807	300.805	300.804	300.802	300.803	300.803	300.807	300.804	300.806	300.801	300.805	300.807	300.809	300.81	300.804	300.809	300.8	300.795	300.792	300.788	300.785	300.786	300.786	300.784	300.776	300.773	300.773	300.768	300.769	300.766	300.761	300.763	300.76	300.761	300.754	300.75	300.743	300.738	300.733	300.73	300.727	300.73	300.725	300.724	300.724	300.72	300.715	300.713	300.711	300.705	300.701	300.703	300.698	300.696	300.698	300.698	300.7	300.701	300.695	300.698	300.685	300.686	300.677	300.671	300.664	300.659	300.658	300.655	300.651	300.647	300.644	300.634	300.63	300.623	300.618	300.615	300.611	300.605	300.602	300.587	300.578	300.574	300.567	300.568	300.569	300.564	300.559	300.558	300.545	300.541	300.534	300.527	300.519	300.515	300.514	300.509	300.509	300.501	300.496	300.493	300.489	300.487	300.487	300.488	300.484	300.484	300.475	300.477	300.468	300.464	300.458	300.449	300.445	300.444	300.441	300.434	300.426	300.418	300.41	300.404	300.398	300.395	300.387	300.383	300.371	300.368	300.359	300.353	300.346	300.337	300.33	300.322	300.315
300.822	300.816	300.806	300.804	300.804	300.804	300.804	300.805	300.807	300.804	300.813	300.803	300.806	300.803	300.805	300.808	300.809	300.815	300.814	300.808	300.803	300.795	300.79	300.788	300.79	300.791	300.783	300.778	300.788	300.775	300.772	300.765	300.76	300.759	300.758	300.757	300.758	300.753	300.751	300.745	300.742	300.738	300.729	300.724	300.727	300.723	300.722	300.724	300.715	300.713	300.712	300.709	300.707	300.707	300.704	300.697	300.693	300.69	300.691	300.69	300.691	300.693	300.686	300.69	300.678	300.678	300.666	300.66	300.655	300.652	300.648	300.641	300.639	300.639	300.631	300.623	300.62	300.612	300.606	300.604	300.596	300.591	300.585	300.572	300.565	300.559	300.557	300.557	300.556	300.552	300.546	300.542	300.529	300.529	300.522	300.517	300.511	300.506	300.504	300.503	300.497	300.492	300.489	300.481	300.477	300.476	300.473	300.47	300.466	300.467	300.459	300.454	300.451	300.444	300.438	300.435	300.43	300.424	300.427	300.416	300.412	300.402	300.396	300.39	300.381	300.378	300.368	300.365	300.356	300.346	300.341	300.333	300.326	300.32	300.314	300.307	300.305
300.818	300.814	300.815	300.806	300.802	300.801	300.801	300.802	300.806	300.802	300.81	300.801	300.801	300.8	300.806	300.81	300.81	300.81	300.81	300.808	300.805	300.796	300.789	300.787	300.783	300.78	300.783	300.777	300.776	300.764	300.764	300.762	300.759	300.758	300.756	300.75	300.751	300.748	300.745	300.738	300.731	300.728	300.725	300.724	300.72	300.717	300.724	300.715	300.708	300.707	300.707	300.704	300.701	300.697	300.696	300.69	300.691	300.681	300.682	300.684	300.683	300.682	300.68	300.677	300.673	300.666	300.657	300.657	300.649	300.642	300.639	300.635	300.633	300.622	300.619	300.611	300.603	300.596	300.591	300.583	300.577	300.574	300.559	300.56	300.556	300.552	300.551	300.545	300.538	300.54	300.531	300.529	300.525	300.519	300.513	300.508	300.502	300.499	300.5	300.496	300.496	300.488	300.484	300.477	300.472	300.466	300.461	300.461	300.457	300.451	300.451	300.441	300.435	300.43	300.422	300.417	300.414	300.41	300.413	300.401	300.399	300.386	300.379	300.373	300.366	300.362	300.354	300.344	300.336	300.329	300.321	300.314	300.307	300.301	300.294	300.286	300.282
300.816	300.807	300.803	300.799	300.799	300.801	300.803	300.805	300.805	300.809	300.807	300.808	300.803	300.801	300.8	300.804	300.809	300.809	300.805	300.806	300.79	300.789	300.784	300.782	300.78	300.775	300.777	300.772	300.768	300.773	300.763	300.755	300.751	300.746	300.744	300.746	300.746	300.741	300.736	300.733	300.732	300.726	300.72	300.717	300.715	300.719	300.713	300.707	300.707	300.7	300.696	300.697	300.7	300.694	300.695	300.687	300.682	300.677	300.675	300.674	300.671	300.671	300.671	300.665	300.663	300.657	300.649	300.642	300.637	300.635	300.632	300.62	300.619	300.612	300.609	300.6	300.592	300.583	300.575	300.567	300.559	300.553	300.547	300.543	300.536	300.534	300.532	300.529	300.527	300.521	300.516	300.515	300.51	300.505	300.504	300.498	300.493	300.49	300.485	300.478	300.484	300.474	300.469	300.463	300.458	300.45	300.445	300.441	300.438	300.433	300.427	300.423	300.415	300.412	300.408	300.401	300.398	300.393	300.391	300.384	300.377	300.371	300.365	300.36	300.351	300.343	300.334	300.33	300.317	300.31	300.3	300.295	300.292	300.286	300.28	300.279	300.268
300.808	300.809	300.801	300.803	300.801	300.798	300.8	300.801	300.8	300.805	300.799	300.801	300.796	300.797	300.802	300.803	300.801	300.801	300.795	300.798	300.785	300.787	300.778	300.773	300.772	300.769	300.764	300.765	300.764	300.758	300.752	300.748	300.746	300.742	300.739	300.739	300.733	300.735	300.73	300.723	300.721	300.719	300.715	300.712	300.71	300.707	300.703	300.703	300.69	300.691	300.691	300.691	300.686	300.685	300.684	300.681	300.675	300.673	300.667	300.664	300.663	300.659	300.655	300.654	300.65	300.643	300.639	300.633	300.629	300.626	300.619	300.613	300.609	300.602	300.595	300.584	300.578	300.569	300.559	300.555	300.548	300.537	300.536	300.526	300.526	300.524	300.519	300.515	300.513	300.504	300.506	300.501	300.5	300.5	300.493	300.487	300.481	300.478	300.475	300.473	300.468	300.459	300.457	300.45	300.445	300.441	300.436	300.43	300.424	300.424	300.411	300.41	300.401	300.396	300.39	300.384	300.379	300.374	300.37	300.366	300.356	300.351	300.344	300.338	300.335	300.329	300.318	300.312	300.299	300.293	300.286	300.279	300.275	300.271	300.266	300.26	300.251
300.803	300.806	300.802	300.799	300.801	300.798	300.8	300.802	300.799	300.802	300.801	300.804	300.8	300.796	300.799	300.799	300.799	300.795	300.79	300.788	300.783	300.778	300.78	300.772	300.765	300.762	300.76	300.76	300.758	300.753	300.75	300.742	300.739	300.736	300.734	300.734	300.732	300.731	300.725	300.721	300.718	300.714	300.708	300.704	300.702	300.702	300.696	300.698	300.688	300.685	300.684	300.682	300.679	300.679	300.675	300.676	300.67	300.666	300.661	300.658	300.653	300.649	300.646	300.643	300.637	300.633	300.627	300.619	300.616	300.611	300.606	300.602	300.593	300.586	300.582	300.575	300.565	300.558	300.552	300.546	300.535	300.529	300.519	300.517	300.511	300.51	300.505	300.503	300.498	300.493	300.493	300.488	300.488	300.485	300.482	300.474	300.472	300.466	300.46	300.46	300.451	300.448	300.442	300.439	300.432	300.424	300.417	300.418	300.409	300.408	300.397	300.392	300.386	300.38	300.375	300.37	300.362	300.357	300.35	300.345	300.338	300.334	300.328	300.323	300.319	300.312	300.305	300.297	300.289	300.28	300.273	300.266	300.261	300.257	300.254	300.245	300.243
300.8	300.802	300.8	300.8	300.799	300.799	300.802	300.801	300.803	300.8	300.803	300.801	300.804	300.799	300.796	300.796	300.789	300.783	300.785	300.778	300.78	300.769	300.77	300.766	300.759	300.756	300.755	300.75	300.751	300.748	300.743	300.736	300.736	300.734	300.728	300.728	300.728	300.725	300.721	300.716	300.712	300.707	300.701	300.697	300.695	300.694	300.69	300.687	300.687	300.681	300.677	300.674	300.672	300.67	300.667	300.667	300.662	300.659	300.654	300.65	300.645	300.641	300.638	300.633	300.629	300.623	300.615	300.608	300.605	300.599	300.593	300.587	300.58	300.58	300.57	300.565	300.553	300.547	300.541	300.533	300.525	300.521	300.509	300.51	300.504	300.501	300.5	300.497	300.49	300.487	300.481	300.478	300.478	300.472	300.467	300.459	300.453	300.453	300.449	300.446	300.441	300.435	300.43	300.425	300.423	300.414	300.407	300.404	300.396	300.39	300.383	300.377	300.371	300.365	300.36	300.355	300.349	300.342	300.337	300.329	300.324	300.318	300.312	300.307	300.304	300.298	300.293	300.284	300.277	300.268	300.26	300.256	300.25	300.242	300.238	300.23	300.229
300.8	300.8	300.798	300.8	300.796	300.797	300.8	300.799	300.801	300.798	300.806	300.802	300.805	300.803	300.798	300.793	300.786	300.777	300.779	300.77	300.773	300.766	300.763	300.759	300.753	300.751	300.747	300.745	300.746	300.744	300.737	300.735	300.735	300.728	300.723	300.722	300.722	300.72	300.718	300.711	300.706	300.702	300.694	300.692	300.688	300.685	300.687	300.678	300.679	300.673	300.669	300.667	300.664	300.661	300.663	300.658	300.656	300.652	300.647	300.642	300.638	300.634	300.63	300.624	300.623	300.612	300.607	300.602	300.597	300.589	300.58	300.576	300.571	300.569	300.556	300.551	300.541	300.534	300.528	300.521	300.516	300.511	300.505	300.502	300.497	300.496	300.493	300.489	300.482	300.479	300.472	300.469	300.465	300.459	300.454	300.445	300.44	300.442	300.435	300.431	300.427	300.418	300.415	300.411	300.408	300.405	300.397	300.391	300.386	300.376	300.37	300.363	300.359	300.352	300.346	300.341	300.336	300.329	300.326	300.316	300.31	300.305	300.3	300.294	300.29	300.286	300.28	300.273	300.264	300.257	300.248	300.243	300.237	300.229	300.224	300.217	300.213
300.799	300.801	300.796	300.798	300.795	300.797	300.799	300.799	300.798	300.796	300.805	300.807	300.807	300.805	300.798	300.793	300.788	300.778	300.774	300.768	300.767	300.763	300.76	300.754	300.749	300.746	300.74	300.744	300.739	300.739	300.734	300.734	300.727	300.72	300.717	300.719	300.718	300.716	300.713	300.707	300.703	300.697	300.691	300.688	300.685	300.679	300.683	300.676	300.672	300.668	300.663	300.661	300.66	300.658	300.657	300.652	300.652	300.645	300.639	300.634	300.631	300.627	300.622	300.619	300.617	300.606	300.603	300.595	300.587	300.581	300.573	300.566	300.559	300.551	300.547	300.538	300.528	300.524	300.518	300.514	300.508	300.502	300.503	300.493	300.491	300.49	300.485	300.481	300.477	300.471	300.468	300.46	300.453	300.446	300.442	300.435	300.432	300.426	300.418	300.412	300.407	300.402	300.397	300.393	300.389	300.385	300.385	300.375	300.375	300.363	300.358	300.351	300.347	300.34	300.334	300.33	300.324	300.319	300.313	300.305	300.299	300.296	300.291	300.284	300.281	300.276	300.268	300.265	300.253	300.248	300.239	300.231	300.225	300.217	300.212	300.207	300.2
300.797	300.801	300.799	300.801	300.8	300.8	300.798	300.796	300.796	300.799	300.797	300.802	300.806	300.805	300.8	300.792	300.784	300.778	300.77	300.773	300.765	300.759	300.756	300.75	300.746	300.743	300.739	300.74	300.733	300.738	300.729	300.725	300.722	300.719	300.717	300.711	300.714	300.71	300.705	300.703	300.697	300.692	300.689	300.685	300.686	300.68	300.675	300.671	300.67	300.665	300.659	300.655	300.653	300.653	300.646	300.65	300.643	300.639	300.635	300.629	300.624	300.62	300.618	300.611	300.608	300.607	300.601	300.591	300.584	300.576	300.565	300.559	300.551	300.542	300.536	300.521	300.518	300.516	300.511	300.505	300.503	300.494	300.495	300.486	300.487	300.481	300.478	300.478	300.471	300.464	300.462	300.454	300.447	300.439	300.427	300.422	300.416	300.41	300.406	300.401	300.39	300.391	300.379	300.379	300.376	300.372	300.37	300.367	300.362	300.354	300.353	300.343	300.336	300.33	300.324	300.318	300.314	300.312	300.304	300.3	300.292	300.284	300.279	300.274	300.269	300.268	300.258	300.256	300.244	300.238	300.229	300.223	300.215	300.206	300.195	300.191	300.185
300.793	300.803	300.801	300.796	300.799	300.796	300.797	300.798	300.792	300.799	300.8	300.802	300.8	300.8	300.799	300.795	300.787	300.784	300.774	300.766	300.765	300.76	300.755	300.749	300.746	300.745	300.739	300.74	300.737	300.736	300.727	300.727	300.722	300.716	300.713	300.709	300.71	300.707	300.706	300.701	300.692	300.688	300.687	300.683	300.678	300.678	300.676	300.673	300.665	300.659	300.658	300.656	300.651	300.648	300.646	300.649	300.636	300.635	300.629	300.623	300.62	300.614	300.61	300.608	300.607	300.602	300.594	300.588	300.579	300.57	300.562	300.552	300.543	300.536	300.522	300.522	300.518	300.511	300.503	300.498	300.493	300.487	300.481	300.477	300.474	300.47	300.469	300.465	300.462	300.464	300.456	300.449	300.435	300.424	300.417	300.411	300.404	300.398	300.391	300.384	300.373	300.378	300.368	300.364	300.358	300.353	300.351	300.349	300.348	300.346	300.339	300.331	300.327	300.319	300.314	300.311	300.305	300.303	300.296	300.289	300.286	300.278	300.272	300.264	300.256	300.252	300.247	300.241	300.236	300.228	300.219	300.212	300.205	300.197	300.189	300.175	300.171
300.798	300.801	300.799	300.8	300.803	300.797	300.797	300.799	300.796	300.797	300.799	300.799	300.802	300.801	300.797	300.795	300.787	300.779	300.781	300.772	300.767	300.76	300.755	300.751	300.746	300.741	300.739	300.737	300.734	300.73	300.728	300.725	300.719	300.716	300.716	300.713	300.707	300.702	300.697	300.691	300.693	300.686	300.68	300.68	300.677	300.675	300.67	300.666	300.665	300.659	300.655	300.649	300.645	300.645	300.64	300.637	300.636	300.634	300.624	300.62	300.615	300.61	300.606	300.603	300.601	300.593	300.587	300.582	300.574	300.569	300.564	300.552	300.538	300.536	300.521	300.517	300.507	300.503	300.501	300.494	300.487	300.483	300.48	300.474	300.468	300.464	300.463	300.46	300.458	300.456	300.445	300.447	300.433	300.42	300.411	300.4	300.395	300.392	300.382	300.383	300.377	300.365	300.362	300.356	300.35	300.349	300.347	300.342	300.341	300.338	300.334	300.325	300.319	300.31	300.304	300.303	300.297	300.294	300.294	300.283	300.276	300.27	300.262	300.256	300.248	300.239	300.237	300.23	300.224	300.217	300.211	300.203	300.191	300.176	300.168	300.157	300.153
300.792	300.794	300.799	300.797	300.796	300.799	300.799	300.797	300.803	300.804	300.804	300.803	300.8	300.802	300.796	300.793	300.79	300.78	300.778	300.772	300.771	300.762	300.757	300.751	300.745	300.741	300.737	300.732	300.732	300.73	300.725	300.721	300.723	300.721	300.714	300.707	300.706	300.7	300.701	300.689	300.686	300.68	300.676	300.673	300.668	300.666	300.668	300.66	300.657	300.654	300.649	300.646	300.643	300.638	300.633	300.635	300.628	300.621	300.62	300.614	300.607	300.603	300.602	300.593	300.591	300.585	300.578	300.57	300.565	300.559	300.549	300.544	300.535	300.524	300.516	300.509	300.508	300.503	300.494	300.487	300.482	300.476	300.469	300.462	300.458	300.45	300.446	300.444	300.442	300.441	300.441	300.43	300.422	300.411	300.403	300.393	300.385	300.381	300.375	300.369	300.365	300.363	300.356	300.347	300.34	300.334	300.33	300.328	300.328	300.321	300.321	300.312	300.305	300.3	300.295	300.289	300.287	300.285	300.276	300.277	300.266	300.26	300.251	300.242	300.237	300.227	300.223	300.218	300.213	300.206	300.197	300.185	300.176	300.167	300.154	300.148	300.138
300.791	300.786	300.788	300.796	300.794	300.799	300.802	300.8	300.804	300.799	300.802	300.805	300.798	300.799	300.794	300.788	300.785	300.779	300.778	300.771	300.768	300.762	300.756	300.748	300.742	300.736	300.731	300.727	300.728	300.722	300.724	300.721	300.716	300.714	300.713	300.71	300.703	300.69	300.689	300.688	300.681	300.678	300.674	300.666	300.66	300.658	300.653	300.651	300.648	300.645	300.64	300.636	300.632	300.628	300.626	300.622	300.619	300.618	300.613	300.606	300.599	300.595	300.588	300.585	300.586	300.573	300.576	300.564	300.556	300.55	300.543	300.538	300.527	300.519	300.513	300.507	300.501	300.496	300.488	300.484	300.48	300.469	300.468	300.456	300.447	300.44	300.433	300.431	300.429	300.424	300.426	300.416	300.415	300.404	300.393	300.39	300.382	300.375	300.373	300.365	300.362	300.358	300.349	300.342	300.338	300.332	300.327	300.324	300.318	300.315	300.308	300.303	300.296	300.29	300.284	300.28	300.276	300.276	300.267	300.264	300.251	300.246	300.24	300.231	300.224	300.217	300.213	300.207	300.203	300.192	300.183	300.168	300.157	300.146	300.132	300.125	300.115
300.785	300.786	300.784	300.789	300.795	300.797	300.802	300.805	300.805	300.806	300.805	300.803	300.799	300.792	300.788	300.786	300.783	300.777	300.774	300.772	300.768	300.762	300.757	300.749	300.742	300.736	300.73	300.728	300.725	300.723	300.721	300.723	300.72	300.718	300.717	300.704	300.696	300.695	300.683	300.681	300.677	300.673	300.667	300.66	300.657	300.654	300.646	300.646	300.64	300.64	300.635	300.63	300.627	300.623	300.621	300.616	300.614	300.611	300.606	300.599	300.595	300.588	300.582	300.579	300.577	300.566	300.566	300.558	300.551	300.543	300.537	300.528	300.518	300.519	300.507	300.504	300.5	300.493	300.489	300.484	300.477	300.468	300.46	300.45	300.441	300.436	300.427	300.42	300.417	300.414	300.412	300.408	300.402	300.393	300.388	300.382	300.377	300.372	300.365	300.358	300.358	300.351	300.345	300.34	300.333	300.326	300.321	300.314	300.307	300.306	300.297	300.291	300.286	300.28	300.278	300.275	300.265	300.265	300.258	300.254	300.244	300.237	300.229	300.223	300.216	300.208	300.204	300.191	300.189	300.173	300.169	300.155	300.143	300.13	300.117	300.109	300.1
300.784	300.78	300.781	300.782	300.786	300.795	300.798	300.802	300.802	300.805	300.804	300.799	300.8	300.79	300.784	300.782	300.779	300.777	300.771	300.771	300.766	300.76	300.754	300.747	300.74	300.733	300.727	300.725	300.717	300.722	300.717	300.719	300.717	300.716	300.713	300.703	300.693	300.691	300.678	300.675	300.671	300.669	300.662	300.657	300.653	300.649	300.644	300.643	300.635	300.632	300.628	300.625	300.623	300.618	300.617	300.613	300.609	300.603	300.598	300.595	300.589	300.582	300.579	300.572	300.569	300.564	300.555	300.55	300.544	300.536	300.53	300.523	300.515	300.516	300.505	300.505	300.496	300.489	300.483	300.477	300.47	300.465	300.452	300.447	300.438	300.43	300.426	300.418	300.412	300.409	300.402	300.403	300.391	300.388	300.381	300.373	300.367	300.364	300.357	300.353	300.351	300.343	300.34	300.333	300.33	300.322	300.314	300.308	300.301	300.295	300.29	300.281	300.278	300.275	300.271	300.266	300.258	300.256	300.25	300.245	300.239	300.231	300.224	300.217	300.209	300.199	300.193	300.177	300.172	300.159	300.15	300.139	300.125	300.117	300.105	300.094	300.085
300.779	300.772	300.779	300.777	300.782	300.79	300.792	300.796	300.799	300.799	300.801	300.796	300.795	300.788	300.782	300.776	300.774	300.774	300.768	300.768	300.761	300.756	300.751	300.743	300.737	300.731	300.723	300.723	300.715	300.717	300.713	300.714	300.713	300.709	300.704	300.701	300.692	300.682	300.678	300.673	300.668	300.665	300.66	300.655	300.653	300.649	300.645	300.638	300.632	300.626	300.622	300.621	300.619	300.618	300.616	300.609	300.604	300.597	300.589	300.586	300.586	300.579	300.573	300.566	300.562	300.557	300.548	300.545	300.538	300.532	300.524	300.519	300.511	300.508	300.502	300.497	300.489	300.48	300.475	300.469	300.462	300.455	300.448	300.442	300.433	300.425	300.42	300.414	300.405	300.404	300.394	300.394	300.386	300.38	300.375	300.366	300.361	300.358	300.353	300.349	300.342	300.335	300.33	300.323	300.319	300.313	300.304	300.299	300.294	300.283	300.284	300.274	300.271	300.267	300.262	300.257	300.251	300.245	300.241	300.237	300.229	300.224	300.216	300.21	300.202	300.189	300.181	300.164	300.151	300.141	300.131	300.119	300.113	300.105	300.094	300.084	300.074
300.775	300.773	300.779	300.777	300.78	300.785	300.788	300.791	300.797	300.795	300.796	300.794	300.787	300.785	300.779	300.773	300.77	300.769	300.764	300.765	300.757	300.752	300.747	300.74	300.735	300.731	300.722	300.72	300.718	300.712	300.712	300.711	300.706	300.702	300.697	300.691	300.689	300.682	300.679	300.669	300.664	300.662	300.657	300.654	300.655	300.653	300.647	300.638	300.632	300.624	300.621	300.62	300.619	300.62	300.616	300.607	300.602	300.592	300.581	300.578	300.579	300.575	300.565	300.564	300.556	300.546	300.542	300.537	300.53	300.524	300.517	300.51	300.505	300.499	300.495	300.484	300.478	300.472	300.466	300.462	300.452	300.443	300.444	300.43	300.428	300.419	300.414	300.407	300.4	300.397	300.389	300.385	300.38	300.375	300.366	300.363	300.358	300.352	300.347	300.34	300.332	300.326	300.317	300.31	300.304	300.296	300.294	300.287	300.283	300.275	300.275	300.268	300.265	300.258	300.253	300.247	300.241	300.234	300.23	300.229	300.22	300.216	300.21	300.204	300.198	300.184	300.167	300.153	300.136	300.122	300.112	300.103	300.096	300.093	300.083	300.073	300.064
300.773	300.779	300.775	300.773	300.775	300.783	300.789	300.788	300.789	300.79	300.79	300.786	300.784	300.779	300.771	300.768	300.769	300.766	300.763	300.757	300.753	300.748	300.742	300.736	300.729	300.724	300.721	300.712	300.715	300.708	300.706	300.701	300.697	300.693	300.691	300.683	300.684	300.678	300.673	300.664	300.661	300.66	300.658	300.655	300.654	300.65	300.648	300.637	300.626	300.617	300.617	300.616	300.614	300.615	300.61	300.607	300.594	300.582	300.576	300.569	300.567	300.564	300.554	300.554	300.545	300.537	300.533	300.526	300.522	300.52	300.512	300.502	300.502	300.49	300.485	300.475	300.469	300.458	300.449	300.444	300.443	300.432	300.435	300.419	300.424	300.414	300.406	300.402	300.396	300.389	300.385	300.378	300.368	300.365	300.358	300.354	300.351	300.346	300.341	300.33	300.324	300.316	300.304	300.302	300.291	300.285	300.285	300.277	300.273	300.269	300.261	300.26	300.257	300.25	300.245	300.24	300.231	300.228	300.22	300.216	300.211	300.207	300.202	300.195	300.185	300.171	300.154	300.14	300.122	300.106	300.095	300.086	300.081	300.075	300.069	300.058	300.048
300.766	300.775	300.779	300.786	300.779	300.779	300.784	300.786	300.788	300.791	300.787	300.779	300.775	300.774	300.772	300.769	300.766	300.76	300.763	300.755	300.755	300.746	300.741	300.737	300.73	300.723	300.721	300.711	300.71	300.702	300.696	300.697	300.692	300.685	300.682	300.683	300.681	300.671	300.672	300.666	300.657	300.651	300.652	300.653	300.651	300.652	300.646	300.632	300.623	300.616	300.612	300.61	300.611	300.613	300.608	300.602	300.585	300.571	300.564	300.558	300.555	300.555	300.551	300.541	300.532	300.53	300.516	300.517	300.512	300.505	300.5	300.494	300.489	300.478	300.474	300.466	300.456	300.451	300.446	300.436	300.429	300.418	300.417	300.41	300.406	300.399	300.397	300.393	300.386	300.38	300.372	300.37	300.36	300.354	300.348	300.344	300.339	300.333	300.326	300.32	300.31	300.303	300.292	300.287	300.279	300.273	300.267	300.259	300.256	300.252	300.252	300.248	300.245	300.241	300.236	300.229	300.219	300.214	300.207	300.206	300.202	300.195	300.189	300.18	300.166	300.154	300.141	300.118	300.101	300.091	300.082	300.077	300.072	300.066	300.059	300.048	300.038
300.778	300.793	300.778	300.775	300.778	300.784	300.785	300.784	300.786	300.783	300.782	300.783	300.773	300.768	300.765	300.764	300.764	300.764	300.763	300.757	300.751	300.745	300.739	300.734	300.729	300.722	300.713	300.709	300.702	300.698	300.69	300.682	300.68	300.678	300.674	300.67	300.667	300.671	300.662	300.652	300.65	300.65	300.646	300.64	300.64	300.641	300.635	300.63	300.618	300.61	300.605	300.605	300.605	300.599	300.598	300.583	300.573	300.566	300.55	300.547	300.545	300.538	300.532	300.529	300.523	300.518	300.507	300.505	300.497	300.492	300.49	300.484	300.475	300.477	300.46	300.457	300.447	300.438	300.428	300.418	300.416	300.415	300.406	300.4	300.393	300.39	300.386	300.378	300.375	300.377	300.363	300.358	300.348	300.341	300.336	300.332	300.327	300.322	300.314	300.311	300.297	300.291	300.286	300.275	300.27	300.265	300.259	300.257	300.252	300.241	300.246	300.237	300.235	300.232	300.227	300.222	300.215	300.203	300.2	300.191	300.185	300.179	300.17	300.159	300.146	300.131	300.114	300.102	300.09	300.077	300.066	300.058	300.054	300.047	300.041	300.031	300.019
300.755	300.787	300.785	300.784	300.781	300.78	300.781	300.783	300.786	300.787	300.784	300.774	300.769	300.768	300.766	300.764	300.763	300.762	300.757	300.761	300.75	300.744	300.741	300.734	300.729	300.725	300.712	300.708	300.695	300.689	300.686	300.68	300.677	300.674	300.671	300.669	300.662	300.66	300.652	300.648	300.639	300.634	300.63	300.63	300.63	300.627	300.621	300.619	300.608	300.604	300.597	300.594	300.593	300.584	300.582	300.572	300.556	300.546	300.538	300.532	300.527	300.522	300.518	300.516	300.505	300.499	300.494	300.483	300.478	300.473	300.467	300.464	300.458	300.459	300.444	300.441	300.431	300.423	300.417	300.411	300.401	300.393	300.387	300.381	300.374	300.368	300.364	300.363	300.359	300.353	300.348	300.345	300.335	300.327	300.32	300.312	300.306	300.302	300.295	300.288	300.284	300.275	300.268	300.263	300.257	300.252	300.246	300.236	300.229	300.225	300.224	300.221	300.221	300.217	300.21	300.205	300.198	300.189	300.185	300.172	300.165	300.158	300.145	300.131	300.118	300.103	300.086	300.077	300.066	300.06	300.056	300.047	300.04	300.034	300.023	300.01	300
300.771	300.797	300.787	300.787	300.784	300.781	300.783	300.785	300.784	300.787	300.784	300.777	300.771	300.766	300.764	300.763	300.762	300.76	300.758	300.754	300.748	300.739	300.737	300.732	300.727	300.72	300.709	300.703	300.696	300.688	300.679	300.678	300.677	300.672	300.665	300.661	300.655	300.653	300.644	300.639	300.632	300.627	300.623	300.617	300.612	300.611	300.609	300.603	300.597	300.591	300.581	300.575	300.573	300.568	300.558	300.551	300.545	300.532	300.527	300.516	300.508	300.506	300.501	300.496	300.498	300.487	300.483	300.47	300.463	300.455	300.449	300.45	300.442	300.439	300.437	300.424	300.416	300.408	300.402	300.394	300.388	300.383	300.379	300.368	300.362	300.353	300.347	300.345	300.344	300.336	300.337	300.328	300.322	300.311	300.303	300.302	300.296	300.289	300.285	300.274	300.271	300.264	300.256	300.252	300.246	300.241	300.238	300.23	300.222	300.217	300.208	300.21	300.205	300.201	300.196	300.188	300.176	300.171	300.16	300.154	300.147	300.136	300.124	300.109	300.089	300.073	300.067	300.057	300.051	300.045	300.039	300.031	300.02	300.009	299.998	299.986	299.975
300.787	300.802	300.794	300.792	300.792	300.788	300.784	300.783	300.789	300.789	300.785	300.779	300.772	300.767	300.765	300.763	300.762	300.758	300.757	300.747	300.747	300.737	300.729	300.727	300.721	300.713	300.709	300.7	300.694	300.689	300.681	300.678	300.675	300.673	300.669	300.661	300.654	300.649	300.64	300.634	300.63	300.623	300.615	300.608	300.603	300.599	300.592	300.588	300.583	300.577	300.57	300.563	300.558	300.546	300.544	300.53	300.53	300.518	300.511	300.502	300.494	300.489	300.486	300.482	300.485	300.472	300.47	300.459	300.449	300.441	300.435	300.432	300.425	300.424	300.421	300.413	300.408	300.399	300.39	300.383	300.378	300.37	300.362	300.352	300.341	300.337	300.329	300.325	300.322	300.32	300.32	300.312	300.311	300.299	300.29	300.287	300.28	300.274	300.271	300.263	300.255	300.251	300.243	300.239	300.232	300.229	300.224	300.218	300.208	300.202	300.194	300.19	300.184	300.178	300.169	300.16	300.155	300.15	300.138	300.133	300.122	300.111	300.098	300.083	300.067	300.056	300.046	300.039	300.036	300.029	300.023	300.015	300.004	299.992	299.979	299.966	299.956
300.794	300.798	300.799	300.799	300.795	300.793	300.788	300.787	300.791	300.789	300.787	300.779	300.771	300.766	300.76	300.757	300.756	300.752	300.75	300.744	300.738	300.734	300.725	300.722	300.716	300.708	300.706	300.698	300.693	300.685	300.68	300.676	300.671	300.669	300.665	300.657	300.652	300.643	300.639	300.633	300.627	300.617	300.609	300.603	300.596	300.586	300.579	300.572	300.567	300.562	300.552	300.547	300.54	300.532	300.53	300.518	300.513	300.506	300.499	300.492	300.483	300.479	300.476	300.47	300.469	300.461	300.456	300.446	300.435	300.427	300.421	300.416	300.412	300.413	300.404	300.404	300.395	300.388	300.379	300.371	300.363	300.355	300.344	300.337	300.323	300.317	300.312	300.307	300.307	300.305	300.304	300.3	300.293	300.286	300.278	300.272	300.264	300.26	300.253	300.249	300.243	300.238	300.233	300.226	300.226	300.22	300.213	300.208	300.198	300.188	300.177	300.165	300.159	300.155	300.146	300.141	300.137	300.125	300.12	300.111	300.098	300.088	300.074	300.059	300.048	300.036	300.03	300.026	300.02	300.014	300.006	299.994	299.983	299.973	299.961	299.95	299.938
300.795	300.798	300.798	300.798	300.795	300.792	300.79	300.79	300.79	300.785	300.786	300.78	300.769	300.765	300.758	300.753	300.751	300.745	300.742	300.742	300.73	300.727	300.723	300.718	300.715	300.709	300.703	300.697	300.694	300.685	300.681	300.674	300.67	300.668	300.663	300.658	300.655	300.643	300.639	300.632	300.626	300.616	300.609	300.604	300.593	300.582	300.575	300.562	300.557	300.55	300.541	300.534	300.527	300.52	300.512	300.512	300.497	300.494	300.485	300.477	300.475	300.469	300.467	300.462	300.457	300.453	300.444	300.438	300.428	300.419	300.411	300.406	300.402	300.399	300.392	300.39	300.383	300.376	300.369	300.361	300.351	300.344	300.328	300.32	300.307	300.301	300.294	300.291	300.29	300.291	300.289	300.288	300.279	300.271	300.266	300.259	300.253	300.248	300.239	300.236	300.232	300.224	300.222	300.216	300.213	300.209	300.201	300.194	300.182	300.171	300.163	300.149	300.143	300.138	300.13	300.124	300.119	300.106	300.103	300.09	300.08	300.069	300.053	300.045	300.033	300.022	300.014	300.01	300.001	299.994	299.987	299.975	299.968	299.956	299.944	299.934	299.923
300.785	300.801	300.793	300.795	300.797	300.792	300.79	300.789	300.787	300.783	300.78	300.776	300.771	300.766	300.761	300.755	300.748	300.743	300.735	300.736	300.728	300.725	300.719	300.714	300.711	300.708	300.7	300.696	300.691	300.686	300.679	300.673	300.667	300.664	300.662	300.656	300.653	300.643	300.637	300.627	300.624	300.615	300.609	300.606	300.593	300.583	300.569	300.555	300.542	300.538	300.531	300.523	300.52	300.513	300.501	300.505	300.485	300.483	300.472	300.467	300.464	300.46	300.457	300.453	300.445	300.441	300.431	300.427	300.418	300.408	300.402	300.396	300.389	300.384	300.38	300.373	300.367	300.364	300.358	300.352	300.342	300.333	300.317	300.304	300.294	300.287	300.281	300.276	300.275	300.276	300.274	300.271	300.267	300.258	300.252	300.249	300.241	300.236	300.229	300.224	300.218	300.211	300.207	300.202	300.197	300.188	300.18	300.168	300.16	300.153	300.144	300.135	300.128	300.121	300.111	300.103	300.096	300.091	300.084	300.071	300.063	300.048	300.039	300.03	300.02	300.009	299.999	299.99	299.982	299.974	299.965	299.957	299.949	299.939	299.925	299.918	299.906
300.772	300.8	300.791	300.795	300.794	300.788	300.788	300.788	300.784	300.784	300.778	300.77	300.768	300.759	300.758	300.752	300.743	300.741	300.734	300.73	300.725	300.72	300.715	300.711	300.705	300.699	300.696	300.694	300.685	300.683	300.677	300.672	300.664	300.657	300.654	300.65	300.645	300.638	300.634	300.628	300.624	300.612	300.606	300.603	300.596	300.583	300.561	300.551	300.533	300.519	300.515	300.509	300.501	300.503	300.492	300.491	300.473	300.471	300.462	300.455	300.453	300.449	300.446	300.442	300.437	300.429	300.423	300.414	300.406	300.401	300.395	300.387	300.38	300.369	300.367	300.356	300.357	300.351	300.344	300.338	300.331	300.315	300.311	300.299	300.284	300.274	300.27	300.268	300.266	300.265	300.264	300.255	300.251	300.242	300.236	300.234	300.229	300.219	300.218	300.209	300.204	300.203	300.191	300.186	300.179	300.171	300.163	300.152	300.145	300.138	300.123	300.115	300.103	300.097	300.09	300.08	300.074	300.069	300.06	300.05	300.044	300.03	300.021	300.011	300	299.993	299.983	299.972	299.965	299.951	299.943	299.935	299.927	299.918	299.908	299.901	299.884
300.785	300.791	300.786	300.792	300.792	300.793	300.795	300.793	300.782	300.775	300.78	300.769	300.769	300.758	300.754	300.749	300.743	300.74	300.732	300.731	300.725	300.719	300.714	300.708	300.703	300.698	300.691	300.687	300.685	300.682	300.67	300.668	300.661	300.653	300.649	300.647	300.647	300.639	300.631	300.624	300.618	300.614	300.609	300.602	300.585	300.58	300.567	300.544	300.534	300.516	300.508	300.501	300.493	300.492	300.484	300.478	300.468	300.459	300.449	300.447	300.445	300.441	300.437	300.429	300.43	300.416	300.411	300.402	300.397	300.393	300.386	300.374	300.373	300.354	300.355	300.347	300.345	300.339	300.333	300.326	300.317	300.308	300.298	300.281	300.276	300.269	300.262	300.257	300.255	300.25	300.249	300.244	300.233	300.229	300.222	300.215	300.21	300.205	300.202	300.195	300.188	300.181	300.171	300.165	300.157	300.147	300.139	300.132	300.123	300.116	300.107	300.098	300.086	300.073	300.061	300.055	300.053	300.043	300.043	300.03	300.018	300.008	299.999	299.991	299.983	299.973	299.963	299.956	299.945	299.933	299.928	299.916	299.909	299.903	299.892	299.887	299.873
300.796	300.782	300.791	300.792	300.79	300.788	300.783	300.782	300.791	300.779	300.781	300.762	300.762	300.758	300.752	300.746	300.74	300.736	300.729	300.73	300.719	300.716	300.71	300.7	300.695	300.694	300.688	300.685	300.676	300.675	300.67	300.661	300.653	300.647	300.642	300.635	300.635	300.628	300.629	300.622	300.615	300.606	300.594	300.588	300.583	300.567	300.559	300.536	300.527	300.513	300.499	300.494	300.489	300.483	300.478	300.471	300.458	300.448	300.441	300.439	300.433	300.428	300.427	300.415	300.416	300.403	300.398	300.394	300.388	300.38	300.374	300.367	300.36	300.349	300.343	300.335	300.328	300.324	300.319	300.311	300.301	300.298	300.285	300.28	300.27	300.26	300.251	300.247	300.246	300.242	300.231	300.23	300.216	300.212	300.207	300.202	300.201	300.197	300.183	300.177	300.169	300.16	300.158	300.147	300.138	300.133	300.123	300.12	300.116	300.107	300.095	300.076	300.063	300.052	300.04	300.032	300.029	300.02	300.017	300.004	299.996	299.987	299.976	299.968	299.962	299.952	299.947	299.934	299.925	299.913	299.907	299.895	299.888	299.882	299.871	299.862	299.855
300.776	300.778	300.787	300.784	300.784	300.789	300.788	300.784	300.779	300.764	300.771	300.766	300.76	300.752	300.747	300.742	300.735	300.731	300.728	300.723	300.716	300.709	300.705	300.7	300.693	300.685	300.68	300.68	300.67	300.666	300.657	300.654	300.647	300.642	300.638	300.632	300.632	300.619	300.614	300.606	300.601	300.595	300.584	300.573	300.568	300.549	300.546	300.537	300.522	300.511	300.5	300.494	300.486	300.477	300.472	300.46	300.449	300.445	300.434	300.428	300.423	300.418	300.414	300.407	300.401	300.394	300.384	300.377	300.369	300.366	300.36	300.354	300.342	300.342	300.328	300.322	300.317	300.307	300.299	300.294	300.287	300.283	300.269	300.269	300.252	300.246	300.242	300.234	300.226	300.222	300.215	300.211	300.204	300.196	300.192	300.186	300.177	300.171	300.161	300.155	300.145	300.136	300.129	300.117	300.111	300.106	300.098	300.095	300.089	300.082	300.073	300.058	300.038	300.023	300.013	300.006	300	299.998	299.991	299.982	299.971	299.959	299.951	299.945	299.936	299.927	299.924	299.906	299.906	299.893	299.885	299.88	299.87	299.861	299.857	299.845	299.837
300.778	300.783	300.778	300.786	300.781	300.772	300.771	300.773	300.768	300.77	300.766	300.755	300.754	300.744	300.743	300.738	300.731	300.729	300.721	300.715	300.711	300.702	300.694	300.688	300.682	300.68	300.676	300.667	300.661	300.66	300.648	300.642	300.636	300.631	300.625	300.619	300.614	300.608	300.603	300.597	300.583	300.574	300.566	300.554	300.543	300.543	300.534	300.52	300.511	300.502	300.494	300.484	300.475	300.467	300.457	300.454	300.443	300.434	300.424	300.417	300.412	300.405	300.397	300.397	300.388	300.378	300.374	300.366	300.362	300.356	300.347	300.341	300.335	300.33	300.317	300.306	300.299	300.29	300.283	300.276	300.268	300.268	300.259	300.252	300.248	300.238	300.227	300.219	300.214	300.207	300.201	300.187	300.184	300.178	300.17	300.164	300.156	300.148	300.144	300.127	300.122	300.112	300.104	300.097	300.089	300.082	300.079	300.079	300.067	300.065	300.046	300.033	300.015	300	299.99	299.985	299.977	299.976	299.964	299.961	299.946	299.938	299.929	299.921	299.914	299.905	299.899	299.888	299.884	299.876	299.867	299.86	299.85	299.84	299.834	299.822	299.816
300.767	300.782	300.773	300.776	300.775	300.768	300.769	300.769	300.761	300.761	300.755	300.752	300.746	300.739	300.734	300.731	300.724	300.722	300.715	300.711	300.703	300.697	300.694	300.684	300.674	300.671	300.664	300.659	300.653	300.648	300.639	300.632	300.624	300.618	300.613	300.61	300.603	300.598	300.581	300.577	300.571	300.559	300.551	300.541	300.528	300.527	300.517	300.512	300.503	300.491	300.484	300.476	300.466	300.457	300.445	300.443	300.431	300.423	300.421	300.41	300.401	300.394	300.387	300.381	300.374	300.364	300.359	300.348	300.344	300.34	300.333	300.326	300.319	300.311	300.305	300.293	300.283	300.273	300.266	300.257	300.25	300.246	300.242	300.234	300.227	300.222	300.211	300.207	300.203	300.186	300.18	300.167	300.161	300.155	300.145	300.14	300.132	300.122	300.114	300.101	300.098	300.085	300.08	300.068	300.061	300.056	300.051	300.046	300.035	300.035	300.017	300.003	299.991	299.975	299.966	299.96	299.954	299.952	299.941	299.94	299.924	299.92	299.908	299.895	299.887	299.878	299.869	299.869	299.86	299.857	299.85	299.841	299.832	299.822	299.813	299.805	299.798
300.758	300.779	300.773	300.771	300.767	300.762	300.761	300.759	300.755	300.752	300.748	300.744	300.731	300.726	300.722	300.717	300.717	300.713	300.709	300.706	300.698	300.691	300.685	300.678	300.667	300.66	300.653	300.651	300.646	300.639	300.632	300.625	300.618	300.612	300.601	300.599	300.591	300.588	300.575	300.561	300.555	300.543	300.533	300.526	300.515	300.513	300.504	300.499	300.487	300.478	300.472	300.465	300.455	300.444	300.436	300.43	300.418	300.408	300.403	300.399	300.392	300.385	300.378	300.368	300.362	300.35	300.343	300.334	300.327	300.322	300.315	300.308	300.304	300.297	300.288	300.278	300.268	300.26	300.253	300.245	300.24	300.231	300.227	300.221	300.211	300.207	300.199	300.19	300.182	300.168	300.161	300.148	300.141	300.134	300.125	300.116	300.107	300.099	300.09	300.078	300.073	300.06	300.06	300.046	300.041	300.034	300.024	300.018	300.011	300.003	299.993	299.98	299.966	299.954	299.945	299.939	299.933	299.93	299.921	299.919	299.906	299.899	299.888	299.875	299.865	299.855	299.848	299.847	299.837	299.835	299.829	299.822	299.812	299.802	299.788	299.778	299.765
300.759	300.779	300.763	300.765	300.761	300.756	300.753	300.749	300.749	300.742	300.738	300.732	300.718	300.716	300.712	300.708	300.707	300.706	300.704	300.698	300.692	300.684	300.677	300.67	300.659	300.651	300.646	300.641	300.638	300.632	300.626	300.613	300.607	300.601	300.586	300.585	300.578	300.569	300.568	300.552	300.539	300.526	300.518	300.51	300.504	300.498	300.493	300.484	300.472	300.466	300.462	300.455	300.444	300.434	300.428	300.417	300.408	300.397	300.386	300.382	300.375	300.369	300.365	300.355	300.35	300.338	300.329	300.323	300.315	300.307	300.299	300.291	300.287	300.28	300.271	300.263	300.254	300.246	300.242	300.234	300.229	300.222	300.211	300.206	300.194	300.188	300.176	300.168	300.159	300.151	300.139	300.13	300.124	300.115	300.107	300.096	300.086	300.077	300.066	300.055	300.05	300.037	300.034	300.024	300.018	300.01	299.999	299.993	299.987	299.975	299.968	299.954	299.945	299.931	299.925	299.917	299.912	299.907	299.901	299.895	299.885	299.875	299.865	299.853	299.843	299.836	299.829	299.824	299.824	299.816	299.811	299.801	299.789	299.77	299.759	299.748	299.734
300.751	300.781	300.753	300.76	300.755	300.749	300.744	300.741	300.736	300.734	300.728	300.72	300.711	300.706	300.699	300.695	300.696	300.692	300.698	300.687	300.685	300.677	300.671	300.665	300.654	300.646	300.642	300.634	300.633	300.623	300.617	300.605	300.593	300.582	300.572	300.571	300.571	300.558	300.553	300.541	300.529	300.517	300.508	300.498	300.495	300.488	300.482	300.473	300.462	300.457	300.447	300.439	300.434	300.421	300.416	300.406	300.395	300.387	300.375	300.369	300.362	300.355	300.352	300.341	300.334	300.324	300.316	300.309	300.301	300.292	300.285	300.277	300.27	300.262	300.255	300.247	300.239	300.232	300.226	300.22	300.21	300.208	300.193	300.183	300.176	300.163	300.156	300.15	300.141	300.131	300.122	300.116	300.105	300.094	300.085	300.074	300.062	300.054	300.041	300.031	300.029	300.017	300.008	299.997	299.991	299.983	299.976	299.968	299.958	299.949	299.938	299.926	299.918	299.91	299.902	299.897	299.891	299.884	299.88	299.87	299.865	299.854	299.844	299.83	299.82	299.811	299.808	299.798	299.802	299.791	299.783	299.773	299.758	299.745	299.731	299.719	299.709
300.722	300.773	300.751	300.75	300.741	300.737	300.734	300.731	300.729	300.729	300.723	300.712	300.701	300.692	300.687	300.685	300.685	300.681	300.685	300.678	300.677	300.664	300.659	300.654	300.648	300.64	300.636	300.626	300.627	300.614	300.61	300.599	300.58	300.57	300.559	300.549	300.555	300.553	300.538	300.531	300.52	300.506	300.497	300.487	300.482	300.474	300.47	300.463	300.446	300.439	300.433	300.425	300.418	300.406	300.402	300.395	300.38	300.376	300.364	300.356	300.35	300.344	300.339	300.328	300.321	300.312	300.301	300.292	300.285	300.277	300.268	300.262	300.254	300.248	300.241	300.231	300.227	300.219	300.212	300.207	300.194	300.187	300.174	300.162	300.157	300.146	300.139	300.133	300.121	300.112	300.107	300.095	300.079	300.073	300.06	300.048	300.039	300.029	300.021	300.015	300.004	299.998	299.987	299.98	299.971	299.962	299.956	299.947	299.933	299.923	299.911	299.903	299.894	299.884	299.878	299.873	299.868	299.858	299.858	299.844	299.839	299.83	299.821	299.811	299.8	299.785	299.778	299.769	299.766	299.755	299.751	299.738	299.726	299.714	299.701	299.689	299.682
300.741	300.756	300.737	300.735	300.736	300.732	300.725	300.724	300.726	300.721	300.712	300.706	300.696	300.689	300.681	300.677	300.677	300.679	300.675	300.667	300.667	300.659	300.652	300.645	300.639	300.635	300.628	300.621	300.616	300.607	300.597	300.585	300.573	300.564	300.56	300.551	300.54	300.538	300.526	300.52	300.506	300.494	300.485	300.475	300.466	300.465	300.454	300.448	300.436	300.431	300.423	300.411	300.402	300.398	300.386	300.376	300.37	300.359	300.352	300.343	300.337	300.331	300.321	300.316	300.31	300.292	300.287	300.278	300.27	300.259	300.25	300.245	300.239	300.233	300.228	300.216	300.216	300.209	300.199	300.188	300.176	300.16	300.154	300.143	300.134	300.123	300.115	300.107	300.099	300.094	300.083	300.072	300.06	300.053	300.038	300.028	300.019	300.006	299.998	299.992	299.979	299.981	299.963	299.954	299.944	299.934	299.926	299.917	299.912	299.899	299.885	299.881	299.868	299.863	299.857	299.849	299.844	299.833	299.827	299.82	299.813	299.808	299.796	299.782	299.771	299.756	299.745	299.737	299.731	299.723	299.716	299.702	299.692	299.683	299.67	299.663	299.652
300.75	300.737	300.732	300.726	300.72	300.717	300.718	300.719	300.715	300.713	300.711	300.705	300.692	300.682	300.674	300.672	300.669	300.667	300.658	300.663	300.646	300.641	300.639	300.634	300.628	300.624	300.621	300.621	300.604	300.602	300.587	300.574	300.566	300.547	300.535	300.535	300.522	300.517	300.51	300.502	300.494	300.483	300.473	300.462	300.451	300.446	300.436	300.43	300.424	300.411	300.404	300.397	300.387	300.38	300.369	300.362	300.356	300.343	300.338	300.33	300.32	300.316	300.309	300.298	300.291	300.279	300.272	300.262	300.254	300.247	300.241	300.233	300.228	300.215	300.216	300.208	300.197	300.188	300.18	300.169	300.158	300.146	300.136	300.123	300.118	300.111	300.103	300.091	300.08	300.068	300.055	300.053	300.037	300.026	300.017	300.005	299.996	299.987	299.977	299.974	299.961	299.954	299.939	299.934	299.925	299.917	299.911	299.898	299.891	299.881	299.87	299.862	299.849	299.842	299.83	299.818	299.817	299.811	299.803	299.796	299.781	299.77	299.762	299.752	299.744	299.732	299.718	299.701	299.693	299.683	299.67	299.66	299.652	299.642	299.634	299.63	299.611
300.727	300.72	300.722	300.718	300.713	300.711	300.713	300.711	300.709	300.711	300.699	300.689	300.686	300.678	300.671	300.666	300.662	300.657	300.65	300.649	300.641	300.635	300.628	300.624	300.622	300.619	300.611	300.609	300.599	300.59	300.575	300.563	300.556	300.551	300.542	300.528	300.514	300.506	300.494	300.483	300.476	300.467	300.457	300.449	300.44	300.431	300.429	300.414	300.412	300.404	300.396	300.388	300.377	300.363	300.359	300.348	300.34	300.333	300.324	300.315	300.306	300.298	300.29	300.282	300.273	300.266	300.253	300.247	300.238	300.23	300.223	300.217	300.215	300.21	300.192	300.192	300.184	300.176	300.163	300.148	300.139	300.13	300.117	300.11	300.1	300.087	300.078	300.068	300.057	300.05	300.039	300.027	300.013	300.002	299.996	299.982	299.972	299.965	299.953	299.944	299.934	299.924	299.918	299.908	299.896	299.886	299.879	299.874	299.865	299.858	299.842	299.835	299.824	299.814	299.809	299.802	299.787	299.771	299.764	299.75	299.743	299.733	299.724	299.714	299.701	299.691	299.683	299.674	299.661	299.648	299.637	299.627	299.619	299.611	299.604	299.602	299.586
300.723	300.714	300.71	300.7	300.701	300.703	300.703	300.704	300.704	300.697	300.692	300.682	300.676	300.667	300.66	300.652	300.646	300.646	300.642	300.632	300.627	300.623	300.619	300.614	300.61	300.607	300.603	300.596	300.588	300.574	300.562	300.553	300.538	300.53	300.525	300.509	300.504	300.491	300.481	300.472	300.46	300.454	300.445	300.438	300.43	300.416	300.416	300.402	300.395	300.387	300.376	300.367	300.363	300.353	300.344	300.333	300.325	300.318	300.306	300.297	300.288	300.278	300.269	300.266	300.254	300.249	300.239	300.235	300.225	300.216	300.214	300.21	300.196	300.195	300.176	300.17	300.16	300.149	300.139	300.131	300.125	300.11	300.104	300.092	300.084	300.074	300.064	300.054	300.04	300.027	300.016	300	299.998	299.977	299.968	299.959	299.949	299.939	299.926	299.921	299.912	299.9	299.889	299.881	299.88	299.871	299.859	299.85	299.836	299.829	299.817	299.809	299.802	299.787	299.774	299.762	299.747	299.737	299.728	299.71	299.703	299.69	299.683	299.676	299.668	299.659	299.648	299.636	299.624	299.611	299.603	299.59	299.582	299.579	299.569	299.561	299.555
300.703	300.698	300.702	300.694	300.696	300.697	300.695	300.696	300.691	300.682	300.682	300.667	300.659	300.654	300.646	300.643	300.639	300.632	300.628	300.625	300.623	300.612	300.608	300.603	300.597	300.592	300.587	300.572	300.568	300.555	300.541	300.542	300.526	300.52	300.515	300.499	300.492	300.475	300.466	300.456	300.439	300.433	300.427	300.419	300.42	300.41	300.405	300.395	300.384	300.374	300.363	300.353	300.345	300.336	300.326	300.321	300.309	300.3	300.295	300.283	300.273	300.263	300.253	300.248	300.235	300.235	300.224	300.217	300.21	300.201	300.197	300.192	300.181	300.171	300.158	300.149	300.132	300.124	300.115	300.106	300.099	300.085	300.088	300.071	300.062	300.052	300.04	300.03	300.019	300.006	299.998	299.979	299.973	299.955	299.951	299.939	299.926	299.915	299.904	299.895	299.884	299.874	299.866	299.857	299.852	299.844	299.831	299.825	299.812	299.798	299.784	299.766	299.758	299.746	299.739	299.725	299.714	299.703	299.689	299.678	299.668	299.657	299.648	299.638	299.628	299.621	299.61	299.601	299.596	299.579	299.572	299.561	299.552	299.545	299.537	299.526	299.518
300.69	300.688	300.688	300.69	300.69	300.694	300.69	300.683	300.678	300.669	300.663	300.65	300.648	300.641	300.629	300.626	300.627	300.621	300.617	300.612	300.606	300.604	300.593	300.586	300.578	300.571	300.565	300.558	300.547	300.541	300.525	300.519	300.507	300.5	300.494	300.481	300.475	300.46	300.45	300.439	300.423	300.416	300.409	300.404	300.404	300.395	300.389	300.379	300.371	300.357	300.347	300.335	300.327	300.32	300.309	300.302	300.291	300.28	300.274	300.261	300.251	300.247	300.236	300.233	300.221	300.217	300.209	300.202	300.198	300.185	300.175	300.168	300.16	300.147	300.133	300.126	300.111	300.103	300.091	300.079	300.074	300.06	300.06	300.046	300.039	300.028	300.014	300.005	299.993	299.978	299.973	299.956	299.951	299.94	299.932	299.918	299.905	299.894	299.88	299.868	299.861	299.849	299.842	299.833	299.829	299.818	299.808	299.801	299.782	299.761	299.745	299.735	299.72	299.71	299.701	299.69	299.679	299.666	299.653	299.647	299.633	299.624	299.617	299.605	299.599	299.591	299.581	299.572	299.564	299.553	299.543	299.535	299.525	299.511	299.501	299.494	299.482
300.677	300.678	300.676	300.682	300.679	300.682	300.681	300.673	300.667	300.66	300.648	300.639	300.635	300.628	300.617	300.613	300.614	300.61	300.605	300.602	300.586	300.587	300.576	300.566	300.563	300.556	300.545	300.545	300.527	300.52	300.508	300.501	300.486	300.473	300.466	300.46	300.451	300.443	300.432	300.42	300.411	300.404	300.396	300.39	300.382	300.375	300.371	300.357	300.352	300.338	300.326	300.317	300.308	300.3	300.289	300.278	300.273	300.261	300.254	300.242	300.234	300.23	300.217	300.216	300.207	300.196	300.186	300.179	300.174	300.167	300.154	300.142	300.132	300.12	300.108	300.102	300.087	300.078	300.067	300.054	300.048	300.035	300.03	300.023	300.011	300	299.987	299.976	299.963	299.952	299.945	299.934	299.929	299.919	299.91	299.896	299.882	299.87	299.857	299.845	299.836	299.825	299.817	299.809	299.804	299.795	299.776	299.76	299.742	299.728	299.702	299.693	299.679	299.669	299.666	299.654	299.642	299.631	299.621	299.611	299.6	299.596	299.587	299.578	299.571	299.56	299.551	299.543	299.53	299.524	299.511	299.503	299.493	299.48	299.465	299.456	299.446
300.66	300.663	300.665	300.673	300.671	300.674	300.672	300.665	300.658	300.647	300.638	300.632	300.621	300.614	300.61	300.607	300.599	300.594	300.587	300.588	300.572	300.564	300.553	300.548	300.541	300.538	300.524	300.523	300.507	300.502	300.489	300.477	300.469	300.457	300.448	300.444	300.431	300.425	300.412	300.401	300.394	300.38	300.375	300.369	300.36	300.353	300.35	300.333	300.327	300.315	300.304	300.297	300.284	300.276	300.267	300.256	300.252	300.239	300.233	300.224	300.217	300.21	300.202	300.194	300.181	300.167	300.163	300.15	300.145	300.133	300.127	300.114	300.098	300.09	300.077	300.068	300.058	300.048	300.041	300.027	300.02	300.012	300.001	299.993	299.978	299.969	299.957	299.947	299.938	299.929	299.921	299.912	299.906	299.894	299.886	299.872	299.859	299.843	299.833	299.819	299.806	299.8	299.785	299.774	299.761	299.747	299.734	299.721	299.705	299.694	299.669	299.661	299.644	299.634	299.627	299.616	299.606	299.595	299.586	299.579	299.568	299.563	299.554	299.545	299.542	299.53	299.523	299.515	299.5	299.496	299.479	299.47	299.459	299.447	299.434	299.424	299.417
300.648	300.647	300.652	300.655	300.659	300.664	300.659	300.654	300.644	300.637	300.629	300.622	300.619	300.61	300.603	300.592	300.582	300.583	300.563	300.558	300.545	300.536	300.53	300.526	300.516	300.514	300.508	300.502	300.493	300.485	300.475	300.456	300.445	300.432	300.425	300.42	300.411	300.403	300.395	300.384	300.374	300.365	300.356	300.346	300.337	300.325	300.316	300.305	300.297	300.29	300.28	300.275	300.263	300.254	300.246	300.237	300.229	300.22	300.213	300.203	300.192	300.184	300.178	300.166	300.156	300.145	300.133	300.123	300.122	300.104	300.097	300.084	300.07	300.06	300.046	300.036	300.033	300.02	300.013	300.002	299.99	299.987	299.971	299.961	299.951	299.94	299.932	299.926	299.917	299.907	299.898	299.891	299.88	299.871	299.86	299.842	299.828	299.815	299.805	299.791	299.77	299.766	299.748	299.737	299.725	299.71	299.698	299.688	299.669	299.66	299.647	299.631	299.615	299.601	299.59	299.58	299.573	299.562	299.552	299.548	299.536	299.528	299.521	299.514	299.509	299.501	299.493	299.483	299.475	299.463	299.452	299.443	299.427	299.415	299.405	299.393	299.384
300.629	300.634	300.639	300.642	300.646	300.648	300.643	300.64	300.631	300.625	300.623	300.605	300.607	300.595	300.588	300.582	300.571	300.561	300.553	300.536	300.528	300.519	300.511	300.506	300.498	300.5	300.492	300.487	300.476	300.46	300.454	300.444	300.426	300.414	300.405	300.396	300.393	300.388	300.379	300.371	300.357	300.345	300.337	300.318	300.317	300.3	300.293	300.285	300.273	300.268	300.259	300.25	300.241	300.231	300.221	300.213	300.206	300.199	300.183	300.174	300.17	300.158	300.147	300.14	300.124	300.114	300.106	300.093	300.085	300.075	300.064	300.052	300.04	300.03	300.021	300.009	300.003	299.991	299.984	299.975	299.965	299.957	299.944	299.935	299.922	299.91	299.902	299.897	299.892	299.885	299.878	299.867	299.856	299.844	299.834	299.813	299.808	299.785	299.764	299.748	299.736	299.726	299.708	299.693	299.681	299.667	299.655	299.645	299.638	299.627	299.612	299.596	299.58	299.568	299.558	299.55	299.542	299.535	299.524	299.514	299.504	299.493	299.487	299.479	299.47	299.466	299.46	299.448	299.448	299.433	299.42	299.412	299.397	299.385	299.369	299.355	299.346
300.619	300.617	300.62	300.625	300.629	300.633	300.627	300.626	300.617	300.61	300.608	300.6	300.599	300.577	300.566	300.563	300.551	300.537	300.534	300.513	300.505	300.495	300.485	300.483	300.482	300.476	300.47	300.469	300.463	300.449	300.433	300.416	300.398	300.388	300.382	300.373	300.369	300.368	300.356	300.353	300.34	300.328	300.32	300.301	300.296	300.277	300.266	300.255	300.243	300.243	300.236	300.227	300.218	300.208	300.199	300.191	300.17	300.161	300.149	300.14	300.132	300.125	300.115	300.112	300.098	300.082	300.074	300.069	300.054	300.053	300.037	300.028	300.015	300.001	299.991	299.978	299.973	299.968	299.958	299.948	299.938	299.927	299.917	299.904	299.892	299.886	299.879	299.872	299.866	299.863	299.852	299.842	299.831	299.818	299.81	299.79	299.767	299.752	299.735	299.719	299.704	299.69	299.684	299.663	299.645	299.631	299.622	299.609	299.605	299.595	299.585	299.572	299.556	299.54	299.53	299.519	299.506	299.501	299.494	299.479	299.471	299.459	299.451	299.449	299.442	299.434	299.431	299.419	299.407	299.398	299.385	299.37	299.352	299.343	299.325	299.32	299.307
300.606	300.605	300.608	300.612	300.61	300.616	300.608	300.606	300.603	300.598	300.589	300.58	300.565	300.56	300.541	300.531	300.531	300.527	300.507	300.495	300.485	300.48	300.473	300.468	300.46	300.46	300.458	300.45	300.436	300.426	300.416	300.4	300.389	300.371	300.362	300.359	300.35	300.353	300.341	300.334	300.322	300.307	300.296	300.282	300.272	300.262	300.25	300.24	300.23	300.221	300.212	300.207	300.194	300.181	300.17	300.155	300.144	300.131	300.12	300.108	300.1	300.095	300.091	300.07	300.07	300.054	300.043	300.034	300.023	300.021	300.005	299.999	299.989	299.974	299.964	299.955	299.947	299.938	299.928	299.918	299.91	299.899	299.887	299.873	299.862	299.853	299.847	299.846	299.838	299.835	299.825	299.816	299.806	299.792	299.77	299.756	299.732	299.718	299.701	299.683	299.674	299.662	299.638	299.624	299.61	299.596	299.583	299.571	299.566	299.558	299.548	299.535	299.521	299.512	299.494	299.488	299.478	299.47	299.463	299.451	299.44	299.43	299.419	299.411	299.407	299.399	299.388	299.383	299.368	299.358	299.347	299.331	299.319	299.301	299.286	299.28	299.268
300.578	300.578	300.585	300.591	300.587	300.593	300.589	300.58	300.576	300.57	300.562	300.563	300.536	300.53	300.518	300.506	300.501	300.49	300.481	300.477	300.465	300.456	300.452	300.445	300.443	300.436	300.433	300.432	300.422	300.406	300.395	300.373	300.364	300.346	300.341	300.339	300.328	300.33	300.318	300.311	300.299	300.287	300.274	300.264	300.249	300.241	300.228	300.218	300.208	300.195	300.188	300.181	300.164	300.155	300.142	300.124	300.119	300.102	300.085	300.076	300.067	300.057	300.058	300.039	300.035	300.022	300.013	300.006	299.996	299.99	299.983	299.972	299.96	299.946	299.936	299.926	299.916	299.911	299.9	299.889	299.88	299.869	299.86	299.846	299.839	299.83	299.822	299.82	299.812	299.805	299.797	299.779	299.765	299.754	299.733	299.717	299.697	299.681	299.667	299.653	299.64	299.63	299.612	299.598	299.583	299.565	299.551	299.54	299.532	299.522	299.516	299.503	299.49	299.483	299.466	299.458	299.448	299.437	299.425	299.418	299.406	299.397	299.388	299.372	299.359	299.357	299.341	299.333	299.325	299.314	299.301	299.289	299.273	299.258	299.247	299.235	299.223
300.553	300.554	300.557	300.559	300.561	300.555	300.556	300.556	300.55	300.546	300.536	300.525	300.513	300.498	300.487	300.475	300.472	300.467	300.465	300.453	300.446	300.441	300.436	300.425	300.424	300.419	300.406	300.403	300.397	300.379	300.377	300.357	300.346	300.334	300.325	300.317	300.311	300.307	300.296	300.286	300.274	300.262	300.249	300.24	300.226	300.219	300.211	300.203	300.191	300.174	300.16	300.149	300.137	300.124	300.114	300.099	300.086	300.075	300.059	300.046	300.035	300.024	300.017	300.007	299.997	299.987	299.98	299.974	299.966	299.958	299.95	299.937	299.925	299.916	299.907	299.895	299.886	299.877	299.867	299.856	299.85	299.841	299.832	299.821	299.813	299.805	299.796	299.782	299.773	299.759	299.752	299.737	299.722	299.708	299.693	299.675	299.66	299.645	299.63	299.618	299.603	299.591	299.579	299.564	299.549	299.534	299.52	299.503	299.494	299.483	299.477	299.472	299.461	299.449	299.44	299.429	299.418	299.406	299.394	299.378	299.368	299.348	299.34	299.328	299.316	299.306	299.294	299.287	299.277	299.268	299.259	299.248	299.232	299.217	299.205	299.191	299.179
300.522	300.531	300.531	300.528	300.532	300.525	300.529	300.525	300.52	300.511	300.505	300.488	300.48	300.468	300.456	300.447	300.442	300.439	300.438	300.427	300.427	300.422	300.413	300.407	300.395	300.395	300.385	300.378	300.368	300.356	300.35	300.334	300.324	300.312	300.302	300.294	300.289	300.277	300.269	300.259	300.248	300.237	300.226	300.214	300.207	300.197	300.184	300.174	300.161	300.145	300.131	300.118	300.106	300.089	300.075	300.07	300.051	300.044	300.028	300.016	300.005	299.996	299.98	299.973	299.961	299.956	299.95	299.94	299.934	299.924	299.915	299.904	299.892	299.881	299.871	299.863	299.853	299.842	299.834	299.825	299.815	299.809	299.799	299.791	299.774	299.762	299.755	299.74	299.733	299.714	299.704	299.691	299.677	299.663	299.654	299.635	299.624	299.608	299.592	299.58	299.568	299.556	299.544	299.532	299.517	299.501	299.487	299.472	299.462	299.451	299.441	299.434	299.431	299.419	299.412	299.399	299.382	299.365	299.352	299.333	299.326	299.309	299.295	299.283	299.269	299.256	299.246	299.237	299.228	299.222	299.213	299.2	299.187	299.173	299.16	299.147	299.135
300.486	300.496	300.494	300.497	300.5	300.495	300.497	300.492	300.493	300.483	300.476	300.459	300.449	300.436	300.426	300.421	300.415	300.41	300.407	300.4	300.4	300.389	300.38	300.384	300.367	300.365	300.361	300.346	300.344	300.332	300.321	300.312	300.302	300.293	300.284	300.273	300.265	300.251	300.243	300.233	300.223	300.211	300.203	300.185	300.176	300.163	300.151	300.144	300.128	300.114	300.101	300.084	300.074	300.063	300.042	300.04	300.02	300.01	299.999	299.986	299.969	299.961	299.946	299.938	299.924	299.918	299.912	299.902	299.898	299.889	299.878	299.869	299.857	299.848	299.836	299.827	299.817	299.807	299.799	299.785	299.776	299.765	299.748	299.747	299.734	299.722	299.716	299.697	299.688	299.673	299.658	299.647	299.634	299.623	299.614	299.595	299.583	299.568	299.557	299.545	299.529	299.519	299.504	299.494	299.483	299.467	299.454	299.441	299.429	299.417	299.409	299.402	299.39	299.379	299.365	299.351	299.334	299.317	299.304	299.285	299.276	299.261	299.249	299.236	299.224	299.213	299.201	299.19	299.181	299.173	299.165	299.151	299.142	299.13	299.118	299.11	299.097
300.456	300.456	300.459	300.465	300.462	300.466	300.463	300.465	300.467	300.45	300.439	300.429	300.414	300.409	300.401	300.391	300.387	300.383	300.378	300.371	300.365	300.359	300.349	300.346	300.332	300.333	300.325	300.314	300.312	300.297	300.292	300.286	300.279	300.268	300.26	300.249	300.24	300.229	300.219	300.21	300.2	300.184	300.17	300.153	300.141	300.131	300.12	300.11	300.093	300.081	300.066	300.051	300.036	300.029	300.013	300.002	299.995	299.981	299.969	299.958	299.942	299.927	299.916	299.906	299.891	299.882	299.874	299.867	299.858	299.851	299.843	299.834	299.823	299.814	299.805	299.794	299.782	299.766	299.753	299.739	299.724	299.719	299.707	299.7	299.689	299.676	299.669	299.66	299.646	299.633	299.621	299.609	299.599	299.587	299.574	299.56	299.546	299.53	299.52	299.508	299.49	299.483	299.47	299.459	299.447	299.433	299.42	299.408	299.388	299.375	299.368	299.352	299.338	299.326	299.312	299.301	299.286	299.269	299.256	299.244	299.225	299.213	299.203	299.19	299.178	299.171	299.159	299.149	299.137	299.127	299.119	299.109	299.099	299.089	299.08	299.071	299.06
300.42	300.419	300.419	300.428	300.425	300.437	300.429	300.427	300.426	300.42	300.406	300.394	300.384	300.379	300.373	300.361	300.359	300.344	300.342	300.334	300.327	300.324	300.315	300.305	300.304	300.301	300.295	300.29	300.278	300.268	300.261	300.253	300.246	300.239	300.231	300.222	300.212	300.203	300.189	300.175	300.172	300.152	300.139	300.126	300.111	300.099	300.086	300.07	300.061	300.046	300.03	300.021	299.999	299.992	299.976	299.967	299.961	299.952	299.936	299.927	299.911	299.899	299.885	299.868	299.861	299.849	299.84	299.833	299.824	299.815	299.808	299.798	299.787	299.774	299.76	299.745	299.738	299.722	299.714	299.704	299.69	299.677	299.669	299.66	299.652	299.639	299.626	299.619	299.609	299.595	299.584	299.571	299.561	299.552	299.535	299.526	299.511	299.493	299.48	299.469	299.459	299.447	299.438	299.426	299.415	299.403	299.38	299.363	299.352	299.335	299.319	299.304	299.286	299.283	299.266	299.253	299.238	299.224	299.209	299.198	299.183	299.171	299.157	299.145	299.134	299.128	299.118	299.108	299.096	299.084	299.072	299.063	299.053	299.047	299.042	299.033	299.026
300.389	300.387	300.385	300.392	300.391	300.397	300.398	300.392	300.383	300.376	300.369	300.362	300.349	300.344	300.338	300.33	300.333	300.314	300.313	300.305	300.292	300.283	300.28	300.277	300.274	300.267	300.258	300.256	300.243	300.238	300.233	300.225	300.221	300.217	300.206	300.202	300.184	300.169	300.156	300.14	300.129	300.118	300.105	300.09	300.075	300.061	300.057	300.038	300.031	300.014	299.995	299.984	299.966	299.953	299.946	299.937	299.928	299.918	299.909	299.898	299.882	299.867	299.855	299.836	299.829	299.812	299.806	299.794	299.781	299.77	299.756	299.749	299.737	299.725	299.713	299.701	299.688	299.676	299.666	299.657	299.648	299.633	299.627	299.61	299.603	299.593	299.585	299.574	299.562	299.553	299.545	299.533	299.521	299.513	299.498	299.485	299.471	299.461	299.45	299.433	299.422	299.404	299.395	299.383	299.366	299.35	299.333	299.312	299.301	299.284	299.268	299.258	299.239	299.226	299.217	299.204	299.191	299.185	299.173	299.152	299.138	299.121	299.106	299.095	299.086	299.082	299.075	299.065	299.051	299.044	299.031	299.02	299.01	299.002	298.997	298.992	298.988
300.349	300.345	300.341	300.347	300.361	300.351	300.352	300.351	300.346	300.336	300.322	300.322	300.316	300.313	300.307	300.298	300.29	300.284	300.274	300.265	300.259	300.252	300.248	300.239	300.237	300.239	300.237	300.225	300.215	300.206	300.2	300.194	300.188	300.179	300.167	300.162	300.146	300.131	300.119	300.107	300.095	300.089	300.073	300.061	300.048	300.026	300.015	299.996	299.982	299.971	299.958	299.941	299.933	299.922	299.911	299.902	299.892	299.883	299.872	299.864	299.852	299.838	299.824	299.81	299.798	299.779	299.771	299.754	299.734	299.724	299.71	299.701	299.692	299.679	299.669	299.66	299.642	299.643	299.627	299.617	299.608	299.594	299.584	299.573	299.563	299.553	299.542	299.532	299.523	299.515	299.505	299.494	299.482	299.469	299.457	299.451	299.435	299.422	299.409	299.388	299.379	299.364	299.351	299.336	299.318	299.296	299.287	299.269	299.254	299.244	299.228	299.208	299.194	299.183	299.175	299.167	299.154	299.138	299.13	299.113	299.096	299.08	299.067	299.055	299.041	299.034	299.032	299.025	299.013	299.001	298.979	298.966	298.954	298.946	298.94	298.936	298.927
300.311	300.31	300.31	300.307	300.308	300.312	300.313	300.307	300.3	300.3	300.289	300.283	300.275	300.269	300.266	300.265	300.253	300.254	300.243	300.235	300.227	300.218	300.216	300.216	300.211	300.207	300.198	300.185	300.188	300.171	300.166	300.157	300.148	300.14	300.141	300.121	300.114	300.099	300.085	300.077	300.063	300.055	300.036	300.025	300.013	299.995	299.978	299.968	299.947	299.933	299.919	299.901	299.894	299.886	299.878	299.868	299.859	299.852	299.837	299.827	299.817	299.805	299.788	299.772	299.755	299.739	299.723	299.71	299.697	299.686	299.67	299.656	299.65	299.638	299.627	299.619	299.606	299.598	299.589	299.579	299.569	299.556	299.545	299.534	299.524	299.513	299.502	299.495	299.483	299.473	299.461	299.451	299.443	299.434	299.419	299.412	299.401	299.382	299.364	299.348	299.324	299.309	299.293	299.281	299.27	299.257	299.236	299.225	299.207	299.193	299.176	299.159	299.151	299.141	299.129	299.121	299.116	299.106	299.093	299.073	299.053	299.037	299.022	299.009	299.004	298.995	298.983	298.969	298.954	298.939	298.926	298.913	298.899	298.888	298.881	298.875	298.871
300.269	300.268	300.269	300.27	300.271	300.269	300.27	300.266	300.263	300.256	300.25	300.242	300.239	300.232	300.228	300.225	300.217	300.212	300.206	300.197	300.191	300.182	300.177	300.172	300.168	300.166	300.159	300.151	300.143	300.129	300.122	300.115	300.104	300.094	300.092	300.078	300.076	300.064	300.05	300.044	300.027	300.018	300.011	299.996	299.978	299.968	299.942	299.927	299.909	299.893	299.878	299.864	299.859	299.846	299.843	299.831	299.819	299.81	299.801	299.793	299.776	299.763	299.746	299.732	299.716	299.702	299.686	299.673	299.661	299.643	299.634	299.617	299.606	299.596	299.586	299.576	299.571	299.559	299.556	299.546	299.534	299.523	299.513	299.499	299.489	299.48	299.471	299.46	299.445	299.437	299.427	299.416	299.401	299.389	299.381	299.361	299.349	299.332	299.312	299.298	299.277	299.266	299.256	299.242	299.226	299.212	299.195	299.187	299.17	299.151	299.135	299.122	299.108	299.098	299.095	299.085	299.072	299.063	299.045	299.032	299.015	299.001	298.983	298.963	298.944	298.937	298.924	298.913	298.897	298.881	298.869	298.852	298.847	298.841	298.832	298.821	298.813
300.242	300.24	300.236	300.232	300.236	300.232	300.229	300.227	300.221	300.215	300.216	300.206	300.2	300.193	300.181	300.172	300.173	300.167	300.162	300.154	300.145	300.141	300.138	300.127	300.123	300.117	300.11	300.107	300.096	300.1	300.084	300.072	300.063	300.053	300.048	300.042	300.033	300.025	300.014	300.003	299.994	299.977	299.969	299.955	299.939	299.928	299.907	299.893	299.876	299.861	299.844	299.831	299.824	299.813	299.808	299.797	299.781	299.764	299.749	299.74	299.731	299.718	299.705	299.691	299.671	299.661	299.646	299.635	299.623	299.608	299.6	299.58	299.562	299.553	299.542	299.531	299.529	299.518	299.515	299.508	299.496	299.487	299.475	299.463	299.453	299.443	299.431	299.421	299.411	299.399	299.384	299.374	299.357	299.338	299.33	299.31	299.298	299.283	299.263	299.247	299.229	299.209	299.199	299.188	299.175	299.163	299.15	299.136	299.124	299.106	299.089	299.074	299.067	299.055	299.051	299.04	299.027	299.019	299.003	298.985	298.962	298.941	298.922	298.905	298.889	298.88	298.867	298.854	298.842	298.83	298.818	298.804	298.797	298.79	298.78	298.772	298.763
300.203	300.207	300.203	300.2	300.196	300.194	300.19	300.187	300.175	300.167	300.159	300.153	300.144	300.137	300.129	300.123	300.123	300.118	300.114	300.109	300.1	300.094	300.091	300.079	300.077	300.068	300.061	300.066	300.052	300.054	300.04	300.029	300.02	300.009	300.003	299.999	299.99	299.989	299.981	299.961	299.954	299.936	299.919	299.906	299.894	299.881	299.867	299.855	299.837	299.823	299.81	299.8	299.79	299.776	299.76	299.748	299.728	299.712	299.698	299.693	299.683	299.672	299.66	299.65	299.632	299.621	299.61	299.598	299.589	299.577	299.558	299.542	299.526	299.509	299.499	299.489	299.483	299.475	299.47	299.463	299.459	299.448	299.436	299.43	299.418	299.409	299.396	299.375	299.358	299.347	299.331	299.32	299.305	299.288	299.277	299.264	299.25	299.234	299.218	299.196	299.178	299.162	299.146	299.137	299.123	299.111	299.103	299.087	299.073	299.059	299.044	299.026	299.021	299.011	299.002	298.991	298.974	298.957	298.934	298.921	298.901	298.886	298.871	298.849	298.836	298.825	298.811	298.801	298.79	298.778	298.766	298.756	298.748	298.743	298.733	298.719	298.709
300.155	300.163	300.162	300.159	300.148	300.146	300.142	300.132	300.118	300.112	300.098	300.096	300.086	300.08	300.076	300.072	300.071	300.074	300.069	300.064	300.057	300.047	300.046	300.035	300.032	300.021	300.013	300.015	300.005	300.003	299.991	299.981	299.973	299.965	299.956	299.954	299.943	299.942	299.934	299.916	299.908	299.892	299.875	299.861	299.848	299.839	299.829	299.817	299.805	299.787	299.771	299.76	299.746	299.733	299.72	299.708	299.688	299.667	299.656	299.644	299.636	299.625	299.613	299.605	299.593	299.576	299.565	299.553	299.544	299.538	299.519	299.504	299.488	299.471	299.456	299.448	299.436	299.433	299.425	299.42	299.413	299.405	299.394	299.384	299.368	299.357	299.342	299.325	299.304	299.298	299.281	299.264	299.25	299.238	299.224	299.214	299.198	299.181	299.165	299.146	299.126	299.115	299.098	299.085	299.075	299.062	299.052	299.037	299.02	299.007	298.996	298.978	298.96	298.949	298.938	298.924	298.906	298.89	298.871	298.857	298.839	298.824	298.81	298.792	298.783	298.768	298.755	298.744	298.734	298.726	298.713	298.707	298.696	298.691	298.684	298.671	298.661
300.1	300.111	300.112	300.112	300.107	300.1	300.092	300.081	300.065	300.061	300.047	300.042	300.034	300.029	300.026	300.021	300.017	300.024	300.019	300.014	300.007	299.997	300.001	299.987	299.982	299.977	299.97	299.963	299.959	299.952	299.945	299.933	299.926	299.919	299.91	299.906	299.898	299.889	299.881	299.872	299.861	299.845	299.833	299.819	299.805	299.797	299.782	299.766	299.754	299.739	299.724	299.714	299.703	299.69	299.676	299.665	299.648	299.626	299.613	299.597	299.59	299.581	299.57	299.558	299.551	299.53	299.522	299.511	299.499	299.494	299.479	299.465	299.448	299.435	299.422	299.406	299.392	299.384	299.37	299.361	299.356	299.344	299.338	299.323	299.31	299.295	299.282	299.27	299.253	299.239	299.229	299.213	299.199	299.187	299.171	299.159	299.143	299.127	299.111	299.096	299.076	299.065	299.049	299.036	299.024	299.016	298.998	298.981	298.957	298.939	298.924	298.913	298.893	298.889	298.871	298.856	298.841	298.826	298.811	298.794	298.775	298.764	298.751	298.736	298.725	298.708	298.699	298.689	298.677	298.669	298.658	298.654	298.644	298.639	298.631	298.624	298.615
300.04	300.051	300.057	300.056	300.058	300.046	300.043	300.03	300.013	300.004	300.001	299.992	299.988	299.985	299.981	299.976	299.965	299.966	299.962	299.962	299.956	299.947	299.948	299.94	299.933	299.929	299.921	299.91	299.909	299.895	299.89	299.883	299.878	299.872	299.86	299.853	299.85	299.842	299.833	299.826	299.81	299.801	299.786	299.767	299.746	299.734	299.722	299.713	299.703	299.687	299.676	299.667	299.651	299.646	299.628	299.616	299.6	299.583	299.568	299.554	299.539	299.532	299.525	299.511	299.503	299.486	299.476	299.466	299.457	299.447	299.433	299.419	299.407	299.39	299.37	299.349	299.334	299.321	299.307	299.301	299.296	299.286	299.283	299.262	299.251	299.239	299.222	299.21	299.197	299.178	299.168	299.153	299.141	299.132	299.117	299.103	299.09	299.072	299.054	299.042	299.028	299.013	298.999	298.979	298.964	298.949	298.928	298.908	298.894	298.875	298.86	298.851	298.841	298.829	298.808	298.792	298.779	298.762	298.742	298.73	298.719	298.707	298.696	298.683	298.672	298.656	298.646	298.634	298.622	298.615	298.6	298.595	298.584	298.577	298.569	298.56	298.55
299.986	299.992	299.999	300.002	299.999	299.987	299.98	299.974	299.966	299.955	299.95	299.939	299.942	299.937	299.932	299.928	299.92	299.917	299.913	299.912	299.91	299.909	299.898	299.897	299.885	299.876	299.872	299.861	299.855	299.843	299.839	299.835	299.827	299.819	299.818	299.81	299.804	299.791	299.779	299.764	299.744	299.735	299.713	299.7	299.69	299.676	299.67	299.663	299.65	299.639	299.629	299.619	299.599	299.591	299.58	299.568	299.554	299.541	299.521	299.51	299.492	299.483	299.477	299.464	299.449	299.44	299.426	299.417	299.408	299.394	299.375	299.358	299.338	299.319	299.301	299.283	299.269	299.254	299.246	299.239	299.234	299.223	299.217	299.203	299.189	299.175	299.162	299.143	299.129	299.121	299.105	299.09	299.079	299.068	299.059	299.047	299.035	299.022	299.006	298.984	298.968	298.949	298.926	298.906	298.885	298.87	298.857	298.835	298.823	298.812	298.799	298.79	298.774	298.765	298.749	298.731	298.714	298.696	298.686	298.673	298.661	298.649	298.638	298.626	298.614	298.601	298.585	298.567	298.553	298.541	298.527	298.525	298.513	298.504	298.499	298.486	298.479
299.93	299.933	299.936	299.939	299.933	299.945	299.931	299.92	299.913	299.904	299.904	299.898	299.899	299.897	299.889	299.882	299.869	299.861	299.861	299.855	299.851	299.856	299.848	299.854	299.845	299.833	299.822	299.81	299.801	299.795	299.779	299.77	299.762	299.756	299.749	299.738	299.725	299.716	299.709	299.698	299.682	299.675	299.655	299.644	299.635	299.62	299.617	299.603	299.597	299.585	299.57	299.556	299.553	299.536	299.528	299.516	299.504	299.493	299.476	299.464	299.451	299.439	299.428	299.416	299.401	299.391	299.377	299.363	299.347	299.33	299.311	299.289	299.268	299.255	299.241	299.225	299.205	299.196	299.187	299.179	299.173	299.168	299.151	299.146	299.129	299.112	299.098	299.086	299.07	299.061	299.043	299.034	299.025	299.01	298.993	298.983	298.961	298.949	298.936	298.918	298.899	298.883	298.858	298.842	298.827	298.805	298.788	298.774	298.763	298.753	298.742	298.73	298.72	298.705	298.687	298.671	298.654	298.641	298.63	298.618	298.606	298.598	298.586	298.568	298.553	298.534	298.518	298.499	298.484	298.47	298.458	298.455	298.439	298.431	298.421	298.405	298.401
299.874	299.877	299.881	299.889	299.877	299.883	299.875	299.872	299.868	299.855	299.859	299.855	299.849	299.849	299.847	299.837	299.83	299.814	299.814	299.812	299.811	299.815	299.806	299.803	299.788	299.773	299.761	299.746	299.734	299.725	299.713	299.704	299.699	299.69	299.679	299.672	299.666	299.651	299.638	299.631	299.616	299.611	299.602	299.591	299.578	299.569	299.564	299.549	299.543	299.533	299.52	299.508	299.499	299.484	299.479	299.466	299.453	299.446	299.435	299.421	299.41	299.397	299.374	299.355	299.334	299.314	299.301	299.291	299.276	299.261	299.244	299.224	299.207	299.188	299.171	299.154	299.147	299.135	299.125	299.112	299.103	299.099	299.083	299.08	299.069	299.053	299.037	299.021	299.006	298.999	298.981	298.962	298.945	298.93	298.915	298.902	298.891	298.872	298.855	298.844	298.82	298.811	298.791	298.77	298.751	298.734	298.719	298.71	298.699	298.692	298.681	298.669	298.661	298.646	298.633	298.618	298.602	298.58	298.559	298.55	298.536	298.521	298.506	298.493	298.481	298.465	298.452	298.437	298.421	298.407	298.391	298.38	298.372	298.364	298.354	298.342	298.33
299.823	299.82	299.823	299.829	299.824	299.83	299.826	299.823	299.821	299.814	299.812	299.813	299.81	299.808	299.803	299.782	299.78	299.759	299.746	299.745	299.741	299.738	299.744	299.737	299.726	299.708	299.692	299.674	299.664	299.652	299.647	299.637	299.624	299.616	299.616	299.597	299.594	299.585	299.574	299.569	299.561	299.553	299.541	299.53	299.523	299.514	299.5	299.499	299.488	299.479	299.469	299.459	299.443	299.433	299.419	299.411	299.401	299.388	299.377	299.362	299.343	299.325	299.306	299.285	299.267	299.253	299.239	299.224	299.207	299.193	299.175	299.154	299.137	299.124	299.108	299.097	299.087	299.071	299.064	299.052	299.041	299.031	299.026	299.012	299.003	298.989	298.969	298.951	298.935	298.913	298.898	298.882	298.863	298.85	298.836	298.811	298.807	298.796	298.78	298.771	298.747	298.735	298.721	298.702	298.687	298.673	298.656	298.646	298.637	298.633	298.624	298.615	298.601	298.585	298.565	298.544	298.524	298.507	298.493	298.482	298.465	298.452	298.444	298.429	298.415	298.399	298.383	298.368	298.35	298.336	298.325	298.313	298.305	298.292	298.28	298.276	298.264
299.753	299.754	299.754	299.761	299.757	299.756	299.757	299.754	299.751	299.756	299.745	299.749	299.738	299.739	299.734	299.723	299.704	299.693	299.687	299.683	299.682	299.674	299.671	299.662	299.651	299.636	299.623	299.608	299.602	299.587	299.579	299.57	299.56	299.552	299.547	299.536	299.529	299.522	299.512	299.505	299.497	299.491	299.482	299.471	299.461	299.454	299.442	299.442	299.435	299.427	299.417	299.403	299.384	299.377	299.354	299.339	299.326	299.312	299.303	299.29	299.267	299.252	299.235	299.218	299.2	299.188	299.173	299.154	299.141	299.127	299.107	299.092	299.072	299.062	299.047	299.031	299.022	299.011	299.001	298.987	298.97	298.953	298.943	298.929	298.916	298.9	298.88	298.862	298.852	298.833	298.817	298.803	298.787	298.767	298.759	298.742	298.732	298.721	298.703	298.692	298.676	298.665	298.648	298.631	298.617	298.595	298.578	298.574	298.569	298.559	298.542	298.527	298.514	298.496	298.478	298.463	298.447	298.435	298.416	298.408	298.397	298.386	298.372	298.356	298.345	298.33	298.317	298.303	298.288	298.267	298.258	298.244	298.236	298.226	298.219	298.209	298.201
299.677	299.673	299.674	299.678	299.678	299.674	299.678	299.677	299.678	299.682	299.675	299.679	299.671	299.658	299.655	299.651	299.634	299.631	299.618	299.616	299.61	299.606	299.599	299.595	299.583	299.57	299.558	299.543	299.531	299.524	299.512	299.504	299.495	299.488	299.477	299.474	299.467	299.457	299.448	299.445	299.439	299.432	299.427	299.416	299.405	299.396	299.39	299.38	299.372	299.362	299.349	299.334	299.312	299.298	299.281	299.269	299.253	299.237	299.231	299.215	299.198	299.184	299.168	299.155	299.142	299.13	299.115	299.098	299.076	299.063	299.043	299.034	299.017	299.006	298.991	298.969	298.952	298.94	298.922	298.906	298.893	298.88	298.862	298.849	298.834	298.818	298.8	298.788	298.773	298.763	298.743	298.729	298.713	298.696	298.684	298.671	298.661	298.652	298.637	298.622	298.607	298.595	298.568	298.548	298.529	298.506	298.494	298.488	298.483	298.476	298.461	298.444	298.431	298.408	298.392	298.377	298.365	298.357	298.345	298.34	298.33	298.317	298.303	298.291	298.28	298.265	298.248	298.236	298.219	298.201	298.186	298.172	298.161	298.15	298.14	298.124	298.114
