301.597	301.605	301.603	301.596	301.594	301.587	301.583	301.579	301.577	301.578	301.579	301.574	301.572	301.57	301.566	301.564	301.563	301.563	301.565	301.567	301.56	301.556	301.553	301.548	301.548	301.546	301.551	301.547	301.552	301.546	301.544	301.54	301.533	301.532	301.528	301.524	301.526	301.518	301.52	301.512	301.507	301.502	301.502	301.499	301.498	301.498	301.495	301.494	301.487	301.488	301.485	301.485	301.483	301.479	301.477	301.476	301.469	301.463	301.46	301.458	301.457	301.456	301.457	301.453	301.454	301.447	301.44	301.435	301.429	301.421	301.416	301.417	301.417	301.418	301.414	301.408	301.404	301.399	301.388	301.383	301.378	301.376	301.375	301.367	301.352	301.341	301.332	301.326	301.322	301.319	301.318	301.315	301.309	301.299	301.296	301.289	301.285	301.278	301.272	301.271	301.266	301.257	301.256	301.253	301.253	301.256	301.258	301.263	301.26	301.266	301.26	301.255	301.251	301.246	301.244	301.242	301.237	301.235	301.235	301.223	301.218	301.211	301.202	301.199	301.193	301.19	301.184	301.181	301.175	301.167	301.16	301.157	301.151	301.142	301.135	301.128	301.125
301.594	301.598	301.598	301.592	301.587	301.581	301.578	301.574	301.577	301.578	301.58	301.58	301.578	301.575	301.573	301.564	301.564	301.564	301.565	301.566	301.558	301.561	301.55	301.547	301.547	301.548	301.548	301.544	301.548	301.543	301.541	301.536	301.533	301.526	301.523	301.521	301.52	301.52	301.512	301.507	301.503	301.503	301.498	301.495	301.493	301.493	301.489	301.488	301.482	301.482	301.48	301.475	301.475	301.474	301.474	301.465	301.467	301.459	301.455	301.456	301.453	301.455	301.453	301.447	301.445	301.439	301.433	301.426	301.421	301.414	301.412	301.409	301.411	301.41	301.405	301.401	301.39	301.383	301.373	301.371	301.368	301.363	301.36	301.35	301.339	301.327	301.32	301.318	301.313	301.315	301.318	301.31	301.307	301.299	301.292	301.288	301.276	301.269	301.264	301.258	301.256	301.246	301.248	301.243	301.244	301.246	301.247	301.25	301.249	301.252	301.243	301.241	301.234	301.229	301.226	301.223	301.223	301.215	301.215	301.206	301.2	301.194	301.188	301.182	301.177	301.171	301.164	301.163	301.153	301.146	301.14	301.136	301.131	301.121	301.12	301.111	301.108
301.594	301.595	301.59	301.587	301.585	301.58	301.577	301.575	301.578	301.581	301.585	301.587	301.582	301.582	301.578	301.572	301.568	301.571	301.567	301.572	301.563	301.559	301.551	301.546	301.548	301.547	301.541	301.544	301.544	301.542	301.537	301.533	301.529	301.525	301.521	301.523	301.514	301.52	301.509	301.507	301.503	301.497	301.494	301.491	301.485	301.487	301.487	301.482	301.475	301.477	301.473	301.472	301.469	301.469	301.471	301.463	301.463	301.453	301.453	301.45	301.45	301.449	301.447	301.446	301.438	301.431	301.422	301.42	301.412	301.406	301.403	301.403	301.406	301.4	301.396	301.387	301.377	301.369	301.362	301.358	301.358	301.356	301.35	301.341	301.327	301.319	301.314	301.314	301.313	301.314	301.312	301.306	301.303	301.293	301.287	301.28	301.268	301.262	301.26	301.253	301.253	301.241	301.237	301.236	301.234	301.236	301.237	301.237	301.233	301.233	301.228	301.225	301.217	301.212	301.211	301.206	301.206	301.201	301.196	301.191	301.181	301.178	301.171	301.166	301.164	301.154	301.148	301.143	301.133	301.131	301.122	301.116	301.112	301.107	301.105	301.1	301.095
301.593	301.6	301.592	301.592	301.586	301.583	301.581	301.579	301.58	301.581	301.59	301.587	301.587	301.582	301.582	301.582	301.579	301.578	301.572	301.577	301.568	301.565	301.558	301.551	301.546	301.545	301.546	301.545	301.541	301.537	301.536	301.527	301.528	301.524	301.519	301.519	301.514	301.514	301.505	301.503	301.495	301.491	301.487	301.483	301.483	301.486	301.481	301.478	301.476	301.471	301.467	301.466	301.468	301.465	301.463	301.464	301.457	301.451	301.452	301.45	301.45	301.452	301.445	301.444	301.431	301.43	301.42	301.415	301.409	301.403	301.401	301.401	301.399	301.395	301.39	301.378	301.371	301.364	301.36	301.358	301.355	301.349	301.347	301.338	301.332	301.325	301.317	301.314	301.314	301.31	301.307	301.307	301.293	301.29	301.281	301.275	301.268	301.261	301.26	301.253	301.251	301.242	301.239	301.236	301.233	301.229	301.23	301.23	301.227	301.226	301.217	301.215	301.205	301.202	301.198	301.193	301.189	301.187	301.188	301.179	301.172	301.164	301.157	301.153	301.148	301.143	301.136	301.132	301.123	301.12	301.11	301.106	301.099	301.093	301.088	301.083	301.078
301.599	301.595	301.587	301.585	301.587	301.588	301.584	301.584	301.587	301.588	301.599	301.59	301.592	301.588	301.586	301.585	301.581	301.583	301.585	301.579	301.575	301.566	301.559	301.554	301.553	301.552	301.545	301.541	301.555	301.54	301.537	301.529	301.524	301.52	301.516	301.515	301.515	301.509	301.504	301.498	301.494	301.491	301.485	301.481	301.484	301.483	301.483	301.482	301.472	301.472	301.469	301.466	301.465	301.468	301.467	301.461	301.456	301.449	301.449	301.446	301.446	301.445	301.437	301.44	301.428	301.428	301.416	301.412	301.407	301.4	301.394	301.388	301.39	301.389	301.378	301.369	301.365	301.353	301.346	301.347	301.34	301.341	301.337	301.329	301.322	301.317	301.312	301.31	301.307	301.304	301.3	301.303	301.289	301.289	301.28	301.274	301.268	301.259	301.256	301.254	301.246	301.241	301.235	301.226	301.224	301.221	301.219	301.216	301.213	301.217	301.204	301.199	301.193	301.189	301.185	301.186	301.181	301.174	301.177	301.165	301.161	301.152	301.148	301.143	301.137	301.131	301.122	301.12	301.114	301.103	301.101	301.095	301.087	301.081	301.08	301.072	301.07
301.604	301.597	301.598	301.591	301.589	301.589	301.587	301.585	301.587	301.585	301.596	301.586	301.587	301.584	301.586	301.589	301.587	301.587	301.582	301.581	301.574	301.569	301.56	301.556	301.553	301.55	301.552	301.545	301.546	301.532	301.531	301.527	301.522	301.522	301.518	301.511	301.508	301.503	301.499	301.491	301.484	301.483	301.484	301.483	301.481	301.478	301.485	301.475	301.472	301.47	301.469	301.468	301.465	301.465	301.463	301.459	301.46	301.447	301.446	301.445	301.444	301.441	301.435	301.431	301.427	301.422	301.414	301.414	301.406	301.399	301.395	301.391	301.393	301.377	301.373	301.362	301.348	301.342	301.339	301.336	301.331	301.332	301.32	301.321	301.319	301.313	301.309	301.302	301.297	301.301	301.296	301.296	301.289	301.284	301.276	301.268	301.261	301.257	301.256	301.25	301.251	301.243	301.236	301.227	301.222	301.214	301.209	301.21	301.205	301.202	301.197	301.19	301.184	301.18	301.174	301.171	301.17	301.166	301.17	301.156	301.155	301.143	301.136	301.13	301.122	301.12	301.113	301.107	301.099	301.095	301.087	301.082	301.075	301.071	301.065	301.057	301.053
301.598	301.594	301.588	301.585	301.584	301.587	301.585	301.585	301.586	301.589	301.59	301.587	301.583	301.583	301.584	301.585	301.588	301.585	301.58	301.584	301.561	301.562	301.558	301.556	301.553	301.551	301.552	301.546	301.54	301.543	301.531	301.523	301.519	301.513	301.509	301.509	301.507	301.501	301.493	301.49	301.49	301.484	301.479	301.478	301.477	301.485	301.483	301.474	301.476	301.467	301.464	301.466	301.469	301.466	301.468	301.464	301.456	301.448	301.444	301.44	301.436	301.435	301.431	301.426	301.423	301.418	301.412	301.405	301.4	301.395	301.389	301.375	301.375	301.367	301.364	301.348	301.343	301.335	301.327	301.322	301.317	301.315	301.313	301.31	301.302	301.298	301.294	301.289	301.288	301.286	301.287	301.286	301.282	301.272	301.267	301.26	301.252	301.251	301.249	301.241	301.246	301.232	301.228	301.22	301.21	301.205	301.2	301.197	301.194	301.19	301.181	301.177	301.167	301.165	301.163	301.159	301.16	301.157	301.157	301.147	301.143	301.135	301.128	301.121	301.114	301.108	301.103	301.101	301.088	301.082	301.072	301.069	301.066	301.059	301.055	301.055	301.043
301.594	301.598	301.589	301.59	301.588	301.584	301.584	301.582	301.581	301.584	301.582	301.581	301.574	301.577	301.581	301.58	301.578	301.579	301.569	301.573	301.558	301.561	301.553	301.549	301.55	301.548	301.544	301.544	301.539	301.531	301.522	301.519	301.515	301.509	301.503	301.502	301.494	301.496	301.492	301.485	301.483	301.48	301.478	301.477	301.477	301.476	301.475	301.474	301.462	301.464	301.465	301.465	301.46	301.462	301.46	301.459	301.452	301.448	301.44	301.436	301.433	301.428	301.424	301.423	301.418	301.413	301.409	301.404	301.398	301.387	301.379	301.371	301.372	301.365	301.355	301.344	301.338	301.327	301.32	301.315	301.313	301.304	301.303	301.295	301.294	301.292	301.283	301.28	301.28	301.276	301.279	301.276	301.271	301.267	301.259	301.253	301.247	301.243	301.24	301.235	301.232	301.223	301.219	301.21	301.206	301.2	301.195	301.19	301.184	301.185	301.172	301.169	301.161	301.152	301.149	301.145	301.145	301.142	301.143	301.136	301.128	301.122	301.114	301.108	301.105	301.101	301.091	301.087	301.076	301.071	301.063	301.057	301.055	301.051	301.047	301.038	301.032
301.592	301.596	301.591	301.59	301.588	301.585	301.583	301.583	301.58	301.584	301.587	301.586	301.581	301.572	301.575	301.575	301.576	301.572	301.567	301.563	301.556	301.553	301.559	301.554	301.549	301.547	301.546	301.543	301.54	301.528	301.524	301.514	301.512	301.506	301.504	301.501	301.499	301.497	301.493	301.489	301.486	301.484	301.478	301.476	301.476	301.476	301.472	301.474	301.465	301.464	301.464	301.462	301.46	301.459	301.454	301.457	301.449	301.443	301.439	301.434	301.428	301.424	301.42	301.419	301.416	301.41	301.403	301.394	301.388	301.378	301.371	301.365	301.361	301.361	301.354	301.344	301.331	301.325	301.318	301.315	301.306	301.304	301.296	301.291	301.284	301.282	301.275	301.274	301.273	301.271	301.273	301.269	301.265	301.259	301.253	301.248	301.244	301.241	301.233	301.229	301.222	301.216	301.208	301.207	301.2	301.192	301.187	301.186	301.177	301.176	301.164	301.158	301.15	301.144	301.141	301.139	301.136	301.133	301.13	301.124	301.117	301.112	301.106	301.1	301.095	301.09	301.083	301.076	301.069	301.062	301.056	301.052	301.047	301.043	301.039	301.03	301.03
301.592	301.597	301.594	301.591	301.587	301.587	301.587	301.585	301.587	301.586	301.593	301.588	301.584	301.579	301.575	301.576	301.569	301.563	301.563	301.557	301.558	301.548	301.553	301.552	301.547	301.546	301.546	301.541	301.539	301.529	301.522	301.515	301.514	301.511	301.504	301.502	301.502	301.499	301.497	301.49	301.487	301.483	301.479	301.476	301.477	301.477	301.472	301.469	301.469	301.467	301.464	301.462	301.457	301.455	301.454	301.454	301.449	301.443	301.438	301.433	301.428	301.424	301.421	301.416	301.414	301.407	301.399	301.389	301.382	301.376	301.365	301.358	301.359	301.361	301.348	301.342	301.33	301.324	301.319	301.31	301.304	301.304	301.292	301.293	301.282	301.278	301.276	301.275	301.274	301.272	301.268	301.266	301.26	301.252	301.248	301.241	301.237	301.234	301.225	301.224	301.217	301.211	301.204	301.2	301.198	301.189	301.183	301.181	301.171	301.169	301.16	301.153	301.145	301.138	301.134	301.131	301.128	301.126	301.124	301.116	301.11	301.103	301.097	301.092	301.087	301.081	301.077	301.068	301.063	301.054	301.048	301.044	301.041	301.034	301.028	301.021	301.021
301.593	301.598	301.592	301.592	301.587	301.588	301.586	301.585	301.59	301.586	301.597	301.591	301.59	301.586	301.582	301.575	301.569	301.56	301.562	301.552	301.555	301.548	301.548	301.547	301.546	301.545	301.541	301.539	301.536	301.529	301.52	301.517	301.518	301.51	301.506	301.504	301.503	301.503	301.502	301.494	301.489	301.487	301.481	301.48	301.476	301.474	301.474	301.465	301.466	301.462	301.462	301.461	301.455	301.453	301.456	301.45	301.45	301.444	301.436	301.433	301.427	301.423	301.419	301.413	301.412	301.401	301.394	301.381	301.373	301.366	301.359	301.356	301.356	301.356	301.343	301.338	301.328	301.323	301.316	301.309	301.306	301.302	301.296	301.291	301.283	301.282	301.281	301.277	301.274	301.273	301.267	301.262	301.255	301.246	301.24	301.232	301.225	301.223	301.217	301.214	301.212	301.202	301.199	301.195	301.193	301.188	301.182	301.174	301.17	301.162	301.153	301.146	301.139	301.134	301.128	301.125	301.122	301.117	301.117	301.108	301.103	301.095	301.09	301.085	301.08	301.075	301.071	301.064	301.054	301.049	301.041	301.039	301.035	301.028	301.025	301.018	301.011
301.596	301.6	301.59	301.591	301.588	301.587	301.587	301.586	301.59	301.59	301.598	301.599	301.597	301.593	301.587	301.58	301.575	301.565	301.563	301.559	301.555	301.553	301.551	301.546	301.544	301.543	301.537	301.541	301.532	301.53	301.524	301.523	301.517	301.511	301.509	301.511	301.508	301.509	301.508	301.5	301.497	301.491	301.486	301.483	301.48	301.475	301.477	301.47	301.466	301.464	301.461	301.461	301.459	301.457	301.456	301.45	301.451	301.443	301.438	301.432	301.427	301.422	301.417	301.413	301.414	301.403	301.394	301.38	301.37	301.365	301.36	301.355	301.352	301.35	301.345	301.336	301.328	301.321	301.316	301.312	301.305	301.299	301.303	301.29	301.29	301.287	301.281	301.281	301.277	301.274	301.27	301.265	301.255	301.244	301.238	301.229	301.222	301.219	301.212	301.208	301.205	301.197	301.191	301.189	301.181	301.177	301.173	301.165	301.165	301.157	301.148	301.14	301.134	301.128	301.124	301.122	301.119	301.115	301.114	301.105	301.097	301.094	301.088	301.082	301.077	301.073	301.066	301.065	301.052	301.049	301.041	301.034	301.032	301.027	301.021	301.017	301.01
301.597	301.6	301.594	301.594	301.592	301.593	301.593	301.591	301.595	301.598	301.596	301.6	301.602	301.602	301.597	301.588	301.579	301.576	301.566	301.572	301.564	301.557	301.553	301.546	301.542	301.539	301.538	301.541	301.535	301.538	301.528	301.525	301.523	301.519	301.518	301.514	301.516	301.511	301.504	301.502	301.494	301.493	301.489	301.484	301.485	301.482	301.477	301.475	301.473	301.47	301.466	301.461	301.459	301.458	301.454	301.46	301.45	301.445	301.44	301.434	301.427	301.424	301.421	301.417	301.413	301.407	301.399	301.384	301.38	301.37	301.362	301.359	301.357	301.354	301.349	301.335	301.33	301.328	301.322	301.314	301.313	301.307	301.31	301.297	301.298	301.291	301.29	301.289	301.283	301.28	301.276	301.268	301.256	301.249	301.236	301.228	301.22	301.215	301.214	301.211	301.206	301.203	301.188	301.183	301.177	301.17	301.165	301.163	301.159	301.151	301.149	301.139	301.132	301.127	301.123	301.119	301.118	301.118	301.113	301.109	301.1	301.092	301.087	301.082	301.077	301.076	301.066	301.064	301.053	301.05	301.044	301.038	301.032	301.025	301.019	301.015	301.011
301.596	301.603	301.597	301.593	301.596	301.594	301.595	301.597	301.595	301.601	301.606	301.61	301.608	301.605	301.602	301.596	301.591	301.588	301.579	301.575	301.57	301.563	301.557	301.549	301.548	301.546	301.541	301.544	301.545	301.541	301.532	301.536	301.529	301.524	301.524	301.52	301.522	301.514	301.511	301.505	301.494	301.49	301.49	301.487	301.481	301.485	301.487	301.486	301.477	301.471	301.47	301.468	301.463	301.461	301.459	301.462	301.447	301.446	301.438	301.432	301.429	301.426	301.42	301.418	301.414	301.408	301.397	301.391	301.384	301.374	301.365	301.36	301.357	301.353	301.345	301.345	301.34	301.331	301.327	301.321	301.319	301.313	301.31	301.309	301.302	301.293	301.292	301.29	301.287	301.29	301.282	301.276	301.261	301.248	301.237	301.231	301.224	301.218	301.213	301.212	301.203	301.205	301.19	301.181	301.171	301.163	301.158	301.153	301.153	301.151	301.144	301.135	301.132	301.125	301.121	301.121	301.116	301.115	301.11	301.104	301.099	301.091	301.086	301.08	301.074	301.07	301.065	301.059	301.055	301.048	301.041	301.035	301.031	301.026	301.022	301.015	301.012
301.609	301.609	301.606	301.604	301.606	301.604	301.605	301.606	301.606	301.606	301.609	301.607	301.613	301.612	301.609	301.606	301.599	301.593	301.594	301.588	301.581	301.573	301.565	301.558	301.553	301.55	301.549	301.55	301.548	301.543	301.543	301.541	301.533	301.531	301.534	301.53	301.525	301.517	301.51	301.5	301.501	301.494	301.488	301.489	301.489	301.488	301.489	301.486	301.486	301.481	301.474	301.469	301.466	301.466	301.462	301.458	301.456	301.452	301.441	301.438	301.433	301.429	301.424	301.42	301.416	301.411	301.407	301.403	301.396	301.386	301.381	301.369	301.362	301.368	301.352	301.35	301.342	301.337	301.338	301.333	301.325	301.325	301.329	301.316	301.31	301.303	301.303	301.299	301.294	301.293	301.279	301.283	301.267	301.255	301.243	301.232	301.228	301.225	301.218	301.221	301.218	301.204	301.196	301.187	301.177	301.171	301.166	301.158	301.157	301.154	301.149	301.141	301.136	301.127	301.122	301.121	301.116	301.116	301.117	301.109	301.1	301.093	301.085	301.08	301.076	301.068	301.066	301.061	301.057	301.05	301.043	301.038	301.029	301.021	301.016	301.008	301.008
301.602	301.605	301.607	301.604	301.6	301.605	301.606	301.604	301.61	301.61	301.614	301.614	301.613	301.613	301.608	301.603	301.601	301.591	301.593	301.587	301.582	301.576	301.569	301.563	301.557	301.553	301.551	301.549	301.55	301.548	301.545	301.541	301.542	301.539	301.533	301.529	301.53	301.52	301.519	301.502	301.497	301.491	301.487	301.487	301.484	301.485	301.489	301.486	301.482	301.475	301.471	301.47	301.467	301.461	301.459	301.458	301.451	301.442	301.442	301.437	301.43	301.428	301.425	301.418	301.417	301.409	301.403	301.396	301.392	301.382	301.371	301.366	301.362	301.356	301.348	301.346	301.346	301.344	301.339	301.33	301.328	301.322	301.317	301.309	301.307	301.298	301.293	301.29	301.287	301.283	301.283	301.274	301.26	301.249	301.239	301.229	301.223	301.218	301.215	301.212	301.21	301.203	301.193	301.182	301.173	301.164	301.159	301.154	301.153	301.145	301.142	301.132	301.125	301.122	301.116	301.113	301.112	301.111	301.104	301.104	301.094	301.091	301.083	301.076	301.07	301.062	301.061	301.057	301.051	301.045	301.038	301.031	301.027	301.021	301.014	301.012	301.006
301.606	301.607	301.605	301.611	301.607	301.61	301.612	301.612	301.619	301.61	301.615	301.618	301.609	301.61	301.605	301.599	301.594	301.592	301.589	301.585	301.58	301.573	301.567	301.562	301.557	301.554	301.549	301.549	301.552	301.544	301.547	301.544	301.54	301.536	301.534	301.535	301.529	301.516	301.51	301.506	301.496	301.49	301.487	301.481	301.478	301.48	301.478	301.479	301.474	301.471	301.466	301.463	301.459	301.455	301.455	301.451	301.447	301.445	301.441	301.437	301.431	301.427	301.422	301.418	301.418	301.405	301.405	301.393	301.39	301.38	301.37	301.367	301.355	301.352	301.351	301.344	301.343	301.341	301.337	301.333	301.332	301.322	301.325	301.311	301.299	301.29	301.286	301.285	301.278	301.274	301.273	301.265	301.261	301.25	301.238	301.232	301.223	301.217	301.216	301.211	301.209	301.201	301.192	301.183	301.174	301.166	301.159	301.156	301.149	301.143	301.135	301.13	301.123	301.116	301.113	301.11	301.109	301.108	301.101	301.099	301.087	301.083	301.076	301.069	301.063	301.057	301.055	301.051	301.048	301.039	301.033	301.026	301.02	301.015	301.008	301.003	300.997
301.602	301.609	301.607	301.613	301.618	301.618	301.621	301.624	301.625	301.623	301.625	301.618	301.614	301.605	301.602	301.598	301.594	301.589	301.588	301.588	301.582	301.574	301.571	301.564	301.559	301.556	301.552	301.554	301.555	301.552	301.549	301.55	301.546	301.543	301.543	301.529	301.525	301.526	301.511	301.505	301.5	301.493	301.488	301.483	301.481	301.482	301.477	301.478	301.471	301.472	301.466	301.464	301.461	301.457	301.457	301.453	301.448	301.443	301.439	301.435	301.431	301.428	301.423	301.42	301.418	301.408	301.405	301.399	301.393	301.382	301.373	301.363	301.353	301.355	301.346	301.345	301.345	301.342	301.337	301.336	301.328	301.324	301.317	301.305	301.295	301.289	301.281	301.275	301.272	301.273	301.272	301.268	301.258	301.251	301.244	301.236	301.228	301.223	301.214	301.209	301.209	301.198	301.19	301.184	301.174	301.165	301.159	301.151	301.146	301.145	301.135	301.128	301.125	301.118	301.117	301.115	301.107	301.106	301.099	301.094	301.085	301.08	301.073	301.066	301.06	301.053	301.051	301.043	301.043	301.033	301.031	301.024	301.015	301.01	301.004	301	300.989
301.608	301.611	301.61	301.61	301.616	301.624	301.626	301.626	301.626	301.627	301.627	301.617	301.615	301.606	301.6	301.596	301.592	301.588	301.588	301.589	301.583	301.576	301.573	301.567	301.564	301.558	301.554	301.555	301.553	301.558	301.551	301.551	301.547	301.546	301.539	301.53	301.524	301.522	301.51	301.504	301.498	301.497	301.492	301.485	301.483	301.481	301.479	301.479	301.47	301.468	301.463	301.461	301.46	301.455	301.458	301.455	301.449	301.442	301.436	301.434	301.431	301.427	301.427	301.422	301.419	301.413	301.403	301.397	301.392	301.383	301.373	301.365	301.358	301.356	301.345	301.349	301.345	301.343	301.337	301.336	301.329	301.328	301.317	301.31	301.295	301.288	301.285	301.278	301.271	301.272	301.265	301.27	301.257	301.253	301.245	301.234	301.224	301.22	301.21	301.203	301.202	301.193	301.188	301.18	301.176	301.166	301.159	301.153	301.148	301.146	301.14	301.131	301.126	301.121	301.12	301.114	301.106	301.103	301.096	301.09	301.083	301.078	301.071	301.065	301.057	301.05	301.046	301.037	301.036	301.027	301.024	301.017	301.01	301.005	300.999	300.992	300.981
301.61	301.609	301.615	301.614	301.62	301.627	301.626	301.626	301.627	301.625	301.626	301.618	301.614	301.607	301.6	301.595	301.591	301.591	301.59	301.593	301.584	301.581	301.576	301.572	301.567	301.563	301.558	301.559	301.556	301.558	301.554	301.552	301.547	301.541	301.536	301.532	301.527	301.519	301.516	301.509	301.502	301.501	301.496	301.492	301.489	301.485	301.485	301.476	301.469	301.464	301.461	301.458	301.458	301.458	301.461	301.457	301.45	301.443	301.437	301.434	301.435	301.431	301.429	301.425	301.423	301.417	301.404	301.4	301.396	301.391	301.38	301.374	301.362	301.363	301.353	301.354	301.349	301.345	301.341	301.336	301.331	301.328	301.322	301.314	301.303	301.295	301.29	301.284	301.276	301.275	301.268	301.27	301.259	301.254	301.245	301.234	301.225	301.22	301.212	301.204	301.198	301.192	301.187	301.179	301.174	301.169	301.161	301.157	301.153	301.146	301.146	301.136	301.13	301.126	301.119	301.112	301.106	301.101	301.096	301.091	301.082	301.077	301.071	301.065	301.057	301.05	301.046	301.037	301.03	301.023	301.018	301.011	301.008	301.003	300.998	300.993	300.981
301.612	301.614	301.621	301.619	301.624	301.627	301.628	301.627	301.63	301.628	301.629	301.623	301.614	301.61	301.605	301.599	301.596	301.598	301.596	301.598	301.59	301.585	301.582	301.577	301.573	301.571	301.565	301.565	301.567	301.561	301.558	301.557	301.547	301.543	301.539	301.531	301.532	301.527	301.526	301.512	301.508	301.503	301.5	301.498	301.497	301.497	301.492	301.481	301.475	301.47	301.467	301.463	301.463	301.467	301.466	301.462	301.455	301.445	301.439	301.436	301.436	301.437	301.432	301.433	301.426	301.417	301.412	301.406	301.403	301.397	301.391	301.382	301.374	301.37	301.365	301.357	301.354	301.35	301.344	301.34	301.332	301.327	301.331	301.316	301.315	301.309	301.301	301.293	301.285	301.284	301.278	301.274	301.265	301.258	301.248	301.239	301.233	301.225	301.215	301.208	301.201	301.194	301.186	301.179	301.171	301.164	301.164	301.159	301.161	301.153	301.152	301.142	301.136	301.125	301.12	301.112	301.105	301.1	301.097	301.093	301.083	301.081	301.073	301.065	301.06	301.053	301.045	301.04	301.028	301.019	301.013	301.01	301.004	301.003	300.998	300.991	300.98
301.615	301.624	301.62	301.618	301.62	301.63	301.634	301.631	301.631	301.63	301.627	301.622	301.62	301.616	301.609	301.605	301.606	301.605	301.601	301.602	301.593	301.589	301.582	301.578	301.574	301.571	301.57	301.563	301.566	301.56	301.56	301.553	301.544	301.539	301.535	301.53	301.535	301.53	301.526	301.517	301.511	301.508	301.504	301.503	301.503	301.501	301.5	301.489	301.481	301.473	301.472	301.472	301.47	301.473	301.47	301.469	301.458	301.448	301.445	301.44	301.44	301.438	301.434	301.434	301.428	301.42	301.415	301.409	301.407	301.407	301.401	301.394	301.393	301.379	301.374	301.366	301.359	301.352	301.344	301.34	301.339	301.331	301.338	301.323	301.326	301.316	301.305	301.301	301.295	301.29	301.283	301.278	301.266	301.26	301.25	301.241	301.233	301.226	301.224	301.211	301.207	301.199	301.189	301.184	301.174	301.168	301.168	301.166	301.165	301.162	301.154	301.147	301.139	301.13	301.122	301.113	301.103	301.101	301.095	301.091	301.086	301.081	301.073	301.067	301.06	301.054	301.043	301.039	301.028	301.018	301.009	301.002	300.997	300.99	300.988	300.978	300.971
301.615	301.628	301.63	301.636	301.63	301.628	301.631	301.635	301.635	301.639	301.634	301.628	301.624	301.625	301.622	301.616	301.613	301.608	301.616	301.607	301.603	301.598	301.592	301.589	301.583	301.576	301.577	301.571	301.568	301.56	301.555	301.556	301.549	301.542	301.539	301.539	301.54	301.532	301.534	301.526	301.516	301.511	301.51	301.51	301.508	301.51	301.504	301.493	301.488	301.483	301.478	301.476	301.479	301.483	301.48	301.475	301.464	301.454	301.448	301.443	301.44	301.442	301.439	301.433	301.428	301.423	301.412	301.412	301.409	301.405	301.403	301.402	301.4	301.39	301.382	301.372	301.363	301.36	301.356	301.345	301.336	301.329	301.336	301.326	301.322	301.314	301.31	301.303	301.295	301.287	301.281	301.282	301.265	301.257	301.247	301.241	301.234	301.227	301.218	301.212	301.208	301.201	301.19	301.184	301.176	301.172	301.167	301.163	301.162	301.158	301.154	301.146	301.138	301.128	301.121	301.112	301.102	301.1	301.095	301.091	301.084	301.076	301.071	301.066	301.057	301.05	301.045	301.032	301.023	301.016	301.009	301.003	300.996	300.99	300.986	300.975	300.965
301.634	301.656	301.642	301.637	301.639	301.643	301.644	301.644	301.645	301.639	301.642	301.643	301.637	301.632	301.629	301.625	301.626	301.625	301.627	301.624	301.619	301.613	301.605	301.6	301.597	301.589	301.582	301.578	301.569	301.567	301.558	301.55	301.547	301.544	301.539	301.536	301.535	301.543	301.531	301.521	301.517	301.516	301.512	301.506	301.508	301.508	301.505	301.502	301.489	301.483	301.479	301.48	301.482	301.482	301.483	301.479	301.47	301.463	301.451	301.448	301.445	301.439	301.437	301.435	301.432	301.426	301.42	301.418	301.412	301.409	301.411	301.406	301.401	301.405	301.386	301.381	301.368	301.36	301.352	301.345	301.344	301.346	301.336	301.33	301.32	301.314	301.308	301.296	301.289	301.294	301.279	301.275	301.266	301.255	301.248	301.242	301.238	301.23	301.223	301.22	301.208	301.206	301.2	301.187	301.181	301.176	301.171	301.169	301.164	301.152	301.155	301.143	301.139	301.133	301.124	301.116	301.107	301.1	301.098	301.091	301.084	301.079	301.071	301.062	301.056	301.048	301.041	301.035	301.026	301.018	301.009	301.002	300.994	300.984	300.975	300.969	300.959
301.611	301.651	301.65	301.649	301.643	301.641	301.64	301.643	301.65	301.651	301.648	301.642	301.638	301.639	301.634	301.628	301.627	301.626	301.625	301.634	301.625	301.619	301.618	301.608	301.602	301.596	301.584	301.58	301.569	301.559	301.558	301.551	301.546	301.542	301.54	301.541	301.536	301.535	301.523	301.52	301.511	301.505	301.504	301.504	301.503	301.5	301.495	301.494	301.483	301.481	301.477	301.474	301.476	301.472	301.475	301.469	301.46	301.453	301.447	301.443	301.439	301.437	301.435	301.432	301.425	301.421	301.415	301.408	301.406	301.402	301.397	301.394	301.391	301.39	301.376	301.372	301.361	301.35	301.345	301.339	301.333	301.326	301.323	301.313	301.304	301.294	301.29	301.287	301.281	301.271	301.267	301.266	301.254	301.246	301.238	301.228	301.223	301.218	301.212	301.204	301.202	301.194	301.186	301.183	301.175	301.168	301.162	301.153	301.146	301.14	301.136	301.129	301.129	301.123	301.115	301.106	301.098	301.093	301.09	301.082	301.074	301.069	301.059	301.051	301.047	301.038	301.029	301.024	301.016	301.01	301.007	301	300.994	300.983	300.968	300.955	300.946
301.633	301.668	301.659	301.658	301.653	301.649	301.65	301.654	301.654	301.656	301.657	301.652	301.647	301.642	301.64	301.636	301.633	301.635	301.635	301.635	301.627	301.622	301.62	301.615	301.609	301.601	301.591	301.583	301.579	301.565	301.555	301.551	301.549	301.545	301.538	301.537	301.531	301.53	301.52	301.517	301.507	301.505	301.502	301.495	301.491	301.494	301.489	301.485	301.482	301.478	301.471	301.468	301.469	301.467	301.464	301.458	301.454	301.444	301.441	301.436	301.432	301.432	301.429	301.425	301.427	301.418	301.418	301.408	301.404	301.399	301.392	301.394	301.385	301.38	301.376	301.365	301.356	301.349	301.342	301.333	301.328	301.322	301.32	301.304	301.293	301.284	301.274	301.271	301.27	301.26	301.264	301.256	301.247	301.238	301.23	301.226	301.218	301.21	301.206	301.197	301.197	301.187	301.183	301.18	301.168	301.161	301.157	301.149	301.143	301.138	301.126	301.125	301.119	301.114	301.108	301.101	301.092	301.087	301.08	301.076	301.068	301.06	301.054	301.045	301.034	301.024	301.021	301.016	301.011	301.006	301	300.989	300.979	300.967	300.954	300.942	300.932
301.652	301.674	301.672	301.672	301.67	301.663	301.658	301.66	301.669	301.67	301.667	301.663	301.657	301.65	301.647	301.643	301.641	301.639	301.643	301.635	301.636	301.626	301.62	301.616	301.611	301.602	301.598	301.589	301.582	301.574	301.565	301.557	301.555	301.554	301.548	301.542	301.537	301.533	301.523	301.515	301.515	301.509	301.501	301.492	301.489	301.487	301.484	301.483	301.477	301.472	301.468	301.464	301.462	301.456	301.455	301.448	301.448	301.437	301.434	301.43	301.427	301.426	301.421	301.422	301.423	301.414	301.413	301.408	301.402	301.395	301.389	301.385	301.381	301.381	301.37	301.362	301.355	301.345	301.336	301.328	301.321	301.311	301.302	301.288	301.276	301.27	301.259	301.257	301.254	301.251	301.25	301.243	301.245	301.233	301.223	301.217	301.209	301.2	301.199	301.192	301.186	301.182	301.176	301.169	301.161	301.154	301.15	301.141	301.133	301.126	301.118	301.116	301.11	301.104	301.098	301.091	301.083	301.079	301.07	301.065	301.058	301.051	301.042	301.034	301.023	301.015	301.011	301.004	301.003	300.999	300.992	300.981	300.971	300.955	300.941	300.928	300.915
301.666	301.673	301.681	301.681	301.677	301.674	301.671	301.673	301.679	301.679	301.678	301.67	301.662	301.654	301.648	301.642	301.644	301.643	301.642	301.64	301.635	301.632	301.623	301.618	301.614	301.604	301.6	301.591	301.585	301.576	301.568	301.561	301.558	301.555	301.549	301.543	301.54	301.535	301.531	301.524	301.519	301.51	301.5	301.494	301.489	301.485	301.483	301.478	301.473	301.468	301.463	301.458	301.455	301.449	301.45	301.445	301.441	301.436	301.432	301.429	301.423	301.421	301.418	301.416	301.414	301.411	301.409	301.403	301.399	301.392	301.385	301.38	301.374	301.376	301.357	301.357	301.349	301.341	301.33	301.323	301.314	301.31	301.294	301.283	301.265	301.256	301.252	301.247	301.247	301.243	301.242	301.241	301.235	301.225	301.216	301.209	301.199	301.196	301.188	301.184	301.179	301.171	301.166	301.159	301.157	301.151	301.143	301.136	301.127	301.121	301.115	301.105	301.101	301.099	301.091	301.086	301.079	301.07	301.063	301.055	301.05	301.041	301.032	301.022	301.016	301.005	301	300.995	300.99	300.983	300.978	300.966	300.951	300.939	300.926	300.913	300.902
301.681	301.682	301.686	301.688	301.687	301.684	301.687	301.685	301.689	301.685	301.686	301.679	301.67	301.664	301.653	301.646	301.648	301.643	301.641	301.645	301.633	301.635	301.629	301.624	301.621	301.612	301.603	301.594	301.594	301.582	301.575	301.57	301.565	301.564	301.557	301.551	301.55	301.542	301.541	301.534	301.529	301.516	301.511	301.503	301.496	301.492	301.488	301.479	301.475	301.47	301.462	301.459	301.453	301.447	301.445	301.446	301.437	301.435	301.429	301.425	301.423	301.417	301.418	301.415	301.412	301.414	301.407	301.405	301.398	301.388	301.383	301.377	301.37	301.368	301.353	301.354	301.343	301.333	301.329	301.321	301.315	301.309	301.293	301.277	301.263	301.257	301.25	301.246	301.242	301.241	301.238	301.238	301.229	301.22	301.214	301.207	301.2	301.195	301.185	301.181	301.175	301.166	301.161	301.155	301.15	301.147	301.137	301.131	301.121	301.118	301.11	301.101	301.098	301.092	301.086	301.077	301.071	301.06	301.057	301.048	301.04	301.034	301.023	301.018	301.009	301.004	300.996	300.991	300.983	300.975	300.967	300.953	300.939	300.925	300.915	300.901	300.891
301.685	301.7	301.693	301.695	301.695	301.694	301.693	301.696	301.694	301.695	301.693	301.688	301.681	301.671	301.666	301.659	301.656	301.653	301.643	301.646	301.637	301.636	301.63	301.627	301.623	301.618	301.608	301.602	301.6	301.594	301.586	301.578	301.574	301.574	301.571	301.562	301.561	301.554	301.55	301.541	301.536	301.528	301.522	301.518	301.509	301.506	301.496	301.486	301.476	301.473	301.465	301.459	301.458	301.452	301.447	301.451	301.437	301.434	301.428	301.425	301.421	301.419	301.416	301.418	301.415	301.411	301.407	301.407	301.398	301.389	301.38	301.372	301.362	301.36	301.354	301.344	301.336	301.331	301.325	301.323	301.314	301.303	301.291	301.274	301.263	301.259	301.251	301.244	301.244	301.239	301.237	301.234	301.23	301.219	301.21	301.206	301.198	301.192	301.183	301.178	301.172	301.164	301.157	301.152	301.145	301.138	301.133	301.124	301.117	301.113	301.104	301.099	301.093	301.084	301.074	301.067	301.06	301.054	301.049	301.041	301.035	301.025	301.02	301.014	301.01	301.003	300.995	300.986	300.977	300.967	300.959	300.946	300.931	300.919	300.903	300.897	300.884
301.681	301.712	301.702	301.705	301.708	301.703	301.706	301.707	301.704	301.706	301.703	301.695	301.688	301.675	301.672	301.668	301.658	301.663	301.655	301.65	301.644	301.637	301.632	301.629	301.623	301.614	301.612	301.613	301.603	301.6	301.593	301.585	301.581	301.575	301.57	301.568	301.565	301.561	301.556	301.549	301.543	301.531	301.528	301.527	301.522	301.515	301.501	301.494	301.479	301.471	301.465	301.459	301.454	301.459	301.452	301.452	301.438	301.436	301.43	301.424	301.422	301.422	301.421	301.417	301.414	301.406	301.404	301.398	301.394	301.39	301.381	301.372	301.366	301.353	301.354	301.337	301.334	301.327	301.321	301.315	301.314	301.298	301.295	301.279	301.264	301.256	301.252	301.246	301.242	301.239	301.239	301.229	301.224	301.21	301.202	301.202	301.195	301.183	301.182	301.174	301.169	301.166	301.155	301.151	301.144	301.135	301.128	301.122	301.118	301.113	301.101	301.096	301.084	301.077	301.067	301.057	301.052	301.046	301.041	301.032	301.029	301.02	301.013	301.009	301.003	300.999	300.989	300.98	300.969	300.955	300.945	300.931	300.92	300.905	300.895	300.888	300.871
301.705	301.714	301.708	301.716	301.717	301.721	301.724	301.723	301.712	301.709	301.716	301.703	301.701	301.689	301.684	301.681	301.675	301.673	301.667	301.668	301.656	301.648	301.642	301.635	301.63	301.627	301.619	301.618	301.617	301.613	301.6	301.596	301.592	301.586	301.581	301.579	301.578	301.573	301.564	301.554	301.55	301.544	301.542	301.54	301.528	301.527	301.517	301.501	301.49	301.48	301.471	301.466	301.463	301.462	301.457	301.453	301.445	301.439	301.434	301.431	301.428	301.425	301.423	301.417	301.419	301.406	301.401	301.392	301.388	301.387	301.378	301.366	301.365	301.346	301.346	301.335	301.327	301.321	301.316	301.313	301.306	301.303	301.293	301.273	301.268	301.262	301.252	301.248	301.245	301.24	301.242	301.237	301.225	301.219	301.208	301.198	301.189	301.183	301.18	301.175	301.172	301.167	301.157	301.153	301.145	301.134	301.129	301.121	301.115	301.109	301.102	301.092	301.08	301.068	301.055	301.049	301.048	301.042	301.043	301.031	301.022	301.015	301.01	301.005	300.997	300.988	300.979	300.97	300.954	300.94	300.935	300.921	300.909	300.9	300.884	300.884	300.87
301.733	301.718	301.73	301.731	301.727	301.729	301.723	301.724	301.738	301.725	301.734	301.715	301.709	301.703	301.694	301.687	301.684	301.681	301.675	301.679	301.663	301.657	301.651	301.643	301.637	301.634	301.63	301.628	301.624	301.619	301.609	301.601	301.592	301.587	301.584	301.577	301.577	301.571	301.572	301.564	301.556	301.546	301.537	301.535	301.536	301.528	301.522	301.504	301.496	301.486	301.474	301.469	301.467	301.464	301.463	301.459	301.45	301.442	301.436	301.435	301.431	301.426	301.425	301.416	301.416	301.405	301.401	301.398	301.387	301.379	301.374	301.369	301.362	301.354	301.343	301.333	301.327	301.323	301.316	301.307	301.3	301.301	301.288	301.282	301.271	301.259	301.253	301.247	301.244	301.244	301.234	301.237	301.224	301.216	301.207	301.197	301.192	301.184	301.174	301.172	301.172	301.164	301.161	301.151	301.142	301.134	301.129	301.123	301.12	301.113	301.102	301.087	301.073	301.062	301.053	301.045	301.043	301.037	301.036	301.023	301.017	301.011	301.003	300.996	300.989	300.979	300.97	300.955	300.943	300.924	300.916	300.903	300.892	300.882	300.871	300.864	300.862
301.715	301.723	301.732	301.723	301.721	301.726	301.727	301.726	301.726	301.714	301.73	301.726	301.718	301.707	301.699	301.69	301.683	301.681	301.678	301.676	301.668	301.658	301.653	301.652	301.644	301.635	301.629	301.629	301.622	301.614	301.604	301.6	301.594	301.589	301.586	301.58	301.582	301.567	301.561	301.552	301.547	301.543	301.537	301.531	301.529	301.519	301.518	301.511	301.495	301.488	301.48	301.473	301.469	301.465	301.462	301.453	301.447	301.443	301.435	301.43	301.425	301.42	301.418	301.411	301.409	301.403	301.39	301.38	301.371	301.367	301.361	301.354	301.345	301.347	301.336	301.326	301.32	301.306	301.298	301.293	301.286	301.283	301.268	301.267	301.251	301.249	301.244	301.232	301.226	301.225	301.222	301.226	301.219	301.206	301.199	301.189	301.178	301.169	301.164	301.163	301.161	301.153	301.148	301.138	301.131	301.124	301.115	301.111	301.105	301.099	301.09	301.075	301.06	301.047	301.037	301.032	301.027	301.027	301.021	301.011	301.003	300.992	300.981	300.973	300.962	300.953	300.949	300.931	300.927	300.909	300.899	300.889	300.878	300.865	300.863	300.851	300.843
301.726	301.738	301.726	301.738	301.727	301.721	301.721	301.725	301.722	301.728	301.73	301.718	301.717	301.703	301.701	301.693	301.687	301.683	301.677	301.672	301.666	301.66	301.65	301.644	301.64	301.64	301.635	301.627	301.624	301.617	301.603	301.597	301.588	301.582	301.578	301.573	301.571	301.566	301.56	301.553	301.545	301.54	301.533	301.525	301.52	301.521	301.518	301.508	301.499	301.488	301.481	301.476	301.472	301.468	301.461	301.459	301.449	301.44	301.43	301.426	301.421	301.416	301.411	301.409	301.403	301.392	301.388	301.373	301.366	301.361	301.352	301.348	301.345	301.343	301.331	301.318	301.307	301.299	301.289	301.282	301.272	301.275	301.267	301.259	301.253	301.243	301.23	301.22	301.219	301.214	301.213	301.209	301.207	301.201	301.19	301.183	301.172	301.166	301.164	301.153	301.153	301.144	301.137	301.128	301.122	301.113	301.107	301.108	301.098	301.092	301.076	301.065	301.05	301.036	301.027	301.024	301.022	301.02	301.009	301.005	300.987	300.976	300.963	300.952	300.943	300.933	300.931	300.918	300.912	300.904	300.885	300.875	300.862	300.851	300.845	300.833	300.829
301.722	301.742	301.732	301.735	301.73	301.723	301.725	301.726	301.723	301.727	301.722	301.716	301.71	301.705	301.697	301.692	301.687	301.686	301.678	301.678	301.662	301.656	301.657	301.646	301.639	301.636	301.631	301.627	301.623	301.616	301.606	301.599	301.588	301.584	301.577	301.574	301.568	301.567	301.553	301.548	301.547	301.538	301.535	301.531	301.523	301.522	301.515	301.509	301.501	301.491	301.485	301.482	301.477	301.471	301.461	301.46	301.451	301.441	301.437	301.429	301.42	301.415	301.409	301.403	301.399	301.384	301.375	301.364	301.356	301.353	301.349	301.341	301.336	301.331	301.324	301.311	301.298	301.287	301.277	301.267	301.262	301.257	301.256	301.246	301.236	301.232	301.217	301.216	301.212	301.199	301.204	301.197	301.195	301.188	301.183	301.172	301.163	301.156	301.148	301.137	301.139	301.127	301.122	301.113	301.104	301.099	301.094	301.088	301.078	301.077	301.059	301.047	301.036	301.02	301.014	301.011	301.009	301.009	300.998	300.992	300.969	300.964	300.948	300.932	300.925	300.915	300.905	300.907	300.895	300.891	300.879	300.865	300.852	300.84	300.829	300.82	300.816
301.724	301.747	301.741	301.739	301.731	301.73	301.729	301.73	301.728	301.725	301.722	301.716	301.698	301.693	301.696	301.69	301.692	301.687	301.68	301.68	301.664	301.657	301.651	301.647	301.637	301.633	301.626	301.628	301.622	301.615	301.609	301.598	301.591	301.583	301.576	301.571	301.568	301.57	301.559	301.549	301.544	301.538	301.531	301.531	301.523	301.522	301.517	301.509	301.498	301.49	301.491	301.484	301.478	301.471	301.466	301.462	301.456	301.447	301.44	301.433	301.423	301.417	301.41	301.402	301.398	301.382	301.369	301.36	301.351	301.345	301.341	301.335	301.329	301.324	301.314	301.305	301.291	301.279	301.268	301.262	301.256	301.246	301.241	301.235	301.221	301.217	301.21	301.207	301.204	301.195	301.192	301.184	301.181	301.175	301.168	301.161	301.151	301.146	301.139	301.129	301.126	301.112	301.111	301.1	301.093	301.085	301.076	301.071	301.065	301.059	301.045	301.036	301.024	301.015	301.006	301.001	300.996	300.997	300.982	300.975	300.957	300.946	300.937	300.919	300.914	300.904	300.9	300.903	300.886	300.882	300.867	300.854	300.842	300.826	300.813	300.804	300.798
301.736	301.758	301.74	301.741	301.735	301.729	301.73	301.726	301.733	301.727	301.724	301.714	301.693	301.69	301.69	301.691	301.688	301.69	301.684	301.679	301.671	301.66	301.653	301.646	301.637	301.63	301.627	301.625	301.626	301.617	301.609	301.597	301.587	301.581	301.571	301.572	301.571	301.569	301.566	301.553	301.544	301.534	301.529	301.523	301.522	301.52	301.517	301.51	301.498	301.493	301.491	301.487	301.479	301.473	301.469	301.463	301.457	301.448	301.438	301.432	301.425	301.416	301.412	301.401	301.395	301.38	301.363	301.358	301.348	301.34	301.332	301.327	301.321	301.317	301.303	301.294	301.282	301.269	301.262	301.253	301.247	301.238	301.229	301.224	301.211	301.205	301.196	301.195	301.189	301.184	301.178	301.174	301.169	301.162	301.157	301.15	301.143	301.138	301.128	301.117	301.114	301.101	301.099	301.086	301.079	301.072	301.062	301.057	301.051	301.042	301.034	301.024	301.015	301.005	300.996	300.987	300.979	300.976	300.967	300.962	300.946	300.932	300.919	300.908	300.896	300.89	300.89	300.887	300.884	300.875	300.861	300.846	300.83	300.813	300.8	300.789	300.782
301.735	301.768	301.737	301.744	301.738	301.733	301.732	301.729	301.728	301.728	301.727	301.712	301.701	301.693	301.687	301.683	301.689	301.687	301.692	301.679	301.673	301.661	301.654	301.65	301.637	301.635	301.632	301.626	301.628	301.617	301.611	301.6	301.588	301.579	301.576	301.575	301.578	301.571	301.567	301.555	301.544	301.535	301.525	301.521	301.518	301.516	301.513	301.509	301.499	301.492	301.486	301.481	301.48	301.472	301.467	301.463	301.452	301.448	301.438	301.43	301.421	301.416	301.41	301.402	301.392	301.376	301.361	301.353	301.344	301.332	301.323	301.315	301.308	301.304	301.291	301.286	301.273	301.262	301.253	301.245	301.234	301.233	301.218	301.21	301.202	301.194	301.187	301.183	301.179	301.17	301.164	301.163	301.153	301.146	301.142	301.134	301.129	301.127	301.113	301.105	301.101	301.087	301.078	301.067	301.061	301.053	301.048	301.043	301.037	301.031	301.021	301.009	301.001	300.989	300.978	300.975	300.967	300.963	300.96	300.948	300.94	300.924	300.91	300.896	300.882	300.876	300.875	300.867	300.874	300.86	300.846	300.833	300.812	300.797	300.782	300.773	300.768
301.713	301.772	301.747	301.744	301.738	301.732	301.736	301.733	301.733	301.736	301.736	301.716	301.704	301.692	301.688	301.687	301.689	301.687	301.69	301.683	301.679	301.659	301.653	301.646	301.641	301.637	301.64	301.628	301.631	301.615	301.613	301.603	301.589	301.584	301.578	301.572	301.575	301.575	301.56	301.554	301.544	301.533	301.528	301.521	301.519	301.515	301.514	301.51	301.498	301.492	301.485	301.48	301.475	301.47	301.466	301.463	301.45	301.448	301.438	301.427	301.42	301.413	301.408	301.4	301.393	301.373	301.361	301.349	301.341	301.334	301.32	301.313	301.303	301.297	301.288	301.279	301.273	301.261	301.25	301.243	301.232	301.225	301.213	301.204	301.199	301.19	301.182	301.175	301.168	301.163	301.157	301.153	301.141	301.137	301.126	301.118	301.114	301.108	301.103	301.095	301.083	301.076	301.067	301.06	301.048	301.043	301.04	301.036	301.026	301.021	301.008	300.995	300.984	300.971	300.962	300.958	300.957	300.948	300.949	300.932	300.927	300.912	300.899	300.887	300.876	300.865	300.86	300.854	300.852	300.837	300.831	300.815	300.799	300.782	300.766	300.757	300.752
301.751	301.766	301.74	301.739	301.743	301.741	301.738	301.74	301.745	301.743	301.737	301.725	301.712	301.705	301.699	301.692	301.693	301.699	301.697	301.685	301.681	301.67	301.661	301.651	301.644	301.641	301.636	301.634	301.629	301.62	301.611	301.603	301.596	301.593	301.59	301.583	301.576	301.574	301.56	301.552	301.543	301.536	301.529	301.526	301.521	301.524	301.517	301.513	301.504	301.497	301.492	301.485	301.477	301.473	301.466	301.46	301.453	301.443	301.436	301.428	301.418	301.41	301.401	301.396	301.39	301.368	301.357	301.342	301.335	301.325	301.314	301.306	301.298	301.292	301.286	301.272	301.27	301.258	301.243	301.236	301.225	301.212	301.207	301.196	301.188	301.182	301.174	301.167	301.161	301.158	301.15	301.143	301.135	301.126	301.114	301.108	301.103	301.094	301.087	301.082	301.07	301.072	301.055	301.046	301.037	301.029	301.026	301.02	301.018	301.008	300.991	300.984	300.967	300.96	300.956	300.947	300.943	300.932	300.93	300.919	300.912	300.898	300.884	300.871	300.861	300.85	300.841	300.837	300.829	300.82	300.811	300.796	300.782	300.77	300.754	300.745	300.736
301.776	301.759	301.75	301.748	301.744	301.743	301.746	301.748	301.749	301.746	301.745	301.733	301.716	301.708	301.704	301.699	301.695	301.696	301.685	301.694	301.671	301.664	301.659	301.652	301.648	301.644	301.634	301.64	301.624	301.62	301.608	301.598	301.592	301.581	301.575	301.58	301.573	301.569	301.559	301.547	301.54	301.533	301.526	301.522	301.517	301.518	301.512	301.507	301.503	301.492	301.486	301.48	301.474	301.469	301.461	301.456	301.45	301.436	301.427	301.419	301.411	301.407	301.402	301.39	301.384	301.37	301.361	301.346	301.335	301.324	301.315	301.308	301.301	301.286	301.286	301.269	301.259	301.249	301.239	301.227	301.219	301.21	301.202	301.191	301.184	301.177	301.169	301.16	301.152	301.146	301.135	301.136	301.122	301.114	301.105	301.095	301.087	301.079	301.073	301.068	301.059	301.052	301.039	301.034	301.025	301.021	301.016	301.007	301.005	300.999	300.987	300.977	300.959	300.952	300.937	300.923	300.922	300.915	300.908	300.901	300.886	300.875	300.866	300.856	300.844	300.836	300.825	300.814	300.802	300.792	300.78	300.772	300.76	300.748	300.736	300.73	300.714
301.757	301.75	301.752	301.746	301.744	301.746	301.748	301.746	301.743	301.746	301.736	301.724	301.717	301.71	301.704	301.7	301.694	301.688	301.677	301.683	301.672	301.667	301.662	301.655	301.655	301.648	301.636	301.634	301.62	301.616	301.604	301.596	301.592	301.589	301.584	301.574	301.566	301.562	301.554	301.542	301.536	301.528	301.522	301.52	301.517	301.51	301.512	301.5	301.494	301.489	301.483	301.475	301.465	301.458	301.455	301.447	301.437	301.43	301.419	301.409	301.403	301.395	301.386	301.377	301.37	301.361	301.344	301.337	301.324	301.316	301.303	301.294	301.292	301.284	301.266	301.257	301.244	301.233	301.224	301.213	301.203	301.195	301.186	301.182	301.174	301.163	301.154	301.148	301.14	301.135	301.128	301.12	301.109	301.102	301.093	301.08	301.072	301.066	301.055	301.048	301.041	301.034	301.027	301.018	301.006	300.998	300.994	300.987	300.983	300.976	300.96	300.947	300.934	300.923	300.913	300.905	300.894	300.88	300.879	300.868	300.86	300.85	300.839	300.829	300.818	300.807	300.799	300.788	300.776	300.764	300.757	300.746	300.737	300.727	300.718	300.714	300.697
301.769	301.755	301.751	301.736	301.74	301.742	301.744	301.749	301.75	301.74	301.734	301.724	301.718	301.705	301.701	301.696	301.685	301.681	301.678	301.671	301.668	301.664	301.658	301.652	301.646	301.644	301.64	301.63	301.624	301.608	301.599	301.59	301.579	301.572	301.571	301.56	301.561	301.552	301.54	301.538	301.527	301.523	301.519	301.515	301.513	301.506	301.506	301.493	301.488	301.48	301.472	301.463	301.459	301.451	301.443	301.439	301.431	301.424	301.409	301.401	301.392	301.384	301.374	301.373	301.358	301.348	301.336	301.329	301.318	301.307	301.301	301.293	301.281	301.277	301.256	301.247	301.232	301.222	301.212	301.205	301.197	301.184	301.178	301.169	301.164	301.153	301.146	301.137	301.125	301.117	301.11	301.102	301.097	301.082	301.074	301.067	301.058	301.048	301.038	301.037	301.027	301.017	301.007	300.997	301	300.99	300.977	300.971	300.961	300.954	300.937	300.923	300.911	300.896	300.886	300.876	300.866	300.859	300.857	300.84	300.835	300.822	300.814	300.805	300.798	300.788	300.776	300.765	300.751	300.739	300.731	300.719	300.708	300.702	300.692	300.681	300.675
301.757	301.746	301.752	301.739	301.743	301.743	301.743	301.744	301.74	301.73	301.735	301.719	301.708	301.7	301.694	301.695	301.688	301.677	301.671	301.671	301.668	301.661	301.658	301.65	301.643	301.636	301.631	301.617	301.615	301.606	301.592	301.591	301.578	301.574	301.571	301.557	301.556	301.543	301.537	301.528	301.52	301.514	301.513	301.507	301.51	301.506	301.503	301.493	301.484	301.474	301.464	301.456	301.445	301.442	301.433	301.431	301.421	301.412	301.405	301.391	301.381	301.372	301.36	301.357	301.341	301.341	301.323	301.316	301.304	301.294	301.284	301.28	301.268	301.26	301.247	301.232	301.22	301.208	301.198	301.186	301.179	301.166	301.167	301.154	301.147	301.137	301.127	301.119	301.113	301.103	301.1	301.085	301.077	301.064	301.06	301.05	301.041	301.034	301.025	301.018	301.009	301.001	300.991	300.975	300.974	300.965	300.954	300.95	300.938	300.924	300.911	300.892	300.884	300.87	300.864	300.854	300.843	300.837	300.828	300.819	300.808	300.799	300.789	300.78	300.769	300.763	300.752	300.742	300.733	300.719	300.712	300.698	300.689	300.68	300.671	300.661	300.651
301.758	301.752	301.75	301.751	301.746	301.752	301.747	301.744	301.735	301.73	301.727	301.71	301.706	301.695	301.683	301.68	301.686	301.677	301.673	301.672	301.661	301.662	301.654	301.649	301.635	301.632	301.625	301.618	301.611	301.602	301.592	301.585	301.577	301.572	301.568	301.555	301.551	301.54	301.533	301.524	301.514	301.51	301.505	301.504	301.504	301.501	301.499	301.486	301.479	301.466	301.46	301.447	301.438	301.435	301.428	301.423	301.413	301.403	301.391	301.378	301.364	301.357	301.345	301.345	301.331	301.327	301.314	301.303	301.299	301.284	301.275	301.267	301.259	301.246	301.235	301.227	301.212	301.202	301.187	301.178	301.17	301.157	301.156	301.143	301.136	301.125	301.115	301.107	301.098	301.087	301.086	301.072	301.064	301.053	301.045	301.036	301.024	301.021	301.013	301.003	300.999	300.983	300.971	300.96	300.954	300.944	300.934	300.926	300.915	300.901	300.885	300.876	300.863	300.854	300.844	300.834	300.824	300.817	300.805	300.798	300.783	300.772	300.766	300.755	300.75	300.744	300.734	300.724	300.716	300.705	300.693	300.685	300.673	300.661	300.649	300.641	300.627
301.756	301.755	301.746	301.748	301.748	301.749	301.75	301.743	301.737	301.729	301.717	301.711	301.701	301.694	301.678	301.676	301.678	301.676	301.671	301.673	301.657	301.657	301.65	301.64	301.641	301.631	301.624	301.621	301.608	301.601	301.591	301.581	301.572	301.564	301.557	301.551	301.544	301.539	301.53	301.518	301.513	301.507	301.501	301.498	301.497	301.492	301.494	301.476	301.468	301.454	301.448	301.442	301.432	301.43	301.421	301.413	301.406	301.389	301.378	301.363	301.354	301.346	301.334	301.33	301.318	301.305	301.297	301.289	301.284	301.278	301.265	301.255	301.247	301.239	301.224	301.214	301.202	301.19	301.181	301.167	301.16	301.146	301.143	301.133	301.124	301.114	301.102	301.095	301.085	301.076	301.074	301.062	301.053	301.039	301.028	301.016	301.008	301.003	300.997	300.984	300.98	300.964	300.953	300.944	300.937	300.927	300.915	300.903	300.894	300.883	300.863	300.855	300.843	300.83	300.824	300.812	300.804	300.793	300.783	300.772	300.757	300.753	300.743	300.736	300.729	300.72	300.711	300.704	300.692	300.684	300.672	300.663	300.656	300.642	300.631	300.62	300.607
301.757	301.753	301.75	301.761	301.757	301.758	301.753	301.746	301.74	301.726	301.713	301.71	301.694	301.686	301.683	301.68	301.675	301.677	301.669	301.672	301.658	301.649	301.642	301.638	301.636	301.632	301.621	301.622	301.608	301.603	301.59	301.578	301.571	301.565	301.556	301.552	301.543	301.539	301.53	301.516	301.51	301.498	301.495	301.492	301.488	301.483	301.481	301.464	301.459	301.445	301.436	301.43	301.422	301.419	301.411	301.404	301.396	301.377	301.364	301.349	301.34	301.332	301.322	301.313	301.3	301.29	301.286	301.273	301.268	301.258	301.256	301.245	301.234	301.228	301.215	301.204	301.19	301.178	301.169	301.155	301.148	301.139	301.131	301.122	301.111	301.1	301.092	301.086	301.079	301.073	301.065	301.052	301.044	301.029	301.02	301.008	301	300.985	300.979	300.964	300.954	300.948	300.935	300.926	300.914	300.902	300.893	300.881	300.871	300.86	300.843	300.839	300.824	300.814	300.806	300.797	300.786	300.774	300.761	300.749	300.737	300.73	300.72	300.71	300.709	300.698	300.692	300.685	300.669	300.666	300.649	300.64	300.63	300.624	300.613	300.602	300.59
301.763	301.758	301.764	301.765	301.77	301.775	301.763	301.751	301.74	301.733	301.718	301.713	301.708	301.697	301.687	301.675	301.672	301.68	301.666	301.662	301.65	301.641	301.638	301.638	301.632	301.627	301.621	301.613	301.605	301.598	301.587	301.574	301.562	301.552	301.546	301.546	301.54	301.535	301.526	301.512	301.504	301.499	301.494	301.488	301.48	301.469	301.458	301.453	301.446	301.44	301.43	301.421	301.413	301.405	301.403	301.393	301.382	301.364	301.356	301.341	301.326	301.32	301.317	301.301	301.286	301.277	301.267	301.259	301.265	301.252	301.244	301.234	301.223	301.215	301.204	301.193	301.182	301.17	301.16	301.149	301.141	301.134	301.12	301.109	301.1	301.091	301.083	301.08	301.073	301.062	301.054	301.045	301.034	301.025	301.017	300.998	300.981	300.968	300.957	300.95	300.937	300.935	300.919	300.906	300.893	300.88	300.871	300.866	300.848	300.841	300.832	300.82	300.808	300.8	300.791	300.778	300.77	300.756	300.744	300.734	300.722	300.709	300.698	300.694	300.689	300.683	300.676	300.663	300.653	300.64	300.63	300.62	300.61	300.603	300.593	300.581	300.565
301.758	301.762	301.766	301.767	301.773	301.775	301.766	301.758	301.741	301.729	301.73	301.708	301.71	301.697	301.692	301.686	301.677	301.672	301.67	301.66	301.65	301.64	301.635	301.631	301.627	301.623	301.615	301.608	301.597	301.588	301.58	301.577	301.56	301.549	301.542	301.536	301.54	301.533	301.521	301.516	301.505	301.494	301.488	301.475	301.475	301.459	301.452	301.445	301.438	301.431	301.424	301.414	301.406	301.4	301.391	301.384	301.375	301.357	301.34	301.329	301.322	301.311	301.304	301.29	301.271	301.262	301.254	301.248	301.246	301.238	301.23	301.222	301.211	301.199	301.191	301.177	301.169	301.156	301.147	301.14	301.129	301.123	301.111	301.099	301.086	301.076	301.07	301.067	301.066	301.057	301.048	301.038	301.025	301.012	301.005	300.98	300.968	300.945	300.935	300.928	300.924	300.913	300.9	300.887	300.875	300.86	300.848	300.843	300.836	300.824	300.811	300.8	300.791	300.782	300.773	300.761	300.753	300.744	300.731	300.721	300.71	300.694	300.684	300.673	300.666	300.661	300.655	300.642	300.638	300.621	300.607	300.599	300.587	300.582	300.568	300.554	300.546
301.77	301.769	301.771	301.772	301.777	301.781	301.769	301.765	301.747	301.73	301.728	301.721	301.72	301.7	301.69	301.685	301.675	301.667	301.667	301.652	301.645	301.636	301.628	301.627	301.63	301.617	301.608	301.604	301.597	301.586	301.572	301.559	301.545	301.539	301.533	301.528	301.528	301.527	301.513	301.506	301.496	301.487	301.483	301.467	301.46	301.444	301.435	301.427	301.421	301.422	301.414	301.408	301.398	301.386	301.38	301.372	301.357	301.342	301.331	301.32	301.309	301.299	301.291	301.284	301.265	301.249	301.243	301.241	301.233	301.238	301.223	301.21	301.197	301.186	301.177	301.166	301.158	301.151	301.143	301.134	301.125	301.115	301.103	301.088	301.077	301.069	301.066	301.06	301.054	301.048	301.034	301.023	301.01	300.992	300.981	300.962	300.943	300.931	300.922	300.914	300.904	300.898	300.892	300.874	300.856	300.848	300.841	300.832	300.823	300.811	300.803	300.792	300.78	300.765	300.759	300.746	300.731	300.722	300.716	300.701	300.695	300.678	300.665	300.658	300.649	300.64	300.635	300.626	300.613	300.603	300.592	300.58	300.565	300.561	300.545	300.537	300.524
301.764	301.758	301.763	301.771	301.767	301.779	301.76	301.749	301.74	301.733	301.72	301.713	301.706	301.697	301.683	301.673	301.67	301.67	301.657	301.65	301.64	301.637	301.631	301.626	301.62	301.61	301.603	301.591	301.579	301.571	301.567	301.556	301.548	301.534	301.525	301.526	301.518	301.521	301.509	301.498	301.488	301.476	301.467	301.457	301.448	301.439	301.431	301.424	301.417	301.41	301.399	301.393	301.377	301.365	301.36	301.35	301.341	301.327	301.313	301.301	301.291	301.282	301.276	301.253	301.251	301.233	301.224	301.224	301.219	301.22	301.2	301.19	301.178	301.165	301.156	301.148	301.141	301.132	301.124	301.115	301.108	301.097	301.086	301.072	301.06	301.05	301.043	301.041	301.034	301.03	301.019	301.007	300.991	300.973	300.95	300.94	300.918	300.906	300.895	300.885	300.881	300.872	300.851	300.842	300.831	300.819	300.811	300.803	300.796	300.786	300.775	300.764	300.75	300.745	300.731	300.72	300.71	300.7	300.691	300.68	300.669	300.656	300.64	300.632	300.623	300.613	300.608	300.605	300.594	300.586	300.572	300.559	300.55	300.541	300.524	300.515	300.499
301.76	301.756	301.758	301.763	301.757	301.76	301.755	301.74	301.73	301.718	301.715	301.715	301.695	301.687	301.674	301.662	301.656	301.648	301.64	301.64	301.629	301.621	301.621	301.615	301.612	301.602	301.588	301.584	301.573	301.562	301.556	301.535	301.533	301.519	301.516	301.516	301.505	301.507	301.493	301.485	301.473	301.464	301.452	301.445	301.433	301.422	301.412	301.404	301.401	301.391	301.383	301.37	301.353	301.345	301.335	301.319	301.321	301.3	301.287	301.276	301.266	301.253	301.253	301.234	301.223	301.213	301.204	301.204	301.199	301.199	301.187	301.172	301.158	301.144	301.138	301.129	301.122	301.117	301.105	301.098	301.088	301.076	301.068	301.053	301.047	301.036	301.029	301.023	301.014	301.004	300.991	300.97	300.953	300.941	300.925	300.91	300.895	300.88	300.869	300.86	300.848	300.838	300.825	300.814	300.801	300.791	300.783	300.779	300.773	300.759	300.754	300.741	300.731	300.726	300.709	300.699	300.684	300.671	300.66	300.652	300.641	300.631	300.62	300.606	300.594	300.587	300.574	300.564	300.559	300.552	300.539	300.53	300.519	300.509	300.496	300.478	300.466
301.753	301.748	301.747	301.746	301.746	301.745	301.735	301.733	301.72	301.712	301.705	301.698	301.693	301.676	301.667	301.652	301.649	301.642	301.639	301.631	301.623	301.623	301.618	301.608	301.602	301.59	301.577	301.57	301.562	301.546	301.549	301.533	301.523	301.515	301.511	301.506	301.499	301.498	301.485	301.473	301.46	301.447	301.442	301.432	301.419	301.415	301.402	301.396	301.385	301.373	301.361	301.343	301.334	301.32	301.313	301.3	301.293	301.282	301.264	301.257	301.244	301.234	301.228	301.215	301.203	301.188	301.182	301.177	301.175	301.174	301.163	301.15	301.134	301.125	301.114	301.106	301.101	301.09	301.084	301.075	301.07	301.059	301.047	301.037	301.026	301.021	301.014	301.003	300.997	300.973	300.964	300.943	300.929	300.914	300.903	300.887	300.873	300.862	300.848	300.838	300.823	300.811	300.801	300.784	300.776	300.766	300.76	300.748	300.742	300.732	300.726	300.72	300.709	300.698	300.689	300.675	300.661	300.65	300.641	300.63	300.622	300.604	300.591	300.579	300.564	300.553	300.545	300.535	300.53	300.521	300.515	300.505	300.494	300.482	300.465	300.448	300.433
301.741	301.747	301.741	301.738	301.737	301.733	301.724	301.716	301.706	301.693	301.695	301.68	301.678	301.666	301.649	301.645	301.636	301.632	301.632	301.623	301.624	301.617	301.609	301.603	301.59	301.581	301.566	301.56	301.549	301.538	301.534	301.521	301.512	301.5	301.496	301.491	301.488	301.484	301.471	301.463	301.448	301.437	301.429	301.42	301.413	301.401	301.388	301.375	301.363	301.352	301.338	301.323	301.313	301.296	301.281	301.283	301.268	301.261	301.249	301.234	301.228	301.217	301.206	301.193	301.179	301.172	301.162	301.155	301.149	301.144	301.136	301.123	301.113	301.101	301.093	301.085	301.081	301.074	301.064	301.058	301.048	301.042	301.028	301.02	301.008	301.003	300.995	300.976	300.968	300.947	300.929	300.918	300.9	300.89	300.88	300.864	300.856	300.84	300.828	300.817	300.804	300.794	300.776	300.769	300.756	300.743	300.734	300.725	300.719	300.708	300.697	300.689	300.685	300.676	300.665	300.653	300.638	300.629	300.617	300.604	300.603	300.58	300.566	300.551	300.536	300.523	300.516	300.508	300.5	300.491	300.484	300.473	300.46	300.45	300.431	300.414	300.402
301.725	301.732	301.725	301.728	301.723	301.718	301.709	301.7	301.697	301.684	301.682	301.668	301.661	301.647	301.637	301.629	301.624	301.619	301.617	301.61	301.61	301.601	301.594	301.599	301.576	301.569	301.561	301.547	301.543	301.532	301.52	301.51	301.503	301.493	301.486	301.48	301.476	301.465	301.457	301.447	301.438	301.428	301.417	301.406	301.399	301.376	301.362	301.357	301.342	301.329	301.315	301.299	301.294	301.281	301.264	301.262	301.245	301.241	301.229	301.217	301.206	301.198	301.183	301.177	301.16	301.15	301.14	301.13	301.124	301.115	301.108	301.1	301.091	301.083	301.072	301.063	301.057	301.048	301.043	301.036	301.028	301.022	301.007	301.004	300.991	300.981	300.968	300.947	300.937	300.919	300.9	300.885	300.872	300.862	300.856	300.84	300.829	300.816	300.806	300.798	300.785	300.774	300.757	300.747	300.733	300.72	300.713	300.702	300.689	300.678	300.672	300.666	300.659	300.653	300.638	300.628	300.618	300.606	300.593	300.575	300.567	300.548	300.536	300.522	300.51	300.502	300.488	300.477	300.468	300.459	300.451	300.439	300.43	300.418	300.401	300.393	300.379
301.711	301.712	301.71	301.718	301.711	301.702	301.691	301.688	301.69	301.671	301.667	301.654	301.643	301.636	301.622	301.617	301.614	301.607	301.598	301.591	301.591	301.585	301.582	301.576	301.556	301.554	301.544	301.532	301.532	301.517	301.508	301.5	301.494	301.484	301.479	301.469	301.459	301.45	301.438	301.432	301.425	301.415	301.406	301.387	301.375	301.359	301.346	301.336	301.315	301.305	301.29	301.279	301.27	301.258	301.244	301.232	301.23	301.218	301.209	301.201	301.185	301.176	301.165	301.161	301.144	301.133	301.121	301.109	301.099	301.09	301.085	301.075	301.063	301.057	301.05	301.044	301.041	301.028	301.021	301.009	301	300.996	300.985	300.974	300.96	300.947	300.933	300.917	300.905	300.893	300.876	300.863	300.854	300.84	300.831	300.817	300.804	300.792	300.783	300.777	300.764	300.755	300.742	300.727	300.717	300.701	300.691	300.675	300.658	300.653	300.649	300.642	300.635	300.625	300.615	300.606	300.598	300.575	300.566	300.55	300.527	300.512	300.501	300.494	300.484	300.474	300.461	300.448	300.437	300.428	300.425	300.41	300.399	300.39	300.378	300.371	300.36
301.698	301.695	301.694	301.7	301.691	301.696	301.677	301.672	301.666	301.661	301.651	301.637	301.626	301.617	301.612	301.598	301.599	301.585	301.577	301.574	301.568	301.569	301.562	301.551	301.545	301.538	301.533	301.526	301.519	301.503	301.494	301.485	301.475	301.471	301.466	301.454	301.441	301.429	301.424	301.415	301.414	301.4	301.39	301.374	301.355	301.34	301.323	301.303	301.295	301.284	301.273	301.265	301.249	301.239	301.221	301.212	301.203	301.202	301.188	301.181	301.168	301.157	301.152	301.139	301.133	301.12	301.107	301.094	301.08	301.072	301.063	301.051	301.041	301.031	301.028	301.02	301.019	301.009	301	300.992	300.976	300.964	300.961	300.945	300.936	300.918	300.904	300.89	300.879	300.864	300.848	300.84	300.824	300.817	300.804	300.794	300.782	300.766	300.758	300.752	300.746	300.734	300.722	300.71	300.696	300.683	300.667	300.654	300.647	300.634	300.626	300.618	300.608	300.6	300.586	300.571	300.553	300.541	300.526	300.514	300.5	300.485	300.476	300.465	300.459	300.446	300.431	300.419	300.407	300.395	300.388	300.379	300.368	300.359	300.355	300.347	300.339
301.679	301.675	301.671	301.678	301.667	301.667	301.665	301.655	301.645	301.635	301.628	301.617	301.602	301.593	301.586	301.581	301.586	301.57	301.57	301.561	301.553	301.545	301.544	301.538	301.531	301.521	301.512	301.509	301.502	301.494	301.482	301.472	301.468	301.464	301.45	301.442	301.43	301.418	301.411	301.404	301.399	301.379	301.369	301.351	301.335	301.318	301.307	301.285	301.278	301.267	301.25	301.242	301.227	301.214	301.204	301.195	301.187	301.181	301.178	301.165	301.15	301.141	301.134	301.122	301.12	301.098	301.086	301.072	301.061	301.051	301.04	301.029	301.017	301.008	301.002	300.996	300.985	300.974	300.962	300.954	300.947	300.931	300.93	300.911	300.899	300.885	300.872	300.864	300.852	300.836	300.827	300.815	300.806	300.798	300.787	300.769	300.757	300.747	300.738	300.728	300.723	300.705	300.696	300.683	300.671	300.659	300.65	300.632	300.62	300.608	300.599	300.597	300.578	300.562	300.548	300.531	300.516	300.508	300.496	300.475	300.461	300.446	300.434	300.432	300.428	300.418	300.408	300.391	300.378	300.371	300.361	300.351	300.341	300.333	300.326	300.323	300.318
301.653	301.647	301.642	301.646	301.655	301.637	301.634	301.627	301.621	301.614	301.603	301.59	301.582	301.576	301.57	301.564	301.562	301.558	301.547	301.54	301.537	301.534	301.531	301.52	301.513	301.513	301.51	301.501	301.491	301.479	301.469	301.459	301.452	301.445	301.437	301.427	301.414	301.405	301.401	301.392	301.385	301.371	301.351	301.335	301.317	301.294	301.284	301.263	301.249	301.24	301.231	301.218	301.212	301.196	301.184	301.174	301.169	301.166	301.162	301.155	301.142	301.132	301.122	301.114	301.107	301.087	301.08	301.064	301.048	301.038	301.025	301.017	301.005	300.992	300.98	300.976	300.962	300.965	300.948	300.937	300.93	300.918	300.907	300.893	300.876	300.86	300.849	300.84	300.831	300.82	300.806	300.797	300.786	300.775	300.768	300.758	300.739	300.728	300.717	300.705	300.704	300.69	300.679	300.667	300.655	300.643	300.638	300.618	300.604	300.591	300.576	300.558	300.549	300.533	300.517	300.506	300.492	300.471	300.466	300.446	300.427	300.416	300.406	300.403	300.399	300.389	300.382	300.371	300.358	300.348	300.334	300.327	300.317	300.31	300.304	300.3	300.293
301.619	301.613	301.607	301.598	301.602	301.604	301.6	301.591	301.582	301.578	301.574	301.56	301.55	301.543	301.541	301.542	301.536	301.539	301.531	301.526	301.518	301.509	301.505	301.501	301.496	301.491	301.485	301.476	301.481	301.466	301.455	301.445	301.437	301.43	301.427	301.41	301.401	301.388	301.38	301.372	301.359	301.345	301.325	301.309	301.293	301.274	301.258	301.247	301.227	301.214	301.202	301.185	301.178	301.165	301.156	301.15	301.146	301.147	301.137	301.131	301.124	301.112	301.103	301.095	301.085	301.069	301.053	301.039	301.026	301.019	301.005	300.991	300.976	300.959	300.947	300.942	300.934	300.922	300.914	300.907	300.899	300.889	300.876	300.86	300.847	300.83	300.822	300.812	300.802	300.794	300.782	300.775	300.768	300.755	300.743	300.73	300.715	300.703	300.696	300.686	300.673	300.662	300.646	300.638	300.631	300.625	300.611	300.598	300.576	300.554	300.537	300.522	300.519	300.502	300.482	300.472	300.464	300.45	300.435	300.412	300.393	300.376	300.363	300.355	300.359	300.352	300.342	300.333	300.324	300.316	300.309	300.299	300.291	300.282	300.274	300.268	300.264
301.583	301.575	301.571	301.57	301.573	301.565	301.562	301.557	301.549	301.539	301.536	301.528	301.519	301.514	301.511	301.514	301.51	301.506	301.503	301.498	301.494	301.486	301.486	301.479	301.474	301.472	301.466	301.463	301.456	301.443	301.433	301.423	301.415	301.405	301.401	301.376	301.368	301.357	301.346	301.345	301.331	301.317	301.303	301.279	301.261	301.251	301.23	301.216	301.196	301.181	301.167	301.157	301.151	301.133	301.132	301.121	301.114	301.112	301.112	301.11	301.1	301.092	301.081	301.073	301.061	301.048	301.031	301.018	301.007	300.989	300.984	300.959	300.945	300.935	300.923	300.915	300.917	300.901	300.897	300.887	300.874	300.864	300.852	300.832	300.819	300.807	300.796	300.787	300.777	300.768	300.761	300.748	300.734	300.724	300.72	300.701	300.69	300.678	300.666	300.663	300.65	300.639	300.63	300.617	300.608	300.603	300.592	300.577	300.549	300.529	300.51	300.497	300.481	300.467	300.46	300.445	300.429	300.416	300.399	300.384	300.362	300.347	300.333	300.326	300.321	300.315	300.307	300.297	300.289	300.279	300.274	300.261	300.252	300.247	300.24	300.235	300.229
301.563	301.55	301.541	301.535	301.54	301.534	301.527	301.519	301.509	301.505	301.501	301.488	301.487	301.483	301.484	301.483	301.49	301.488	301.485	301.483	301.478	301.472	301.473	301.461	301.459	301.452	301.447	301.445	301.436	301.43	301.418	301.408	301.397	301.386	301.381	301.357	301.346	301.333	301.324	301.319	301.311	301.288	301.274	301.256	301.239	301.228	301.21	301.193	301.177	301.158	301.144	301.13	301.127	301.111	301.103	301.098	301.09	301.092	301.084	301.081	301.078	301.068	301.063	301.054	301.04	301.025	301.007	300.994	300.978	300.965	300.96	300.935	300.919	300.906	300.895	300.888	300.889	300.878	300.87	300.859	300.846	300.838	300.823	300.806	300.796	300.781	300.773	300.764	300.757	300.743	300.731	300.724	300.713	300.702	300.697	300.677	300.669	300.657	300.647	300.639	300.627	300.609	300.599	300.591	300.58	300.57	300.558	300.539	300.528	300.5	300.478	300.461	300.456	300.439	300.427	300.415	300.398	300.388	300.37	300.354	300.334	300.315	300.304	300.295	300.289	300.283	300.273	300.265	300.254	300.248	300.241	300.226	300.221	300.211	300.206	300.201	300.198
301.528	301.525	301.513	301.509	301.508	301.501	301.496	301.486	301.48	301.474	301.467	301.463	301.457	301.462	301.46	301.462	301.465	301.462	301.462	301.459	301.46	301.452	301.452	301.442	301.439	301.433	301.423	301.423	301.412	301.405	301.389	301.373	301.369	301.355	301.35	301.338	301.321	301.321	301.312	301.296	301.287	301.263	301.247	301.227	301.213	301.197	301.186	301.171	301.152	301.139	301.121	301.108	301.103	301.089	301.08	301.071	301.066	301.063	301.06	301.056	301.05	301.047	301.037	301.034	301.022	301.004	300.987	300.97	300.953	300.941	300.927	300.912	300.896	300.886	300.872	300.868	300.862	300.852	300.843	300.829	300.823	300.812	300.798	300.787	300.772	300.763	300.75	300.74	300.732	300.717	300.7	300.693	300.687	300.674	300.668	300.654	300.643	300.635	300.622	300.609	300.597	300.58	300.561	300.551	300.544	300.53	300.522	300.499	300.48	300.466	300.441	300.431	300.427	300.407	300.395	300.381	300.368	300.354	300.337	300.324	300.305	300.293	300.277	300.265	300.259	300.25	300.24	300.23	300.223	300.217	300.207	300.196	300.182	300.18	300.169	300.162	300.156
301.503	301.496	301.49	301.484	301.48	301.472	301.463	301.457	301.447	301.447	301.437	301.439	301.435	301.434	301.439	301.439	301.441	301.439	301.437	301.44	301.438	301.434	301.435	301.423	301.416	301.407	301.404	301.4	301.382	301.373	301.355	301.342	301.332	301.329	301.323	301.312	301.302	301.299	301.294	301.274	301.266	301.242	301.218	301.205	301.185	301.172	301.159	301.145	301.135	301.118	301.108	301.096	301.085	301.071	301.06	301.056	301.048	301.043	301.04	301.034	301.03	301.02	301.015	301.007	301	300.97	300.954	300.939	300.922	300.918	300.901	300.887	300.877	300.861	300.851	300.845	300.832	300.824	300.813	300.804	300.791	300.784	300.774	300.764	300.751	300.738	300.727	300.714	300.703	300.691	300.675	300.665	300.655	300.649	300.642	300.63	300.616	300.603	300.594	300.579	300.563	300.553	300.53	300.521	300.507	300.492	300.479	300.455	300.437	300.419	300.409	300.396	300.388	300.377	300.362	300.349	300.333	300.318	300.307	300.29	300.275	300.258	300.247	300.234	300.23	300.217	300.207	300.201	300.189	300.181	300.168	300.155	300.145	300.133	300.132	300.121	300.115
301.478	301.48	301.468	301.461	301.458	301.445	301.437	301.426	301.419	301.419	301.414	301.411	301.407	301.41	301.412	301.416	301.418	301.418	301.416	301.414	301.416	301.409	301.411	301.401	301.388	301.38	301.373	301.367	301.352	301.34	301.332	301.317	301.311	301.306	301.301	301.29	301.275	301.269	301.259	301.254	301.239	301.215	301.199	301.177	301.162	301.147	301.136	301.12	301.112	301.102	301.089	301.084	301.072	301.056	301.045	301.04	301.034	301.023	301.018	301.01	301.006	301.002	300.99	300.979	300.97	300.938	300.928	300.911	300.9	300.89	300.881	300.867	300.851	300.842	300.829	300.822	300.808	300.797	300.781	300.768	300.763	300.753	300.75	300.737	300.725	300.714	300.699	300.689	300.677	300.662	300.652	300.639	300.631	300.623	300.614	300.604	300.586	300.57	300.556	300.552	300.537	300.522	300.506	300.49	300.476	300.457	300.439	300.415	300.395	300.378	300.365	300.359	300.348	300.344	300.33	300.312	300.302	300.284	300.271	300.257	300.239	300.228	300.214	300.207	300.201	300.182	300.175	300.164	300.152	300.141	300.129	300.12	300.106	300.1	300.093	300.083	300.08
301.456	301.455	301.453	301.44	301.436	301.422	301.414	301.406	301.388	301.386	301.39	301.382	301.381	301.383	301.386	301.383	301.384	301.384	301.377	301.382	301.377	301.373	301.373	301.368	301.359	301.348	301.34	301.329	301.329	301.306	301.297	301.291	301.28	301.28	301.269	301.257	301.254	301.243	301.232	301.225	301.209	301.191	301.176	301.156	301.134	301.125	301.112	301.097	301.092	301.083	301.072	301.065	301.053	301.042	301.028	301.021	301.013	301.005	300.993	300.985	300.976	300.97	300.962	300.946	300.938	300.918	300.904	300.891	300.878	300.87	300.857	300.842	300.829	300.817	300.808	300.794	300.789	300.77	300.753	300.744	300.735	300.729	300.73	300.713	300.704	300.688	300.673	300.661	300.649	300.632	300.623	300.613	300.604	300.601	300.587	300.568	300.556	300.539	300.523	300.514	300.505	300.49	300.476	300.46	300.443	300.429	300.409	300.383	300.368	300.347	300.331	300.324	300.314	300.309	300.291	300.281	300.269	300.254	300.239	300.227	300.215	300.2	300.183	300.168	300.161	300.146	300.138	300.126	300.115	300.11	300.091	300.085	300.074	300.065	300.062	300.051	300.044
301.436	301.433	301.427	301.422	301.413	301.393	301.38	301.373	301.369	301.36	301.365	301.36	301.36	301.356	301.352	301.356	301.355	301.351	301.351	301.35	301.352	301.345	301.34	301.332	301.316	301.309	301.305	301.291	301.291	301.274	301.27	301.262	301.254	301.245	301.248	301.236	301.229	301.218	301.206	301.193	301.181	301.168	301.145	301.13	301.117	301.1	301.093	301.083	301.069	301.063	301.056	301.05	301.031	301.022	301.013	301.004	300.995	300.984	300.971	300.963	300.949	300.94	300.929	300.916	300.897	300.887	300.876	300.865	300.859	300.849	300.834	300.823	300.808	300.793	300.777	300.764	300.757	300.737	300.726	300.715	300.708	300.7	300.701	300.688	300.677	300.665	300.648	300.633	300.619	300.608	300.591	300.575	300.567	300.558	300.556	300.537	300.52	300.506	300.492	300.483	300.474	300.455	300.439	300.422	300.409	300.392	300.378	300.355	300.337	300.319	300.305	300.297	300.282	300.275	300.262	300.251	300.237	300.22	300.213	300.199	300.18	300.166	300.15	300.135	300.127	300.112	300.105	300.097	300.089	300.077	300.062	300.057	300.042	300.034	300.028	300.02	300.015
301.41	301.407	301.402	301.395	301.382	301.387	301.361	301.35	301.344	301.339	301.346	301.341	301.343	301.341	301.335	301.331	301.325	301.316	301.319	301.311	301.308	301.308	301.3	301.309	301.293	301.281	301.269	301.253	301.247	301.241	301.23	301.221	301.217	301.21	301.206	301.197	301.187	301.179	301.174	301.165	301.15	301.139	301.117	301.103	301.091	301.075	301.07	301.055	301.05	301.043	301.033	301.021	301.017	301.001	300.986	300.972	300.962	300.956	300.944	300.934	300.925	300.911	300.899	300.887	300.878	300.868	300.858	300.85	300.842	300.832	300.818	300.799	300.782	300.77	300.758	300.745	300.728	300.714	300.702	300.691	300.685	300.681	300.668	300.66	300.644	300.63	300.619	300.605	300.585	300.572	300.546	300.537	300.533	300.516	300.511	300.497	300.482	300.472	300.463	300.452	300.442	300.426	300.406	300.396	300.385	300.365	300.352	300.334	300.317	300.301	300.286	300.276	300.267	300.251	300.232	300.216	300.204	300.191	300.181	300.159	300.146	300.135	300.124	300.11	300.106	300.086	300.075	300.06	300.05	300.042	300.032	300.022	300.005	299.997	299.991	299.979	299.98
301.364	301.361	301.362	301.366	301.344	301.341	301.325	301.321	301.321	301.314	301.32	301.311	301.309	301.307	301.305	301.296	301.301	301.287	301.286	301.282	301.279	301.282	301.267	301.261	301.245	301.233	301.228	301.219	301.213	301.199	301.187	301.182	301.177	301.178	301.169	301.163	301.156	301.142	301.128	301.121	301.104	301.094	301.081	301.067	301.057	301.049	301.046	301.026	301.023	301.014	301.006	300.994	300.984	300.957	300.945	300.934	300.92	300.919	300.915	300.898	300.886	300.868	300.856	300.844	300.841	300.824	300.82	300.816	300.808	300.796	300.785	300.768	300.751	300.733	300.716	300.698	300.688	300.676	300.663	300.649	300.64	300.636	300.62	300.614	300.601	300.578	300.56	300.544	300.531	300.519	300.497	300.483	300.473	300.463	300.462	300.45	300.44	300.427	300.415	300.407	300.392	300.385	300.368	300.353	300.339	300.326	300.317	300.301	300.288	300.274	300.26	300.245	300.235	300.219	300.201	300.18	300.161	300.147	300.129	300.119	300.103	300.09	300.077	300.07	300.062	300.048	300.035	300.022	300.013	300.005	299.989	299.977	299.968	299.956	299.951	299.945	299.935
301.337	301.33	301.324	301.325	301.317	301.313	301.3	301.292	301.291	301.287	301.293	301.29	301.284	301.282	301.276	301.266	301.27	301.253	301.252	301.245	301.239	301.238	301.243	301.234	301.219	301.208	301.195	301.179	301.171	301.158	301.154	301.144	301.14	301.137	301.142	301.124	301.113	301.101	301.089	301.083	301.073	301.059	301.046	301.033	301.024	301.017	301.008	301.002	300.986	300.975	300.96	300.952	300.937	300.924	300.908	300.896	300.887	300.877	300.872	300.858	300.84	300.83	300.818	300.807	300.8	300.792	300.785	300.778	300.774	300.767	300.752	300.731	300.712	300.699	300.682	300.67	300.662	300.643	300.633	300.616	300.601	300.589	300.582	300.56	300.54	300.527	300.51	300.497	300.489	300.465	300.452	300.433	300.42	300.412	300.411	300.392	300.388	300.381	300.368	300.368	300.347	300.339	300.327	300.314	300.304	300.294	300.288	300.278	300.261	300.25	300.236	300.224	300.21	300.187	300.166	300.138	300.119	300.108	300.097	300.081	300.06	300.051	300.04	300.033	300.025	300.011	299.999	299.985	299.975	299.964	299.956	299.941	299.927	299.914	299.905	299.907	299.895
301.307	301.298	301.292	301.29	301.276	301.271	301.259	301.26	301.255	301.262	301.26	301.256	301.248	301.244	301.242	301.235	301.236	301.229	301.222	301.221	301.217	301.21	301.207	301.196	301.186	301.172	301.165	301.151	301.147	301.129	301.12	301.117	301.111	301.106	301.106	301.094	301.082	301.068	301.057	301.047	301.038	301.026	301.012	301.006	300.992	300.982	300.968	300.961	300.955	300.937	300.927	300.915	300.9	300.893	300.868	300.859	300.85	300.842	300.836	300.82	300.803	300.788	300.778	300.767	300.76	300.755	300.745	300.74	300.73	300.723	300.707	300.692	300.673	300.656	300.646	300.631	300.625	300.61	300.591	300.573	300.553	300.539	300.533	300.516	300.499	300.479	300.463	300.447	300.442	300.423	300.405	300.392	300.376	300.362	300.362	300.348	300.346	300.336	300.323	300.318	300.304	300.297	300.281	300.272	300.26	300.254	300.252	300.247	300.237	300.221	300.206	300.187	300.172	300.141	300.117	300.101	300.08	300.067	300.048	300.037	300.027	300.013	299.999	299.987	299.985	299.975	299.961	299.952	299.942	299.928	299.921	299.901	299.893	299.878	299.868	299.864	299.859
301.278	301.266	301.257	301.257	301.247	301.236	301.232	301.226	301.229	301.233	301.228	301.228	301.217	301.214	301.209	301.207	301.202	301.198	301.189	301.183	301.182	301.174	301.17	301.166	301.151	301.141	301.13	301.118	301.109	301.096	301.083	301.075	301.074	301.069	301.062	301.058	301.042	301.033	301.022	301.016	301.006	300.991	300.979	300.963	300.951	300.94	300.93	300.915	300.908	300.903	300.889	300.879	300.862	300.85	300.834	300.821	300.81	300.798	300.793	300.772	300.758	300.751	300.738	300.731	300.725	300.717	300.713	300.703	300.692	300.682	300.667	300.657	300.637	300.628	300.611	300.599	300.586	300.566	300.543	300.524	300.513	300.5	300.489	300.479	300.458	300.44	300.419	300.403	300.392	300.376	300.357	300.342	300.332	300.32	300.317	300.306	300.3	300.296	300.283	300.276	300.262	300.251	300.241	300.23	300.226	300.219	300.22	300.213	300.2	300.19	300.166	300.144	300.126	300.095	300.077	300.058	300.043	300.027	300.011	300	299.982	299.972	299.957	299.948	299.945	299.931	299.922	299.911	299.902	299.888	299.885	299.869	299.853	299.841	299.83	299.825	299.82
