300.207	300.211	300.208	300.205	300.202	300.197	300.19	300.188	300.187	300.186	300.189	300.186	300.185	300.182	300.179	300.177	300.178	300.177	300.18	300.182	300.177	300.175	300.172	300.166	300.163	300.166	300.171	300.165	300.172	300.163	300.166	300.16	300.157	300.159	300.158	300.152	300.156	300.147	300.15	300.142	300.137	300.132	300.134	300.135	300.13	300.127	300.124	300.124	300.122	300.122	300.118	300.118	300.119	300.112	300.112	300.108	300.105	300.101	300.101	300.101	300.103	300.107	300.109	300.107	300.103	300.097	300.093	300.088	300.078	300.066	300.062	300.058	300.054	300.052	300.051	300.049	300.049	300.038	300.03	300.025	300.015	300.008	300.004	299.996	299.99	299.983	299.977	299.971	299.969	299.965	299.966	299.964	299.961	299.959	299.957	299.955	299.952	299.946	299.939	299.935	299.928	299.919	299.918	299.914	299.914	299.915	299.914	299.917	299.916	299.916	299.916	299.916	299.915	299.912	299.91	299.906	299.9	299.895	299.896	299.889	299.888	299.882	299.878	299.875	299.87	299.867	299.862	299.857	299.854	299.846	299.841	299.838	299.831	299.824	299.818	299.812	299.809
300.208	300.209	300.207	300.206	300.205	300.199	300.194	300.191	300.19	300.187	300.19	300.19	300.187	300.188	300.184	300.181	300.18	300.183	300.184	300.182	300.179	300.182	300.172	300.166	300.174	300.178	300.177	300.169	300.169	300.163	300.165	300.161	300.158	300.158	300.156	300.152	300.153	300.15	300.145	300.14	300.137	300.134	300.133	300.132	300.129	300.125	300.123	300.124	300.12	300.121	300.117	300.114	300.114	300.111	300.113	300.099	300.104	300.098	300.098	300.099	300.1	300.104	300.107	300.102	300.101	300.095	300.088	300.084	300.075	300.066	300.063	300.057	300.055	300.049	300.046	300.043	300.035	300.027	300.019	300.013	300.008	300.002	299.994	299.989	299.982	299.973	299.967	299.965	299.961	299.963	299.962	299.958	299.958	299.953	299.951	299.948	299.941	299.934	299.93	299.927	299.922	299.916	299.915	299.911	299.91	299.911	299.911	299.911	299.909	299.911	299.909	299.908	299.906	299.903	299.899	299.895	299.89	299.883	299.882	299.878	299.874	299.871	299.867	299.863	299.857	299.852	299.849	299.844	299.839	299.832	299.828	299.825	299.819	299.812	299.809	299.801	299.793
300.207	300.205	300.201	300.202	300.204	300.204	300.2	300.194	300.193	300.191	300.191	300.188	300.187	300.189	300.191	300.186	300.185	300.192	300.189	300.189	300.183	300.181	300.171	300.175	300.183	300.181	300.175	300.172	300.167	300.169	300.161	300.158	300.16	300.159	300.157	300.157	300.149	300.15	300.142	300.142	300.139	300.134	300.133	300.131	300.123	300.121	300.123	300.121	300.117	300.119	300.114	300.112	300.11	300.11	300.11	300.1	300.1	300.094	300.095	300.095	300.095	300.095	300.097	300.097	300.092	300.087	300.077	300.076	300.069	300.061	300.059	300.052	300.052	300.041	300.041	300.034	300.024	300.018	300.011	300.003	299.999	299.994	299.986	299.98	299.971	299.965	299.96	299.957	299.956	299.959	299.956	299.951	299.951	299.945	299.942	299.935	299.928	299.923	299.923	299.917	299.915	299.911	299.907	299.903	299.902	299.904	299.904	299.904	299.901	299.902	299.898	299.9	299.896	299.893	299.889	299.882	299.878	299.873	299.868	299.866	299.861	299.858	299.853	299.848	299.845	299.839	299.835	299.831	299.824	299.823	299.816	299.812	299.806	299.797	299.789	299.78	299.773
300.2	300.203	300.198	300.2	300.196	300.195	300.196	300.193	300.191	300.188	300.188	300.185	300.187	300.184	300.188	300.193	300.193	300.198	300.193	300.199	300.188	300.185	300.183	300.181	300.181	300.18	300.177	300.172	300.16	300.161	300.161	300.158	300.159	300.157	300.152	300.152	300.148	300.147	300.143	300.14	300.135	300.132	300.127	300.123	300.118	300.123	300.117	300.116	300.115	300.111	300.108	300.109	300.107	300.101	300.096	300.097	300.091	300.085	300.086	300.086	300.088	300.092	300.085	300.092	300.074	300.076	300.068	300.063	300.057	300.054	300.052	300.045	300.041	300.034	300.029	300.02	300.015	300.007	300	299.994	299.989	299.98	299.976	299.968	299.964	299.961	299.956	299.955	299.955	299.951	299.95	299.949	299.938	299.935	299.929	299.924	299.919	299.914	299.915	299.912	299.912	299.907	299.902	299.9	299.897	299.896	299.896	299.897	299.894	299.895	299.889	299.89	299.883	299.881	299.876	299.869	299.865	299.862	299.858	299.853	299.847	299.843	299.837	299.833	299.829	299.826	299.819	299.818	299.81	299.807	299.801	299.793	299.785	299.775	299.763	299.754	299.743
300.206	300.198	300.185	300.188	300.193	300.198	300.198	300.196	300.196	300.191	300.199	300.186	300.189	300.185	300.188	300.192	300.194	300.203	300.203	300.196	300.191	300.184	300.177	300.176	300.182	300.185	300.174	300.164	300.175	300.163	300.163	300.156	300.151	300.149	300.149	300.146	300.146	300.142	300.143	300.139	300.139	300.134	300.125	300.12	300.12	300.116	300.111	300.115	300.11	300.106	300.106	300.102	300.101	300.102	300.098	300.088	300.083	300.081	300.081	300.078	300.08	300.082	300.075	300.079	300.066	300.068	300.056	300.049	300.046	300.043	300.037	300.028	300.023	300.023	300.015	300.006	300.005	299.995	299.988	299.983	299.975	299.971	299.966	299.957	299.953	299.95	299.947	299.946	299.945	299.941	299.938	299.933	299.922	299.923	299.916	299.912	299.909	299.906	299.904	299.904	299.9	299.899	299.897	299.89	299.888	299.888	299.886	299.883	299.88	299.88	299.875	299.871	299.869	299.864	299.86	299.858	299.853	299.846	299.845	299.837	299.836	299.829	299.826	299.821	299.815	299.811	299.803	299.801	299.794	299.782	299.775	299.766	299.755	299.748	299.743	299.731	299.727
300.202	300.197	300.2	300.19	300.19	300.192	300.193	300.192	300.194	300.187	300.195	300.185	300.184	300.186	300.193	300.198	300.201	300.2	300.202	300.197	300.193	300.181	300.173	300.173	300.174	300.17	300.174	300.167	300.161	300.15	300.153	300.153	300.151	300.15	300.146	300.139	300.14	300.138	300.138	300.132	300.126	300.124	300.121	300.118	300.113	300.108	300.116	300.106	300.102	300.101	300.101	300.097	300.09	300.086	300.084	300.075	300.079	300.067	300.068	300.069	300.069	300.067	300.066	300.06	300.055	300.048	300.04	300.042	300.035	300.027	300.023	300.018	300.015	300	299.998	299.991	299.983	299.978	299.975	299.968	299.961	299.96	299.946	299.947	299.945	299.943	299.941	299.937	299.931	299.932	299.926	299.922	299.921	299.916	299.911	299.907	299.901	299.899	299.902	299.901	299.9	299.893	299.891	299.887	299.884	299.88	299.876	299.877	299.873	299.866	299.867	299.86	299.857	299.851	299.844	299.841	299.838	299.835	299.836	299.826	299.825	299.817	299.811	299.806	299.8	299.795	299.785	299.77	299.762	299.756	299.746	299.738	299.729	299.723	299.716	299.703	299.693
300.205	300.193	300.189	300.188	300.19	300.196	300.199	300.199	300.199	300.2	300.192	300.196	300.193	300.189	300.19	300.198	300.203	300.204	300.201	300.199	300.179	300.176	300.171	300.173	300.171	300.169	300.173	300.164	300.157	300.165	300.156	300.148	300.147	300.142	300.137	300.138	300.138	300.131	300.128	300.128	300.129	300.122	300.113	300.109	300.109	300.112	300.102	300.097	300.099	300.093	300.088	300.091	300.091	300.084	300.081	300.071	300.068	300.065	300.062	300.06	300.056	300.053	300.052	300.044	300.041	300.036	300.029	300.023	300.019	300.017	300.013	300	299.998	299.988	299.986	299.978	299.974	299.968	299.962	299.957	299.952	299.945	299.939	299.936	299.93	299.928	299.926	299.923	299.921	299.917	299.913	299.913	299.909	299.905	299.905	299.901	299.897	299.895	299.892	299.886	299.89	299.884	299.882	299.877	299.872	299.867	299.863	299.86	299.857	299.851	299.847	299.845	299.839	299.835	299.832	299.826	299.823	299.818	299.815	299.811	299.806	299.803	299.797	299.789	299.78	299.767	299.755	299.753	299.737	299.73	299.719	299.712	299.707	299.697	299.689	299.686	299.672
300.198	300.195	300.189	300.191	300.19	300.189	300.191	300.196	300.192	300.2	300.191	300.194	300.187	300.191	300.196	300.2	300.199	300.201	300.193	300.192	300.176	300.176	300.166	300.161	300.162	300.161	300.155	300.154	300.153	300.148	300.143	300.14	300.141	300.138	300.134	300.133	300.125	300.127	300.123	300.118	300.115	300.112	300.108	300.103	300.101	300.098	300.092	300.094	300.08	300.082	300.083	300.082	300.075	300.07	300.068	300.063	300.057	300.057	300.05	300.046	300.042	300.036	300.03	300.029	300.023	300.016	300.014	300.009	300.006	300.002	299.996	299.99	299.986	299.978	299.972	299.963	299.96	299.955	299.949	299.946	299.94	299.931	299.929	299.922	299.922	299.921	299.915	299.911	299.909	299.903	299.904	299.902	299.901	299.902	299.897	299.893	299.89	299.887	299.883	299.882	299.878	299.874	299.871	299.868	299.862	299.858	299.854	299.849	299.843	299.842	299.832	299.833	299.824	299.818	299.814	299.809	299.807	299.803	299.798	299.797	299.781	299.775	299.768	299.759	299.756	299.746	299.731	299.721	299.708	299.703	299.695	299.686	299.679	299.673	299.666	299.657	299.647
300.193	300.192	300.19	300.187	300.191	300.19	300.195	300.199	300.193	300.198	300.195	300.2	300.192	300.187	300.19	300.194	300.193	300.191	300.186	300.182	300.173	300.168	300.17	300.161	300.153	300.15	300.15	300.148	300.145	300.144	300.143	300.135	300.135	300.129	300.126	300.124	300.119	300.118	300.114	300.113	300.11	300.106	300.099	300.094	300.091	300.09	300.082	300.082	300.072	300.069	300.071	300.068	300.061	300.062	300.053	300.054	300.046	300.045	300.04	300.035	300.028	300.021	300.018	300.015	300.008	300.003	299.997	299.993	299.989	299.984	299.978	299.977	299.968	299.964	299.962	299.954	299.948	299.944	299.939	299.934	299.928	299.923	299.915	299.914	299.912	299.91	299.904	299.9	299.896	299.892	299.892	299.887	299.889	299.888	299.886	299.882	299.879	299.876	299.871	299.869	299.862	299.862	299.857	299.855	299.85	299.841	299.834	299.833	299.826	299.822	299.815	299.813	299.809	299.803	299.799	299.791	299.781	299.775	299.766	299.761	299.751	299.746	299.739	299.732	299.727	299.718	299.709	299.696	299.689	299.677	299.669	299.66	299.654	299.647	299.643	299.631	299.629
300.188	300.187	300.187	300.187	300.19	300.193	300.197	300.199	300.197	300.196	300.195	300.195	300.198	300.192	300.189	300.19	300.179	300.174	300.176	300.167	300.169	300.159	300.16	300.153	300.146	300.142	300.14	300.137	300.138	300.138	300.135	300.128	300.127	300.123	300.116	300.113	300.114	300.108	300.106	300.103	300.099	300.093	300.087	300.085	300.081	300.078	300.071	300.066	300.067	300.061	300.055	300.053	300.047	300.044	300.041	300.039	300.034	300.029	300.026	300.019	300.012	300.008	300.005	299.998	299.993	299.987	299.982	299.976	299.973	299.968	299.962	299.959	299.955	299.954	299.946	299.943	299.936	299.931	299.925	299.919	299.913	299.911	299.902	299.904	299.901	299.898	299.897	299.892	299.886	299.883	299.878	299.875	299.876	299.871	299.87	299.863	299.861	299.862	299.857	299.855	299.849	299.848	299.844	299.839	299.837	299.829	299.82	299.817	299.808	299.802	299.798	299.789	299.783	299.775	299.769	299.765	299.755	299.747	299.739	299.731	299.725	299.718	299.71	299.704	299.701	299.692	299.686	299.672	299.666	299.654	299.645	299.639	299.632	299.622	299.617	299.607	299.605
300.184	300.183	300.186	300.189	300.188	300.188	300.193	300.192	300.194	300.19	300.197	300.194	300.197	300.195	300.19	300.185	300.176	300.164	300.167	300.153	300.159	300.152	300.149	300.143	300.137	300.132	300.128	300.126	300.128	300.13	300.122	300.122	300.123	300.114	300.107	300.105	300.104	300.1	300.1	300.092	300.087	300.081	300.075	300.072	300.068	300.062	300.063	300.053	300.054	300.047	300.042	300.041	300.034	300.03	300.031	300.023	300.021	300.017	300.01	300.004	299.999	299.994	299.989	299.982	299.979	299.968	299.966	299.962	299.958	299.953	299.948	299.942	299.94	299.938	299.929	299.927	299.921	299.915	299.911	299.905	299.9	299.897	299.892	299.891	299.889	299.889	299.887	299.883	299.876	299.871	299.865	299.863	299.862	299.857	299.855	299.848	299.845	299.846	299.84	299.836	299.834	299.828	299.825	299.822	299.82	299.816	299.808	299.801	299.793	299.777	299.77	299.762	299.757	299.748	299.742	299.736	299.729	299.719	299.714	299.704	299.697	299.692	299.685	299.677	299.673	299.667	299.661	299.651	299.641	299.633	299.622	299.616	299.609	299.599	299.592	299.584	299.577
300.179	300.18	300.181	300.188	300.185	300.188	300.192	300.19	300.189	300.185	300.192	300.193	300.193	300.188	300.184	300.179	300.172	300.159	300.156	300.145	300.145	300.143	300.141	300.135	300.128	300.123	300.118	300.121	300.114	300.118	300.115	300.116	300.109	300.099	300.096	300.096	300.094	300.091	300.089	300.083	300.077	300.072	300.064	300.061	300.058	300.047	300.051	300.041	300.039	300.032	300.028	300.025	300.024	300.021	300.018	300.01	300.008	300.003	299.996	299.992	299.985	299.98	299.973	299.967	299.965	299.954	299.952	299.948	299.944	299.938	299.932	299.928	299.922	299.916	299.915	299.91	299.904	299.9	299.896	299.894	299.89	299.884	299.884	299.879	299.878	299.877	299.873	299.868	299.864	299.858	299.854	299.849	299.846	299.841	299.838	299.834	299.831	299.826	299.818	299.814	299.811	299.806	299.805	299.801	299.798	299.791	299.786	299.772	299.769	299.753	299.747	299.737	299.731	299.724	299.715	299.708	299.701	299.694	299.686	299.678	299.67	299.667	299.66	299.651	299.646	299.641	299.633	299.632	299.617	299.611	299.599	299.59	299.583	299.575	299.567	299.561	299.551
300.169	300.176	300.18	300.184	300.187	300.185	300.185	300.183	300.184	300.186	300.179	300.186	300.188	300.188	300.181	300.174	300.163	300.152	300.141	300.143	300.139	300.133	300.132	300.126	300.122	300.117	300.111	300.112	300.103	300.112	300.102	300.1	300.097	300.092	300.089	300.083	300.085	300.081	300.073	300.073	300.063	300.058	300.054	300.049	300.048	300.039	300.031	300.029	300.028	300.024	300.014	300.01	300.009	300.008	299.996	299.999	299.992	299.987	299.983	299.976	299.969	299.963	299.959	299.95	299.946	299.943	299.938	299.933	299.931	299.926	299.917	299.911	299.907	299.903	299.901	299.89	299.889	299.886	299.882	299.879	299.877	299.871	299.871	299.866	299.865	299.862	299.858	299.856	299.852	299.845	299.845	299.836	299.831	299.827	299.819	299.814	299.81	299.805	299.802	299.796	299.781	299.787	299.769	299.772	299.768	299.762	299.758	299.751	299.744	299.732	299.726	299.715	299.705	299.697	299.688	299.681	299.674	299.671	299.66	299.657	299.645	299.638	299.633	299.626	299.622	299.619	299.605	299.604	299.591	299.586	299.577	299.568	299.559	299.548	299.538	299.534	299.527
300.164	300.178	300.18	300.177	300.181	300.18	300.184	300.185	300.177	300.185	300.179	300.181	300.181	300.179	300.175	300.169	300.161	300.155	300.141	300.131	300.132	300.13	300.128	300.121	300.118	300.115	300.107	300.108	300.102	300.104	300.094	300.097	300.092	300.082	300.077	300.075	300.073	300.07	300.067	300.062	300.051	300.047	300.044	300.036	300.028	300.03	300.023	300.02	300.011	300.007	300.006	300.003	299.997	299.992	299.987	299.989	299.975	299.976	299.969	299.963	299.958	299.951	299.944	299.939	299.935	299.928	299.926	299.922	299.917	299.911	299.905	299.898	299.892	299.887	299.881	299.883	299.88	299.876	299.872	299.868	299.865	299.86	299.853	299.85	299.846	299.843	299.841	299.837	299.834	299.835	299.828	299.821	299.81	299.803	299.801	299.792	299.782	299.775	299.767	299.761	299.745	299.753	299.743	299.742	299.734	299.726	299.724	299.718	299.714	299.709	299.697	299.688	299.682	299.67	299.662	299.657	299.647	299.643	299.634	299.627	299.624	299.617	299.611	299.603	299.594	299.589	299.583	299.575	299.569	299.562	299.552	299.543	299.533	299.526	299.519	299.506	299.5
300.165	300.169	300.167	300.174	300.178	300.174	300.174	300.176	300.171	300.169	300.169	300.174	300.178	300.176	300.172	300.169	300.158	300.145	300.141	300.131	300.128	300.121	300.12	300.116	300.111	300.106	300.102	300.1	300.095	300.09	300.089	300.084	300.077	300.074	300.076	300.072	300.061	300.052	300.051	300.043	300.044	300.036	300.026	300.026	300.021	300.015	300.007	300.004	300.004	299.997	299.99	299.983	299.978	299.977	299.971	299.965	299.962	299.962	299.952	299.947	299.942	299.935	299.93	299.925	299.923	299.915	299.913	299.91	299.905	299.899	299.894	299.886	299.877	299.876	299.868	299.867	299.86	299.856	299.857	299.854	299.848	299.845	299.839	299.837	299.832	299.827	299.825	299.822	299.821	299.82	299.81	299.81	299.801	299.784	299.776	299.761	299.757	299.754	299.739	299.74	299.73	299.718	299.717	299.713	299.708	299.706	299.703	299.697	299.694	299.685	299.678	299.667	299.658	299.646	299.636	299.63	299.624	299.62	299.62	299.609	299.601	299.593	299.584	299.578	299.571	299.561	299.557	299.547	299.543	299.536	299.529	299.521	299.508	299.496	299.489	299.479	299.475
300.158	300.16	300.167	300.166	300.167	300.172	300.174	300.171	300.176	300.175	300.173	300.171	300.168	300.172	300.166	300.163	300.161	300.148	300.141	300.13	300.129	300.121	300.116	300.112	300.106	300.102	300.097	300.088	300.086	300.083	300.08	300.077	300.077	300.076	300.067	300.057	300.056	300.046	300.045	300.032	300.029	300.021	300.015	300.01	300.004	300	299.998	299.989	299.986	299.983	299.979	299.976	299.971	299.963	299.956	299.956	299.952	299.942	299.94	299.934	299.926	299.921	299.921	299.911	299.909	299.905	299.901	299.895	299.893	299.887	299.879	299.874	299.867	299.861	299.856	299.852	299.851	299.849	299.845	299.839	299.838	299.832	299.827	299.822	299.818	299.81	299.806	299.803	299.801	299.796	299.795	299.781	299.772	299.759	299.751	299.739	299.73	299.724	299.717	299.708	299.701	299.699	299.696	299.688	299.682	299.675	299.669	299.667	299.666	299.654	299.654	299.642	299.631	299.623	299.614	299.605	299.602	299.596	299.587	299.587	299.577	299.573	299.562	299.553	299.546	299.538	299.533	299.525	299.52	299.514	299.505	299.497	299.488	299.478	299.465	299.458	299.447
300.152	300.144	300.151	300.156	300.155	300.163	300.166	300.166	300.169	300.162	300.165	300.17	300.165	300.165	300.163	300.158	300.153	300.143	300.141	300.129	300.125	300.121	300.112	300.104	300.098	300.091	300.083	300.079	300.077	300.071	300.074	300.071	300.065	300.062	300.061	300.055	300.045	300.026	300.025	300.023	300.016	300.013	300.007	299.998	299.991	299.985	299.979	299.977	299.972	299.97	299.965	299.961	299.955	299.948	299.945	299.938	299.935	299.933	299.925	299.918	299.911	299.907	299.901	299.898	299.897	299.887	299.89	299.883	299.878	299.872	299.866	299.862	299.853	299.848	299.846	299.841	299.837	299.832	299.828	299.826	299.823	299.814	299.814	299.805	299.798	299.792	299.78	299.776	299.772	299.764	299.765	299.752	299.749	299.736	299.726	299.722	299.715	299.705	299.702	299.69	299.685	299.68	299.67	299.667	299.662	299.655	299.652	299.648	299.641	299.636	299.626	299.618	299.608	299.599	299.59	299.584	299.578	299.577	299.567	299.565	299.551	299.546	299.539	299.53	299.522	299.514	299.509	299.502	299.499	299.492	299.485	299.472	299.462	299.451	299.438	299.431	299.423
300.137	300.136	300.135	300.143	300.15	300.155	300.159	300.162	300.162	300.161	300.158	300.157	300.158	300.154	300.151	300.15	300.144	300.137	300.13	300.125	300.121	300.114	300.108	300.099	300.091	300.082	300.074	300.07	300.063	300.064	300.061	300.064	300.058	300.056	300.054	300.039	300.027	300.025	300.011	300.008	300.005	300	299.994	299.985	299.983	299.977	299.966	299.967	299.961	299.959	299.954	299.95	299.944	299.938	299.934	299.927	299.923	299.919	299.911	299.903	299.9	299.895	299.889	299.885	299.883	299.874	299.874	299.87	299.864	299.86	299.855	299.849	299.841	299.84	299.832	299.829	299.826	299.821	299.818	299.813	299.807	299.8	299.795	299.788	299.777	299.769	299.758	299.748	299.743	299.735	299.73	299.723	299.717	299.712	299.705	299.7	299.694	299.687	299.679	299.669	299.666	299.658	299.653	299.646	299.639	299.632	299.628	299.622	299.612	299.61	299.599	299.593	299.588	299.576	299.571	299.567	299.555	299.553	299.544	299.539	299.528	299.519	299.512	299.505	299.498	299.489	299.485	299.477	299.475	299.465	299.46	299.448	299.437	299.426	299.418	299.409	299.4
300.128	300.122	300.123	300.125	300.132	300.142	300.145	300.147	300.144	300.15	300.149	300.146	300.15	300.143	300.14	300.138	300.135	300.127	300.118	300.115	300.11	300.106	300.098	300.088	300.079	300.072	300.061	300.058	300.049	300.053	300.046	300.047	300.047	300.044	300.039	300.028	300.015	300.011	299.998	299.996	299.992	299.989	299.981	299.976	299.971	299.968	299.96	299.957	299.949	299.947	299.942	299.937	299.934	299.927	299.921	299.917	299.911	299.904	299.897	299.894	299.89	299.884	299.881	299.872	299.867	299.863	299.856	299.852	299.849	299.844	299.84	299.835	299.829	299.828	299.82	299.819	299.813	299.806	299.801	299.795	299.787	299.782	299.769	299.766	299.756	299.748	299.742	299.731	299.722	299.718	299.707	299.705	299.693	299.69	299.684	299.677	299.671	299.667	299.659	299.653	299.648	299.638	299.634	299.626	299.623	299.614	299.605	299.598	299.592	299.584	299.578	299.568	299.563	299.558	299.552	299.546	299.535	299.531	299.52	299.514	299.508	299.498	299.489	299.481	299.473	299.463	299.46	299.449	299.448	299.439	299.432	299.422	299.411	299.403	299.39	299.378	299.366
300.115	300.105	300.115	300.112	300.12	300.126	300.128	300.13	300.13	300.132	300.135	300.134	300.135	300.13	300.126	300.121	300.114	300.112	300.102	300.101	300.095	300.091	300.086	300.074	300.068	300.06	300.051	300.048	300.038	300.039	300.034	300.033	300.031	300.026	300.022	300.016	300.005	299.993	299.989	299.985	299.979	299.976	299.971	299.965	299.962	299.958	299.952	299.945	299.937	299.932	299.927	299.926	299.922	299.919	299.914	299.906	299.899	299.892	299.885	299.881	299.881	299.874	299.87	299.862	299.854	299.85	299.841	299.839	299.835	299.83	299.826	299.821	299.814	299.811	299.806	299.803	299.797	299.788	299.783	299.776	299.764	299.758	299.747	299.741	299.732	299.724	299.718	299.711	299.701	299.697	299.686	299.684	299.675	299.669	299.662	299.656	299.65	299.646	299.639	299.633	299.626	299.619	299.613	299.604	299.6	299.592	299.581	299.573	299.569	299.556	299.558	299.547	299.544	299.538	299.53	299.522	299.513	299.506	299.496	299.492	299.482	299.476	299.467	299.46	299.451	299.441	299.435	299.423	299.416	299.408	299.401	299.388	299.38	299.369	299.359	299.347	299.336
300.099	300.095	300.103	300.103	300.107	300.113	300.116	300.116	300.121	300.119	300.118	300.119	300.116	300.115	300.108	300.102	300.097	300.09	300.085	300.085	300.08	300.076	300.069	300.063	300.056	300.051	300.04	300.036	300.031	300.025	300.023	300.02	300.016	300.01	300.004	299.996	299.992	299.981	299.981	299.971	299.963	299.962	299.958	299.955	299.955	299.95	299.942	299.933	299.926	299.919	299.917	299.914	299.911	299.91	299.906	299.896	299.89	299.882	299.871	299.868	299.867	299.864	299.855	299.85	299.841	299.832	299.828	299.825	299.82	299.814	299.808	299.802	299.797	299.788	299.784	299.773	299.77	299.764	299.758	299.753	299.741	299.727	299.727	299.711	299.711	299.701	299.696	299.689	299.68	299.675	299.665	299.658	299.653	299.646	299.638	299.635	299.63	299.624	299.617	299.608	299.599	299.594	299.585	299.577	299.569	299.56	299.555	299.547	299.542	299.533	299.535	299.528	299.524	299.517	299.508	299.499	299.489	299.48	299.471	299.468	299.459	299.453	299.447	299.439	299.432	299.421	299.408	299.397	299.382	299.371	299.361	299.351	299.344	299.339	299.328	299.318	299.306
300.083	300.088	300.083	300.082	300.087	300.096	300.103	300.102	300.1	300.1	300.099	300.101	300.101	300.099	300.088	300.084	300.083	300.075	300.071	300.063	300.061	300.057	300.052	300.045	300.037	300.03	300.027	300.017	300.018	300.012	300.009	300.002	299.996	299.993	299.988	299.979	299.977	299.967	299.962	299.952	299.952	299.95	299.949	299.945	299.941	299.936	299.933	299.922	299.912	299.903	299.901	299.901	299.896	299.895	299.89	299.885	299.874	299.864	299.86	299.855	299.852	299.847	299.84	299.834	299.823	299.815	299.812	299.805	299.802	299.797	299.789	299.779	299.778	299.763	299.758	299.747	299.743	299.733	299.726	299.72	299.715	299.701	299.699	299.682	299.685	299.676	299.671	299.667	299.659	299.651	299.646	299.636	299.625	299.621	299.613	299.61	299.605	299.599	299.595	299.582	299.574	299.569	299.556	299.554	299.543	299.536	299.534	299.525	299.521	299.515	299.507	299.504	299.499	299.492	299.484	299.476	299.464	299.459	299.446	299.44	299.435	299.429	299.423	299.415	299.407	299.399	299.378	299.364	299.347	299.331	299.32	299.31	299.306	299.301	299.294	299.282	299.272
300.062	300.067	300.074	300.083	300.077	300.078	300.085	300.089	300.09	300.092	300.085	300.079	300.076	300.078	300.076	300.071	300.064	300.055	300.058	300.048	300.049	300.043	300.036	300.033	300.026	300.016	300.014	300.001	299.998	299.992	299.989	299.987	299.98	299.972	299.969	299.966	299.96	299.948	299.949	299.946	299.935	299.927	299.928	299.93	299.928	299.923	299.918	299.905	299.899	299.892	299.885	299.883	299.882	299.882	299.874	299.866	299.857	299.847	299.842	299.838	299.835	299.833	299.83	299.818	299.805	299.798	299.786	299.785	299.779	299.772	299.766	299.759	299.752	299.737	299.733	299.725	299.713	299.711	299.706	299.696	299.688	299.672	299.667	299.659	299.653	299.644	299.643	299.64	299.636	299.626	299.614	299.612	299.6	299.593	299.586	299.58	299.574	299.569	299.562	299.555	299.544	299.539	299.529	299.523	299.518	299.511	299.504	299.497	299.492	299.486	299.485	299.48	299.475	299.469	299.461	299.451	299.437	299.431	299.421	299.417	299.411	299.403	299.398	299.389	299.375	299.364	299.349	299.324	299.308	299.296	299.284	299.279	299.273	299.267	299.261	299.25	299.238
300.06	300.076	300.059	300.057	300.063	300.068	300.069	300.069	300.071	300.067	300.064	300.071	300.063	300.059	300.055	300.051	300.05	300.047	300.041	300.035	300.03	300.026	300.021	300.015	300.01	300.001	299.991	299.985	299.977	299.972	299.964	299.958	299.956	299.954	299.948	299.943	299.936	299.938	299.927	299.919	299.918	299.918	299.912	299.905	299.903	299.902	299.894	299.89	299.879	299.87	299.867	299.865	299.863	299.857	299.854	299.839	299.835	299.829	299.82	299.816	299.816	299.812	299.803	299.797	299.785	299.778	299.762	299.759	299.753	299.744	299.74	299.731	299.72	299.719	299.701	299.7	299.689	299.681	299.67	299.66	299.654	299.649	299.638	299.632	299.623	299.62	299.617	299.612	299.609	299.61	299.594	299.586	299.574	299.565	299.558	299.553	299.551	299.545	299.535	299.534	299.518	299.512	299.509	299.498	299.492	299.488	299.482	299.479	299.473	299.458	299.461	299.45	299.446	299.442	299.434	299.427	299.416	299.402	299.393	299.385	299.379	299.372	299.359	299.347	299.333	299.316	299.302	299.291	299.278	299.266	299.253	299.245	299.238	299.231	299.224	299.215	299.201
300.027	300.058	300.06	300.06	300.059	300.056	300.057	300.059	300.06	300.06	300.055	300.048	300.047	300.049	300.044	300.038	300.035	300.032	300.023	300.028	300.017	300.013	300.014	300.005	299.999	299.993	299.978	299.971	299.957	299.95	299.948	299.942	299.939	299.938	299.933	299.932	299.923	299.919	299.911	299.908	299.898	299.892	299.89	299.887	299.884	299.877	299.873	299.872	299.862	299.857	299.85	299.847	299.842	299.834	299.831	299.822	299.814	299.807	299.803	299.796	299.79	299.786	299.779	299.774	299.757	299.751	299.744	299.733	299.727	299.721	299.714	299.707	299.697	299.696	299.678	299.673	299.663	299.654	299.646	299.638	299.627	299.618	299.608	299.604	299.598	299.589	299.586	299.584	299.579	299.572	299.565	299.559	299.549	299.541	299.534	299.525	299.519	299.514	299.507	299.5	299.496	299.486	299.479	299.472	299.465	299.46	299.452	299.445	299.437	299.431	299.428	299.422	299.421	299.414	299.403	299.393	299.382	299.369	299.363	299.349	299.341	299.332	299.317	299.303	299.29	299.277	299.261	299.251	299.24	299.233	299.23	299.22	299.211	299.203	299.191	299.179	299.17
300.03	300.053	300.048	300.051	300.048	300.044	300.045	300.048	300.044	300.047	300.047	300.041	300.037	300.032	300.03	300.025	300.022	300.018	300.016	300.008	300.004	299.994	299.994	299.99	299.984	299.976	299.963	299.955	299.945	299.935	299.927	299.925	299.926	299.923	299.919	299.916	299.908	299.903	299.893	299.888	299.88	299.874	299.87	299.863	299.856	299.854	299.851	299.846	299.841	299.839	299.83	299.824	299.822	299.815	299.805	299.795	299.791	299.777	299.773	299.765	299.76	299.758	299.752	299.742	299.737	299.727	299.723	299.711	299.705	299.697	299.687	299.682	299.673	299.665	299.659	299.646	299.638	299.628	299.618	299.609	299.599	299.592	299.587	299.576	299.571	299.563	299.556	299.553	299.552	299.542	299.54	299.528	299.524	299.515	299.509	299.507	299.499	299.491	299.487	299.474	299.469	299.462	299.454	299.448	299.44	299.435	299.432	299.423	299.415	299.409	299.398	299.395	299.385	299.377	299.371	299.364	299.349	299.339	299.323	299.315	299.306	299.293	299.281	299.266	299.247	299.232	299.225	299.215	299.213	299.205	299.201	299.191	299.181	299.169	299.157	299.145	299.137
300.027	300.041	300.04	300.04	300.041	300.037	300.033	300.031	300.037	300.036	300.032	300.029	300.026	300.02	300.015	300.011	300.007	300.004	300.001	299.988	299.99	299.981	299.975	299.972	299.967	299.957	299.952	299.938	299.929	299.924	299.917	299.914	299.913	299.914	299.911	299.903	299.895	299.889	299.878	299.869	299.864	299.857	299.848	299.839	299.836	299.832	299.825	299.825	299.819	299.813	299.808	299.804	299.797	299.787	299.777	299.761	299.76	299.749	299.744	299.738	299.733	299.728	299.724	299.715	299.717	299.701	299.698	299.688	299.68	299.672	299.663	299.656	299.648	299.641	299.634	299.623	299.618	299.607	299.596	299.585	299.578	299.566	299.559	299.549	299.541	299.537	299.529	299.521	299.518	299.514	299.511	299.5	299.499	299.491	299.483	299.48	299.473	299.465	299.46	299.451	299.442	299.436	299.428	299.421	299.415	299.409	299.403	299.395	299.382	299.374	299.361	299.358	299.349	299.342	299.329	299.319	299.314	299.305	299.29	299.283	299.27	299.257	299.243	299.228	299.21	299.198	299.191	299.18	299.181	299.176	299.171	299.164	299.151	299.138	299.127	299.114	299.106
300.02	300.021	300.025	300.027	300.024	300.024	300.019	300.02	300.024	300.02	300.018	300.014	300.007	300.002	299.995	299.992	299.99	299.985	299.981	299.974	299.968	299.964	299.956	299.953	299.947	299.941	299.933	299.924	299.916	299.908	299.904	299.901	299.899	299.899	299.896	299.887	299.881	299.869	299.863	299.856	299.848	299.838	299.829	299.826	299.82	299.812	299.805	299.802	299.797	299.786	299.78	299.773	299.767	299.754	299.749	299.734	299.729	299.726	299.718	299.714	299.707	299.702	299.699	299.69	299.685	299.675	299.671	299.661	299.651	299.642	299.636	299.628	299.623	299.617	299.606	299.6	299.591	299.583	299.571	299.561	299.552	299.543	299.531	299.524	299.511	299.506	299.502	299.494	299.493	299.488	299.483	299.478	299.472	299.466	299.459	299.452	299.444	299.44	299.432	299.426	299.417	299.41	299.407	299.398	299.391	299.382	299.372	299.362	299.348	299.339	299.329	299.317	299.31	299.304	299.293	299.287	299.28	299.267	299.258	299.247	299.235	299.224	299.208	299.192	299.18	299.168	299.16	299.153	299.15	299.146	299.141	299.13	299.117	299.107	299.095	299.084	299.075
300.003	300.005	300.004	300.007	300.006	300.005	300.005	300.005	300.003	300	300	299.997	299.988	299.986	299.978	299.973	299.971	299.965	299.958	299.957	299.948	299.945	299.939	299.934	299.93	299.922	299.914	299.907	299.902	299.895	299.89	299.885	299.882	299.882	299.877	299.871	299.866	299.852	299.85	299.841	299.837	299.825	299.816	299.813	299.805	299.795	299.785	299.77	299.765	299.761	299.751	299.746	299.737	299.73	299.719	299.717	299.703	299.699	299.69	299.685	299.684	299.678	299.672	299.664	299.655	299.651	299.642	299.636	299.625	299.615	299.607	299.6	299.594	299.588	299.578	299.573	299.565	299.554	299.548	299.539	299.528	299.522	299.503	299.495	299.483	299.477	299.472	299.466	299.464	299.463	299.457	299.454	299.447	299.439	299.436	299.427	299.42	299.415	299.407	299.401	299.391	299.379	299.374	299.364	299.359	299.348	299.338	299.33	299.316	299.305	299.297	299.285	299.279	299.271	299.26	299.254	299.246	299.231	299.224	299.211	299.201	299.19	299.174	299.164	299.151	299.14	299.133	299.127	299.119	299.115	299.108	299.097	299.089	299.077	299.066	299.056	299.045
299.975	299.99	299.98	299.985	299.989	299.987	299.986	299.986	299.983	299.981	299.976	299.975	299.974	299.967	299.964	299.957	299.95	299.946	299.937	299.934	299.929	299.927	299.92	299.917	299.91	299.906	299.895	299.89	299.884	299.881	299.875	299.868	299.864	299.862	299.859	299.851	299.847	299.838	299.835	299.824	299.821	299.813	299.803	299.799	299.785	299.776	299.762	299.749	299.737	299.732	299.726	299.718	299.713	299.709	299.696	299.699	299.68	299.678	299.667	299.662	299.66	299.653	299.646	299.638	299.627	299.621	299.612	299.607	299.599	299.589	299.58	299.574	299.565	299.555	299.55	299.543	299.536	299.53	299.522	299.515	299.504	299.495	299.477	299.464	299.456	299.45	299.445	299.437	299.433	299.434	299.429	299.425	299.42	299.414	299.407	299.405	299.395	299.385	299.377	299.366	299.356	299.345	299.337	299.326	299.319	299.309	299.3	299.292	299.282	299.273	299.264	299.258	299.247	299.239	299.227	299.218	299.209	299.201	299.188	299.177	299.169	299.156	299.147	299.137	299.127	299.117	299.106	299.097	299.09	299.081	299.074	299.065	299.056	299.046	299.035	299.027	299.013
299.945	299.968	299.962	299.964	299.967	299.963	299.966	299.966	299.961	299.961	299.956	299.952	299.951	299.944	299.942	299.936	299.925	299.924	299.917	299.913	299.911	299.904	299.901	299.895	299.888	299.882	299.878	299.873	299.863	299.865	299.858	299.855	299.847	299.84	299.835	299.831	299.823	299.817	299.817	299.809	299.804	299.789	299.781	299.779	299.77	299.757	299.734	299.727	299.71	299.697	299.696	299.69	299.683	299.684	299.675	299.673	299.657	299.655	299.646	299.638	299.634	299.627	299.619	299.612	299.599	299.589	299.585	299.577	299.568	299.564	299.555	299.545	299.536	299.524	299.523	299.511	299.509	299.5	299.492	299.484	299.475	299.458	299.453	299.44	299.426	299.42	299.417	299.414	299.409	299.404	299.402	299.394	299.389	299.379	299.371	299.369	299.361	299.347	299.343	299.328	299.319	299.313	299.301	299.295	299.285	299.276	299.269	299.259	299.252	299.245	299.232	299.224	299.212	299.205	299.197	299.186	299.176	299.168	299.153	299.143	299.137	299.125	299.117	299.109	299.096	299.09	299.079	299.066	299.06	299.048	299.041	299.03	299.021	299.013	299.004	298.996	298.975
299.938	299.94	299.938	299.946	299.949	299.952	299.954	299.951	299.942	299.933	299.94	299.93	299.934	299.925	299.92	299.914	299.907	299.904	299.896	299.894	299.893	299.888	299.884	299.878	299.871	299.863	299.853	299.851	299.847	299.847	299.838	299.835	299.828	299.821	299.816	299.809	299.808	299.796	299.785	299.781	299.776	299.768	299.762	299.751	299.735	299.731	299.722	299.701	299.692	299.678	299.669	299.663	299.658	299.658	299.651	299.646	299.638	299.63	299.621	299.617	299.612	299.604	299.594	299.581	299.577	299.563	299.556	299.547	299.542	299.538	299.529	299.516	299.511	299.492	299.493	299.483	299.478	299.472	299.463	299.455	299.446	299.434	299.421	299.406	299.401	299.393	299.383	299.378	299.373	299.364	299.36	299.354	299.343	299.341	299.331	299.324	299.316	299.308	299.302	299.291	299.284	299.273	299.264	299.256	299.246	299.235	299.228	299.221	299.213	299.206	299.201	299.193	299.181	299.17	299.16	299.153	299.145	299.133	299.128	299.113	299.1	299.09	299.082	299.075	299.069	299.059	299.048	299.037	299.026	299.015	299.011	299	298.99	298.982	298.965	298.958	298.941
299.928	299.914	299.923	299.926	299.925	299.925	299.919	299.918	299.927	299.915	299.917	299.905	299.908	299.907	299.902	299.896	299.888	299.881	299.875	299.873	299.866	299.865	299.86	299.851	299.847	299.843	299.836	299.832	299.82	299.822	299.82	299.814	299.804	299.798	299.791	299.773	299.769	299.759	299.761	299.755	299.746	299.737	299.728	299.722	299.716	299.698	299.69	299.669	299.664	299.655	299.645	299.638	299.634	299.627	299.624	299.618	299.609	299.601	299.593	299.587	299.579	299.571	299.567	299.551	299.546	299.532	299.523	299.521	299.514	299.506	299.498	299.487	299.481	299.467	299.463	299.455	299.445	299.438	299.431	299.422	299.41	299.406	299.389	299.382	299.368	299.358	299.35	299.342	299.34	299.335	299.319	299.316	299.304	299.297	299.291	299.284	299.279	299.272	299.26	299.251	299.242	299.232	299.228	299.218	299.211	299.203	299.195	299.19	299.185	299.175	299.166	299.151	299.144	299.136	299.125	299.116	299.112	299.098	299.093	299.079	299.07	299.062	299.05	299.039	299.035	299.024	299.017	299.004	298.996	298.984	298.973	298.958	298.946	298.938	298.922	298.914	298.905
299.894	299.898	299.907	299.906	299.905	299.909	299.91	299.905	299.9	299.887	299.894	299.894	299.891	299.885	299.881	299.877	299.869	299.865	299.859	299.852	299.849	299.846	299.843	299.839	299.831	299.821	299.814	299.814	299.804	299.802	299.792	299.789	299.779	299.769	299.762	299.755	299.75	299.73	299.725	299.718	299.713	299.709	299.699	299.687	299.685	299.666	299.664	299.657	299.644	299.635	299.626	299.619	299.611	299.601	299.597	299.588	299.58	299.576	299.566	299.561	299.553	299.543	299.537	299.526	299.516	299.51	299.5	299.491	299.484	299.479	299.473	299.462	299.447	299.446	299.434	299.429	299.422	299.412	299.403	299.394	299.382	299.371	299.353	299.355	299.335	299.324	299.319	299.308	299.297	299.291	299.282	299.276	299.268	299.256	299.249	299.242	299.236	299.227	299.221	299.212	299.203	299.194	299.186	299.174	299.165	299.158	299.15	299.147	299.141	299.137	299.129	299.119	299.105	299.095	299.085	299.077	299.072	299.065	299.057	299.049	299.036	299.025	299.015	299.008	299	298.987	298.982	298.96	298.958	298.943	298.932	298.922	298.908	298.895	298.889	298.872	298.861
299.881	299.885	299.882	299.889	299.885	299.877	299.875	299.878	299.871	299.874	299.871	299.866	299.869	299.863	299.862	299.856	299.85	299.846	299.839	299.83	299.829	299.823	299.818	299.813	299.807	299.802	299.796	299.786	299.775	299.776	299.764	299.758	299.752	299.74	299.731	299.721	299.713	299.703	299.7	299.694	299.681	299.676	299.666	299.655	299.643	299.642	299.633	299.623	299.617	299.61	299.602	299.593	299.586	299.58	299.567	299.559	299.551	299.543	299.534	299.528	299.52	299.511	299.501	299.497	299.486	299.481	299.474	299.465	299.459	299.451	299.441	299.433	299.423	299.418	299.408	299.396	299.389	299.376	299.364	299.351	299.335	299.335	299.323	299.315	299.312	299.3	299.286	299.276	299.267	299.256	299.249	299.237	299.228	299.222	299.213	299.207	299.199	299.192	299.184	299.171	299.162	299.151	299.143	299.136	299.13	299.123	299.118	299.118	299.108	299.105	299.088	299.081	299.067	299.056	299.046	299.04	299.031	299.03	299.017	299.014	298.999	298.986	298.972	298.963	298.956	298.945	298.934	298.92	298.912	298.903	298.891	298.882	298.867	298.851	298.842	298.828	298.82
299.852	299.863	299.859	299.863	299.864	299.856	299.856	299.855	299.846	299.845	299.843	299.844	299.844	299.839	299.834	299.831	299.826	299.822	299.817	299.811	299.804	299.799	299.798	299.788	299.779	299.773	299.765	299.757	299.745	299.738	299.731	299.723	299.715	299.711	299.701	299.697	299.685	299.678	299.664	299.661	299.655	299.643	299.636	299.627	299.615	299.611	299.6	299.599	299.592	299.58	299.574	299.569	299.56	299.551	299.536	299.53	299.519	299.511	299.51	299.5	299.489	299.48	299.471	299.463	299.456	299.449	299.445	299.433	299.428	299.42	299.41	299.404	299.393	299.379	299.373	299.361	299.347	299.336	299.325	299.31	299.298	299.29	299.284	299.276	299.27	299.263	299.251	299.243	299.235	299.218	299.212	299.199	299.191	299.181	299.171	299.165	299.159	299.15	299.143	299.13	299.122	299.111	299.103	299.092	299.088	299.083	299.078	299.074	299.065	299.064	299.048	299.038	299.028	299.016	299.008	298.999	298.989	298.985	298.97	298.966	298.949	298.942	298.929	298.918	298.908	298.896	298.883	298.881	298.865	298.86	298.85	298.837	298.829	298.817	298.801	298.789	298.778
299.823	299.838	299.836	299.838	299.836	299.831	299.829	299.827	299.822	299.818	299.816	299.818	299.811	299.808	299.807	299.803	299.801	299.796	299.787	299.781	299.775	299.768	299.762	299.757	299.747	299.741	299.73	299.724	299.715	299.706	299.7	299.692	299.685	299.679	299.668	299.662	299.655	299.65	299.639	299.628	299.621	299.611	299.603	299.596	299.585	299.581	299.571	299.568	299.56	299.549	299.546	299.538	299.529	299.519	299.507	299.498	299.49	299.48	299.475	299.468	299.456	299.45	299.441	299.431	299.425	299.418	299.413	299.403	299.394	299.383	299.373	299.362	299.353	299.34	299.329	299.319	299.306	299.296	299.285	299.273	299.264	299.249	299.242	299.239	299.228	299.224	299.216	299.207	299.197	299.182	299.174	299.159	299.151	299.144	299.133	299.126	299.119	299.11	299.102	299.091	299.084	299.072	299.069	299.058	299.053	299.047	299.038	299.034	299.025	299.015	299.008	298.999	298.985	298.973	298.964	298.954	298.945	298.938	298.925	298.919	298.904	298.896	298.887	298.873	298.863	298.851	298.838	298.834	298.82	298.814	298.804	298.794	298.783	298.771	298.757	298.747	298.732
299.805	299.818	299.809	299.812	299.81	299.804	299.801	299.793	299.792	299.786	299.783	299.785	299.771	299.774	299.772	299.767	299.763	299.757	299.753	299.743	299.742	299.734	299.727	299.72	299.711	299.703	299.698	299.687	299.683	299.675	299.667	299.656	299.649	299.646	299.635	299.632	299.625	299.616	299.616	299.601	299.591	299.579	299.57	299.562	299.557	299.552	299.545	299.536	299.527	299.52	299.516	299.509	299.499	299.489	299.479	299.464	299.457	299.449	299.436	299.428	299.42	299.412	299.409	299.398	299.392	299.381	299.372	299.367	299.356	299.345	299.333	299.321	299.311	299.3	299.288	299.278	299.265	299.253	299.247	299.235	299.225	299.213	299.201	299.199	299.187	299.182	299.174	299.167	299.155	299.144	299.133	299.119	299.112	299.102	299.096	299.088	299.081	299.07	299.062	299.049	299.044	299.033	299.031	299.021	299.016	299.009	298.999	298.991	298.98	298.963	298.957	298.946	298.936	298.924	298.917	298.907	298.898	298.888	298.879	298.87	298.859	298.848	298.837	298.827	298.816	298.806	298.795	298.782	298.779	298.769	298.759	298.747	298.737	298.723	298.711	298.702	298.686
299.77	299.8	299.772	299.786	299.779	299.773	299.764	299.757	299.753	299.75	299.744	299.744	299.737	299.738	299.729	299.724	299.72	299.713	299.715	299.701	299.703	299.697	299.691	299.685	299.674	299.665	299.663	299.651	299.648	299.639	299.635	299.62	299.613	299.611	299.603	299.602	299.599	299.586	299.585	299.576	299.563	299.552	299.543	299.534	299.527	299.519	299.512	299.505	299.496	299.491	299.482	299.473	299.469	299.457	299.448	299.434	299.422	299.415	299.4	299.391	299.381	299.371	299.368	299.357	299.347	299.339	299.329	299.323	299.315	299.303	299.295	299.282	299.271	299.259	299.247	299.239	299.224	299.214	299.206	299.198	299.183	299.178	299.165	299.159	299.151	299.141	299.132	299.124	299.115	299.104	299.091	299.08	299.071	299.06	299.053	299.045	299.037	299.03	299.019	299.008	299.004	298.991	298.986	298.975	298.966	298.957	298.948	298.938	298.927	298.915	298.905	298.895	298.888	298.878	298.869	298.859	298.85	298.839	298.832	298.818	298.815	298.802	298.791	298.779	298.766	298.756	298.75	298.733	298.734	298.72	298.709	298.699	298.688	298.679	298.666	298.654	298.641
299.708	299.765	299.743	299.744	299.736	299.728	299.725	299.72	299.713	299.714	299.709	299.709	299.7	299.696	299.691	299.686	299.679	299.666	299.67	299.658	299.66	299.651	299.649	299.644	299.638	299.627	299.62	299.611	299.613	299.602	299.602	299.595	299.584	299.578	299.571	299.561	299.564	299.562	299.549	299.545	299.536	299.524	299.514	299.504	299.497	299.489	299.479	299.476	299.461	299.456	299.449	299.442	299.437	299.425	299.417	299.406	299.386	299.376	299.36	299.347	299.338	299.331	299.324	299.312	299.303	299.296	299.285	299.277	299.27	299.261	299.251	299.243	299.228	299.218	299.207	299.196	299.188	299.174	299.162	299.155	299.143	299.136	299.126	299.116	299.112	299.102	299.093	299.085	299.073	299.064	299.055	299.044	299.03	299.023	299.014	299.005	298.995	298.983	298.974	298.961	298.947	298.943	298.936	298.932	298.92	298.909	298.904	298.893	298.877	298.868	298.855	298.848	298.838	298.827	298.819	298.811	298.802	298.789	298.786	298.773	298.766	298.755	298.743	298.73	298.719	298.705	298.698	298.687	298.682	298.669	298.664	298.65	298.639	298.63	298.617	298.604	298.597
299.698	299.715	299.696	299.699	299.701	299.696	299.688	299.683	299.683	299.678	299.668	299.667	299.661	299.659	299.652	299.642	299.638	299.635	299.627	299.616	299.619	299.615	299.609	299.602	299.598	299.593	299.583	299.573	299.57	299.567	299.561	299.556	299.552	299.549	299.546	299.54	299.527	299.525	299.513	299.508	299.497	299.487	299.479	299.47	299.462	299.459	299.445	299.443	299.435	299.431	299.422	299.411	299.404	299.398	299.379	299.362	299.353	299.338	299.323	299.31	299.3	299.29	299.276	299.267	299.262	299.245	299.245	299.234	299.227	299.218	299.207	299.199	299.189	299.178	299.168	299.151	299.149	299.138	299.123	299.114	299.105	299.095	299.088	299.079	299.067	299.057	299.049	299.038	299.031	299.027	299.015	299.003	298.988	298.976	298.96	298.95	298.941	298.927	298.916	298.909	298.89	298.893	298.876	298.873	298.866	298.854	298.845	298.839	298.831	298.823	298.804	298.798	298.784	298.777	298.769	298.76	298.755	298.741	298.733	298.726	298.715	298.707	298.695	298.679	298.669	298.656	298.645	298.637	298.631	298.62	298.612	298.602	298.591	298.58	298.567	298.554	298.541
299.671	299.657	299.656	299.652	299.647	299.647	299.649	299.647	299.64	299.635	299.634	299.631	299.621	299.614	299.608	299.603	299.6	299.595	299.584	299.583	299.572	299.567	299.567	299.561	299.553	299.546	299.543	299.544	299.529	299.533	299.528	299.52	299.517	299.506	299.497	299.5	299.49	299.485	299.48	299.473	299.464	299.453	299.445	299.439	299.428	299.42	299.41	299.407	299.4	299.386	299.379	299.371	299.36	299.35	299.337	299.322	299.311	299.291	299.281	299.268	299.256	299.246	299.235	299.22	299.214	299.203	299.2	299.188	299.18	299.174	299.164	299.155	299.145	299.125	299.125	299.113	299.099	299.089	299.081	299.071	299.06	299.051	299.041	299.033	299.026	299.02	299.013	299.005	298.994	298.979	298.962	298.958	298.94	298.926	298.914	298.9	298.889	298.881	298.865	298.857	298.84	298.837	298.824	298.819	298.814	298.808	298.802	298.79	298.777	298.77	298.758	298.753	298.736	298.728	298.717	298.703	298.701	298.695	298.685	298.679	298.662	298.651	298.64	298.63	298.621	298.609	298.599	298.581	298.571	298.56	298.549	298.541	298.53	298.516	298.504	298.493	298.471
299.617	299.607	299.616	299.614	299.612	299.611	299.612	299.61	299.607	299.606	299.592	299.585	299.583	299.575	299.57	299.565	299.559	299.556	299.548	299.546	299.542	299.537	299.529	299.524	299.523	299.518	299.508	299.506	299.498	299.493	299.49	299.481	299.478	299.477	299.472	299.464	299.454	299.451	299.444	299.435	299.43	299.42	299.411	299.404	299.397	299.381	299.375	299.36	299.358	299.351	299.339	299.329	299.317	299.3	299.292	299.276	299.267	299.256	299.244	299.232	299.217	299.207	299.195	299.179	299.169	299.162	299.153	299.148	299.139	299.131	299.12	299.109	299.102	299.096	299.075	299.072	299.063	299.052	299.042	299.03	299.021	299.014	299.003	298.993	298.983	298.967	298.957	298.95	298.937	298.929	298.917	298.899	298.885	298.871	298.862	298.847	298.837	298.83	298.816	298.806	298.797	298.782	298.775	298.764	298.754	298.744	298.738	298.734	298.723	298.718	298.701	298.694	298.682	298.673	298.666	298.659	298.649	298.639	298.632	298.624	298.615	298.603	298.589	298.576	298.563	298.547	298.538	298.529	298.514	298.503	298.493	298.483	298.472	298.461	298.448	298.443	298.422
299.574	299.567	299.569	299.56	299.564	299.568	299.566	299.568	299.567	299.561	299.555	299.549	299.543	299.533	299.526	299.521	299.518	299.517	299.513	299.502	299.499	299.495	299.493	299.487	299.482	299.478	299.473	299.465	299.464	299.458	299.454	299.449	299.436	299.432	299.432	299.424	299.42	299.412	299.406	299.401	299.39	299.384	299.375	299.361	299.35	299.334	299.33	299.317	299.308	299.3	299.287	299.274	299.267	299.256	299.244	299.227	299.219	299.21	299.195	299.187	299.176	299.163	299.149	299.141	299.126	299.12	299.108	299.104	299.095	299.087	299.082	299.074	299.055	299.052	299.036	299.028	299.018	299.009	298.998	298.987	298.975	298.956	298.946	298.936	298.927	298.914	298.906	298.897	298.883	298.869	298.862	298.842	298.841	298.821	298.811	298.799	298.787	298.775	298.762	298.75	298.743	298.733	298.724	298.712	298.71	298.701	298.687	298.679	298.666	298.658	298.648	298.636	298.629	298.619	298.61	298.602	298.591	298.584	298.579	298.563	298.551	298.536	298.521	298.51	298.502	298.491	298.479	298.466	298.456	298.441	298.435	298.423	298.413	298.406	298.393	298.376	298.369
299.518	299.518	299.524	299.521	299.522	299.524	299.523	299.525	299.523	299.513	299.513	299.502	299.494	299.49	299.484	299.48	299.479	299.474	299.473	299.47	299.47	299.46	299.454	299.45	299.44	299.436	299.436	299.428	299.425	299.42	299.413	299.411	299.402	299.397	299.393	299.384	299.382	299.368	299.36	299.354	299.336	299.33	299.322	299.306	299.306	299.291	299.283	299.275	299.261	299.252	299.24	299.228	299.216	299.202	299.19	299.184	299.172	299.165	299.159	299.146	299.133	299.119	299.108	299.1	299.081	299.078	299.066	299.058	299.053	299.043	299.034	299.027	299.013	299.005	298.992	298.982	298.968	298.955	298.938	298.923	298.915	298.899	298.893	298.878	298.869	298.861	298.849	298.838	298.826	298.811	298.805	298.785	298.781	298.765	298.758	298.745	298.73	298.717	298.709	298.696	298.687	298.676	298.669	298.657	298.65	298.64	298.628	298.622	298.609	298.594	298.587	298.571	298.565	298.554	298.545	298.534	298.522	298.512	298.503	298.495	298.483	298.473	298.46	298.447	298.435	298.427	298.416	298.403	298.399	298.382	298.377	298.366	298.356	298.345	298.338	298.322	298.311
299.473	299.471	299.473	299.476	299.478	299.482	299.483	299.478	299.475	299.469	299.462	299.451	299.446	299.44	299.432	299.43	299.436	299.433	299.434	299.429	299.425	299.426	299.415	299.407	299.399	299.391	299.39	299.383	299.373	299.37	299.36	299.357	299.347	299.34	299.337	299.328	299.325	299.317	299.309	299.302	299.288	299.278	299.269	299.258	299.253	299.244	299.233	299.224	299.214	299.201	299.188	299.174	299.166	299.155	299.14	299.135	299.126	299.115	299.11	299.096	299.083	299.076	299.061	299.053	299.039	299.033	299.026	299.017	299.012	299.001	298.985	298.972	298.958	298.942	298.927	298.92	298.903	298.894	298.88	298.865	298.856	298.841	298.834	298.823	298.814	298.805	298.793	298.782	298.77	298.751	298.747	298.731	298.725	298.713	298.703	298.689	298.671	298.661	298.652	298.64	298.635	298.62	298.614	298.603	298.594	298.582	298.566	298.554	298.538	298.522	298.511	298.503	298.493	298.486	298.477	298.466	298.455	298.444	298.433	298.426	298.417	298.406	298.397	298.383	298.373	298.362	298.353	298.339	298.332	298.322	298.316	298.311	298.298	298.284	298.274	298.264	298.248
299.426	299.427	299.426	299.431	299.428	299.432	299.434	299.43	299.427	299.422	299.409	299.403	299.395	299.389	299.377	299.378	299.384	299.385	299.384	299.38	299.37	299.373	299.366	299.354	299.348	299.341	299.329	299.326	299.312	299.306	299.301	299.298	299.286	299.275	299.273	299.271	299.264	299.262	299.255	299.245	299.237	299.227	299.22	299.211	299.199	299.19	299.183	299.168	299.16	299.147	299.131	299.119	299.11	299.104	299.092	299.081	299.078	299.064	299.061	299.047	299.036	299.029	299.013	299.005	298.994	298.978	298.972	298.96	298.953	298.94	298.923	298.908	298.892	298.884	298.868	298.86	298.845	298.835	298.822	298.808	298.8	298.787	298.777	298.769	298.759	298.749	298.736	298.723	298.712	298.699	298.691	298.678	298.67	298.658	298.647	298.632	298.621	298.609	298.597	298.582	298.575	298.558	298.548	298.536	298.525	298.516	298.5	298.484	298.467	298.454	298.438	298.434	298.424	298.415	298.409	298.399	298.387	298.377	298.366	298.358	298.35	298.346	298.334	298.323	298.312	298.296	298.287	298.278	298.265	298.259	298.25	298.244	298.236	298.222	298.21	298.2	298.182
299.367	299.371	299.373	299.38	299.378	299.38	299.378	299.373	299.366	299.359	299.344	299.338	299.325	299.318	299.317	299.32	299.321	299.324	299.315	299.319	299.309	299.304	299.297	299.292	299.286	299.282	299.268	299.269	299.254	299.243	299.238	299.228	299.226	299.217	299.209	299.214	299.206	299.204	299.198	299.186	299.18	299.169	299.162	299.156	299.144	299.133	299.126	299.11	299.104	299.091	299.079	299.071	299.054	299.046	299.041	299.03	299.027	299.017	299.01	299.002	298.986	298.971	298.958	298.946	298.934	298.919	298.913	298.896	298.885	298.87	298.858	298.846	298.828	298.823	298.809	298.799	298.787	298.773	298.766	298.751	298.745	298.737	298.723	298.716	298.699	298.691	298.678	298.666	298.656	298.649	298.639	298.626	298.616	298.602	298.592	298.579	298.565	298.55	298.537	298.522	298.507	298.498	298.481	298.465	298.455	298.444	298.43	298.417	298.4	298.391	298.372	298.366	298.357	298.349	298.342	298.329	298.319	298.307	298.297	298.29	298.278	298.275	298.266	298.253	298.247	298.232	298.222	298.215	298.2	298.194	298.176	298.17	298.158	298.149	298.135	298.124	298.114
299.303	299.301	299.305	299.309	299.311	299.311	299.306	299.304	299.297	299.289	299.281	299.27	299.266	299.261	299.258	299.257	299.255	299.263	299.249	299.248	299.241	299.235	299.231	299.228	299.213	299.214	299.209	299.202	299.193	299.188	299.182	299.163	299.161	299.155	299.151	299.151	299.149	299.147	299.144	299.136	299.126	299.117	299.104	299.091	299.086	299.075	299.065	299.054	299.041	299.033	299.017	299.013	299.002	298.994	298.989	298.974	298.963	298.953	298.943	298.933	298.917	298.902	298.893	298.879	298.872	298.865	298.85	298.832	298.824	298.806	298.794	298.783	298.774	298.763	298.748	298.733	298.726	298.712	298.704	298.694	298.682	298.679	298.663	298.652	298.643	298.633	298.622	298.614	298.602	298.596	298.586	298.575	298.561	298.544	298.531	298.514	298.499	298.487	298.475	298.466	298.445	298.437	298.418	298.405	298.392	298.378	298.363	298.353	298.336	298.327	298.317	298.304	298.292	298.28	298.271	298.258	298.254	298.241	298.229	298.224	298.208	298.201	298.193	298.181	298.172	298.163	298.149	298.137	298.129	298.112	298.1	298.091	298.076	298.066	298.057	298.047	298.038
299.234	299.24	299.245	299.245	299.243	299.24	299.236	299.234	299.227	299.222	299.219	299.199	299.203	299.197	299.197	299.197	299.191	299.188	299.191	299.179	299.178	299.172	299.166	299.162	299.15	299.152	299.145	299.142	299.134	299.12	299.116	299.112	299.103	299.097	299.095	299.093	299.095	299.093	299.088	299.081	299.068	299.056	299.051	299.032	299.03	299.015	299.008	298.998	298.977	298.969	298.953	298.941	298.932	298.919	298.909	298.9	298.891	298.884	298.871	298.861	298.85	298.837	298.825	298.818	298.807	298.797	298.785	298.768	298.753	298.743	298.73	298.721	298.71	298.699	298.689	298.675	298.662	298.648	298.638	298.632	298.625	298.615	298.604	298.591	298.579	298.564	298.554	298.546	298.535	298.528	298.521	298.51	298.494	298.477	298.465	298.445	298.443	298.425	298.409	298.397	298.383	298.369	298.351	298.334	298.321	298.308	298.297	298.285	298.272	298.262	298.25	298.236	298.222	298.21	298.202	298.189	298.181	298.174	298.161	298.147	298.136	298.12	298.11	298.101	298.09	298.079	298.068	298.048	298.05	298.036	298.022	298.012	297.998	297.988	297.981	297.972	297.966
299.17	299.167	299.169	299.172	299.173	299.171	299.164	299.164	299.156	299.148	299.147	299.138	299.144	299.136	299.135	299.136	299.129	299.115	299.122	299.11	299.103	299.098	299.093	299.095	299.09	299.084	299.079	299.079	299.078	299.068	299.057	299.049	299.04	299.037	299.036	299.034	299.033	299.035	299.027	299.028	299.018	299.003	298.993	298.969	298.965	298.942	298.93	298.918	298.899	298.89	298.88	298.869	298.858	298.848	298.836	298.83	298.813	298.809	298.797	298.786	298.774	298.764	298.753	298.751	298.741	298.727	298.72	298.711	298.688	298.68	298.665	298.659	298.646	298.635	298.622	298.605	298.596	298.584	298.567	298.555	298.547	298.536	298.53	298.513	298.5	298.492	298.484	298.475	298.466	298.462	298.452	298.443	298.43	298.415	298.405	298.385	298.37	298.356	298.345	298.334	298.317	298.301	298.295	298.279	298.264	298.25	298.238	298.222	298.211	298.199	298.187	298.172	298.154	298.134	298.125	298.116	298.103	298.097	298.089	298.07	298.059	298.046	298.032	298.023	298.012	297.999	297.994	297.976	297.963	297.954	297.942	297.931	297.919	297.912	297.9	297.898	297.892
299.107	299.107	299.108	299.11	299.103	299.106	299.098	299.096	299.094	299.089	299.081	299.078	299.074	299.081	299.071	299.066	299.07	299.069	299.056	299.053	299.047	299.041	299.037	299.034	299.029	299.03	299.028	299.019	299.006	299.002	299	298.99	298.988	298.976	298.972	298.977	298.971	298.98	298.967	298.961	298.948	298.936	298.923	298.903	298.894	298.88	298.864	298.851	298.839	298.824	298.813	298.806	298.791	298.779	298.77	298.758	298.745	298.739	298.729	298.719	298.707	298.7	298.695	298.675	298.678	298.667	298.655	298.644	298.63	298.624	298.604	298.594	298.582	298.567	298.553	298.54	298.52	298.508	298.493	298.483	298.478	298.465	298.455	298.44	298.427	298.414	298.404	298.399	298.391	298.386	298.377	298.367	298.357	298.343	298.326	298.32	298.305	298.294	298.28	298.264	298.252	298.239	298.219	298.204	298.192	298.177	298.164	298.151	298.138	298.12	298.108	298.094	298.077	298.067	298.047	298.044	298.036	298.028	298.018	298.005	297.986	297.975	297.958	297.946	297.936	297.924	297.911	297.904	297.892	297.881	297.87	297.858	297.844	297.839	297.827	297.824	297.818
299.027	299.026	299.03	299.035	299.033	299.035	299.03	299.025	299.023	299.021	299.019	299.023	299.01	299.012	299.008	299.007	299.006	298.999	298.991	298.992	298.979	298.971	298.969	298.963	298.964	298.956	298.954	298.953	298.941	298.926	298.921	298.908	298.908	298.897	298.897	298.902	298.893	298.897	298.889	298.885	298.876	298.864	298.85	298.838	298.819	298.809	298.794	298.779	298.767	298.755	298.744	298.735	298.723	298.712	298.702	298.687	298.679	298.667	298.654	298.647	298.637	298.624	298.623	298.608	298.605	298.595	298.58	298.575	298.557	298.545	298.536	298.522	298.505	298.488	298.472	298.458	298.442	298.433	298.421	298.409	298.398	298.389	298.381	298.366	298.359	298.346	298.331	298.325	298.314	298.31	298.304	298.292	298.28	298.276	298.259	298.249	298.235	298.224	298.211	298.195	298.18	298.165	298.148	298.136	298.118	298.103	298.089	298.074	298.065	298.049	298.037	298.022	298.003	297.994	297.979	297.973	297.967	297.956	297.944	297.934	297.914	297.901	297.889	297.874	297.861	297.853	297.84	297.827	297.82	297.809	297.794	297.778	297.762	297.751	297.745	297.74	297.734
298.929	298.933	298.937	298.94	298.948	298.944	298.947	298.946	298.947	298.947	298.943	298.939	298.938	298.931	298.925	298.92	298.922	298.918	298.915	298.906	298.901	298.898	298.895	298.883	298.882	298.881	298.869	298.869	298.859	298.843	298.842	298.827	298.827	298.823	298.82	298.818	298.815	298.813	298.808	298.8	298.794	298.784	298.772	298.764	298.751	298.736	298.723	298.712	298.7	298.688	298.677	298.664	298.654	298.643	298.634	298.622	298.61	298.604	298.588	298.576	298.561	298.546	298.536	298.524	298.513	298.503	298.494	298.485	298.479	298.469	298.462	298.444	298.429	298.415	298.397	298.378	298.369	298.356	298.346	298.334	298.325	298.317	298.306	298.295	298.285	298.274	298.262	298.25	298.241	298.232	298.225	298.214	298.206	298.197	298.184	298.171	298.159	298.143	298.125	298.112	298.097	298.082	298.07	298.055	298.04	298.023	298.012	297.992	297.982	297.966	297.955	297.948	297.934	297.921	297.911	297.902	297.891	297.88	297.869	297.855	297.843	297.822	297.811	297.803	297.789	297.776	297.764	297.75	297.742	297.729	297.715	297.701	297.686	297.672	297.665	297.652	297.645
298.824	298.831	298.835	298.837	298.845	298.841	298.85	298.852	298.85	298.85	298.855	298.842	298.843	298.841	298.836	298.833	298.834	298.831	298.83	298.82	298.817	298.814	298.806	298.803	298.789	298.795	298.784	298.779	298.771	298.762	298.758	298.745	298.74	298.736	298.732	298.73	298.73	298.722	298.722	298.715	298.711	298.705	298.694	298.682	298.674	298.662	298.647	298.636	298.625	298.614	298.605	298.591	298.581	298.566	298.551	298.545	298.527	298.522	298.51	298.497	298.479	298.466	298.445	298.436	298.424	298.42	298.412	298.403	298.398	298.389	298.381	298.365	298.348	298.333	298.315	298.297	298.288	298.277	298.264	298.256	298.25	298.239	298.229	298.224	298.212	298.199	298.186	298.168	298.16	298.146	298.135	298.129	298.117	298.107	298.101	298.087	298.076	298.061	298.042	298.028	298.017	298.006	297.992	297.981	297.965	297.948	297.933	297.913	297.901	297.887	297.87	297.861	297.855	297.841	297.835	297.827	297.814	297.806	297.793	297.77	297.76	297.738	297.722	297.711	297.704	297.692	297.682	297.673	297.66	297.649	297.636	297.62	297.607	297.595	297.585	297.576	297.566
298.712	298.723	298.723	298.732	298.739	298.741	298.75	298.751	298.754	298.752	298.756	298.746	298.745	298.741	298.74	298.74	298.736	298.737	298.737	298.73	298.724	298.714	298.705	298.716	298.698	298.697	298.693	298.684	298.685	298.674	298.669	298.661	298.655	298.652	298.647	298.639	298.64	298.634	298.635	298.632	298.627	298.62	298.613	298.601	298.594	298.584	298.568	298.557	298.542	298.526	298.516	298.498	298.487	298.477	298.458	298.458	298.444	298.434	298.425	298.41	298.39	298.38	298.363	298.353	298.336	298.329	298.324	298.31	298.308	298.299	298.289	298.281	298.266	298.251	298.234	298.221	298.213	298.201	298.191	298.176	298.168	298.158	298.143	298.14	298.126	298.112	298.101	298.079	298.069	298.056	298.045	298.04	298.03	298.022	298.017	298.001	297.989	297.974	297.962	297.952	297.935	297.926	297.91	297.898	297.886	297.868	297.851	297.835	297.817	297.803	297.79	297.777	297.767	297.76	297.748	297.738	297.725	297.714	297.7	297.681	297.665	297.647	297.635	297.626	297.618	297.611	297.598	297.588	297.575	297.561	297.554	297.538	297.528	297.52	297.509	297.504	297.494
298.613	298.611	298.615	298.625	298.63	298.642	298.646	298.654	298.656	298.648	298.644	298.649	298.642	298.643	298.643	298.641	298.639	298.641	298.638	298.634	298.625	298.618	298.607	298.609	298.601	298.602	298.597	298.589	298.592	298.582	298.58	298.574	298.567	298.56	298.554	298.544	298.541	298.539	298.534	298.532	298.529	298.523	298.516	298.507	298.499	298.489	298.475	298.462	298.449	298.436	298.42	298.405	298.385	298.381	298.369	298.361	298.36	298.348	298.339	298.327	298.311	298.297	298.282	298.272	298.253	298.243	298.234	298.226	298.216	298.205	298.197	298.188	298.174	298.165	298.151	298.133	298.12	298.109	298.1	298.087	298.077	298.075	298.059	298.053	298.037	298.022	298.01	297.996	297.979	297.971	297.963	297.956	297.95	297.94	297.931	297.919	297.906	297.891	297.879	297.869	297.849	297.838	297.826	297.816	297.8	297.782	297.763	297.749	297.725	297.71	297.702	297.687	297.675	297.669	297.657	297.646	297.636	297.622	297.607	297.595	297.573	297.558	297.551	297.544	297.534	297.528	297.515	297.503	297.492	297.477	297.47	297.462	297.449	297.445	297.436	297.429	297.421
298.487	298.486	298.487	298.503	298.506	298.531	298.532	298.538	298.543	298.544	298.528	298.532	298.532	298.538	298.537	298.53	298.538	298.527	298.528	298.519	298.508	298.506	298.491	298.487	298.488	298.492	298.493	298.487	298.482	298.48	298.477	298.469	298.465	298.457	298.45	298.439	298.435	298.435	298.43	298.425	298.426	298.424	298.419	298.415	298.405	298.392	298.38	298.364	298.357	298.342	298.324	298.312	298.287	298.281	298.272	298.265	298.263	298.26	298.249	298.239	298.227	298.214	298.199	298.178	298.168	298.153	298.14	298.128	298.117	298.105	298.094	298.081	298.074	298.065	298.054	298.035	298.027	298.01	298.003	297.997	297.99	297.983	297.976	297.968	297.955	297.938	297.92	297.908	297.897	297.887	297.878	297.874	297.869	297.862	297.846	297.837	297.823	297.806	297.79	297.777	297.765	297.75	297.738	297.727	297.708	297.697	297.678	297.663	297.652	297.632	297.619	297.606	297.587	297.578	297.568	297.555	297.543	297.532	297.514	297.505	297.492	297.477	297.467	297.462	297.453	297.442	297.429	297.416	297.405	297.392	297.379	297.37	297.363	297.359	297.354	297.345	297.337
298.355	298.36	298.366	298.38	298.385	298.397	298.409	298.412	298.408	298.405	298.406	298.408	298.406	298.414	298.42	298.415	298.428	298.414	298.413	298.404	298.391	298.379	298.374	298.38	298.38	298.381	298.38	298.384	298.377	298.379	298.372	298.366	298.358	298.353	298.344	298.344	298.333	298.328	298.324	298.32	298.314	298.319	298.316	298.313	298.306	298.294	298.288	298.266	298.262	298.246	298.229	298.216	298.198	298.184	298.178	298.172	298.164	298.161	298.156	298.146	298.128	298.114	298.097	298.08	298.068	298.05	298.042	298.031	298.019	298.002	297.992	297.987	297.98	297.971	297.959	297.945	297.933	297.921	297.913	297.907	297.904	297.893	297.891	297.873	297.862	297.846	297.829	297.815	297.803	297.793	297.788	297.781	297.773	297.765	297.755	297.739	297.722	297.711	297.698	297.68	297.667	297.647	297.637	297.628	297.615	297.604	297.593	297.572	297.562	297.546	297.531	297.522	297.506	297.491	297.481	297.467	297.452	297.443	297.432	297.413	297.407	297.392	297.378	297.369	297.361	297.349	297.341	297.323	297.304	297.296	297.281	297.277	297.272	297.267	297.258	297.253	297.243
298.221	298.226	298.228	298.235	298.259	298.252	298.264	298.273	298.275	298.277	298.268	298.282	298.287	298.294	298.301	298.297	298.301	298.3	298.287	298.276	298.272	298.269	298.26	298.255	298.263	298.272	298.282	298.28	298.275	298.275	298.266	298.262	298.254	298.242	298.232	298.231	298.229	298.223	298.22	298.222	298.216	298.221	298.217	298.216	298.209	298.189	298.181	298.163	298.149	298.137	298.12	298.098	298.086	298.073	298.069	298.063	298.06	298.054	298.038	298.034	298.02	298.001	297.985	297.974	297.964	297.954	297.945	297.931	297.916	297.908	297.891	297.881	297.872	297.866	297.862	297.853	297.832	297.831	297.817	297.812	297.812	297.807	297.799	297.787	297.77	297.751	297.732	297.717	297.703	297.694	297.689	297.681	297.67	297.658	297.648	297.643	297.628	297.611	297.596	297.576	297.57	297.558	297.545	297.536	297.525	297.51	297.507	297.494	297.477	297.465	297.452	297.435	297.427	297.415	297.4	297.385	297.367	297.344	297.336	297.321	297.309	297.296	297.285	297.273	297.265	297.251	297.242	297.226	297.208	297.196	297.183	297.175	297.17	297.169	297.167	297.164	297.15
298.069	298.077	298.088	298.096	298.108	298.119	298.126	298.121	298.126	298.142	298.135	298.142	298.148	298.154	298.162	298.17	298.156	298.166	298.16	298.156	298.154	298.149	298.15	298.152	298.152	298.154	298.158	298.158	298.166	298.166	298.156	298.143	298.131	298.124	298.126	298.114	298.122	298.12	298.113	298.115	298.107	298.106	298.099	298.093	298.087	298.08	298.064	298.052	298.027	298.009	297.997	297.98	297.973	297.966	297.964	297.955	297.949	297.945	297.932	297.922	297.909	297.895	297.882	297.87	297.858	297.85	297.84	297.832	297.821	297.809	297.793	297.783	297.778	297.765	297.755	297.746	297.735	297.731	297.719	297.714	297.709	297.698	297.686	297.674	297.659	297.643	297.626	297.612	297.597	297.582	297.572	297.564	297.556	297.551	297.536	297.53	297.524	297.512	297.502	297.488	297.464	297.452	297.436	297.43	297.426	297.42	297.402	297.393	297.374	297.361	297.352	297.336	297.329	297.322	297.302	297.287	297.273	297.258	297.241	297.229	297.21	297.196	297.182	297.167	297.162	297.151	297.137	297.124	297.109	297.092	297.089	297.085	297.08	297.074	297.065	297.057	297.052
297.909	297.921	297.932	297.937	297.946	297.95	297.963	297.965	297.971	297.977	297.987	297.993	298.003	298.005	298.008	298.01	298.011	298.016	298.012	298.011	298.015	298.012	298.013	298.014	298.018	298.024	298.028	298.037	298.037	298.033	298.025	298.014	298.005	297.995	297.996	297.994	297.999	298.001	297.998	298.002	297.992	297.986	297.984	297.975	297.963	297.958	297.936	297.923	297.902	297.884	297.872	297.863	297.861	297.852	297.851	297.844	297.834	297.826	297.815	297.806	297.792	297.78	297.765	297.755	297.748	297.737	297.724	297.718	297.706	297.688	297.684	297.666	297.66	297.652	297.641	297.632	297.625	297.616	297.615	297.606	297.6	297.594	297.589	297.569	297.554	297.537	297.522	297.504	297.489	297.479	297.47	297.457	297.443	297.435	297.432	297.421	297.418	297.406	297.393	297.382	297.361	297.348	297.341	297.329	297.316	297.309	297.296	297.288	297.271	297.255	297.244	297.239	297.228	297.217	297.21	297.19	297.171	297.158	297.139	297.126	297.113	297.1	297.087	297.074	297.059	297.05	297.037	297.023	297.009	296.996	296.991	296.978	296.97	296.965	296.957	296.951	296.943
297.754	297.766	297.778	297.781	297.801	297.795	297.803	297.807	297.814	297.82	297.833	297.836	297.847	297.851	297.851	297.849	297.848	297.853	297.853	297.859	297.867	297.872	297.876	297.879	297.884	297.887	297.886	297.891	297.889	297.9	297.89	297.878	297.87	297.865	297.866	297.87	297.873	297.875	297.875	297.874	297.875	297.859	297.854	297.845	297.835	297.829	297.816	297.801	297.78	297.761	297.748	297.739	297.744	297.739	297.734	297.724	297.714	297.7	297.683	297.674	297.666	297.652	297.644	297.634	297.62	297.618	297.605	297.595	297.583	297.572	297.565	297.549	297.542	297.536	297.526	297.516	297.515	297.512	297.508	297.5	297.495	297.488	297.48	297.468	297.453	297.437	297.419	297.403	297.383	297.364	297.349	297.343	297.33	297.318	297.317	297.305	297.305	297.295	297.281	297.263	297.248	297.225	297.215	297.213	297.203	297.197	297.187	297.172	297.161	297.145	297.136	297.126	297.125	297.108	297.1	297.085	297.066	297.057	297.04	297.028	297.017	297.004	296.987	296.973	296.951	296.941	296.927	296.912	296.897	296.889	296.88	296.869	296.861	296.853	296.842	296.835	296.825
297.574	297.596	297.608	297.613	297.617	297.62	297.623	297.63	297.635	297.642	297.658	297.665	297.671	297.677	297.679	297.682	297.682	297.688	297.701	297.706	297.713	297.719	297.726	297.727	297.734	297.733	297.731	297.743	297.736	297.748	297.748	297.738	297.737	297.734	297.732	297.74	297.74	297.75	297.751	297.742	297.747	297.73	297.72	297.71	297.699	297.689	297.674	297.659	297.639	297.626	297.616	297.613	297.613	297.612	297.607	297.595	297.58	297.564	297.547	297.536	297.53	297.521	297.509	297.507	297.491	297.487	297.48	297.468	297.458	297.444	297.43	297.426	297.419	297.412	297.404	297.401	297.4	297.398	297.395	297.391	297.385	297.378	297.371	297.364	297.346	297.328	297.307	297.288	297.267	297.252	297.233	297.223	297.211	297.198	297.194	297.192	297.187	297.179	297.164	297.146	297.129	297.109	297.092	297.086	297.081	297.074	297.073	297.061	297.045	297.035	297.024	297.015	297.015	297.001	296.985	296.967	296.952	296.938	296.925	296.915	296.902	296.894	296.878	296.859	296.841	296.829	296.813	296.798	296.79	296.779	296.767	296.758	296.749	296.741	296.731	296.723	296.71
297.408	297.431	297.444	297.45	297.451	297.454	297.457	297.452	297.455	297.466	297.471	297.486	297.501	297.508	297.512	297.515	297.517	297.522	297.532	297.549	297.556	297.563	297.575	297.576	297.58	297.578	297.575	297.583	297.582	297.586	297.588	297.59	297.587	297.589	297.59	297.599	297.6	297.608	297.607	297.596	297.596	297.586	297.573	297.562	297.55	297.539	297.524	297.514	297.507	297.496	297.492	297.488	297.489	297.486	297.48	297.466	297.448	297.427	297.413	297.402	297.398	297.389	297.378	297.372	297.364	297.35	297.341	297.325	297.312	297.303	297.289	297.286	297.283	297.275	297.276	297.274	297.27	297.272	297.268	297.263	297.262	297.255	297.25	297.241	297.231	297.212	297.195	297.174	297.15	297.138	297.118	297.102	297.09	297.081	297.072	297.071	297.067	297.06	297.048	297.029	297.007	296.993	296.972	296.956	296.947	296.943	296.94	296.934	296.923	296.909	296.902	296.891	296.884	296.877	296.857	296.844	296.829	296.817	296.807	296.793	296.779	296.772	296.758	296.74	296.728	296.711	296.697	296.686	296.677	296.669	296.659	296.647	296.635	296.627	296.619	296.611	296.603
297.227	297.254	297.269	297.279	297.284	297.277	297.276	297.27	297.266	297.275	297.286	297.304	297.321	297.334	297.337	297.341	297.347	297.362	297.373	297.388	297.403	297.413	297.42	297.423	297.429	297.43	297.43	297.425	297.43	297.432	297.439	297.44	297.445	297.448	297.446	297.449	297.45	297.445	297.441	297.439	297.438	297.433	297.427	297.41	297.397	297.388	297.374	297.362	297.36	297.363	297.358	297.356	297.357	297.348	297.334	297.323	297.309	297.283	297.272	297.258	297.254	297.25	297.242	297.233	297.228	297.208	297.195	297.179	297.165	297.157	297.148	297.142	297.139	297.138	297.14	297.139	297.137	297.138	297.136	297.133	297.131	297.125	297.126	297.117	297.107	297.092	297.075	297.062	297.042	297.019	297.005	296.988	296.972	296.962	296.951	296.945	296.941	296.928	296.915	296.9	296.874	296.859	296.841	296.826	296.815	296.812	296.803	296.8	296.786	296.777	296.769	296.763	296.745	296.742	296.726	296.712	296.704	296.69	296.681	296.671	296.653	296.645	296.632	296.62	296.61	296.592	296.582	296.572	296.562	296.554	296.54	296.529	296.514	296.503	296.494	296.485	296.477
297.038	297.067	297.085	297.09	297.094	297.092	297.095	297.094	297.089	297.09	297.109	297.118	297.134	297.147	297.161	297.168	297.17	297.184	297.196	297.214	297.229	297.238	297.254	297.264	297.264	297.265	297.268	297.26	297.27	297.269	297.275	297.282	297.289	297.291	297.288	297.284	297.285	297.278	297.271	297.272	297.268	297.265	297.261	297.249	297.233	297.22	297.207	297.204	297.205	297.208	297.211	297.209	297.202	297.197	297.185	297.173	297.158	297.146	297.135	297.125	297.114	297.11	297.104	297.094	297.084	297.064	297.048	297.032	297.017	297.009	296.998	296.992	296.988	296.99	296.992	296.99	296.994	296.997	296.993	296.994	296.997	296.991	296.995	296.979	296.973	296.957	296.946	296.931	296.915	296.891	296.879	296.864	296.848	296.836	296.823	296.81	296.8	296.788	296.77	296.757	296.747	296.727	296.712	296.695	296.681	296.674	296.668	296.659	296.658	296.645	296.635	296.63	296.618	296.606	296.587	296.573	296.565	296.557	296.544	296.535	296.525	296.514	296.502	296.488	296.475	296.459	296.451	296.441	296.43	296.427	296.41	296.4	296.387	296.378	296.372	296.364	296.357
296.842	296.868	296.892	296.902	296.903	296.9	296.897	296.896	296.897	296.898	296.909	296.922	296.947	296.962	296.974	296.988	296.993	296.999	297.022	297.039	297.058	297.074	297.083	297.1	297.101	297.101	297.103	297.103	297.104	297.101	297.113	297.119	297.12	297.114	297.115	297.109	297.104	297.101	297.098	297.091	297.089	297.09	297.079	297.07	297.063	297.049	297.043	297.039	297.041	297.049	297.054	297.061	297.051	297.047	297.039	297.028	297.02	297.011	296.994	296.99	296.98	296.969	296.961	296.948	296.932	296.913	296.894	296.879	296.869	296.863	296.856	296.852	296.845	296.843	296.845	296.844	296.84	296.842	296.845	296.847	296.846	296.837	296.836	296.828	296.814	296.808	296.8	296.784	296.766	296.752	296.739	296.727	296.714	296.702	296.693	296.681	296.667	296.654	296.638	296.616	296.607	296.588	296.567	296.549	296.532	296.515	296.516	296.505	296.504	296.503	296.497	296.489	296.476	296.459	296.443	296.428	296.419	296.411	296.406	296.396	296.385	296.375	296.361	296.349	296.339	296.328	296.32	296.308	296.298	296.295	296.284	296.278	296.262	296.256	296.251	296.241	296.234
296.653	296.671	296.687	296.699	296.7	296.708	296.703	296.705	296.709	296.716	296.731	296.734	296.753	296.768	296.782	296.791	296.802	296.81	296.835	296.85	296.863	296.891	296.896	296.92	296.93	296.935	296.935	296.934	296.939	296.942	296.941	296.942	296.943	296.936	296.928	296.923	296.914	296.91	296.908	296.91	296.907	296.913	296.905	296.897	296.887	296.873	296.87	296.863	296.874	296.878	296.881	296.881	296.881	296.87	296.868	296.862	296.86	296.862	296.848	296.837	296.824	296.812	296.8	296.789	296.777	296.766	296.746	296.732	296.718	296.71	296.704	296.698	296.696	296.693	296.687	296.681	296.673	296.675	296.677	296.68	296.684	296.687	296.677	296.676	296.66	296.648	296.639	296.629	296.619	296.614	296.598	296.591	296.585	296.567	296.545	296.538	296.517	296.502	296.492	296.477	296.461	296.447	296.417	296.399	296.385	296.37	296.362	296.363	296.36	296.36	296.36	296.353	296.339	296.317	296.297	296.282	296.269	296.26	296.256	296.247	296.237	296.23	296.221	296.211	296.205	296.193	296.182	296.172	296.159	296.148	296.139	296.137	296.127	296.123	296.118	296.104	296.098
296.442	296.467	296.486	296.501	296.499	296.508	296.51	296.516	296.517	296.511	296.53	296.545	296.554	296.575	296.591	296.601	296.619	296.627	296.648	296.667	296.683	296.704	296.716	296.733	296.736	296.741	296.751	296.753	296.753	296.758	296.76	296.759	296.758	296.747	296.732	296.726	296.721	296.719	296.714	296.72	296.721	296.722	296.719	296.716	296.707	296.699	296.704	296.694	296.698	296.703	296.703	296.701	296.698	296.695	296.7	296.701	296.698	296.698	296.694	296.687	296.676	296.662	296.644	296.635	296.623	296.609	296.593	296.575	296.563	296.557	296.555	296.547	296.546	296.54	296.53	296.52	296.521	296.513	296.515	296.516	296.518	296.519	296.505	296.497	296.487	296.475	296.467	296.457	296.444	296.439	296.434	296.424	296.413	296.404	296.392	296.379	296.369	296.351	296.33	296.318	296.293	296.289	296.266	296.243	296.227	296.217	296.203	296.205	296.207	296.206	296.205	296.198	296.188	296.167	296.146	296.131	296.118	296.107	296.088	296.08	296.071	296.064	296.056	296.047	296.045	296.037	296.028	296.017	296.008	296.004	295.997	295.99	295.987	295.982	295.977	295.972	295.954
296.23	296.246	296.261	296.286	296.293	296.304	296.307	296.313	296.322	296.327	296.329	296.35	296.362	296.381	296.396	296.408	296.436	296.452	296.461	296.477	296.49	296.506	296.519	296.534	296.538	296.542	296.551	296.559	296.562	296.561	296.568	296.564	296.548	296.54	296.538	296.525	296.521	296.523	296.524	296.53	296.533	296.535	296.532	296.526	296.522	296.517	296.51	296.521	296.517	296.519	296.521	296.52	296.512	296.51	296.51	296.515	296.527	296.53	296.529	296.522	296.508	296.49	296.471	296.454	296.444	296.432	296.42	296.407	296.399	296.39	296.387	296.384	296.377	296.375	296.369	296.359	296.353	296.341	296.343	296.342	296.342	296.339	296.34	296.32	296.306	296.298	296.292	296.288	296.284	296.269	296.269	296.262	296.253	296.241	296.233	296.204	296.202	296.187	296.168	296.16	296.138	296.122	296.107	296.081	296.059	296.044	296.035	296.031	296.036	296.042	296.04	296.036	296.023	296.004	295.987	295.968	295.949	295.933	295.917	295.907	295.899	295.896	295.896	295.891	295.888	295.88	295.873	295.861	295.849	295.841	295.84	295.836	295.834	295.829	295.822	295.819	295.808
296.008	296.029	296.048	296.066	296.075	296.087	296.093	296.097	296.104	296.116	296.121	296.143	296.166	296.18	296.207	296.229	296.247	296.268	296.28	296.29	296.299	296.31	296.318	296.321	296.329	296.333	296.338	296.344	296.356	296.356	296.359	296.359	296.351	296.338	296.332	296.326	296.326	296.328	296.332	296.333	296.332	296.333	296.331	296.326	296.32	296.322	296.312	296.318	296.321	296.321	296.326	296.326	296.318	296.326	296.321	296.329	296.337	296.34	296.344	296.335	296.323	296.305	296.294	296.284	296.27	296.255	296.24	296.229	296.22	296.217	296.208	296.212	296.21	296.207	296.207	296.197	296.197	296.191	296.183	296.176	296.175	296.168	296.152	296.136	296.127	296.119	296.115	296.111	296.111	296.101	296.091	296.085	296.077	296.06	296.056	296.032	296.018	296.006	295.985	295.975	295.965	295.952	295.933	295.909	295.891	295.871	295.86	295.858	295.862	295.866	295.864	295.855	295.851	295.83	295.817	295.802	295.782	295.766	295.745	295.737	295.729	295.725	295.723	295.718	295.717	295.711	295.705	295.702	295.69	295.682	295.686	295.679	295.674	295.666	295.659	295.65	295.642
295.79	295.807	295.83	295.852	295.865	295.871	295.888	295.891	295.9	295.911	295.928	295.947	295.963	295.976	296.001	296.029	296.048	296.07	296.08	296.093	296.097	296.1	296.107	296.111	296.113	296.115	296.118	296.127	296.139	296.147	296.147	296.152	296.145	296.137	296.128	296.132	296.128	296.128	296.131	296.137	296.138	296.131	296.134	296.124	296.117	296.118	296.119	296.117	296.122	296.126	296.128	296.137	296.131	296.134	296.134	296.139	296.143	296.143	296.154	296.145	296.13	296.12	296.107	296.101	296.088	296.075	296.069	296.057	296.046	296.039	296.028	296.033	296.031	296.035	296.033	296.026	296.024	296.019	296.017	296.01	296.002	295.994	295.976	295.97	295.956	295.947	295.942	295.941	295.931	295.93	295.919	295.911	295.899	295.883	295.871	295.857	295.844	295.837	295.818	295.803	295.789	295.78	295.758	295.734	295.716	295.693	295.683	295.675	295.676	295.684	295.681	295.672	295.662	295.639	295.629	295.612	295.601	295.589	295.57	295.567	295.559	295.552	295.549	295.546	295.545	295.541	295.535	295.53	295.526	295.52	295.519	295.522	295.512	295.501	295.489	295.477	295.466
