299.951	299.956	299.954	299.953	299.951	299.945	299.94	299.94	299.938	299.936	299.936	299.934	299.934	299.932	299.929	299.929	299.93	299.928	299.928	299.928	299.925	299.926	299.924	299.922	299.92	299.922	299.925	299.919	299.922	299.916	299.919	299.915	299.912	299.914	299.914	299.908	299.909	299.9	299.904	299.9	299.897	299.895	299.898	299.899	299.894	299.891	299.889	299.891	299.888	299.889	299.888	299.888	299.887	299.883	299.882	299.878	299.876	299.873	299.874	299.874	299.875	299.878	299.879	299.878	299.875	299.87	299.868	299.865	299.858	299.851	299.849	299.844	299.84	299.839	299.838	299.837	299.838	299.832	299.827	299.824	299.815	299.808	299.805	299.798	299.795	299.789	299.783	299.776	299.773	299.767	299.766	299.763	299.759	299.757	299.757	299.754	299.751	299.743	299.733	299.729	299.719	299.708	299.706	299.703	299.703	299.705	299.703	299.706	299.703	299.704	299.704	299.704	299.705	299.701	299.698	299.693	299.686	299.679	299.68	299.671	299.671	299.665	299.66	299.656	299.65	299.645	299.639	299.632	299.629	299.62	299.615	299.612	299.603	299.595	299.588	299.579	299.575
299.954	299.956	299.956	299.954	299.953	299.947	299.944	299.943	299.942	299.939	299.939	299.939	299.938	299.938	299.936	299.934	299.933	299.934	299.933	299.931	299.929	299.933	299.928	299.923	299.93	299.932	299.93	299.923	299.923	299.92	299.921	299.92	299.915	299.914	299.914	299.911	299.908	299.905	299.902	299.9	299.9	299.898	299.898	299.897	299.896	299.893	299.89	299.892	299.889	299.891	299.889	299.886	299.886	299.884	299.884	299.874	299.878	299.874	299.874	299.875	299.875	299.879	299.881	299.877	299.875	299.872	299.867	299.866	299.859	299.854	299.853	299.847	299.845	299.838	299.838	299.837	299.831	299.825	299.82	299.817	299.813	299.808	299.8	299.796	299.79	299.78	299.774	299.772	299.767	299.766	299.764	299.758	299.76	299.755	299.752	299.748	299.739	299.731	299.726	299.721	299.713	299.707	299.706	299.701	299.701	299.702	299.701	299.701	299.698	299.7	299.698	299.698	299.696	299.692	299.687	299.682	299.676	299.666	299.666	299.661	299.657	299.654	299.649	299.643	299.636	299.63	299.626	299.62	299.614	299.607	299.602	299.598	299.591	299.584	299.578	299.568	299.562
299.957	299.955	299.95	299.953	299.954	299.953	299.949	299.945	299.946	299.944	299.942	299.94	299.94	299.941	299.943	299.94	299.937	299.942	299.939	299.939	299.935	299.935	299.928	299.93	299.936	299.936	299.932	299.929	299.924	299.926	299.922	299.919	299.919	299.918	299.917	299.914	299.908	299.908	299.903	299.905	299.904	299.901	299.9	299.898	299.891	299.89	299.891	299.891	299.888	299.89	299.889	299.887	299.885	299.886	299.885	299.877	299.878	299.874	299.874	299.874	299.874	299.874	299.875	299.875	299.872	299.868	299.862	299.862	299.858	299.852	299.85	299.845	299.845	299.837	299.838	299.833	299.825	299.821	299.815	299.81	299.808	299.803	299.796	299.788	299.778	299.771	299.766	299.762	299.76	299.762	299.758	299.752	299.754	299.746	299.742	299.734	299.725	299.719	299.718	299.711	299.707	299.703	299.698	299.694	299.693	299.695	299.695	299.695	299.69	299.69	299.686	299.69	299.685	299.681	299.676	299.666	299.662	299.655	299.649	299.648	299.642	299.639	299.632	299.627	299.623	299.616	299.61	299.606	299.598	299.598	299.589	299.585	299.577	299.567	299.561	299.555	299.549
299.95	299.952	299.949	299.95	299.947	299.946	299.946	299.946	299.944	299.942	299.941	299.939	299.941	299.938	299.941	299.946	299.944	299.945	299.942	299.947	299.94	299.937	299.937	299.935	299.934	299.934	299.933	299.93	299.919	299.92	299.922	299.919	299.921	299.918	299.913	299.913	299.909	299.909	299.905	299.905	299.902	299.9	299.896	299.893	299.889	299.893	299.888	299.888	299.888	299.887	299.885	299.885	299.884	299.88	299.876	299.877	299.873	299.868	299.869	299.869	299.871	299.873	299.868	299.873	299.858	299.861	299.857	299.854	299.85	299.848	299.847	299.841	299.838	299.832	299.83	299.823	299.819	299.814	299.808	299.804	299.798	299.786	299.782	299.774	299.769	299.765	299.76	299.757	299.758	299.752	299.75	299.751	299.739	299.734	299.727	299.72	299.715	299.709	299.709	299.706	299.705	299.7	299.694	299.693	299.689	299.687	299.687	299.687	299.685	299.684	299.676	299.678	299.67	299.667	299.661	299.652	299.647	299.642	299.637	299.631	299.624	299.621	299.614	299.608	299.604	299.6	299.591	299.591	299.582	299.579	299.572	299.566	299.559	299.551	299.543	299.536	299.527
299.957	299.949	299.94	299.942	299.946	299.95	299.95	299.948	299.948	299.945	299.949	299.939	299.942	299.939	299.942	299.945	299.947	299.953	299.952	299.945	299.943	299.938	299.933	299.932	299.936	299.938	299.93	299.922	299.931	299.922	299.923	299.917	299.915	299.914	299.913	299.911	299.908	299.905	299.906	299.905	299.905	299.902	299.896	299.892	299.893	299.889	299.884	299.888	299.886	299.884	299.884	299.882	299.881	299.882	299.878	299.87	299.868	299.867	299.866	299.864	299.866	299.867	299.861	299.864	299.854	299.855	299.847	299.843	299.842	299.84	299.835	299.829	299.823	299.824	299.818	299.812	299.811	299.804	299.798	299.793	299.782	299.777	299.772	299.761	299.758	299.753	299.749	299.747	299.745	299.74	299.737	299.731	299.718	299.719	299.71	299.704	299.701	299.697	299.694	299.695	299.69	299.691	299.69	299.681	299.678	299.678	299.675	299.671	299.666	299.666	299.659	299.655	299.653	299.647	299.642	299.639	299.633	299.623	299.62	299.613	299.611	299.603	299.6	299.595	299.586	299.582	299.572	299.571	299.565	299.557	299.552	299.546	299.537	299.531	299.527	299.518	299.515
299.951	299.946	299.95	299.944	299.942	299.944	299.945	299.946	299.946	299.941	299.945	299.939	299.94	299.942	299.947	299.952	299.953	299.952	299.952	299.946	299.943	299.936	299.932	299.932	299.931	299.928	299.931	299.926	299.922	299.914	299.916	299.916	299.915	299.915	299.912	299.907	299.907	299.904	299.904	299.902	299.899	299.897	299.895	299.893	299.888	299.884	299.89	299.883	299.88	299.88	299.882	299.879	299.874	299.869	299.868	299.861	299.864	299.857	299.857	299.858	299.857	299.856	299.854	299.85	299.845	299.84	299.837	299.838	299.833	299.828	299.825	299.822	299.818	299.807	299.805	299.801	299.792	299.786	299.783	299.775	299.767	299.766	299.747	299.749	299.747	299.743	299.741	299.736	299.729	299.731	299.722	299.718	299.719	299.711	299.705	299.7	299.693	299.69	299.694	299.693	299.692	299.683	299.682	299.677	299.674	299.669	299.664	299.664	299.659	299.649	299.65	299.642	299.639	299.631	299.623	299.618	299.615	299.611	299.611	299.6	299.598	299.588	299.582	299.576	299.569	299.565	299.558	299.547	299.542	299.538	299.531	299.526	299.519	299.513	299.506	299.495	299.488
299.956	299.945	299.943	299.943	299.946	299.95	299.952	299.952	299.951	299.95	299.945	299.949	299.947	299.945	299.946	299.952	299.957	299.958	299.954	299.952	299.938	299.935	299.931	299.933	299.932	299.93	299.933	299.925	299.921	299.926	299.92	299.915	299.913	299.911	299.908	299.909	299.908	299.902	299.9	299.901	299.903	299.898	299.892	299.888	299.888	299.889	299.882	299.878	299.882	299.878	299.874	299.876	299.877	299.87	299.867	299.859	299.857	299.855	299.853	299.852	299.848	299.846	299.845	299.838	299.836	299.833	299.831	299.826	299.823	299.821	299.819	299.809	299.806	299.798	299.795	299.786	299.782	299.776	299.77	299.763	299.758	299.748	299.739	299.736	299.729	299.727	299.723	299.72	299.717	299.713	299.708	299.709	299.704	299.701	299.7	299.696	299.69	299.688	299.683	299.675	299.681	299.674	299.672	299.666	299.66	299.654	299.649	299.644	299.64	299.632	299.628	299.625	299.618	299.613	299.608	299.602	299.599	299.591	299.587	299.582	299.577	299.574	299.568	299.562	299.554	299.545	299.536	299.534	299.523	299.518	299.509	299.505	299.501	299.493	299.486	299.483	299.471
299.95	299.948	299.944	299.946	299.947	299.946	299.948	299.95	299.946	299.954	299.946	299.949	299.945	299.949	299.954	299.956	299.954	299.955	299.95	299.95	299.939	299.939	299.931	299.928	299.928	299.928	299.922	299.922	299.92	299.917	299.914	299.911	299.912	299.91	299.906	299.906	299.9	299.901	299.899	299.894	299.893	299.893	299.89	299.886	299.884	299.883	299.878	299.879	299.869	299.872	299.873	299.871	299.865	299.861	299.858	299.854	299.849	299.85	299.845	299.842	299.84	299.835	299.829	299.828	299.824	299.82	299.818	299.816	299.813	299.811	299.807	299.802	299.796	299.785	299.778	299.765	299.764	299.759	299.751	299.749	299.742	299.731	299.727	299.72	299.719	299.717	299.709	299.705	299.703	299.696	299.698	299.695	299.695	299.696	299.691	299.686	299.682	299.678	299.674	299.672	299.666	299.662	299.659	299.655	299.648	299.643	299.638	299.631	299.624	299.622	299.61	299.61	299.601	299.593	299.588	299.582	299.578	299.574	299.568	299.567	299.555	299.552	299.546	299.539	299.536	299.528	299.518	299.511	299.501	299.497	299.491	299.483	299.478	299.474	299.468	299.459	299.452
299.949	299.947	299.945	299.945	299.948	299.947	299.951	299.953	299.95	299.953	299.95	299.955	299.95	299.947	299.95	299.953	299.952	299.951	299.947	299.943	299.938	299.934	299.936	299.929	299.923	299.919	299.921	299.92	299.916	299.915	299.914	299.908	299.908	299.904	299.9	299.9	299.897	299.896	299.893	299.892	299.889	299.887	299.883	299.879	299.877	299.877	299.871	299.872	299.864	299.863	299.864	299.861	299.856	299.856	299.848	299.848	299.842	299.841	299.838	299.835	299.829	299.823	299.82	299.818	299.813	299.81	299.806	299.803	299.801	299.797	299.788	299.787	299.775	299.768	299.766	299.756	299.748	299.744	299.739	299.733	299.727	299.721	299.711	299.71	299.707	299.704	299.698	299.692	299.687	299.682	299.682	299.675	299.678	299.677	299.676	299.672	299.669	299.664	299.658	299.656	299.647	299.648	299.642	299.638	299.633	299.622	299.614	299.612	299.602	299.598	299.589	299.587	299.582	299.574	299.57	299.564	299.556	299.551	299.542	299.539	299.533	299.528	299.523	299.518	299.514	299.505	299.499	299.49	299.484	299.475	299.469	299.462	299.457	299.451	299.448	299.437	299.435
299.947	299.944	299.945	299.945	299.948	299.95	299.953	299.953	299.952	299.952	299.951	299.952	299.955	299.952	299.951	299.952	299.944	299.94	299.94	299.933	299.936	299.929	299.929	299.924	299.918	299.915	299.913	299.912	299.911	299.911	299.908	299.903	299.904	299.901	299.895	299.893	299.893	299.889	299.888	299.884	299.882	299.879	299.874	299.873	299.87	299.869	299.863	299.859	299.86	299.856	299.852	299.85	299.845	299.841	299.839	299.836	299.834	299.831	299.828	299.823	299.817	299.814	299.812	299.805	299.801	299.796	299.789	299.784	299.782	299.775	299.767	299.762	299.758	299.755	299.746	299.742	299.734	299.728	299.722	299.715	299.708	299.705	299.693	299.697	299.694	299.69	299.688	299.683	299.675	299.67	299.665	299.66	299.661	299.655	299.655	299.647	299.644	299.646	299.64	299.637	299.63	299.629	299.625	299.619	299.616	299.606	299.596	299.592	299.581	299.572	299.569	299.562	299.557	299.551	299.546	299.542	299.535	299.529	299.522	299.516	299.511	299.506	299.499	299.494	299.492	299.484	299.479	299.468	299.463	299.455	299.448	299.443	299.437	299.429	299.425	299.416	299.414
299.944	299.943	299.944	299.946	299.947	299.946	299.95	299.95	299.951	299.949	299.953	299.951	299.955	299.954	299.951	299.948	299.941	299.932	299.933	299.922	299.928	299.923	299.923	299.918	299.912	299.909	299.906	299.904	299.904	299.904	299.899	299.9	299.902	299.894	299.888	299.887	299.886	299.883	299.884	299.877	299.874	299.87	299.865	299.862	299.859	299.854	299.857	299.849	299.85	299.843	299.839	299.838	299.833	299.83	299.83	299.824	299.824	299.82	299.815	299.81	299.806	299.802	299.796	299.787	299.782	299.769	299.767	299.763	299.76	299.754	299.747	299.74	299.737	299.735	299.725	299.722	299.715	299.708	299.704	299.696	299.691	299.686	299.68	299.68	299.678	299.679	299.676	299.671	299.662	299.656	299.648	299.644	299.642	299.636	299.635	299.626	299.622	299.624	299.618	299.613	299.61	299.603	299.601	299.598	299.595	299.59	299.581	299.571	299.563	299.551	299.547	299.539	299.536	299.529	299.522	299.518	299.511	299.505	299.501	299.492	299.487	299.483	299.477	299.47	299.468	299.463	299.456	299.448	299.44	299.434	299.425	299.42	299.414	299.407	299.402	299.392	299.383
299.941	299.94	299.942	299.947	299.944	299.947	299.949	299.948	299.948	299.945	299.949	299.952	299.952	299.95	299.947	299.944	299.938	299.928	299.925	299.918	299.919	299.916	299.916	299.912	299.906	299.903	299.898	299.899	299.894	299.896	299.895	299.896	299.891	299.883	299.88	299.88	299.877	299.874	299.873	299.869	299.866	299.863	299.856	299.854	299.851	299.841	299.845	299.839	299.837	299.832	299.828	299.826	299.825	299.822	299.818	299.812	299.812	299.808	299.802	299.797	299.789	299.782	299.773	299.765	299.763	299.749	299.748	299.743	299.74	299.732	299.725	299.72	299.713	299.706	299.706	299.7	299.692	299.688	299.682	299.681	299.676	299.668	299.669	299.663	299.663	299.662	299.657	299.651	299.645	299.637	299.632	299.624	299.621	299.614	299.611	299.606	299.602	299.598	299.589	299.585	299.581	299.575	299.574	299.57	299.567	299.562	299.558	299.546	299.543	299.53	299.525	299.517	299.514	299.507	299.499	299.493	299.487	299.481	299.474	299.468	299.463	299.46	299.455	299.447	299.443	299.439	299.431	299.43	299.419	299.413	299.405	299.396	299.387	299.376	299.366	299.359	299.345
299.932	299.936	299.94	299.944	299.946	299.944	299.944	299.942	299.942	299.945	299.94	299.946	299.949	299.95	299.945	299.94	299.931	299.923	299.914	299.915	299.912	299.907	299.908	299.904	299.901	299.898	299.892	299.893	299.885	299.892	299.884	299.883	299.881	299.879	299.876	299.869	299.87	299.866	299.861	299.861	299.856	299.851	299.847	299.843	299.842	299.835	299.828	299.826	299.827	299.823	299.816	299.813	299.812	299.811	299.8	299.802	299.797	299.79	299.785	299.775	299.765	299.76	299.754	299.743	299.736	299.734	299.727	299.72	299.719	299.715	299.703	299.696	299.691	299.687	299.685	299.672	299.672	299.668	299.663	299.659	299.658	299.65	299.65	299.645	299.644	299.64	299.636	299.633	299.628	299.619	299.618	299.607	299.6	299.595	299.586	299.581	299.576	299.57	299.567	299.561	299.551	299.555	299.543	299.545	299.542	299.538	299.533	299.527	299.521	299.511	299.506	299.496	299.489	299.482	299.474	299.468	299.462	299.459	299.45	299.449	299.44	299.434	299.429	299.423	299.42	299.417	299.405	299.404	299.393	299.386	299.376	299.364	299.352	299.338	299.324	299.32	299.311
299.927	299.937	299.939	299.938	299.941	299.941	299.944	299.945	299.937	299.943	299.939	299.942	299.942	299.942	299.94	299.936	299.928	299.925	299.914	299.905	299.906	299.905	299.904	299.9	299.898	299.895	299.889	299.889	299.884	299.886	299.879	299.881	299.878	299.87	299.866	299.863	299.86	299.858	299.856	299.852	299.845	299.841	299.839	299.832	299.825	299.827	299.82	299.819	299.812	299.808	299.809	299.807	299.801	299.796	299.788	299.791	299.772	299.775	299.766	299.759	299.753	299.744	299.734	299.725	299.72	299.712	299.709	299.705	299.7	299.692	299.685	299.676	299.668	299.662	299.656	299.659	299.656	299.653	299.649	299.645	299.641	299.635	299.627	299.624	299.62	299.615	299.613	299.608	299.604	299.604	299.595	299.587	299.574	299.565	299.562	299.555	299.548	299.542	299.536	299.531	299.52	299.526	299.519	299.518	299.513	299.507	299.504	299.5	299.496	299.491	299.48	299.472	299.467	299.457	299.45	299.445	299.436	299.433	299.426	299.421	299.42	299.413	299.408	299.401	299.389	299.383	299.374	299.365	299.359	299.351	299.339	299.328	299.315	299.304	299.296	299.28	299.273
299.926	299.927	299.927	299.934	299.938	299.934	299.934	299.936	299.931	299.932	299.93	299.936	299.939	299.939	299.938	299.934	299.927	299.916	299.914	299.905	299.903	299.899	299.898	299.895	299.891	299.888	299.885	299.883	299.878	299.876	299.874	299.87	299.866	299.864	299.864	299.861	299.852	299.844	299.842	299.837	299.837	299.831	299.825	299.823	299.819	299.812	299.805	299.803	299.804	299.798	299.789	299.781	299.777	299.775	299.767	299.756	299.752	299.754	299.742	299.736	299.73	299.72	299.714	299.705	299.703	299.694	299.691	299.688	299.682	299.674	299.668	299.659	299.647	299.645	299.637	299.637	299.63	299.627	299.629	299.625	299.618	299.615	299.607	299.605	299.599	299.593	299.592	299.587	299.585	299.585	299.572	299.57	299.56	299.546	299.54	299.529	299.526	299.524	299.512	299.513	299.505	299.496	299.496	299.493	299.489	299.488	299.486	299.481	299.477	299.469	299.463	299.453	299.444	299.434	299.425	299.421	299.415	299.41	299.411	299.402	299.394	299.384	299.374	299.366	299.356	299.343	299.338	299.326	299.322	299.314	299.306	299.296	299.281	299.265	299.256	299.245	299.239
299.923	299.922	299.928	299.928	299.929	299.934	299.935	299.933	299.936	299.934	299.932	299.932	299.932	299.936	299.932	299.93	299.929	299.919	299.914	299.905	299.904	299.899	299.895	299.892	299.887	299.884	299.881	299.872	299.872	299.869	299.868	299.865	299.865	299.865	299.857	299.847	299.848	299.838	299.838	299.827	299.824	299.819	299.815	299.81	299.805	299.8	299.797	299.786	299.784	299.782	299.774	299.77	299.765	299.756	299.747	299.746	299.74	299.728	299.726	299.717	299.708	299.701	299.701	299.688	299.684	299.681	299.675	299.669	299.667	299.66	299.649	299.643	299.634	299.627	299.621	299.618	299.618	299.617	299.612	299.606	299.605	299.598	299.592	299.586	299.581	299.573	299.567	299.563	299.56	299.556	299.555	299.543	299.535	299.526	299.52	299.512	299.505	299.499	299.493	299.486	299.479	299.479	299.477	299.471	299.467	299.461	299.456	299.454	299.452	299.441	299.44	299.43	299.421	299.414	299.406	299.396	299.389	299.383	299.372	299.372	299.359	299.354	299.341	299.33	299.321	299.311	299.305	299.295	299.29	299.283	299.273	299.263	299.251	299.239	299.225	299.216	299.204
299.919	299.909	299.915	299.92	299.92	299.926	299.928	299.928	299.929	299.924	299.927	299.932	299.928	299.931	299.929	299.925	299.923	299.915	299.913	299.904	299.902	299.898	299.892	299.886	299.88	299.874	299.868	299.865	299.863	299.858	299.86	299.859	299.854	299.852	299.852	299.848	299.839	299.823	299.822	299.82	299.814	299.812	299.807	299.8	299.789	299.781	299.773	299.77	299.765	299.761	299.757	299.752	299.745	299.736	299.732	299.722	299.718	299.715	299.705	299.695	299.687	299.682	299.675	299.67	299.669	299.658	299.661	299.653	299.646	299.64	299.633	299.628	299.618	299.611	299.609	299.604	299.599	299.594	299.59	299.587	299.584	299.575	299.575	299.566	299.558	299.553	299.544	299.54	299.536	299.529	299.531	299.519	299.516	299.506	299.499	299.497	299.49	299.482	299.478	299.468	299.464	299.461	299.453	299.451	299.447	299.442	299.439	299.435	299.429	299.423	299.414	299.408	299.4	299.386	299.374	299.365	299.355	299.354	299.341	299.338	299.322	299.316	299.308	299.296	299.287	299.277	299.271	299.263	299.259	299.253	299.245	299.23	299.218	299.205	299.19	299.183	299.173
299.906	299.903	299.904	299.909	299.915	299.919	299.922	299.923	299.924	299.924	299.921	299.92	299.921	299.919	299.919	299.918	299.913	299.907	299.903	299.9	299.898	299.893	299.889	299.882	299.875	299.868	299.86	299.857	299.85	299.852	299.85	299.853	299.848	299.847	299.845	299.833	299.822	299.82	299.81	299.808	299.805	299.801	299.792	299.78	299.778	299.769	299.756	299.756	299.75	299.749	299.742	299.738	299.731	299.723	299.715	299.707	299.702	299.697	299.688	299.677	299.673	299.666	299.659	299.654	299.65	299.641	299.64	299.635	299.628	299.624	299.617	299.611	299.602	299.6	299.591	299.587	299.583	299.579	299.575	299.57	299.563	299.558	299.553	299.547	299.539	299.533	299.525	299.517	299.511	299.505	299.501	299.494	299.49	299.485	299.479	299.476	299.47	299.463	299.456	299.447	299.443	299.438	299.433	299.428	299.423	299.417	299.414	299.409	299.4	299.398	299.382	299.373	299.365	299.35	299.343	299.337	299.322	299.319	299.308	299.303	299.29	299.279	299.27	299.262	299.254	299.244	299.238	299.229	299.227	299.217	299.21	299.197	299.186	299.173	299.163	299.153	299.143
299.898	299.892	299.893	299.894	299.9	299.907	299.91	299.912	299.91	299.914	299.912	299.911	299.914	299.91	299.908	299.907	299.905	299.9	299.892	299.889	299.887	299.885	299.879	299.871	299.864	299.858	299.849	299.845	299.837	299.842	299.837	299.839	299.838	299.835	299.833	299.822	299.812	299.807	299.796	299.793	299.789	299.785	299.774	299.768	299.762	299.757	299.747	299.743	299.733	299.73	299.725	299.719	299.716	299.706	299.699	299.693	299.686	299.677	299.669	299.665	299.659	299.652	299.647	299.636	299.629	299.625	299.617	299.613	299.608	299.603	299.598	299.592	299.585	299.584	299.574	299.572	299.566	299.558	299.554	299.549	299.543	299.539	299.528	299.527	299.52	299.514	299.509	299.5	299.492	299.488	299.478	299.476	299.467	299.464	299.46	299.455	299.448	299.443	299.436	299.43	299.425	299.418	299.413	299.407	299.405	299.396	299.383	299.374	299.367	299.357	299.349	299.337	299.329	299.322	299.314	299.305	299.292	299.287	299.274	299.269	299.26	299.249	299.239	299.23	299.22	299.209	299.205	299.193	299.19	299.18	299.173	299.163	299.151	299.142	299.132	299.122	299.112
299.885	299.876	299.884	299.883	299.888	299.893	299.896	299.897	299.897	299.899	299.899	299.9	299.901	299.898	299.895	299.89	299.886	299.885	299.877	299.876	299.873	299.871	299.868	299.859	299.853	299.846	299.838	299.836	299.827	299.828	299.825	299.824	299.824	299.819	299.815	299.811	299.801	299.786	299.781	299.775	299.767	299.763	299.757	299.752	299.748	299.741	299.734	299.727	299.718	299.712	299.706	299.703	299.699	299.695	299.687	299.677	299.669	299.66	299.652	299.648	299.648	299.639	299.632	299.622	299.612	299.607	299.598	299.596	299.591	299.585	299.579	299.574	299.566	299.563	299.557	299.552	299.547	299.538	299.534	299.529	299.52	299.516	299.508	299.503	299.497	299.491	299.486	299.481	299.471	299.466	299.457	299.456	299.448	299.443	299.438	299.432	299.428	299.422	299.416	299.41	299.403	299.395	299.387	299.376	299.37	299.36	299.346	299.337	299.333	299.318	299.321	299.307	299.302	299.294	299.284	299.273	299.262	299.254	299.243	299.237	299.227	299.219	299.209	299.201	299.191	299.18	299.173	299.159	299.15	299.142	299.133	299.123	299.117	299.109	299.101	299.091	299.081
299.869	299.865	299.872	299.871	299.874	299.88	299.882	299.882	299.887	299.885	299.884	299.886	299.884	299.883	299.878	299.873	299.869	299.864	299.86	299.859	299.857	299.855	299.85	299.846	299.841	299.837	299.828	299.823	299.819	299.815	299.813	299.81	299.807	299.803	299.798	299.788	299.783	299.767	299.766	299.755	299.745	299.743	299.738	299.735	299.735	299.729	299.718	299.708	299.7	299.692	299.69	299.686	299.683	299.681	299.675	299.663	299.656	299.647	299.634	299.63	299.629	299.625	299.614	299.607	299.596	299.586	299.582	299.578	299.573	299.565	299.558	299.552	299.547	299.538	299.535	299.527	299.523	299.517	299.513	299.508	299.499	299.489	299.489	299.476	299.477	299.468	299.463	299.457	299.45	299.445	299.437	299.431	299.426	299.42	299.412	299.409	299.405	299.398	299.389	299.378	299.367	299.361	299.348	299.339	299.329	299.317	299.312	299.302	299.297	299.287	299.289	299.281	299.275	299.266	299.256	299.245	299.232	299.22	299.21	299.207	299.196	299.19	299.182	299.174	299.166	299.155	299.14	299.128	299.114	299.102	299.094	299.087	299.082	299.078	299.07	299.062	299.052
299.853	299.857	299.853	299.852	299.857	299.864	299.869	299.869	299.867	299.867	299.867	299.869	299.87	299.868	299.858	299.855	299.854	299.848	299.845	299.838	299.839	299.836	299.833	299.827	299.822	299.817	299.815	299.806	299.807	299.802	299.799	299.793	299.783	299.779	299.774	299.761	299.758	299.746	299.739	299.727	299.727	299.725	299.724	299.719	299.714	299.707	299.704	299.69	299.679	299.67	299.667	299.666	299.661	299.658	299.652	299.645	299.634	299.622	299.618	299.612	299.608	299.603	299.593	299.587	299.574	299.566	299.562	299.555	299.551	299.547	299.54	299.53	299.528	299.514	299.511	299.503	299.498	299.491	299.484	299.479	299.474	299.464	299.462	299.449	299.451	299.444	299.438	299.435	299.429	299.422	299.418	299.409	299.399	299.394	299.384	299.379	299.372	299.364	299.358	299.341	299.331	299.325	299.309	299.306	299.293	299.284	299.283	299.273	299.268	299.262	299.253	299.249	299.243	299.235	299.225	299.216	299.202	299.195	299.179	299.172	299.167	299.161	299.153	299.144	299.135	299.125	299.109	299.095	299.081	299.068	299.058	299.05	299.046	299.041	299.036	299.025	299.017
299.833	299.836	299.842	299.85	299.846	299.847	299.853	299.856	299.856	299.857	299.852	299.847	299.847	299.849	299.847	299.842	299.836	299.828	299.829	299.823	299.825	299.821	299.815	299.812	299.806	299.798	299.797	299.781	299.778	299.771	299.768	299.765	299.757	299.747	299.744	299.74	299.732	299.718	299.721	299.716	299.702	299.693	299.695	299.698	299.695	299.688	299.681	299.666	299.659	299.652	299.644	299.641	299.639	299.64	299.629	299.62	299.611	299.599	299.594	299.59	299.586	299.583	299.579	299.567	299.552	299.546	299.536	299.534	299.53	299.524	299.518	299.511	299.504	299.49	299.488	299.481	299.471	299.469	299.465	299.457	299.45	299.438	299.433	299.426	299.42	299.413	299.411	299.41	299.405	299.396	299.381	299.377	299.363	299.354	299.345	299.337	299.329	299.321	299.314	299.305	299.292	299.286	299.273	299.266	299.26	299.252	299.244	299.236	299.231	299.223	299.224	299.22	299.213	299.205	299.196	299.184	299.167	299.159	299.149	299.143	299.136	299.126	299.12	299.114	299.103	299.092	299.079	299.059	299.045	299.036	299.026	299.02	299.015	299.01	299.003	298.992	298.978
299.826	299.837	299.823	299.823	299.829	299.834	299.835	299.834	299.835	299.834	299.83	299.838	299.832	299.83	299.826	299.823	299.821	299.817	299.811	299.806	299.804	299.801	299.796	299.788	299.783	299.773	299.761	299.755	299.745	299.739	299.731	299.724	299.724	299.722	299.715	299.708	299.7	299.701	299.688	299.678	299.678	299.677	299.671	299.664	299.662	299.66	299.649	299.644	299.631	299.621	299.618	299.616	299.613	299.606	299.603	299.586	299.582	299.575	299.564	299.561	299.561	299.557	299.547	299.541	299.531	299.525	299.513	299.511	299.505	299.498	299.494	299.485	299.474	299.473	299.458	299.457	299.448	299.442	299.433	299.425	299.42	299.416	299.406	299.4	299.388	299.385	299.381	299.373	299.37	299.372	299.351	299.34	299.326	299.316	299.307	299.301	299.298	299.29	299.277	299.274	299.255	299.248	299.245	299.233	299.227	299.222	299.214	299.211	299.205	299.189	299.192	299.18	299.176	299.17	299.161	299.152	299.141	299.126	299.115	299.108	299.103	299.096	299.086	299.075	299.063	299.049	299.038	299.027	299.017	299.006	298.992	298.984	298.974	298.966	298.958	298.947	298.932
299.791	299.819	299.82	299.821	299.821	299.82	299.821	299.823	299.822	299.822	299.818	299.814	299.816	299.818	299.814	299.81	299.805	299.801	299.79	299.794	299.784	299.783	299.781	299.772	299.765	299.757	299.739	299.731	299.714	299.708	299.706	299.699	299.698	299.697	299.692	299.69	299.679	299.675	299.667	299.662	299.651	299.644	299.642	299.639	299.634	299.626	299.62	299.619	299.608	299.604	299.596	299.591	299.586	299.578	299.573	299.564	299.553	299.546	299.543	299.537	299.533	299.529	299.525	299.521	299.504	299.499	299.495	299.487	299.482	299.476	299.47	299.463	299.453	299.451	299.437	299.434	299.426	299.417	299.411	299.404	299.394	299.382	299.368	299.361	299.354	299.344	299.339	299.336	299.329	299.32	299.313	299.304	299.293	299.285	299.276	299.265	299.257	299.25	299.242	299.233	299.228	299.216	299.208	299.2	299.192	299.185	299.177	299.168	299.161	299.155	299.152	299.145	299.142	299.134	299.122	299.113	299.102	299.091	299.085	299.074	299.068	299.06	299.049	299.036	299.026	299.014	299.001	298.989	298.974	298.965	298.961	298.95	298.94	298.93	298.918	298.906	298.894
299.788	299.811	299.808	299.809	299.807	299.805	299.806	299.808	299.804	299.806	299.806	299.803	299.801	299.796	299.796	299.79	299.785	299.778	299.775	299.765	299.763	299.751	299.75	299.746	299.739	299.731	299.717	299.708	299.696	299.685	299.676	299.675	299.675	299.673	299.671	299.667	299.657	299.651	299.64	299.635	299.626	299.62	299.615	299.606	299.599	299.596	299.592	299.587	299.58	299.578	299.57	299.563	299.56	299.552	299.539	299.53	299.527	299.516	299.512	299.508	299.504	299.502	299.497	299.489	299.484	299.475	299.472	299.463	299.459	299.451	299.442	299.438	299.43	299.422	299.417	299.405	299.4	299.389	299.378	299.365	299.354	299.343	299.338	299.325	299.318	299.309	299.301	299.296	299.294	299.282	299.279	299.265	299.26	299.249	299.243	299.24	299.231	299.221	299.216	299.201	299.195	299.187	299.176	299.17	299.162	299.154	299.15	299.14	299.131	299.124	299.114	299.111	299.103	299.096	299.089	299.081	299.069	299.061	299.048	299.042	299.035	299.025	299.014	299.001	298.979	298.962	298.954	298.944	298.94	298.932	298.927	298.915	298.904	298.891	298.876	298.864	298.854
299.777	299.792	299.792	299.793	299.796	299.79	299.787	299.784	299.79	299.788	299.784	299.781	299.779	299.772	299.766	299.763	299.758	299.756	299.754	299.738	299.741	299.732	299.723	299.72	299.715	299.702	299.698	299.683	299.672	299.666	299.658	299.654	299.654	299.656	299.655	299.646	299.637	299.629	299.617	299.608	299.602	299.595	299.585	299.574	299.571	299.566	299.559	299.561	299.555	299.548	299.542	299.538	299.531	299.522	299.515	299.501	299.499	299.489	299.485	299.481	299.477	299.473	299.471	299.464	299.462	299.45	299.448	299.44	299.435	299.427	299.419	299.412	299.405	299.397	299.388	299.375	299.369	299.358	299.344	299.332	299.323	299.308	299.299	299.287	299.278	299.275	299.266	299.256	299.251	299.246	299.242	299.229	299.227	299.218	299.208	299.204	299.196	299.187	299.182	299.173	299.162	299.154	299.146	299.136	299.129	299.121	299.114	299.106	299.095	299.088	299.078	299.074	299.068	299.061	299.051	299.041	299.036	299.029	299.017	299.011	299.001	298.987	298.97	298.955	298.933	298.921	298.913	298.899	298.9	298.895	298.89	298.881	298.866	298.853	298.84	298.826	298.817
299.756	299.758	299.764	299.769	299.767	299.769	299.762	299.762	299.766	299.76	299.759	299.755	299.75	299.744	299.737	299.732	299.731	299.727	299.722	299.715	299.709	299.704	299.696	299.692	299.684	299.677	299.67	299.66	299.65	299.641	299.637	299.634	299.633	299.633	299.63	299.621	299.614	299.601	299.595	299.587	299.579	299.568	299.558	299.554	299.548	299.54	299.533	299.53	299.527	299.518	299.514	299.508	299.503	299.494	299.488	299.475	299.471	299.467	299.462	299.459	299.453	299.448	299.446	299.438	299.435	299.424	299.419	299.413	299.405	299.395	299.387	299.378	299.371	299.363	299.35	299.343	299.332	299.321	299.307	299.298	299.287	299.276	299.262	299.254	299.24	299.236	299.23	299.221	299.219	299.212	299.205	299.199	299.191	299.185	299.176	299.167	299.159	299.155	299.147	299.141	299.131	299.122	299.118	299.107	299.1	299.092	299.084	299.077	299.065	299.056	299.046	299.037	299.03	299.026	299.017	299.012	299.007	298.994	298.983	298.971	298.956	298.944	298.926	298.907	298.893	298.881	298.873	298.866	298.863	298.858	298.852	298.839	298.825	298.813	298.801	298.789	298.78
299.727	299.73	299.729	299.737	299.737	299.735	299.736	299.736	299.733	299.729	299.729	299.728	299.72	299.718	299.709	299.704	299.702	299.696	299.687	299.687	299.677	299.674	299.668	299.663	299.659	299.649	299.641	299.634	299.628	299.621	299.615	299.61	299.607	299.607	299.602	299.596	299.591	299.576	299.574	299.564	299.56	299.548	299.539	299.535	299.525	299.517	299.511	299.5	299.495	299.492	299.485	299.481	299.474	299.47	299.46	299.458	299.446	299.443	299.435	299.432	299.431	299.425	299.42	299.414	299.406	299.402	299.389	299.382	299.368	299.356	299.348	299.339	299.332	299.325	299.312	299.306	299.297	299.284	299.277	299.267	299.255	299.247	299.226	299.217	299.203	299.197	299.193	299.185	299.182	299.179	299.172	299.168	299.159	299.15	299.144	299.135	299.126	299.122	299.113	299.107	299.099	299.089	299.084	299.074	299.068	299.059	299.049	299.043	299.033	299.024	299.016	299.006	298.998	298.991	298.978	298.972	298.965	298.947	298.939	298.926	298.915	298.902	298.884	298.871	298.857	298.844	298.838	298.832	298.823	298.82	298.811	298.798	298.787	298.775	298.764	298.753	298.743
299.688	299.704	299.693	299.701	299.707	299.706	299.703	299.705	299.702	299.699	299.694	299.693	299.693	299.685	299.682	299.675	299.67	299.665	299.655	299.652	299.647	299.647	299.64	299.636	299.629	299.624	299.612	299.608	299.601	299.598	299.592	299.585	299.581	299.578	299.575	299.566	299.563	299.554	299.55	299.54	299.537	299.527	299.518	299.514	299.503	299.494	299.485	299.476	299.467	299.464	299.46	299.454	299.45	299.446	299.437	299.439	299.423	299.421	299.412	299.407	299.405	299.397	299.389	299.379	299.366	299.359	299.347	299.342	299.332	299.32	299.309	299.305	299.293	299.281	299.274	299.266	299.258	299.251	299.242	299.233	299.22	299.211	299.191	299.178	299.168	299.161	299.156	299.148	299.143	299.143	299.137	299.131	299.125	299.116	299.109	299.105	299.096	299.088	299.082	299.073	299.064	299.056	299.049	299.039	299.031	299.021	299.013	299.006	298.998	298.991	298.979	298.97	298.959	298.95	298.939	298.926	298.915	298.908	298.894	298.882	298.873	298.859	298.849	298.838	298.827	298.816	298.804	298.793	298.786	298.777	298.768	298.757	298.747	298.737	298.725	298.718	298.705
299.646	299.67	299.664	299.667	299.672	299.668	299.671	299.672	299.668	299.668	299.662	299.657	299.657	299.649	299.647	299.642	299.632	299.631	299.624	299.618	299.618	299.612	299.61	299.604	299.598	299.591	299.587	299.582	299.572	299.574	299.567	299.563	299.554	299.546	299.543	299.539	299.531	299.524	299.524	299.516	299.511	299.499	299.492	299.49	299.482	299.472	299.453	299.45	299.439	299.431	299.429	299.425	299.419	299.419	299.411	299.41	299.397	299.394	299.385	299.373	299.367	299.358	299.349	299.341	299.327	299.314	299.309	299.301	299.29	299.284	299.274	299.263	299.251	299.238	299.236	299.222	299.22	299.21	299.201	299.194	299.182	299.165	299.158	299.145	299.13	299.122	299.119	299.116	299.113	299.108	299.105	299.094	299.089	299.08	299.073	299.071	299.065	299.053	299.048	299.037	299.029	299.023	299.014	299.009	299	298.989	298.981	298.971	298.96	298.951	298.937	298.927	298.914	298.908	298.9	298.888	298.873	298.864	298.848	298.838	298.832	298.819	298.811	298.803	298.788	298.781	298.77	298.757	298.751	298.737	298.73	298.716	298.706	298.696	298.686	298.68	298.664
299.627	299.629	299.629	299.637	299.641	299.645	299.648	299.647	299.637	299.627	299.634	299.625	299.629	299.619	299.613	299.607	299.6	299.599	299.59	299.589	299.589	299.586	299.583	299.577	299.57	299.562	299.552	299.55	299.546	299.546	299.536	299.532	299.527	299.518	299.513	299.508	299.506	299.495	299.487	299.483	299.479	299.473	299.469	299.461	299.447	299.443	299.434	299.422	299.417	299.407	299.401	299.392	299.386	299.388	299.378	299.372	299.363	299.354	299.344	299.339	299.334	299.324	299.312	299.297	299.292	299.276	299.269	299.259	299.254	299.25	299.239	299.224	299.217	299.197	299.197	299.187	299.181	299.174	299.164	299.156	299.147	299.133	299.121	299.103	299.098	299.093	299.084	299.079	299.075	299.068	299.066	299.061	299.048	299.045	299.035	299.029	299.023	299.015	299.009	299	298.993	298.981	298.968	298.958	298.946	298.936	298.929	298.921	298.911	298.902	298.895	298.886	298.875	298.863	298.851	298.843	298.834	298.82	298.814	298.798	298.786	298.776	298.767	298.76	298.753	298.744	298.732	298.723	298.711	298.699	298.693	298.679	298.669	298.662	298.649	298.644	298.632
299.605	299.591	299.6	299.604	299.604	299.604	299.6	299.6	299.61	299.598	299.599	299.587	299.592	299.59	299.584	299.577	299.568	299.562	299.557	299.557	299.551	299.552	299.548	299.539	299.535	299.532	299.524	299.52	299.508	299.511	299.509	299.503	299.493	299.488	299.483	299.47	299.466	299.46	299.461	299.455	299.448	299.44	299.434	299.429	299.425	299.41	299.403	299.383	299.379	299.372	299.36	299.354	299.348	299.341	299.337	299.33	299.32	299.312	299.302	299.296	299.287	299.278	299.274	299.257	299.251	299.236	299.227	299.225	299.217	299.206	299.198	299.187	299.18	299.162	299.158	299.149	299.139	299.13	299.123	299.112	299.101	299.097	299.084	299.077	299.065	299.058	299.053	299.047	299.044	299.039	299.027	299.023	299.011	299.004	298.997	298.991	298.983	298.973	298.959	298.948	298.938	298.926	298.92	298.908	298.9	298.891	298.881	298.876	298.871	298.859	298.849	298.834	298.825	298.818	298.806	298.796	298.792	298.776	298.771	298.756	298.746	298.739	298.726	298.718	298.713	298.703	298.696	298.681	298.673	298.663	298.654	298.64	298.63	298.62	298.609	298.601	298.593
299.556	299.56	299.57	299.572	299.572	299.577	299.58	299.575	299.57	299.557	299.564	299.564	299.561	299.554	299.55	299.545	299.536	299.533	299.529	299.524	299.522	299.519	299.52	299.516	299.509	299.5	299.492	299.49	299.479	299.475	299.47	299.469	299.463	299.457	299.452	299.448	299.444	299.429	299.425	299.42	299.416	299.413	299.403	299.392	299.39	299.368	299.367	299.362	299.348	299.338	299.328	299.321	299.312	299.303	299.299	299.289	299.28	299.277	299.267	299.261	299.253	299.242	299.234	299.222	299.211	299.206	299.195	299.186	299.179	299.172	299.166	299.153	299.138	299.135	299.121	299.113	299.107	299.096	299.087	299.079	299.068	299.06	299.046	299.05	299.034	299.025	299.02	299.012	299.002	298.999	298.986	298.977	298.965	298.951	298.943	298.935	298.928	298.919	298.91	298.9	298.889	298.878	298.868	298.854	298.844	298.836	298.827	298.823	298.817	298.811	298.802	298.793	298.778	298.767	298.758	298.749	298.743	298.737	298.727	298.719	298.705	298.695	298.686	298.679	298.672	298.661	298.658	298.64	298.636	298.626	298.615	298.606	298.591	298.575	298.567	298.548	298.536
299.528	299.534	299.531	299.54	299.537	299.53	299.53	299.534	299.529	299.533	299.529	299.523	299.527	299.521	299.519	299.513	299.506	299.502	299.496	299.489	299.489	299.485	299.482	299.478	299.474	299.47	299.463	299.454	299.446	299.447	299.438	299.435	299.431	299.426	299.42	299.411	299.408	299.398	299.394	299.39	299.377	299.37	299.361	299.35	299.336	299.336	299.326	299.316	299.31	299.302	299.293	299.285	299.274	299.268	299.254	299.246	299.239	299.231	299.222	299.214	299.207	299.199	299.186	299.183	299.172	299.165	299.158	299.149	299.145	299.136	299.123	299.114	299.103	299.098	299.087	299.075	299.069	299.057	299.048	299.038	299.026	299.024	299.013	299.008	299.007	298.998	298.984	298.972	298.962	298.951	298.94	298.924	298.914	298.907	298.897	298.89	298.881	298.872	298.862	298.848	298.838	298.826	298.816	298.809	298.802	298.793	298.788	298.786	298.776	298.771	298.754	298.747	298.734	298.721	298.712	298.704	298.694	298.693	298.68	298.675	298.66	298.651	298.643	298.635	298.629	298.622	298.613	298.601	298.594	298.581	298.567	298.555	298.539	298.52	298.51	298.495	298.487
299.483	299.499	299.496	299.501	299.503	299.496	299.497	299.498	299.489	299.49	299.487	299.49	299.488	299.483	299.479	299.475	299.47	299.468	299.463	299.458	299.452	299.449	299.449	299.444	299.438	299.434	299.428	299.42	299.411	299.406	299.402	299.396	299.39	299.386	299.38	299.374	299.364	299.36	299.344	299.341	299.335	299.325	299.317	299.308	299.296	299.292	299.28	299.28	299.273	299.259	299.253	299.246	299.235	299.226	299.211	299.204	299.193	299.185	299.184	299.173	299.162	299.154	299.146	299.138	299.13	299.124	299.119	299.11	299.105	299.096	299.084	299.077	299.065	299.054	299.05	299.04	299.028	299.019	299.01	298.998	298.984	298.975	298.968	298.96	298.955	298.947	298.934	298.926	298.918	298.899	298.891	298.875	298.865	298.856	298.844	298.837	298.831	298.821	298.812	298.799	298.789	298.778	298.769	298.756	298.752	298.746	298.739	298.735	298.725	298.725	298.709	298.697	298.686	298.674	298.666	298.659	298.649	298.646	298.633	298.628	298.615	298.609	298.599	298.588	298.578	298.568	298.554	298.549	298.532	298.525	298.513	298.5	298.49	298.476	298.46	298.447	298.435
299.439	299.457	299.458	299.461	299.46	299.457	299.455	299.456	299.45	299.448	299.446	299.45	299.443	299.44	299.437	299.434	299.431	299.427	299.422	299.418	299.413	299.411	299.408	299.406	299.398	299.393	299.385	299.38	299.369	299.36	299.356	299.349	299.344	299.336	299.326	299.322	299.315	299.314	299.305	299.292	299.287	299.278	299.27	299.265	299.254	299.248	299.238	299.236	299.229	299.216	299.211	299.202	299.191	299.18	299.17	299.16	299.15	299.14	299.136	299.129	299.117	299.11	299.103	299.097	299.091	299.082	299.078	299.069	299.06	299.051	299.04	299.032	299.024	299.014	299.006	298.998	298.983	298.974	298.961	298.947	298.935	298.92	298.913	298.91	298.9	298.894	298.887	298.879	298.867	298.851	298.841	298.826	298.818	298.808	298.797	298.789	298.781	298.771	298.763	298.752	298.743	298.73	298.726	298.714	298.71	298.704	298.695	298.69	298.68	298.671	298.663	298.652	298.64	298.632	298.624	298.616	298.608	298.6	298.587	298.579	298.563	298.555	298.547	298.534	298.523	298.511	298.499	298.494	298.478	298.469	298.46	298.449	298.438	298.423	298.408	298.397	298.381
299.401	299.419	299.409	299.416	299.417	299.413	299.41	299.41	299.408	299.406	299.401	299.404	299.399	299.401	299.398	299.392	299.386	299.381	299.375	299.365	299.365	299.359	299.354	299.35	299.342	299.335	299.331	299.322	299.319	299.311	299.305	299.295	299.289	299.289	299.275	299.274	299.27	299.262	299.266	299.252	299.243	299.232	299.224	299.218	299.213	299.206	299.198	299.189	299.18	299.174	299.169	299.16	299.149	299.138	299.128	299.114	299.106	299.097	299.084	299.078	299.072	299.064	299.061	299.053	299.048	299.039	299.033	299.027	299.019	299.008	298.998	298.984	298.975	298.965	298.951	298.942	298.928	298.916	298.909	298.894	298.884	298.873	298.86	298.858	298.847	298.84	298.832	298.825	298.813	298.801	298.791	298.776	298.769	298.758	298.751	298.741	298.734	298.722	298.713	298.701	298.696	298.682	298.679	298.67	298.666	298.66	298.651	298.645	298.636	298.623	298.616	298.606	298.6	298.587	298.577	298.565	298.553	298.54	298.53	298.518	298.509	298.499	298.489	298.478	298.467	298.457	298.447	298.433	298.429	298.417	298.405	298.394	298.383	298.37	298.357	298.348	298.331
299.341	299.375	299.347	299.362	299.363	299.36	299.354	299.351	299.348	299.348	299.343	299.347	299.342	299.344	299.338	299.333	299.326	299.318	299.319	299.305	299.307	299.303	299.297	299.296	299.289	299.281	299.281	299.27	299.267	299.261	299.258	299.244	299.239	299.237	299.23	299.228	299.229	299.216	299.217	299.21	299.2	299.191	299.182	299.174	299.169	299.161	299.153	299.144	299.135	299.131	299.121	299.111	299.105	299.092	299.085	299.072	299.061	299.055	299.041	299.034	299.027	299.02	299.02	299.011	299.004	298.997	298.985	298.98	298.97	298.954	298.944	298.933	298.92	298.908	298.896	298.89	298.874	298.863	298.855	298.847	298.831	298.826	298.813	298.805	298.798	298.786	298.776	298.769	298.76	298.748	298.738	298.727	298.718	298.706	298.698	298.69	298.681	298.672	298.66	298.646	298.645	298.632	298.629	298.62	298.615	298.608	298.601	298.589	298.579	298.568	298.559	298.548	298.539	298.529	298.518	298.506	298.497	298.484	298.475	298.46	298.456	298.444	298.434	298.423	298.409	298.398	298.392	298.375	298.376	298.36	298.348	298.337	298.326	298.316	298.304	298.293	298.281
299.259	299.315	299.296	299.298	299.295	299.292	299.293	299.291	299.288	299.291	299.285	299.287	299.281	299.281	299.279	299.276	299.269	299.259	299.26	299.247	299.248	299.24	299.237	299.236	299.234	299.228	299.223	299.214	299.218	299.207	299.209	299.205	299.194	299.189	299.184	299.174	299.178	299.178	299.166	299.165	299.156	299.145	299.138	299.128	299.123	299.114	299.104	299.102	299.085	299.082	299.075	299.065	299.058	299.046	299.039	299.029	299.016	299.007	298.995	298.985	298.977	298.969	298.967	298.953	298.943	298.937	298.924	298.916	298.908	298.898	298.887	298.876	298.861	298.851	298.84	298.831	298.824	298.81	298.798	298.791	298.779	298.772	298.762	298.752	298.747	298.735	298.726	298.719	298.707	298.698	298.69	298.679	298.665	298.659	298.649	298.64	298.633	298.621	298.613	298.601	298.586	298.58	298.571	298.566	298.558	298.55	298.542	298.532	298.513	298.503	298.492	298.484	298.475	298.466	298.458	298.449	298.439	298.426	298.423	298.409	298.4	298.389	298.377	298.366	298.354	298.339	298.331	298.319	298.313	298.301	298.296	298.283	298.272	298.263	298.25	298.239	298.229
299.227	299.244	299.23	299.234	299.237	299.234	299.23	299.232	299.234	299.234	299.225	299.225	299.222	299.222	299.218	299.211	299.209	299.205	299.199	299.19	299.192	299.189	299.183	299.178	299.176	299.174	299.166	299.159	299.159	299.155	299.151	299.148	299.147	299.144	299.142	299.137	299.126	299.126	299.117	299.114	299.103	299.095	299.09	299.081	299.073	299.072	299.055	299.054	299.045	299.042	299.034	299.021	299.012	299.006	298.99	298.971	298.967	298.957	298.943	298.929	298.92	298.913	298.899	298.893	298.886	298.868	298.87	298.858	298.849	298.839	298.828	298.82	298.808	298.797	298.785	298.769	298.769	298.759	298.745	298.736	298.729	298.719	298.712	298.702	298.688	298.678	298.67	298.662	298.655	298.649	298.639	298.625	298.614	298.605	298.592	298.585	298.576	298.562	298.549	298.542	298.52	298.52	298.501	298.497	298.491	298.48	298.471	298.465	298.456	298.448	298.43	298.424	298.41	298.403	298.396	298.387	298.382	298.367	298.359	298.352	298.341	298.333	298.32	298.304	298.294	298.28	298.268	298.261	298.256	298.247	298.238	298.229	298.219	298.209	298.197	298.181	298.167
299.177	299.167	299.167	299.166	299.165	299.166	299.17	299.174	299.169	299.166	299.166	299.167	299.161	299.157	299.155	299.151	299.15	299.146	299.138	299.136	299.127	299.124	299.123	299.12	299.114	299.11	299.107	299.112	299.098	299.102	299.1	299.094	299.094	299.086	299.076	299.082	299.075	299.069	299.065	299.06	299.052	299.045	299.04	299.034	299.022	299.016	299.009	299.004	298.995	298.981	298.973	298.966	298.954	298.943	298.931	298.918	298.908	298.892	298.884	298.871	298.858	298.849	298.839	298.828	298.821	298.809	298.806	298.794	298.786	298.779	298.77	298.762	298.75	298.729	298.73	298.717	298.702	298.694	298.689	298.68	298.67	298.66	298.648	298.639	298.631	298.623	298.617	298.61	298.604	298.592	298.577	298.573	298.555	298.54	298.53	298.519	298.51	298.502	298.486	298.476	298.459	298.454	298.44	298.435	298.43	298.424	298.418	298.404	298.391	298.384	298.373	298.368	298.351	298.343	298.333	298.319	298.318	298.313	298.304	298.297	298.28	298.27	298.257	298.245	298.236	298.224	298.213	298.198	298.192	298.184	298.172	298.161	298.15	298.134	298.12	298.108	298.084
299.098	299.095	299.106	299.106	299.107	299.108	299.112	299.115	299.117	299.119	299.107	299.101	299.098	299.096	299.094	299.091	299.089	299.087	299.082	299.082	299.079	299.074	299.066	299.063	299.061	299.06	299.051	299.052	299.047	299.043	299.042	299.036	299.037	299.038	299.035	299.03	299.023	299.02	299.012	299.004	299.001	298.992	298.984	298.98	298.974	298.961	298.958	298.943	298.941	298.931	298.919	298.907	298.897	298.881	298.872	298.856	298.851	298.84	298.83	298.821	298.806	298.795	298.784	298.768	298.758	298.752	298.744	298.738	298.73	298.721	298.711	298.7	298.693	298.686	298.667	298.663	298.653	298.642	298.632	298.623	298.616	298.609	298.596	298.581	298.566	298.55	298.542	298.534	298.526	298.522	298.514	298.5	298.485	298.472	298.465	298.451	298.441	298.434	298.422	298.413	298.401	298.384	298.379	298.369	298.359	298.349	298.342	298.335	298.326	298.321	298.306	298.3	298.289	298.279	298.272	298.264	298.257	298.247	298.24	298.233	298.223	298.211	298.198	298.184	298.167	298.153	298.146	298.135	298.121	298.112	298.101	298.09	298.079	298.067	298.053	298.047	298.025
299.033	299.031	299.035	299.033	299.039	299.046	299.048	299.053	299.054	299.052	299.048	299.045	299.039	299.034	299.031	299.03	299.03	299.028	299.027	299.017	299.016	299.012	299.007	299.003	299.001	298.999	298.995	298.987	298.99	298.986	298.985	298.981	298.969	298.967	298.97	298.964	298.964	298.953	298.949	298.945	298.933	298.928	298.921	298.913	298.904	298.893	298.892	298.88	298.87	298.862	298.85	298.84	298.832	298.821	298.812	298.793	298.786	298.779	298.766	298.76	298.75	298.736	298.721	298.712	298.699	298.694	298.682	298.678	298.669	298.66	298.656	298.647	298.627	298.624	298.608	298.6	298.588	298.576	298.564	298.553	298.546	298.527	298.517	298.507	298.497	298.486	298.48	298.471	298.459	298.447	298.441	298.423	298.425	298.407	298.399	298.389	298.379	298.367	298.355	298.343	298.335	298.323	298.315	298.303	298.3	298.292	298.278	298.269	298.257	298.25	298.243	298.233	298.228	298.216	298.207	298.199	298.189	298.183	298.175	298.159	298.148	298.135	298.121	298.109	298.1	298.088	298.073	298.059	298.052	298.036	298.03	298.017	298.007	297.999	297.986	297.968	297.962
298.949	298.951	298.962	298.965	298.969	298.977	298.982	298.987	298.993	298.985	298.985	298.974	298.966	298.963	298.958	298.959	298.96	298.956	298.957	298.956	298.957	298.945	298.939	298.937	298.929	298.922	298.927	298.918	298.918	298.913	298.907	298.908	298.898	298.895	298.896	298.89	298.893	298.883	298.878	298.875	298.861	298.857	298.85	298.839	298.842	298.832	298.822	298.817	298.805	298.796	298.784	298.774	298.765	298.753	298.742	298.735	298.721	298.714	298.71	298.701	298.69	298.677	298.664	298.655	298.638	298.636	298.622	298.616	298.609	298.602	298.593	298.586	298.567	298.556	298.542	298.53	298.514	298.504	298.492	298.478	298.472	298.455	298.449	298.435	298.426	298.418	298.408	298.399	298.389	298.373	298.368	298.349	298.347	298.335	298.329	298.318	298.305	298.292	298.286	298.273	298.264	298.253	298.246	298.233	298.227	298.22	298.206	298.197	298.182	298.169	298.166	298.153	298.148	298.139	298.131	298.12	298.109	298.099	298.089	298.079	298.069	298.058	298.046	298.033	298.021	298.01	297.999	297.985	297.981	297.964	297.96	297.947	297.936	297.926	297.918	297.904	297.893
298.861	298.864	298.868	298.878	298.884	298.892	298.899	298.901	298.904	298.903	298.899	298.891	298.887	298.881	298.872	298.874	298.883	298.88	298.884	298.881	298.881	298.88	298.87	298.865	298.858	298.852	298.849	298.847	298.841	298.841	298.834	298.831	298.822	298.818	298.82	298.817	298.818	298.812	298.805	298.802	298.791	298.785	298.779	298.771	298.767	298.762	298.754	298.746	298.738	298.727	298.716	298.705	298.699	298.69	298.677	298.669	298.658	298.647	298.643	298.632	298.621	298.615	298.6	298.593	298.575	298.568	298.557	298.547	298.541	298.531	298.519	298.509	298.497	298.482	298.465	298.458	298.441	298.432	298.42	298.406	298.398	298.384	298.376	298.365	298.356	298.349	298.338	298.328	298.316	298.3	298.296	298.283	298.277	298.269	298.262	298.25	298.235	298.226	298.217	298.205	298.198	298.182	298.176	298.162	298.154	298.143	298.129	298.117	298.1	298.088	298.081	298.076	298.069	298.059	298.052	298.04	298.029	298.019	298.008	297.999	297.989	297.977	297.969	297.956	297.945	297.934	297.925	297.911	297.905	297.895	297.887	297.882	297.87	297.855	297.846	297.837	297.821
298.77	298.779	298.779	298.79	298.791	298.805	298.811	298.815	298.818	298.817	298.809	298.805	298.799	298.796	298.788	298.791	298.799	298.801	298.805	298.807	298.801	298.806	298.799	298.793	298.791	298.786	298.777	298.776	298.764	298.762	298.757	298.755	298.744	298.737	298.738	298.741	298.738	298.74	298.734	298.728	298.724	298.715	298.71	298.702	298.692	298.688	298.683	298.672	298.665	298.656	298.644	298.636	298.629	298.623	298.611	298.6	298.595	298.577	298.57	298.557	298.547	298.538	298.524	298.517	298.505	298.491	298.482	298.473	298.469	298.458	298.445	298.433	298.419	298.409	298.393	298.386	298.37	298.362	298.351	298.337	298.329	298.317	298.307	298.3	298.289	298.28	298.267	298.255	298.243	298.23	298.224	298.214	298.209	298.202	298.194	298.18	298.17	298.156	298.141	298.127	298.119	298.103	298.094	298.083	298.075	298.066	298.052	298.035	298.021	298.01	297.995	297.995	297.986	297.977	297.972	297.962	297.95	297.939	297.928	297.919	297.91	297.905	297.894	297.882	297.872	297.857	297.847	297.838	297.825	297.821	297.813	297.807	297.8	297.783	297.768	297.757	297.741
298.679	298.69	298.696	298.707	298.71	298.716	298.722	298.725	298.728	298.729	298.719	298.716	298.708	298.704	298.705	298.708	298.711	298.717	298.719	298.73	298.722	298.719	298.715	298.714	298.71	298.71	298.698	298.699	298.69	298.683	298.679	298.671	298.671	298.665	298.659	298.665	298.661	298.662	298.658	298.652	298.648	298.64	298.635	298.629	298.621	298.612	298.61	298.597	298.594	298.581	298.569	298.563	298.545	298.537	298.528	298.512	298.51	298.495	298.487	298.476	298.465	298.455	298.444	298.438	298.43	298.414	298.409	298.395	298.387	298.375	298.368	298.361	298.343	298.337	298.322	298.311	298.301	298.288	298.28	298.267	298.26	298.251	298.239	298.233	298.216	298.206	298.197	298.183	298.17	298.163	298.151	298.139	298.131	298.12	298.113	298.103	298.092	298.078	298.068	298.053	298.039	298.03	298.014	298.002	297.993	297.983	297.97	297.959	297.942	297.935	297.921	297.915	297.905	297.9	297.894	297.883	297.874	297.861	297.852	297.845	297.831	297.825	297.816	297.802	297.794	297.776	297.763	297.755	297.736	297.733	297.718	297.709	297.699	297.689	297.678	297.667	297.656
298.601	298.602	298.609	298.619	298.627	298.634	298.635	298.639	298.641	298.636	298.63	298.621	298.62	298.619	298.618	298.621	298.626	298.636	298.63	298.633	298.634	298.632	298.63	298.634	298.623	298.627	298.624	298.621	298.617	298.613	298.608	298.589	298.591	298.585	298.58	298.58	298.579	298.575	298.576	298.574	298.567	298.562	298.549	298.54	298.533	298.525	298.516	298.508	298.5	298.491	298.474	298.472	298.457	298.449	298.442	298.429	298.418	298.407	298.4	298.391	298.381	298.371	298.366	298.356	298.349	298.342	298.332	298.319	298.314	298.297	298.286	298.279	298.271	298.262	298.248	298.233	298.228	298.216	298.206	298.194	298.183	298.18	298.161	298.151	298.141	298.128	298.116	298.109	298.092	298.087	298.079	298.072	298.061	298.048	298.039	298.026	298.012	298.003	297.994	297.985	297.968	297.96	297.942	297.931	297.923	297.909	297.894	297.887	297.871	297.864	297.854	297.844	297.834	297.824	297.819	297.809	297.801	297.788	297.77	297.764	297.747	297.736	297.724	297.713	297.7	297.689	297.673	297.661	297.651	297.636	297.625	297.617	297.603	297.595	297.588	297.579	297.574
298.499	298.51	298.519	298.525	298.53	298.539	298.537	298.542	298.537	298.535	298.536	298.518	298.523	298.52	298.523	298.526	298.531	298.539	298.545	298.535	298.538	298.536	298.535	298.539	298.534	298.54	298.536	298.53	298.523	298.511	298.509	298.505	298.497	298.494	298.493	298.491	298.493	298.492	298.489	298.483	298.473	298.466	298.462	298.444	298.443	298.431	298.425	298.416	298.404	298.402	298.391	298.38	298.371	298.358	298.348	298.34	298.334	298.326	298.315	298.31	298.301	298.293	298.285	298.28	298.273	298.264	298.255	298.241	298.226	298.221	298.209	298.202	298.192	298.184	298.176	298.16	298.145	298.127	298.119	298.111	298.101	298.095	298.082	298.069	298.057	298.042	298.031	298.025	298.017	298.013	298.004	297.997	297.985	297.971	297.963	297.947	297.945	297.932	297.919	297.91	297.898	297.885	297.869	297.854	297.843	297.832	297.821	297.812	297.799	297.787	297.774	297.761	297.749	297.736	297.73	297.719	297.71	297.699	297.688	297.673	297.661	297.645	297.634	297.622	297.611	297.599	297.587	297.566	297.564	297.551	297.537	297.528	297.517	297.507	297.504	297.497	297.492
298.397	298.397	298.403	298.415	298.424	298.433	298.433	298.435	298.43	298.426	298.427	298.423	298.428	298.424	298.427	298.435	298.437	298.429	298.442	298.434	298.431	298.43	298.431	298.44	298.44	298.437	298.435	298.437	298.437	298.431	298.418	298.415	298.409	298.407	298.406	298.405	298.404	298.406	298.398	298.402	298.392	298.38	298.373	298.354	298.35	298.334	298.328	298.323	298.314	298.308	298.302	298.293	298.283	298.275	298.264	298.256	298.239	298.238	298.228	298.222	298.215	298.207	298.2	298.196	298.189	298.177	298.171	298.163	298.139	298.13	298.116	298.112	298.104	298.092	298.08	298.058	298.047	298.038	298.027	298.017	298.012	298.003	298	297.985	297.972	297.963	297.955	297.944	297.938	297.937	297.93	297.923	297.911	297.901	297.894	297.879	297.866	297.853	297.846	297.835	297.82	297.805	297.802	297.789	297.772	297.759	297.749	297.731	297.72	297.707	297.692	297.677	297.662	297.644	297.638	297.633	297.622	297.615	297.608	297.588	297.574	297.562	297.547	297.538	297.525	297.511	297.504	297.486	297.474	297.463	297.451	297.438	297.426	297.42	297.414	297.412	297.407
298.302	298.302	298.306	298.316	298.317	298.325	298.323	298.326	298.328	298.327	298.322	298.325	298.322	298.331	298.325	298.324	298.34	298.344	298.336	298.335	298.334	298.337	298.342	298.343	298.344	298.349	298.351	298.343	298.333	298.331	298.329	298.322	298.323	298.318	298.317	298.319	298.314	298.324	298.311	298.309	298.3	298.288	298.281	298.264	298.259	298.249	298.24	298.234	298.231	298.225	298.214	298.207	298.195	298.185	298.173	298.159	298.143	298.139	298.133	298.126	298.118	298.11	298.109	298.087	298.093	298.083	298.071	298.063	298.051	298.048	298.031	298.023	298.014	298.002	297.99	297.98	297.96	297.951	297.941	297.935	297.933	297.923	297.917	297.901	297.888	297.875	297.865	297.86	297.853	297.849	297.84	297.834	297.83	297.817	297.805	297.804	297.792	297.78	297.766	297.748	297.732	297.721	297.7	297.688	297.677	297.667	297.657	297.646	297.634	297.617	297.604	297.59	297.574	297.568	297.549	297.547	297.541	297.535	297.525	297.512	297.492	297.481	297.463	297.451	297.44	297.426	297.413	297.404	297.389	297.374	297.364	297.349	297.331	297.328	297.319	297.317	297.312
298.183	298.178	298.179	298.195	298.202	298.217	298.223	298.22	298.222	298.221	298.218	298.229	298.218	298.226	298.229	298.228	298.232	298.233	298.232	298.235	298.234	298.236	298.241	298.246	298.253	298.248	298.251	298.253	298.247	298.234	298.232	298.223	298.231	298.225	298.222	298.225	298.216	298.222	298.215	298.213	298.207	298.194	298.181	298.172	298.154	298.148	298.142	298.136	298.132	298.122	298.112	298.101	298.091	298.085	298.074	298.06	298.051	298.041	298.028	298.025	298.017	298.003	298.005	297.989	297.986	297.979	297.972	297.97	297.96	297.953	297.946	297.934	297.92	297.908	297.893	297.883	297.867	297.861	297.853	297.844	297.837	297.83	297.826	297.816	297.807	297.794	297.78	297.776	297.762	297.756	297.75	297.737	297.728	297.728	297.716	297.708	297.695	297.683	297.671	297.656	297.643	297.632	297.614	297.604	297.594	297.579	297.568	297.555	297.55	297.534	297.523	297.507	297.487	297.48	297.467	297.462	297.458	297.45	297.441	297.43	297.411	297.394	297.381	297.362	297.348	297.339	297.323	297.307	297.295	297.279	297.266	297.252	297.236	297.229	297.222	297.217	297.213
298.047	298.048	298.055	298.063	298.075	298.082	298.094	298.1	298.102	298.106	298.104	298.108	298.111	298.109	298.108	298.113	298.123	298.126	298.128	298.128	298.13	298.134	298.142	298.139	298.144	298.148	298.136	298.141	298.137	298.125	298.127	298.116	298.122	298.121	298.12	298.121	298.115	298.113	298.107	298.1	298.096	298.087	298.074	298.069	298.058	298.049	298.043	298.037	298.03	298.019	298.011	297.998	297.992	297.985	297.976	297.966	297.951	297.95	297.937	297.927	297.916	297.906	297.895	297.887	297.883	297.878	297.874	297.87	297.869	297.862	297.857	297.84	297.828	297.817	297.803	297.785	297.779	297.77	297.763	297.754	297.746	297.739	297.73	297.719	297.707	297.697	297.686	297.672	297.662	297.651	297.643	297.633	297.628	297.625	297.618	297.609	297.599	297.586	297.574	297.564	297.553	297.537	297.526	297.513	297.501	297.486	297.479	297.463	297.458	297.443	297.431	297.422	297.408	297.392	297.386	297.378	297.368	297.359	297.348	297.331	297.317	297.291	297.277	297.266	297.255	297.242	297.232	297.218	297.205	297.191	297.178	297.165	297.153	297.139	297.132	297.122	297.117
297.904	297.915	297.921	297.927	297.94	297.945	297.96	297.968	297.971	297.974	297.982	297.978	297.99	297.993	297.994	297.995	298.003	298.01	298.015	298.013	298.017	298.024	298.022	298.025	298.015	298.027	298.023	298.02	298.018	298.012	298.014	298.007	298.006	298.005	298.004	298.002	298.001	297.997	297.993	297.985	297.981	297.977	297.967	297.96	297.954	297.945	297.938	297.929	297.921	297.91	297.903	297.893	297.885	297.876	297.867	297.869	297.853	297.85	297.839	297.827	297.813	297.804	297.787	297.781	297.775	297.775	297.771	297.766	297.768	297.759	297.756	297.739	297.722	297.709	297.693	297.676	297.668	297.659	297.652	297.65	297.643	297.637	297.627	297.62	297.608	297.598	297.587	297.569	297.564	297.55	297.542	297.54	297.533	297.528	297.521	297.51	297.505	297.492	297.48	297.47	297.462	297.451	297.44	297.432	297.417	297.402	297.387	297.37	297.359	297.345	297.328	297.315	297.306	297.289	297.282	297.276	297.266	297.256	297.245	297.224	297.215	297.195	297.18	297.168	297.157	297.148	297.138	297.128	297.116	297.103	297.092	297.076	297.063	297.051	297.043	297.037	297.031
297.755	297.773	297.778	297.79	297.805	297.812	297.825	297.831	297.841	297.843	297.853	297.851	297.862	297.866	297.868	297.872	297.876	297.889	297.892	297.892	297.895	297.89	297.889	297.905	297.893	297.904	297.904	297.9	297.904	297.896	297.896	297.894	297.891	297.892	297.89	297.888	297.884	297.877	297.876	297.869	297.863	297.858	297.855	297.844	297.837	297.83	297.828	297.82	297.811	297.801	297.793	297.78	297.772	297.771	297.756	297.76	297.75	297.74	297.731	297.715	297.7	297.691	297.676	297.673	297.659	297.656	297.659	297.651	297.652	297.646	297.636	297.63	297.616	297.598	297.583	297.568	297.557	297.549	297.547	297.541	297.537	297.532	297.524	297.522	297.509	297.499	297.491	297.471	297.464	297.45	297.444	297.442	297.436	297.429	297.427	297.414	297.407	297.395	297.382	297.376	297.363	297.357	297.341	297.327	297.315	297.295	297.277	297.263	297.246	297.234	297.221	297.208	297.196	297.188	297.177	297.17	297.161	297.153	297.142	297.123	297.112	297.098	297.085	297.075	297.066	297.058	297.044	297.036	297.025	297.011	297.001	296.984	296.973	296.962	296.952	296.947	296.939
297.61	297.615	297.628	297.642	297.651	297.667	297.673	297.684	297.696	297.697	297.702	297.712	297.713	297.723	297.731	297.737	297.745	297.758	297.767	297.768	297.765	297.765	297.755	297.764	297.764	297.775	297.775	297.772	297.778	297.771	297.773	297.773	297.774	297.773	297.771	297.766	297.758	297.751	297.745	297.741	297.736	297.732	297.726	297.722	297.713	297.71	297.708	297.701	297.693	297.684	297.672	297.663	297.649	297.65	297.639	297.635	297.636	297.626	297.618	297.606	297.59	297.58	297.568	297.559	297.548	297.545	297.542	297.537	297.531	297.53	297.519	297.512	297.499	297.492	297.478	297.462	297.451	297.44	297.438	297.432	297.428	297.43	297.423	297.418	297.406	297.393	297.383	297.371	297.358	297.35	297.34	297.335	297.333	297.327	297.317	297.308	297.297	297.283	297.276	297.269	297.251	297.247	297.236	297.224	297.209	297.192	297.175	297.16	297.137	297.127	297.12	297.109	297.098	297.09	297.078	297.07	297.062	297.049	297.04	297.029	297.011	297	296.99	296.977	296.964	296.959	296.944	296.934	296.921	296.905	296.896	296.882	296.872	296.865	296.856	296.85	296.841
297.455	297.459	297.47	297.493	297.497	297.52	297.522	297.529	297.538	297.546	297.542	297.553	297.562	297.576	297.587	297.591	297.613	297.612	297.623	297.62	297.616	297.616	297.608	297.607	297.617	297.632	297.64	297.642	297.639	297.64	297.641	297.643	297.644	297.642	297.638	297.628	297.621	297.615	297.609	297.604	297.608	297.607	297.602	297.598	297.593	297.588	297.585	297.572	297.568	297.557	297.545	297.541	297.523	297.521	297.513	297.512	297.513	297.513	297.501	297.488	297.475	297.463	297.452	297.437	297.435	297.427	297.424	297.419	297.414	297.41	297.401	297.389	297.382	297.377	297.366	297.35	297.339	297.323	297.322	297.317	297.313	297.313	297.309	297.305	297.295	297.28	297.264	297.256	297.249	297.242	297.233	297.228	297.223	297.217	297.205	297.2	297.188	297.173	297.16	297.153	297.148	297.14	297.133	297.121	297.105	297.093	297.073	297.062	297.053	297.04	297.028	297.019	297.007	296.995	296.979	296.967	296.953	296.942	296.928	296.918	296.904	296.891	296.877	296.868	296.859	296.849	296.837	296.823	296.812	296.799	296.785	296.777	296.772	296.768	296.765	296.757	296.747
297.302	297.312	297.326	297.338	297.348	297.364	297.378	297.381	297.38	297.388	297.394	297.404	297.407	297.42	297.435	297.441	297.465	297.458	297.471	297.469	297.462	297.457	297.46	297.473	297.481	297.485	297.493	297.505	297.501	297.507	297.506	297.506	297.507	297.505	297.5	297.499	297.485	297.48	297.477	297.473	297.47	297.475	297.472	297.472	297.469	297.466	297.466	297.45	297.446	297.432	297.419	297.412	297.404	297.395	297.396	297.391	297.389	297.387	297.383	297.374	297.354	297.342	297.33	297.316	297.31	297.299	297.298	297.294	297.289	297.276	297.268	297.267	297.26	297.252	297.244	297.233	297.221	297.21	297.203	297.199	297.197	297.192	297.195	297.181	297.172	297.162	297.151	297.139	297.13	297.122	297.117	297.111	297.106	297.101	297.092	297.082	297.072	297.066	297.058	297.044	297.038	297.022	297.018	297.011	296.999	296.985	296.975	296.952	296.945	296.93	296.917	296.911	296.898	296.884	296.872	296.856	296.837	296.83	296.821	296.802	296.795	296.78	296.767	296.759	296.753	296.739	296.73	296.714	296.7	296.693	296.681	296.677	296.677	296.671	296.665	296.658	296.647
297.131	297.143	297.149	297.157	297.185	297.185	297.201	297.213	297.22	297.223	297.215	297.233	297.243	297.256	297.27	297.278	297.294	297.302	297.297	297.297	297.299	297.3	297.298	297.302	297.319	297.337	297.348	297.357	297.359	297.362	297.364	297.367	297.367	297.36	297.347	297.348	297.348	297.345	297.34	297.343	297.337	297.342	297.34	297.341	297.339	297.329	297.326	297.311	297.295	297.285	297.273	297.258	297.261	297.255	297.256	297.257	297.26	297.257	297.242	297.237	297.223	297.207	297.199	297.191	297.185	297.178	297.172	297.163	297.157	297.155	297.143	297.133	297.128	297.123	297.119	297.111	297.092	297.092	297.078	297.076	297.078	297.077	297.078	297.07	297.058	297.043	297.029	297.02	297.011	297.005	296.999	296.995	296.99	296.982	296.975	296.971	296.956	296.942	296.929	296.914	296.913	296.906	296.898	296.892	296.881	296.866	296.862	296.85	296.833	296.82	296.81	296.798	296.792	296.784	296.769	296.754	296.736	296.713	296.705	296.692	296.679	296.67	296.662	296.653	296.646	296.634	296.625	296.609	296.596	296.582	296.567	296.562	296.558	296.556	296.554	296.551	296.536
296.95	296.968	296.983	296.992	297.005	297.018	297.033	297.036	297.043	297.062	297.058	297.067	297.075	297.081	297.092	297.108	297.108	297.125	297.127	297.13	297.13	297.132	297.145	297.155	297.161	297.17	297.182	297.192	297.208	297.208	297.208	297.205	297.201	297.194	297.202	297.192	297.202	297.206	297.203	297.2	297.192	297.194	297.192	297.192	297.195	297.191	297.178	297.171	297.145	297.132	297.123	297.114	297.116	297.12	297.123	297.121	297.119	297.118	297.112	297.105	297.095	297.083	297.072	297.064	297.055	297.047	297.044	297.037	297.031	297.026	297.017	297.011	297.011	297.003	296.991	296.984	296.975	296.971	296.961	296.958	296.959	296.954	296.951	296.944	296.935	296.919	296.902	296.889	296.873	296.859	296.852	296.849	296.846	296.847	296.836	296.832	296.826	296.816	296.806	296.796	296.775	296.77	296.762	296.758	296.756	296.755	296.736	296.727	296.712	296.704	296.697	296.688	296.687	296.679	296.659	296.644	296.628	296.609	296.591	296.577	296.564	296.552	296.539	296.523	296.517	296.51	296.494	296.483	296.469	296.452	296.447	296.444	296.443	296.438	296.43	296.421	296.416
296.749	296.768	296.788	296.8	296.812	296.82	296.842	296.856	296.865	296.875	296.888	296.893	296.901	296.906	296.912	296.921	296.925	296.94	296.947	296.955	296.964	296.965	296.978	296.984	296.995	297.006	297.015	297.03	297.042	297.047	297.05	297.049	297.043	297.034	297.036	297.041	297.051	297.06	297.061	297.064	297.054	297.051	297.054	297.05	297.047	297.045	297.025	297.012	296.993	296.979	296.971	296.964	296.968	296.967	296.979	296.978	296.974	296.973	296.974	296.961	296.949	296.939	296.927	296.921	296.916	296.911	296.902	296.898	296.895	296.884	296.881	296.871	296.868	296.862	296.853	296.843	296.835	296.826	296.826	296.823	296.821	296.821	296.823	296.813	296.803	296.792	296.777	296.759	296.741	296.732	296.726	296.721	296.713	296.708	296.707	296.697	296.696	296.687	296.678	296.673	296.657	296.65	296.647	296.641	296.635	296.632	296.624	296.62	296.604	296.591	296.582	296.58	296.568	296.557	296.546	296.523	296.499	296.485	296.464	296.45	296.441	296.429	296.414	296.401	296.385	296.378	296.366	296.356	296.344	296.331	296.326	296.316	296.315	296.31	296.305	296.3	296.294
296.554	296.572	296.592	296.603	296.631	296.631	296.641	296.659	296.674	296.685	296.703	296.704	296.713	296.719	296.723	296.727	296.738	296.754	296.763	296.775	296.781	296.792	296.806	296.81	296.82	296.827	296.834	296.848	296.857	296.879	296.876	296.871	296.865	296.864	296.866	296.876	296.887	296.898	296.905	296.903	296.903	296.893	296.889	296.884	296.881	296.884	296.874	296.857	296.836	296.823	296.815	296.811	296.818	296.823	296.828	296.828	296.824	296.815	296.807	296.8	296.798	296.788	296.783	296.778	296.772	296.774	296.765	296.759	296.753	296.747	296.747	296.737	296.735	296.727	296.721	296.712	296.711	296.705	296.7	296.697	296.696	296.693	296.689	296.686	296.679	296.669	296.653	296.635	296.618	296.603	296.589	296.589	296.583	296.575	296.575	296.567	296.568	296.557	296.545	296.532	296.522	296.503	296.501	296.502	296.498	296.494	296.488	296.475	296.466	296.451	296.439	296.433	296.436	296.416	296.408	296.393	296.374	296.363	296.343	296.331	296.319	296.304	296.288	296.277	296.26	296.254	296.246	296.234	296.225	296.215	296.213	296.206	296.197	296.19	296.174	296.17	296.159
296.335	296.366	296.39	296.404	296.417	296.427	296.437	296.451	296.465	296.48	296.503	296.512	296.52	296.525	296.528	296.538	296.545	296.562	296.583	296.595	296.603	296.61	296.628	296.633	296.644	296.648	296.651	296.671	296.673	296.689	296.696	296.691	296.694	296.692	296.692	296.707	296.72	296.738	296.743	296.735	296.739	296.73	296.725	296.72	296.714	296.713	296.706	296.693	296.674	296.669	296.662	296.663	296.665	296.671	296.671	296.672	296.664	296.652	296.644	296.636	296.634	296.632	296.625	296.631	296.622	296.625	296.622	296.617	296.614	296.607	296.597	296.599	296.595	296.592	296.582	296.577	296.573	296.569	296.564	296.562	296.565	296.563	296.557	296.555	296.547	296.534	296.518	296.5	296.48	296.467	296.45	296.446	296.442	296.433	296.43	296.423	296.418	296.413	296.399	296.385	296.373	296.361	296.352	296.355	296.351	296.345	296.346	296.34	296.33	296.318	296.309	296.297	296.3	296.284	296.27	296.257	296.246	296.233	296.219	296.208	296.197	296.184	296.168	296.149	296.134	296.125	296.114	296.101	296.092	296.081	296.075	296.068	296.06	296.048	296.036	296.027	296.016
296.134	296.162	296.189	296.208	296.211	296.225	296.237	296.245	296.255	296.267	296.282	296.298	296.318	296.326	296.336	296.346	296.354	296.369	296.384	296.4	296.41	296.42	296.437	296.443	296.452	296.456	296.462	296.478	296.485	296.492	296.501	296.511	296.515	296.519	296.523	296.535	296.541	296.56	296.567	296.559	296.558	296.554	296.551	296.545	296.54	296.538	296.528	296.519	296.511	296.505	296.506	296.508	296.512	296.511	296.509	296.502	296.491	296.476	296.469	296.461	296.464	296.458	296.455	296.458	296.457	296.453	296.454	296.447	296.443	296.441	296.434	296.434	296.434	296.431	296.432	296.429	296.425	296.426	296.419	296.414	296.415	296.412	296.409	296.406	296.402	296.393	296.381	296.365	296.342	296.331	296.317	296.306	296.298	296.291	296.284	296.281	296.275	296.267	296.257	296.242	296.226	296.221	296.213	296.207	296.204	296.202	296.199	296.199	296.185	296.176	296.169	296.158	296.148	296.141	296.124	296.111	296.099	296.088	296.078	296.065	296.049	296.039	296.024	296.007	296	295.986	295.976	295.969	295.961	295.952	295.945	295.936	295.923	295.914	295.901	295.892	295.881
295.925	295.954	295.976	296.001	296.015	296.022	296.027	296.03	296.035	296.049	296.063	296.084	296.105	296.125	296.133	296.149	296.16	296.182	296.196	296.215	296.228	296.24	296.257	296.264	296.271	296.278	296.283	296.286	296.297	296.298	296.306	296.313	296.329	296.339	296.342	296.351	296.355	296.359	296.363	296.372	296.37	296.367	296.369	296.364	296.354	296.356	296.346	296.338	296.334	296.342	296.341	296.348	296.351	296.346	296.337	296.331	296.324	296.307	296.299	296.289	296.293	296.294	296.29	296.287	296.29	296.281	296.28	296.275	296.27	296.272	296.271	296.273	296.273	296.279	296.28	296.278	296.273	296.274	296.272	296.271	296.27	296.264	296.266	296.26	296.256	296.25	296.235	296.224	296.208	296.192	296.175	296.163	296.148	296.144	296.13	296.123	296.118	296.109	296.099	296.09	296.07	296.062	296.051	296.043	296.034	296.034	296.026	296.026	296.018	296.014	296.008	296.003	295.984	295.982	295.964	295.953	295.947	295.938	295.931	295.922	295.908	295.895	295.881	295.866	295.86	295.848	295.845	295.838	295.83	295.823	295.817	295.809	295.791	295.78	295.767	295.757	295.748
295.712	295.742	295.774	295.786	295.804	295.82	295.825	295.829	295.831	295.836	295.86	295.874	295.89	295.912	295.932	295.946	295.958	295.981	295.998	296.013	296.028	296.038	296.059	296.071	296.072	296.079	296.089	296.084	296.093	296.095	296.104	296.114	296.125	296.144	296.153	296.154	296.159	296.158	296.156	296.164	296.17	296.173	296.178	296.176	296.166	296.154	296.152	296.15	296.153	296.16	296.17	296.171	296.172	296.177	296.168	296.156	296.148	296.136	296.127	296.117	296.109	296.112	296.112	296.11	296.109	296.102	296.102	296.102	296.1	296.098	296.095	296.098	296.104	296.108	296.112	296.108	296.11	296.109	296.103	296.106	296.107	296.099	296.103	296.097	296.095	296.086	296.074	296.061	296.051	296.029	296.019	296.005	295.993	295.986	295.978	295.966	295.956	295.946	295.933	295.925	295.918	295.9	295.894	295.881	295.87	295.866	295.864	295.86	295.867	295.861	295.853	295.849	295.84	295.83	295.813	295.801	295.794	295.786	295.775	295.769	295.758	295.745	295.73	295.718	295.71	295.698	295.696	295.689	295.681	295.676	295.659	295.651	295.638	295.627	295.617	295.608	295.604
295.5	295.528	295.559	295.584	295.594	295.606	295.609	295.612	295.62	295.622	295.642	295.657	295.682	295.701	295.714	295.741	295.767	295.777	295.797	295.816	295.834	295.853	295.859	295.874	295.872	295.879	295.888	295.888	295.893	295.89	295.901	295.912	295.918	295.926	295.941	295.942	295.94	295.941	295.944	295.951	295.96	295.972	295.971	295.969	295.965	295.954	295.955	295.96	295.96	295.967	295.98	295.99	295.985	295.99	295.985	295.975	295.972	295.964	295.953	295.952	295.944	295.941	295.938	295.93	295.925	295.92	295.914	295.912	295.915	295.918	295.919	295.919	295.923	295.929	295.935	295.938	295.935	295.936	295.934	295.931	295.931	295.927	295.927	295.926	295.919	295.914	295.907	295.892	295.876	295.868	295.856	295.844	295.832	295.822	295.819	295.806	295.79	295.783	295.773	295.755	295.75	295.736	295.719	295.705	295.69	295.676	295.681	295.676	295.682	295.689	295.685	295.68	295.672	295.66	295.645	295.633	295.621	295.616	295.611	295.6	295.59	295.581	295.567	295.554	295.546	295.539	295.532	295.525	295.521	295.519	295.505	295.499	295.483	295.475	295.47	295.459	295.452
295.296	295.319	295.339	295.361	295.37	295.392	295.398	295.408	295.416	295.426	295.443	295.451	295.471	295.49	295.505	295.52	295.545	295.564	295.592	295.602	295.614	295.639	295.64	295.659	295.667	295.672	295.677	295.677	295.688	295.694	295.693	295.696	295.705	295.712	295.718	295.72	295.716	295.719	295.729	295.745	295.753	295.775	295.777	295.771	295.763	295.753	295.756	295.752	295.765	295.773	295.777	295.786	295.798	295.796	295.793	295.79	295.79	295.801	295.794	295.788	295.773	295.762	295.753	295.744	295.738	295.737	295.732	295.734	295.733	295.735	295.735	295.736	295.742	295.747	295.749	295.748	295.743	295.747	295.748	295.747	295.749	295.756	295.747	295.751	295.736	295.724	295.713	295.704	295.696	295.692	295.678	295.672	295.67	295.659	295.638	295.632	295.616	295.606	295.596	295.583	295.574	295.566	295.541	295.525	295.514	295.5	295.499	295.508	295.512	295.518	295.52	295.515	295.507	295.492	295.476	295.464	295.454	295.446	295.44	295.431	295.425	295.419	295.413	295.402	295.394	295.381	295.373	295.365	295.356	295.346	295.337	295.336	295.326	295.318	295.309	295.295	295.287
295.081	295.106	295.128	295.147	295.147	295.17	295.182	295.194	295.202	295.205	295.227	295.246	295.255	295.276	295.297	295.314	295.335	295.345	295.373	295.392	295.411	295.428	295.437	295.444	295.449	295.456	295.469	295.476	295.473	295.481	295.483	295.483	295.487	295.485	295.483	295.487	295.491	295.495	295.505	295.523	295.536	295.548	295.559	295.561	295.554	295.55	295.559	295.55	295.558	295.566	295.566	295.568	295.578	295.58	295.585	295.589	295.591	295.597	295.598	295.596	295.589	295.577	295.569	295.561	295.558	295.549	295.544	295.547	295.549	295.553	295.559	295.555	295.559	295.559	295.554	295.553	295.561	295.554	295.557	295.557	295.557	295.559	295.548	295.543	295.537	295.526	295.514	295.505	295.497	295.493	295.491	295.485	295.481	295.478	295.471	295.46	295.45	295.429	295.409	295.398	295.377	295.377	295.361	295.339	295.322	295.314	295.311	295.321	295.326	295.331	295.332	295.326	295.32	295.311	295.297	295.285	295.277	295.266	295.25	295.245	295.238	295.231	295.225	295.217	295.209	295.199	295.194	295.19	295.187	295.182	295.173	295.164	295.156	295.147	295.139	295.134	295.121
294.86	294.872	294.886	294.911	294.92	294.938	294.951	294.968	294.994	295.008	295.017	295.039	295.05	295.066	295.084	295.098	295.124	295.134	295.147	295.165	295.182	295.195	295.208	295.222	295.227	295.23	295.238	295.244	295.251	295.255	295.264	295.261	295.254	295.249	295.258	295.252	295.261	295.268	295.279	295.293	295.307	295.322	295.329	295.331	295.333	295.331	295.329	295.334	295.335	295.336	295.343	295.351	295.355	295.359	295.357	295.367	295.384	295.393	295.4	295.399	295.394	295.384	295.37	295.359	295.355	295.357	295.357	295.357	295.36	295.36	295.364	295.363	295.362	295.365	295.366	295.361	295.365	295.36	295.368	295.367	295.362	295.357	295.363	295.347	295.335	295.324	295.314	295.308	295.309	295.302	295.303	295.298	295.296	295.29	295.288	295.261	295.257	295.244	295.225	295.216	295.195	295.183	295.169	295.152	295.136	295.128	295.124	295.125	295.131	295.141	295.143	295.14	295.132	295.118	295.109	295.095	295.081	295.07	295.056	295.053	295.049	295.046	295.044	295.039	295.032	295.026	295.022	295.018	295.011	295.007	295.011	295.002	294.995	294.982	294.967	294.959	294.951
294.629	294.643	294.656	294.678	294.693	294.712	294.731	294.742	294.759	294.783	294.793	294.815	294.83	294.848	294.871	294.889	294.905	294.925	294.937	294.951	294.966	294.982	294.993	294.996	295.006	295.01	295.012	295.015	295.026	295.026	295.034	295.037	295.034	295.027	295.029	295.028	295.038	295.047	295.062	295.071	295.078	295.087	295.089	295.092	295.093	295.105	295.099	295.107	295.113	295.116	295.119	295.124	295.126	295.14	295.141	295.151	295.165	295.171	295.185	295.182	295.175	295.166	295.161	295.155	295.15	295.154	295.156	295.161	295.161	295.164	295.157	295.164	295.163	295.166	295.169	295.163	295.174	295.175	295.171	295.167	295.168	295.164	295.156	295.144	295.135	295.124	295.116	295.111	295.111	295.108	295.102	295.105	295.101	295.087	295.085	295.071	295.066	295.055	295.034	295.022	295.008	294.996	294.98	294.961	294.949	294.931	294.924	294.926	294.932	294.939	294.938	294.935	294.932	294.914	294.907	294.896	294.881	294.875	294.859	294.85	294.849	294.85	294.85	294.843	294.842	294.835	294.828	294.827	294.823	294.82	294.823	294.815	294.807	294.796	294.787	294.777	294.768
294.414	294.425	294.44	294.457	294.474	294.485	294.509	294.521	294.542	294.561	294.581	294.6	294.611	294.623	294.643	294.671	294.686	294.706	294.717	294.731	294.738	294.75	294.755	294.76	294.764	294.77	294.772	294.78	294.787	294.796	294.803	294.805	294.806	294.802	294.798	294.81	294.817	294.819	294.833	294.847	294.852	294.851	294.854	294.85	294.851	294.86	294.87	294.874	294.881	294.887	294.889	294.903	294.909	294.922	294.927	294.936	294.943	294.95	294.967	294.964	294.959	294.953	294.948	294.945	294.945	294.952	294.965	294.968	294.965	294.967	294.958	294.959	294.959	294.967	294.969	294.974	294.979	294.984	294.987	294.983	294.979	294.975	294.958	294.951	294.938	294.929	294.921	294.919	294.913	294.915	294.906	294.904	294.897	294.885	294.881	294.872	294.862	294.86	294.845	294.834	294.819	294.806	294.785	294.768	294.753	294.736	294.725	294.718	294.72	294.729	294.728	294.722	294.719	294.701	294.696	294.684	294.68	294.669	294.657	294.658	294.656	294.657	294.655	294.655	294.651	294.647	294.641	294.636	294.634	294.629	294.631	294.633	294.625	294.614	294.604	294.596	294.586
