299.688	299.691	299.693	299.693	299.692	299.685	299.681	299.681	299.677	299.674	299.673	299.67	299.671	299.669	299.667	299.667	299.669	299.665	299.664	299.662	299.659	299.662	299.662	299.66	299.657	299.659	299.661	299.653	299.655	299.649	299.654	299.649	299.646	299.647	299.648	299.641	299.64	299.63	299.635	299.633	299.63	299.63	299.634	299.635	299.628	299.625	299.622	299.624	299.621	299.624	299.622	299.622	299.622	299.615	299.614	299.608	299.607	299.605	299.607	299.609	299.608	299.611	299.612	299.61	299.607	299.603	299.601	299.599	299.592	299.584	299.583	299.577	299.571	299.568	299.569	299.567	299.568	299.561	299.556	299.552	299.542	299.534	299.53	299.525	299.525	299.52	299.515	299.51	299.506	299.5	299.499	299.495	299.494	299.493	299.494	299.492	299.491	299.485	299.477	299.474	299.466	299.459	299.459	299.458	299.458	299.459	299.458	299.46	299.457	299.457	299.456	299.457	299.458	299.456	299.454	299.451	299.445	299.441	299.44	299.435	299.434	299.431	299.427	299.423	299.418	299.414	299.411	299.404	299.404	299.395	299.393	299.391	299.378	299.369	299.362	299.349	299.343
299.692	299.695	299.697	299.694	299.695	299.688	299.685	299.685	299.684	299.68	299.678	299.678	299.678	299.679	299.677	299.674	299.674	299.673	299.67	299.667	299.665	299.673	299.668	299.663	299.671	299.672	299.668	299.659	299.657	299.656	299.659	299.657	299.651	299.65	299.65	299.646	299.641	299.637	299.635	299.634	299.636	299.634	299.634	299.633	299.633	299.629	299.624	299.627	299.626	299.628	299.625	299.623	299.622	299.618	299.618	299.604	299.611	299.608	299.61	299.611	299.611	299.615	299.616	299.611	299.608	299.607	299.603	299.602	299.595	299.589	299.589	299.58	299.577	299.57	299.571	299.57	299.563	299.555	299.549	299.545	299.541	299.534	299.526	299.525	299.521	299.515	299.509	299.507	299.503	299.501	299.501	299.496	299.498	299.496	299.493	299.491	299.485	299.479	299.475	299.47	299.465	299.462	299.462	299.459	299.46	299.46	299.459	299.458	299.455	299.456	299.455	299.456	299.454	299.451	299.448	299.445	299.442	299.434	299.433	299.43	299.428	299.425	299.422	299.418	299.412	299.408	299.405	299.4	299.394	299.388	299.382	299.378	299.37	299.361	299.353	299.34	299.332
299.701	299.698	299.694	299.698	299.698	299.696	299.692	299.688	299.69	299.688	299.684	299.683	299.683	299.684	299.687	299.683	299.679	299.683	299.679	299.679	299.675	299.676	299.668	299.671	299.677	299.678	299.672	299.668	299.661	299.665	299.662	299.658	299.658	299.656	299.654	299.65	299.642	299.642	299.639	299.642	299.641	299.639	299.637	299.635	299.627	299.626	299.626	299.627	299.625	299.628	299.628	299.625	299.622	299.623	299.622	299.611	299.613	299.61	299.611	299.612	299.61	299.611	299.611	299.61	299.606	299.605	299.6	299.601	299.596	299.59	299.586	299.58	299.578	299.568	299.571	299.564	299.556	299.552	299.545	299.538	299.536	299.531	299.524	299.52	299.514	299.509	299.505	299.503	299.5	299.503	299.5	299.494	299.498	299.493	299.49	299.485	299.478	299.473	299.471	299.467	299.463	299.461	299.46	299.457	299.456	299.457	299.456	299.455	299.452	299.451	299.449	299.452	299.448	299.446	299.443	299.436	299.433	299.427	299.422	299.422	299.418	299.416	299.412	299.409	299.405	299.401	299.393	299.39	299.379	299.382	299.371	299.365	299.355	299.342	299.334	299.327	299.319
299.694	299.696	299.695	299.696	299.692	299.691	299.691	299.691	299.688	299.686	299.684	299.683	299.685	299.681	299.685	299.69	299.687	299.686	299.681	299.687	299.68	299.678	299.679	299.676	299.675	299.675	299.673	299.67	299.656	299.659	299.662	299.659	299.661	299.658	299.651	299.65	299.646	299.644	299.641	299.642	299.641	299.638	299.633	299.63	299.626	299.63	299.622	299.624	299.625	299.625	299.623	299.622	299.621	299.617	299.613	299.613	299.61	299.606	299.607	299.606	299.609	299.611	299.603	299.609	299.592	299.597	299.594	299.592	299.587	299.584	299.583	299.576	299.571	299.563	299.562	299.555	299.551	299.544	299.536	299.534	299.528	299.519	299.516	299.511	299.508	299.506	299.502	299.5	299.501	299.496	299.494	299.495	299.488	299.487	299.482	299.478	299.473	299.469	299.466	299.463	299.463	299.462	299.458	299.458	299.455	299.453	299.452	299.451	299.449	299.448	299.442	299.445	299.44	299.438	299.435	299.427	299.422	299.419	299.414	299.411	299.406	299.405	299.401	299.394	299.387	299.382	299.371	299.373	299.363	299.359	299.351	299.344	299.333	299.323	299.313	299.304	299.293
299.704	299.692	299.685	299.688	299.692	299.696	299.697	299.695	299.695	299.69	299.693	299.681	299.686	299.682	299.685	299.689	299.691	299.697	299.693	299.684	299.684	299.68	299.675	299.673	299.677	299.68	299.67	299.661	299.672	299.662	299.663	299.656	299.654	299.654	299.652	299.65	299.644	299.64	299.642	299.643	299.644	299.64	299.634	299.629	299.63	299.624	299.618	299.624	299.623	299.622	299.623	299.621	299.619	299.62	299.615	299.605	299.605	299.605	299.605	299.601	299.603	299.604	299.596	299.599	299.587	299.589	299.583	299.579	299.578	299.576	299.571	299.563	299.556	299.556	299.551	299.544	299.543	299.534	299.529	299.525	299.518	299.513	299.509	299.503	299.5	299.496	299.495	299.494	299.492	299.488	299.486	299.482	299.475	299.477	299.471	299.466	299.464	299.461	299.459	299.458	299.454	299.456	299.456	299.45	299.448	299.448	299.445	299.442	299.437	299.437	299.432	299.429	299.428	299.425	299.422	299.418	299.414	299.406	299.403	299.397	299.395	299.387	299.384	299.377	299.365	299.36	299.349	299.347	299.341	299.331	299.328	299.32	299.308	299.299	299.293	299.281	299.278
299.695	299.689	299.695	299.69	299.687	299.688	299.69	299.692	299.691	299.684	299.687	299.682	299.685	299.687	299.693	299.7	299.699	299.697	299.695	299.687	299.685	299.678	299.675	299.674	299.672	299.67	299.673	299.666	299.661	299.653	299.655	299.655	299.655	299.655	299.651	299.646	299.646	299.641	299.643	299.64	299.638	299.636	299.634	299.631	299.625	299.62	299.627	299.619	299.617	299.618	299.62	299.619	299.612	299.605	299.604	299.596	299.603	299.595	299.595	299.596	299.594	299.591	299.59	299.584	299.577	299.574	299.57	299.573	299.569	299.563	299.56	299.557	299.552	299.538	299.536	299.532	299.527	299.523	299.52	299.514	299.509	299.507	299.493	299.495	299.492	299.49	299.49	299.486	299.482	299.483	299.478	299.474	299.476	299.471	299.468	299.463	299.459	299.457	299.459	299.458	299.456	299.451	299.451	299.448	299.446	299.443	299.438	299.437	299.434	299.426	299.428	299.422	299.42	299.415	299.408	299.403	299.401	299.398	299.397	299.383	299.381	299.368	299.36	299.353	299.344	299.341	299.332	299.318	299.315	299.31	299.302	299.295	299.285	299.277	299.268	299.253	299.244
299.703	299.69	299.688	299.69	299.695	299.698	299.701	299.701	299.698	299.696	299.689	299.695	299.694	299.692	299.693	299.701	299.706	299.707	299.702	299.698	299.684	299.681	299.676	299.678	299.677	299.675	299.678	299.668	299.664	299.669	299.663	299.657	299.655	299.654	299.652	299.652	299.649	299.642	299.641	299.643	299.645	299.641	299.634	299.629	299.629	299.629	299.619	299.618	299.623	299.62	299.616	299.618	299.618	299.609	299.605	299.595	299.595	299.594	299.591	299.59	299.585	299.582	299.581	299.572	299.571	299.569	299.567	299.561	299.558	299.558	299.555	299.542	299.539	299.53	299.529	299.524	299.521	299.517	299.513	299.507	299.503	299.496	299.489	299.488	299.484	299.482	299.48	299.479	299.478	299.473	299.47	299.47	299.466	299.465	299.465	299.462	299.458	299.456	299.453	299.447	299.449	299.445	299.444	299.441	299.438	299.434	299.431	299.426	299.423	299.417	299.414	299.412	299.407	299.402	299.397	299.39	299.386	299.373	299.367	299.36	299.357	299.353	299.347	299.337	299.327	299.316	299.306	299.304	299.292	299.286	299.274	299.269	299.263	299.253	299.243	299.238	299.224
299.698	299.695	299.692	299.693	299.697	299.695	299.698	299.7	299.694	299.703	299.692	299.697	299.695	299.701	299.706	299.707	299.705	299.705	299.7	299.699	299.689	299.689	299.68	299.676	299.676	299.676	299.668	299.67	299.667	299.663	299.659	299.656	299.658	299.655	299.65	299.65	299.643	299.644	299.643	299.636	299.637	299.638	299.635	299.63	299.627	299.626	299.619	299.623	299.611	299.616	299.617	299.614	299.607	299.601	299.598	299.593	299.588	299.589	299.584	299.58	299.576	299.57	299.563	299.563	299.558	299.554	299.554	299.552	299.55	299.547	299.542	299.535	299.53	299.522	299.519	299.511	299.511	299.507	299.502	299.499	299.493	299.485	299.482	299.477	299.477	299.477	299.471	299.47	299.469	299.464	299.465	299.462	299.461	299.464	299.46	299.456	299.454	299.451	299.448	299.447	299.441	299.439	299.436	299.434	299.43	299.427	299.424	299.418	299.413	299.411	299.402	299.4	299.391	299.381	299.372	299.365	299.359	299.352	299.344	299.342	299.328	299.327	299.318	299.31	299.304	299.296	299.283	299.275	299.264	299.258	299.25	299.24	299.234	299.229	299.22	299.21	299.2
299.698	299.695	299.693	299.694	299.699	299.699	299.702	299.704	299.701	299.703	299.697	299.706	299.704	299.698	299.704	299.707	299.706	299.706	299.7	299.694	299.69	299.685	299.689	299.68	299.672	299.667	299.67	299.669	299.663	299.662	299.661	299.654	299.654	299.649	299.645	299.644	299.641	299.639	299.637	299.636	299.634	299.632	299.626	299.623	299.622	299.62	299.613	299.616	299.607	299.606	299.608	299.605	299.598	299.597	299.588	299.586	299.581	299.58	299.576	299.572	299.565	299.559	299.555	299.552	299.546	299.544	299.541	299.538	299.537	299.533	299.526	299.524	299.517	299.511	299.511	299.506	299.501	299.497	299.494	299.49	299.484	299.478	299.472	299.47	299.469	299.466	299.462	299.458	299.456	299.452	299.452	299.447	299.449	299.449	299.449	299.446	299.444	299.44	299.435	299.434	299.428	299.429	299.425	299.422	299.417	299.411	299.405	299.404	299.394	299.387	299.375	299.371	299.364	299.354	299.349	299.341	299.33	299.325	299.31	299.307	299.3	299.295	299.288	299.283	299.277	299.266	299.258	299.246	299.24	299.229	299.221	299.213	299.205	299.199	299.193	299.182	299.179
299.698	299.692	299.695	299.695	299.699	299.701	299.704	299.703	299.703	299.703	299.7	299.704	299.71	299.707	299.707	299.709	299.7	299.693	299.692	299.683	299.688	299.68	299.68	299.675	299.667	299.664	299.662	299.66	299.657	299.658	299.654	299.648	299.651	299.646	299.641	299.638	299.638	299.632	299.632	299.628	299.627	299.624	299.618	299.616	299.613	299.612	299.605	299.6	299.603	299.598	299.594	299.591	299.586	299.582	299.578	299.573	299.571	299.568	299.566	299.559	299.552	299.548	299.545	299.538	299.533	299.531	299.527	299.524	299.522	299.517	299.511	299.508	299.504	299.504	299.498	299.495	299.49	299.486	299.482	299.477	299.471	299.468	299.458	299.461	299.459	299.457	299.455	299.452	299.447	299.443	299.439	299.434	299.436	299.432	299.432	299.427	299.425	299.426	299.423	299.419	299.415	299.414	299.412	299.408	299.406	299.397	299.387	299.38	299.365	299.351	299.347	299.337	299.332	299.323	299.316	299.31	299.301	299.293	299.284	299.277	299.271	299.265	299.256	299.25	299.247	299.238	299.231	299.217	299.212	299.202	299.193	299.187	299.179	299.169	299.164	299.155	299.153
299.696	299.692	299.694	299.696	299.697	299.697	299.702	299.701	299.701	299.7	299.703	299.702	299.71	299.709	299.707	299.704	299.696	299.684	299.684	299.671	299.679	299.674	299.675	299.668	299.662	299.659	299.655	299.651	299.65	299.65	299.645	299.647	299.649	299.64	299.633	299.631	299.63	299.626	299.628	299.62	299.617	299.613	299.607	299.604	299.6	299.595	299.597	299.588	299.591	299.583	299.579	299.577	299.571	299.568	299.568	299.559	299.56	299.556	299.55	299.543	299.538	299.533	299.529	299.523	299.521	299.512	299.511	299.509	299.507	299.501	299.497	299.491	299.49	299.488	299.482	299.481	299.477	299.471	299.467	299.462	299.458	299.454	299.449	299.45	299.45	299.45	299.448	299.442	299.437	299.433	299.428	299.423	299.42	299.415	299.416	299.41	299.407	299.409	299.405	299.402	299.399	299.392	299.391	299.387	299.382	299.375	299.363	299.348	299.336	299.321	299.317	299.306	299.303	299.292	299.283	299.278	299.268	299.261	299.256	299.246	299.239	299.234	299.227	299.219	299.216	299.21	299.202	299.191	299.182	299.175	299.165	299.159	299.152	299.144	299.137	299.129	299.123
299.692	299.689	299.693	299.699	299.695	299.698	299.701	299.699	299.699	299.695	299.699	299.706	299.707	299.706	299.703	299.699	299.691	299.679	299.676	299.666	299.668	299.666	299.667	299.662	299.656	299.651	299.645	299.646	299.639	299.642	299.641	299.642	299.636	299.626	299.622	299.623	299.62	299.616	299.615	299.612	299.608	299.605	299.597	299.592	299.589	299.579	299.583	299.576	299.575	299.57	299.566	299.564	299.562	299.558	299.553	299.546	299.546	299.542	299.535	299.53	299.525	299.518	299.513	299.507	299.506	299.498	299.497	299.494	299.492	299.487	299.479	299.476	299.47	299.466	299.466	299.463	299.457	299.455	299.45	299.449	299.446	299.44	299.44	299.437	299.438	299.438	299.434	299.429	299.424	299.419	299.415	299.405	299.402	299.395	299.393	299.387	299.383	299.378	299.367	299.363	299.356	299.351	299.348	299.345	299.342	299.334	299.329	299.313	299.307	299.29	299.285	299.275	299.271	299.262	299.253	299.244	299.236	299.228	299.22	299.214	299.206	299.204	299.199	299.19	299.184	299.18	299.169	299.167	299.155	299.149	299.139	299.13	299.125	299.115	299.108	299.102	299.093
299.679	299.682	299.689	299.694	299.697	299.694	299.694	299.69	299.69	299.694	299.689	299.697	299.701	299.704	299.701	299.694	299.684	299.673	299.662	299.662	299.659	299.654	299.657	299.652	299.649	299.645	299.637	299.639	299.628	299.638	299.628	299.627	299.624	299.621	299.617	299.609	299.61	299.605	299.6	299.601	299.595	299.59	299.584	299.58	299.578	299.571	299.562	299.562	299.564	299.56	299.552	299.546	299.546	299.543	299.531	299.534	299.529	299.526	299.521	299.514	299.507	299.502	299.499	299.49	299.485	299.484	299.479	299.476	299.476	299.472	299.463	299.457	299.453	299.449	299.447	299.438	299.439	299.437	299.434	299.431	299.431	299.425	299.425	299.422	299.421	299.418	299.416	299.415	299.41	299.402	299.401	299.384	299.377	299.368	299.356	299.351	299.344	299.337	299.332	299.327	299.313	299.32	299.305	299.308	299.305	299.3	299.294	299.284	299.276	299.262	299.256	299.244	299.235	299.227	299.218	299.21	299.201	299.199	299.189	299.187	299.176	299.169	299.166	299.159	299.156	299.152	299.138	299.136	299.126	299.121	299.113	299.105	299.096	299.085	299.074	299.072	299.066
299.671	299.682	299.685	299.687	299.691	299.69	299.694	299.694	299.684	299.689	299.686	299.69	299.692	299.693	299.693	299.687	299.678	299.674	299.661	299.648	299.65	299.65	299.65	299.646	299.644	299.64	299.634	299.632	299.626	299.629	299.621	299.623	299.62	299.609	299.604	299.6	299.596	299.594	299.592	299.589	299.581	299.577	299.574	299.567	299.557	299.558	299.552	299.551	299.545	299.541	299.541	299.538	299.531	299.526	299.52	299.522	299.51	299.513	299.506	299.501	299.496	299.489	299.482	299.476	299.472	299.465	299.464	299.461	299.458	299.453	299.448	299.441	299.433	299.429	299.422	299.425	299.425	299.423	299.422	299.418	299.415	299.412	299.407	299.405	299.402	299.397	299.393	299.388	299.382	299.379	299.366	299.355	299.339	299.326	299.322	299.313	299.305	299.298	299.29	299.284	299.269	299.277	299.269	299.269	299.264	299.257	299.253	299.247	299.241	299.234	299.22	299.211	299.206	299.194	299.186	299.179	299.169	299.165	299.157	299.152	299.151	299.144	299.138	299.13	299.121	299.116	299.109	299.102	299.098	299.092	299.083	299.074	299.065	299.057	299.05	299.037	299.034
299.666	299.667	299.668	299.677	299.683	299.679	299.679	299.682	299.675	299.676	299.672	299.682	299.686	299.688	299.688	299.684	299.675	299.662	299.66	299.649	299.647	299.641	299.641	299.638	299.634	299.63	299.628	299.624	299.617	299.616	299.614	299.611	299.605	299.603	299.603	299.598	299.586	299.577	299.575	299.57	299.572	299.564	299.558	299.556	299.55	299.541	299.532	299.531	299.534	299.529	299.522	299.516	299.512	299.511	299.504	299.497	299.493	299.495	299.487	299.483	299.478	299.471	299.465	299.459	299.457	299.45	299.449	299.448	299.443	299.438	299.433	299.426	299.416	299.413	299.407	299.408	299.404	299.403	299.405	299.402	299.395	299.391	299.38	299.378	299.371	299.364	299.361	299.354	299.35	299.35	299.334	299.329	299.317	299.299	299.291	299.279	299.276	299.272	299.257	299.257	299.247	299.238	299.238	299.235	299.23	299.229	299.227	299.22	299.215	299.204	299.197	299.185	299.175	299.163	299.153	299.148	299.141	299.136	299.137	299.127	299.12	299.113	299.105	299.099	299.092	299.082	299.078	299.07	299.067	299.062	299.056	299.048	299.036	299.023	299.017	299.008	299.004
299.665	299.662	299.669	299.671	299.672	299.678	299.68	299.676	299.68	299.677	299.674	299.675	299.677	299.685	299.681	299.679	299.678	299.666	299.659	299.649	299.648	299.643	299.638	299.635	299.629	299.625	299.622	299.612	299.611	299.609	299.608	299.604	299.604	299.604	299.594	299.583	299.583	299.571	299.571	299.56	299.556	299.552	299.547	299.542	299.534	299.528	299.526	299.517	299.516	299.515	299.511	299.508	299.505	299.499	299.491	299.49	299.485	299.478	299.475	299.469	299.463	299.457	299.456	299.447	299.443	299.442	299.438	299.432	299.431	299.426	299.419	299.413	299.404	299.398	299.391	299.389	299.39	299.39	299.384	299.378	299.377	299.365	299.359	299.351	299.346	299.334	299.326	299.321	299.317	299.311	299.309	299.292	299.282	299.273	299.265	299.256	299.247	299.239	299.231	299.223	299.214	299.215	299.212	299.206	299.201	299.195	299.188	299.186	299.183	299.171	299.169	299.157	299.146	299.137	299.127	299.119	299.114	299.109	299.101	299.101	299.093	299.087	299.078	299.069	299.062	299.052	299.048	299.043	299.04	299.036	299.028	299.019	299.011	299.001	298.985	298.973	298.959
299.661	299.647	299.654	299.66	299.662	299.668	299.669	299.669	299.669	299.664	299.667	299.675	299.671	299.678	299.675	299.672	299.669	299.659	299.658	299.646	299.645	299.64	299.634	299.627	299.62	299.613	299.606	299.602	299.599	299.595	299.596	299.596	299.59	299.588	299.589	299.584	299.573	299.554	299.554	299.551	299.545	299.543	299.537	299.529	299.521	299.514	299.508	299.507	299.503	299.501	299.497	299.493	299.488	299.482	299.479	299.472	299.467	299.465	299.459	299.452	299.447	299.443	299.436	299.433	299.432	299.424	299.425	299.419	299.415	299.409	299.404	299.4	299.387	299.377	299.374	299.367	299.363	299.357	299.351	299.349	299.344	299.333	299.333	299.323	299.313	299.307	299.295	299.29	299.286	299.276	299.277	299.261	299.258	299.244	299.237	299.235	299.226	299.216	299.211	299.2	299.193	299.191	299.182	299.18	299.175	299.169	299.165	299.162	299.155	299.148	299.137	299.129	299.118	299.106	299.098	299.092	299.087	299.084	299.075	299.073	299.061	299.056	299.048	299.039	299.031	299.024	299.019	299.014	299.013	299.007	299.002	298.985	298.97	298.955	298.937	298.927	298.915
299.643	299.639	299.639	299.646	299.653	299.657	299.661	299.661	299.664	299.663	299.659	299.659	299.661	299.661	299.663	299.661	299.655	299.647	299.643	299.639	299.639	299.634	299.629	299.621	299.613	299.604	299.595	299.591	299.583	299.585	299.582	299.587	299.582	299.58	299.579	299.564	299.552	299.548	299.539	299.536	299.533	299.528	299.522	299.514	299.512	299.505	299.495	299.494	299.491	299.489	299.485	299.481	299.477	299.471	299.465	299.458	299.454	299.451	299.443	299.437	299.435	299.43	299.424	299.419	299.416	299.409	299.409	299.403	299.398	299.392	299.383	299.374	299.364	299.36	299.347	299.344	299.337	299.334	299.327	299.323	299.315	299.309	299.303	299.296	299.286	299.278	299.269	299.259	299.251	299.243	299.238	299.229	299.224	299.217	299.21	299.206	299.199	299.191	299.183	299.173	299.167	299.162	299.157	299.151	299.146	299.138	299.134	299.127	299.119	299.117	299.106	299.098	299.09	299.078	299.071	299.068	299.057	299.054	299.045	299.042	299.033	299.024	299.017	299.011	299.004	298.994	298.985	298.973	298.971	298.96	298.952	298.937	298.925	298.909	298.898	298.887	298.873
299.631	299.624	299.625	299.626	299.634	299.641	299.645	299.646	299.645	299.65	299.646	299.646	299.652	299.649	299.647	299.646	299.642	299.637	299.627	299.623	299.623	299.622	299.617	299.607	299.598	299.591	299.58	299.576	299.565	299.571	299.567	299.569	299.569	299.565	299.562	299.55	299.539	299.534	299.522	299.521	299.517	299.515	299.508	299.504	299.498	299.494	299.488	299.485	299.478	299.476	299.471	299.467	299.465	299.459	299.454	299.449	299.442	299.436	299.43	299.426	299.422	299.416	299.411	299.403	299.396	299.392	299.382	299.374	299.368	299.36	299.353	299.345	299.337	299.336	299.322	299.318	299.312	299.302	299.298	299.292	299.285	299.28	299.267	299.266	299.259	299.251	299.245	299.234	299.224	299.218	299.207	299.204	299.195	299.191	299.185	299.177	299.17	299.165	299.156	299.15	299.144	299.136	299.131	299.125	299.122	299.114	299.104	299.098	299.092	299.084	299.079	299.068	299.062	299.055	299.048	299.041	299.031	299.026	299.017	299.012	299.004	298.994	298.982	298.972	298.96	298.946	298.939	298.924	298.919	298.909	298.901	298.889	298.877	298.867	298.857	298.845	298.832
299.614	299.602	299.61	299.609	299.615	299.621	299.624	299.627	299.627	299.63	299.629	299.632	299.634	299.632	299.629	299.622	299.619	299.616	299.607	299.605	299.604	299.603	299.6	299.59	299.583	299.576	299.565	299.562	299.551	299.552	299.55	299.55	299.549	299.544	299.54	299.535	299.523	299.512	299.509	299.507	299.5	299.498	299.495	299.491	299.487	299.482	299.477	299.472	299.467	299.461	299.456	299.454	299.451	299.448	299.442	299.435	299.43	299.423	299.417	299.413	299.412	299.404	299.397	299.383	299.369	299.365	299.355	299.35	299.343	299.334	299.327	299.32	299.311	299.306	299.299	299.292	299.284	299.274	299.269	299.263	299.251	299.247	299.238	299.233	299.227	299.219	299.214	299.207	299.196	299.19	299.179	299.177	299.169	299.163	299.156	299.149	299.143	299.137	299.13	299.124	299.116	299.11	299.104	299.095	299.091	299.084	299.074	299.067	299.063	299.053	299.054	299.043	299.038	299.03	299.021	299.013	299.004	298.995	298.982	298.974	298.96	298.95	298.939	298.93	298.918	298.905	298.897	298.879	298.868	298.859	298.848	298.839	298.833	298.824	298.815	298.804	298.793
299.591	299.585	299.594	299.592	299.595	299.602	299.604	299.605	299.612	299.61	299.609	299.612	299.611	299.61	299.604	299.599	299.593	299.588	299.583	299.582	299.581	299.579	299.575	299.571	299.565	299.56	299.55	299.545	299.54	299.536	299.535	299.531	299.527	299.522	299.516	299.509	299.505	299.497	299.497	299.489	299.483	299.482	299.48	299.476	299.476	299.472	299.464	299.456	299.451	299.445	299.443	299.44	299.437	299.436	299.431	299.42	299.416	299.41	299.401	299.396	299.394	299.388	299.372	299.362	299.348	299.335	299.331	299.325	299.317	299.308	299.298	299.29	299.283	299.272	299.269	299.259	299.254	299.246	299.241	299.235	299.224	299.212	299.211	299.198	299.198	299.189	299.183	299.177	299.168	299.163	299.153	299.146	299.141	299.134	299.126	299.121	299.116	299.109	299.102	299.093	299.085	299.079	299.07	299.062	299.054	299.047	299.043	299.035	299.031	299.024	299.025	299.019	299.014	299.007	298.999	298.983	298.965	298.948	298.936	298.932	298.918	298.91	298.9	298.892	298.883	298.871	298.853	298.839	298.822	298.808	298.8	298.792	298.787	298.783	298.775	298.766	298.757
299.568	299.572	299.567	299.566	299.571	299.579	299.585	299.584	299.583	299.585	299.585	299.588	299.59	299.589	299.577	299.573	299.572	299.563	299.561	299.553	299.555	299.554	299.552	299.546	299.539	299.533	299.53	299.521	299.522	299.517	299.514	299.51	299.504	299.5	299.496	299.487	299.485	299.478	299.474	299.466	299.468	299.468	299.466	299.462	299.459	299.454	299.45	299.44	299.431	299.425	299.423	299.421	299.418	299.415	299.41	299.404	299.392	299.378	299.374	299.367	299.362	299.354	299.34	299.332	299.315	299.306	299.302	299.294	299.287	299.282	299.273	299.258	299.256	299.238	299.236	299.227	299.221	299.212	299.204	299.197	299.192	299.179	299.177	299.162	299.165	299.157	299.152	299.148	299.142	299.133	299.129	299.119	299.109	299.105	299.097	299.092	299.086	299.08	299.075	299.063	299.055	299.049	299.036	299.033	299.024	299.018	299.017	299.007	299.003	298.999	298.99	298.986	298.979	298.967	298.955	298.944	298.926	298.915	298.895	298.886	298.88	298.872	298.863	298.853	298.842	298.83	298.812	298.796	298.78	298.766	298.756	298.748	298.744	298.741	298.735	298.723	298.715
299.539	299.544	299.55	299.56	299.554	299.555	299.562	299.567	299.567	299.566	299.561	299.559	299.557	299.56	299.557	299.552	299.545	299.535	299.537	299.53	299.535	299.531	299.526	299.524	299.517	299.508	299.506	299.495	299.495	299.49	299.489	299.488	299.481	299.474	299.471	299.469	299.462	299.453	299.456	299.455	299.445	299.439	299.441	299.444	299.442	299.435	299.431	299.42	299.412	299.408	299.403	299.398	299.396	299.396	299.383	299.371	299.36	299.344	299.338	299.334	299.328	299.323	299.318	299.303	299.285	299.278	299.266	299.263	299.258	299.252	299.243	299.233	299.223	299.206	299.204	299.197	299.187	299.185	299.18	299.17	299.162	299.148	299.141	299.134	299.128	299.12	299.118	299.117	299.113	299.103	299.093	299.09	299.08	299.074	299.066	299.059	299.053	299.045	299.039	299.031	299.022	299.016	299.005	299	298.99	298.98	298.97	298.961	298.956	298.946	298.949	298.946	298.938	298.926	298.915	298.899	298.879	298.868	298.854	298.846	298.837	298.825	298.818	298.812	298.799	298.787	298.773	298.751	298.735	298.725	298.716	298.711	298.708	298.702	298.695	298.685	298.673
299.524	299.537	299.523	299.524	299.53	299.534	299.537	299.536	299.538	299.538	299.531	299.542	299.536	299.533	299.53	299.525	299.522	299.518	299.511	299.507	299.505	299.505	299.501	299.497	299.493	299.486	299.478	299.474	299.466	299.464	299.46	299.455	299.454	299.452	299.448	299.443	299.436	299.437	299.428	299.421	299.421	299.423	299.42	299.414	299.414	299.413	299.403	299.397	299.379	299.366	299.362	299.362	299.356	299.349	299.343	299.323	299.316	299.307	299.293	299.291	299.292	299.286	299.275	299.267	299.255	299.248	299.235	299.232	299.224	299.217	299.212	299.201	299.187	299.185	299.168	299.167	299.158	299.151	299.143	299.133	299.127	299.12	299.109	299.103	299.095	299.093	299.091	299.085	299.082	299.083	299.068	299.06	299.049	299.043	299.036	299.031	299.025	299.018	299.007	299.003	298.981	298.972	298.967	298.954	298.946	298.94	298.931	298.926	298.919	298.901	298.905	298.891	298.885	298.878	298.866	298.856	298.844	298.824	298.811	298.803	298.794	298.787	298.776	298.762	298.75	298.735	298.722	298.711	298.7	298.69	298.679	298.673	298.668	298.662	298.655	298.649	298.636
299.485	299.513	299.515	299.518	299.518	299.517	299.519	299.52	299.519	299.52	299.515	299.513	299.515	299.516	299.513	299.508	299.503	299.498	299.491	299.494	299.489	299.488	299.487	299.479	299.476	299.471	299.459	299.453	299.441	299.438	299.438	299.433	299.432	299.432	299.427	299.427	299.418	299.416	299.409	299.406	299.397	299.39	299.386	299.382	299.378	299.368	299.359	299.359	299.345	299.34	299.331	299.324	299.32	299.309	299.302	299.289	299.275	299.267	299.264	299.257	299.252	299.248	299.245	299.239	299.218	299.212	299.21	299.2	299.194	299.188	299.18	299.173	299.161	299.158	299.143	299.14	299.132	299.122	299.115	299.108	299.099	299.09	299.078	299.072	299.067	299.06	299.057	299.055	299.048	299.041	299.035	299.029	299.02	299.013	299.008	298.997	298.987	298.976	298.963	298.951	298.943	298.928	298.919	298.909	298.9	298.89	298.88	298.87	298.863	298.858	298.854	298.845	298.841	298.83	298.817	298.806	298.793	298.781	298.774	298.761	298.753	298.744	298.731	298.717	298.707	298.695	298.681	298.67	298.659	298.653	298.65	298.644	298.636	298.63	298.62	298.611	298.602
299.479	299.498	299.496	299.497	299.496	299.496	299.497	299.499	299.495	299.498	299.497	299.495	299.496	299.492	299.491	299.488	299.485	299.48	299.478	299.47	299.47	299.463	299.461	299.459	299.454	299.449	299.44	299.432	299.423	299.417	299.411	299.411	299.412	299.409	299.408	299.404	299.395	299.388	299.374	299.369	299.36	299.353	299.347	299.337	299.326	299.323	299.318	299.313	299.304	299.302	299.292	299.286	299.282	299.271	299.255	299.244	299.24	299.227	299.223	299.218	299.213	299.211	299.205	299.196	299.19	299.181	299.177	299.168	299.164	299.156	299.146	299.142	299.133	299.123	299.119	299.106	299.1	299.092	299.083	299.072	299.065	299.058	299.052	299.043	299.037	299.031	299.024	299.02	299.017	299.01	299.007	298.992	298.987	298.97	298.962	298.958	298.946	298.934	298.926	298.907	298.899	298.889	298.876	298.87	298.86	298.85	298.845	298.835	298.824	298.816	298.804	298.8	298.79	298.782	298.774	298.765	298.753	298.744	298.73	298.724	298.716	298.705	298.693	298.68	298.663	298.649	298.644	298.636	298.633	298.625	298.623	298.613	298.606	298.594	298.579	298.565	298.552
299.464	299.473	299.475	299.478	299.481	299.479	299.475	299.472	299.476	299.475	299.473	299.473	299.472	299.469	299.466	299.463	299.46	299.458	299.457	299.447	299.448	299.443	299.436	299.434	299.431	299.422	299.418	299.407	299.401	299.394	299.385	299.381	299.381	299.385	299.385	299.374	299.362	299.353	299.339	299.33	299.322	299.315	299.302	299.289	299.286	299.281	299.273	299.276	299.27	299.26	299.255	299.25	299.242	299.231	299.224	299.206	299.203	299.192	299.186	299.183	299.177	299.173	299.17	299.162	299.161	299.148	299.145	299.137	299.132	299.124	299.116	299.109	299.102	299.094	299.088	299.079	299.072	299.064	299.054	299.045	299.038	299.029	299.021	299.011	299.003	299.002	298.991	298.978	298.97	298.962	298.959	298.941	298.936	298.924	298.91	298.905	298.896	298.886	298.879	298.869	298.857	298.846	298.836	298.824	298.816	298.807	298.8	298.789	298.778	298.771	298.76	298.754	298.745	298.737	298.726	298.716	298.712	298.705	298.693	298.687	298.677	298.666	298.652	298.639	298.625	298.616	298.611	298.601	298.603	298.597	298.589	298.579	298.561	298.546	298.531	298.515	298.505
299.443	299.443	299.449	299.455	299.455	299.456	299.451	299.45	299.452	299.449	299.447	299.447	299.443	299.441	299.439	299.435	299.435	299.431	299.43	299.424	299.421	299.417	299.411	299.408	299.403	299.398	299.389	299.375	299.364	299.356	299.351	299.347	299.345	299.346	299.343	299.334	299.326	299.311	299.306	299.297	299.287	299.273	299.263	299.258	299.253	299.242	299.236	299.233	299.23	299.222	299.216	299.21	299.204	299.195	299.188	299.173	299.167	299.162	299.155	299.151	299.145	299.141	299.139	299.13	299.126	299.116	299.111	299.104	299.094	299.087	299.081	299.074	299.069	299.064	299.055	299.049	299.041	299.032	299.021	299.013	299.006	298.994	298.978	298.968	298.951	298.947	298.94	298.929	298.925	298.916	298.907	298.899	298.887	298.878	298.867	298.855	298.847	298.841	298.834	298.826	298.814	298.805	298.799	298.787	298.779	298.771	298.761	298.753	298.741	298.732	298.722	298.71	298.702	298.696	298.685	298.679	298.676	298.664	298.656	298.648	298.637	298.628	298.613	298.6	298.584	298.57	298.566	298.558	298.555	298.548	298.541	298.523	298.508	298.493	298.481	298.469	298.459
299.416	299.415	299.417	299.425	299.426	299.426	299.425	299.425	299.425	299.421	299.42	299.419	299.414	299.412	299.409	299.407	299.405	299.4	299.393	299.391	299.382	299.38	299.373	299.37	299.366	299.356	299.347	299.338	299.329	299.321	299.315	299.309	299.307	299.306	299.302	299.295	299.29	299.274	299.271	299.262	299.256	299.244	299.232	299.228	299.218	299.21	299.206	299.194	299.189	299.185	299.179	299.173	299.167	299.161	299.151	299.147	299.134	299.13	299.121	299.116	299.115	299.11	299.104	299.097	299.09	299.086	299.077	299.072	299.063	299.054	299.048	299.04	299.033	299.028	299.021	299.016	299.008	298.998	298.989	298.976	298.96	298.951	298.926	298.915	298.9	298.893	298.888	298.878	298.875	298.871	298.862	298.858	298.844	298.834	298.825	298.814	298.803	298.799	298.788	298.781	298.772	298.763	298.758	298.747	298.74	298.731	298.721	298.714	298.703	298.694	298.685	298.674	298.665	298.659	298.646	298.641	298.634	298.623	298.618	298.608	298.598	298.584	298.565	298.552	298.536	298.522	298.516	298.511	298.502	298.498	298.486	298.47	298.456	298.444	298.433	298.423	298.413
299.366	299.384	299.374	299.385	299.393	299.395	299.394	299.395	299.391	299.388	299.38	299.377	299.378	299.372	299.368	299.361	299.354	299.35	299.342	299.34	299.334	299.334	299.33	299.325	299.319	299.316	299.304	299.298	299.29	299.288	299.281	299.272	299.267	299.264	299.26	299.253	299.25	299.24	299.236	299.225	299.222	299.211	299.202	299.197	299.186	299.179	299.171	299.161	299.152	299.148	299.144	299.136	299.132	299.129	299.119	299.12	299.103	299.101	299.093	299.088	299.085	299.079	299.071	299.064	299.054	299.05	299.042	299.036	299.029	299.021	299.012	299.007	298.996	298.983	298.976	298.966	298.956	298.947	298.937	298.929	298.912	298.901	298.878	298.865	298.852	298.845	298.84	298.831	298.825	298.827	298.818	298.811	298.802	298.791	298.782	298.776	298.767	298.756	298.748	298.738	298.729	298.721	298.714	298.705	298.697	298.688	298.678	298.672	298.664	298.657	298.648	298.64	298.632	298.622	298.612	298.6	298.591	298.58	298.567	298.555	298.545	298.531	298.521	298.509	298.496	298.485	298.473	298.46	298.453	298.443	298.432	298.418	298.408	298.396	298.384	298.378	298.367
299.304	299.331	299.325	299.33	299.337	299.333	299.336	299.34	299.337	299.338	299.331	299.324	299.324	299.314	299.316	299.31	299.3	299.299	299.293	299.288	299.289	299.285	299.285	299.28	299.273	299.266	299.263	299.258	299.247	299.25	299.243	299.238	299.229	299.221	299.219	299.214	299.206	299.198	299.198	299.189	299.185	299.173	299.165	299.164	299.156	299.146	299.127	299.124	299.114	299.104	299.104	299.098	299.091	299.092	299.085	299.083	299.07	299.069	299.062	299.056	299.05	299.044	299.038	299.031	299.018	299.011	299.006	298.999	298.984	298.979	298.969	298.953	298.939	298.924	298.922	298.905	298.904	298.893	298.882	298.875	298.863	298.844	298.834	298.822	298.807	298.797	298.794	298.79	298.788	298.783	298.779	298.765	298.758	298.748	298.738	298.735	298.728	298.715	298.708	298.696	298.688	298.682	298.673	298.667	298.661	298.653	298.645	298.635	298.627	298.619	298.608	298.6	298.585	298.577	298.567	298.553	298.535	298.527	298.511	298.501	298.493	298.48	298.473	298.463	298.448	298.439	298.429	298.416	298.41	298.395	298.386	298.372	298.358	298.348	298.336	298.332	298.317
299.269	299.272	299.27	299.28	299.284	299.289	299.297	299.297	299.287	299.276	299.284	299.275	299.279	299.267	299.261	299.256	299.249	299.25	299.241	299.241	299.243	299.245	299.243	299.236	299.229	299.221	299.213	299.211	299.207	299.207	299.197	299.195	299.189	299.182	299.176	299.172	299.171	299.158	299.152	299.148	299.144	299.138	299.133	299.124	299.11	299.108	299.1	299.086	299.082	299.072	299.065	299.06	299.056	299.057	299.048	299.044	299.041	299.033	299.026	299.023	299.019	299.012	299.003	298.985	298.978	298.961	298.952	298.944	298.937	298.931	298.919	298.9	298.891	298.869	298.87	298.858	298.853	298.845	298.835	298.827	298.818	298.804	298.792	298.773	298.767	298.76	298.751	298.745	298.742	298.734	298.732	298.725	298.711	298.705	298.694	298.686	298.678	298.67	298.664	298.653	298.648	298.639	298.63	298.623	298.613	298.604	298.596	298.586	298.575	298.562	298.556	298.546	298.531	298.518	298.506	298.495	298.485	298.47	298.464	298.449	298.437	298.427	298.417	298.411	298.404	298.394	298.381	298.372	298.36	298.346	298.339	298.326	298.316	298.306	298.292	298.288	298.276
299.227	299.214	299.223	299.227	299.226	299.228	299.226	299.229	299.243	299.23	299.23	299.217	299.223	299.222	299.215	299.207	299.201	299.196	299.192	299.194	299.189	299.193	299.19	299.183	299.179	299.177	299.169	299.166	299.155	299.159	299.157	299.153	299.144	299.141	299.136	299.125	299.122	299.115	299.117	299.11	299.102	299.094	299.089	299.086	299.08	299.064	299.059	299.043	299.039	299.034	299.027	299.024	299.021	299.014	299.011	299.006	299	298.992	298.984	298.977	298.964	298.954	298.948	298.927	298.922	298.908	298.898	298.897	298.886	298.874	298.863	298.853	298.844	298.823	298.818	298.809	298.798	298.79	298.783	298.772	298.761	298.757	298.744	298.737	298.726	298.721	298.714	298.709	298.704	298.698	298.686	298.679	298.667	298.66	298.654	298.646	298.639	298.63	298.62	298.611	298.603	298.588	298.578	298.566	298.557	298.551	298.54	298.531	298.526	298.51	298.499	298.482	298.472	298.464	298.451	298.441	298.434	298.419	298.412	298.396	298.386	298.379	298.365	298.358	298.351	298.341	298.335	298.319	298.31	298.3	298.291	298.277	298.267	298.257	298.246	298.237	298.232
299.161	299.165	299.175	299.179	299.18	299.186	299.188	299.185	299.182	299.17	299.177	299.177	299.175	299.167	299.163	299.159	299.153	299.151	299.149	299.146	299.144	299.145	299.146	299.144	299.139	299.131	299.124	299.122	299.112	299.108	299.105	299.108	299.104	299.1	299.097	299.093	299.089	299.075	299.072	299.064	299.061	299.058	299.049	299.042	299.037	299.023	299.022	299.02	299.009	298.999	298.985	298.979	298.975	298.963	298.96	298.952	298.943	298.941	298.931	298.923	298.915	298.904	298.894	298.881	298.868	298.864	298.853	298.843	298.835	298.828	298.82	298.808	298.792	298.787	298.772	298.763	298.756	298.745	298.737	298.73	298.719	298.711	298.697	298.702	298.688	298.681	298.677	298.667	298.657	298.654	298.642	298.634	298.626	298.615	298.606	298.6	298.59	298.581	298.57	298.557	298.541	298.526	298.516	298.499	298.488	298.48	298.471	298.467	298.458	298.452	298.443	298.434	298.416	298.403	298.394	298.386	298.379	298.371	298.359	298.349	298.336	298.326	298.317	298.31	298.302	298.29	298.287	298.267	298.263	298.252	298.241	298.234	298.224	298.212	298.208	298.193	298.179
299.113	299.12	299.117	299.126	299.126	299.12	299.122	299.126	299.122	299.127	299.124	299.12	299.124	299.12	299.117	299.113	299.107	299.106	299.099	299.095	299.097	299.092	299.093	299.091	299.086	299.085	299.082	299.073	299.065	299.067	299.059	299.06	299.06	299.056	299.051	299.045	299.043	299.036	299.032	299.027	299.018	299.013	299.006	298.999	298.988	298.987	298.974	298.964	298.957	298.947	298.938	298.925	298.914	298.91	298.896	298.889	298.885	298.877	298.869	298.859	298.852	298.844	298.83	298.827	298.816	298.809	298.802	298.794	298.789	298.781	298.766	298.757	298.745	298.739	298.726	298.714	298.708	298.696	298.687	298.677	298.665	298.664	298.655	298.652	298.654	298.647	298.637	298.628	298.62	298.61	298.601	298.581	298.569	298.563	298.553	298.543	298.532	298.52	298.509	298.492	298.48	298.465	298.455	298.446	298.438	298.43	298.422	298.421	298.409	298.404	298.386	298.377	298.364	298.35	298.339	298.33	298.322	298.321	298.306	298.301	298.286	298.279	298.268	298.261	298.255	298.247	298.237	298.223	298.217	298.207	298.198	298.186	298.173	298.155	298.143	298.128	298.117
299.051	299.068	299.066	299.071	299.075	299.07	299.071	299.072	299.066	299.067	299.065	299.069	299.071	299.066	299.064	299.061	299.058	299.055	299.049	299.048	299.045	299.043	299.044	299.041	299.037	299.034	299.031	299.025	299.019	299.014	299.012	299.007	299.007	299.008	299.004	299	298.991	298.99	298.976	298.973	298.969	298.957	298.948	298.939	298.926	298.923	298.914	298.913	298.906	298.888	298.881	298.87	298.858	298.85	298.836	298.833	298.823	298.815	298.815	298.804	298.792	298.785	298.778	298.772	298.764	298.757	298.754	298.744	298.74	298.729	298.716	298.708	298.696	298.686	298.68	298.669	298.658	298.648	298.64	298.63	298.621	298.614	298.612	298.608	298.605	298.602	298.588	298.578	298.569	298.546	298.534	298.517	298.508	298.498	298.483	298.477	298.468	298.458	298.446	298.431	298.419	298.407	298.397	298.384	298.379	298.372	298.365	298.361	298.35	298.35	298.334	298.322	298.308	298.294	298.284	298.277	298.268	298.267	298.253	298.248	298.236	298.23	298.222	298.213	298.209	298.2	298.182	298.175	298.155	298.147	298.134	298.122	298.111	298.099	298.08	298.066	298.053
298.988	299.009	299.011	299.015	299.016	299.013	299.012	299.011	299.007	299.007	299.005	299.011	299.008	299.01	299.007	299.007	299.004	299.001	298.994	298.989	298.987	298.987	298.986	298.986	298.979	298.976	298.968	298.965	298.957	298.949	298.947	298.939	298.94	298.939	298.931	298.928	298.922	298.922	298.915	298.905	298.903	298.894	298.886	298.879	298.868	298.862	298.855	298.854	298.845	298.831	298.824	298.813	298.801	298.792	298.782	298.773	298.764	298.755	298.754	298.747	298.736	298.729	298.723	298.718	298.715	298.706	298.703	298.695	298.685	298.676	298.664	298.654	298.646	298.637	298.63	298.622	298.613	298.602	298.593	298.579	298.569	298.554	298.547	298.545	298.533	298.528	298.518	298.512	298.498	298.483	298.474	298.456	298.447	298.436	298.425	298.415	298.409	298.396	298.387	298.373	298.361	298.348	298.344	298.332	298.329	298.323	298.314	298.308	298.296	298.289	298.281	298.269	298.256	298.244	298.234	298.226	298.217	298.211	298.2	298.197	298.181	298.172	298.161	298.15	298.14	298.128	298.115	298.111	298.094	298.083	298.074	298.06	298.051	298.034	298.018	298.007	297.991
298.909	298.935	298.923	298.934	298.937	298.935	298.933	298.932	298.933	298.932	298.929	298.933	298.929	298.936	298.938	298.935	298.933	298.926	298.922	298.913	298.915	298.914	298.91	298.909	298.904	298.898	298.897	298.892	298.889	298.883	298.878	298.867	298.864	298.865	298.856	298.857	298.855	298.849	298.855	298.844	298.837	298.828	298.822	298.817	298.812	298.807	298.8	298.792	298.783	298.777	298.77	298.759	298.749	298.738	298.73	298.715	298.708	298.702	298.691	298.686	298.679	298.673	298.669	298.664	298.661	298.654	298.65	298.645	298.636	298.623	298.612	298.602	298.593	298.586	298.574	298.565	298.55	298.539	298.528	298.515	298.504	298.493	298.48	298.477	298.466	298.458	298.449	298.441	298.431	298.419	298.411	298.395	298.388	298.376	298.366	298.357	298.348	298.337	298.325	298.312	298.306	298.291	298.288	298.278	298.275	298.268	298.262	298.254	298.245	298.231	298.226	298.215	298.205	298.191	298.18	298.168	298.154	298.141	298.132	298.121	298.114	298.101	298.092	298.081	298.071	298.061	298.052	298.039	298.035	298.021	298.01	298	297.987	297.974	297.959	297.95	297.932
298.821	298.858	298.836	298.849	298.853	298.853	298.852	298.851	298.852	298.854	298.851	298.854	298.854	298.861	298.858	298.858	298.855	298.849	298.85	298.837	298.84	298.835	298.835	298.836	298.831	298.826	298.828	298.819	298.82	298.815	298.813	298.799	298.795	298.796	298.791	298.792	298.793	298.784	298.787	298.785	298.775	298.769	298.763	298.756	298.752	298.745	298.741	298.735	298.724	298.718	298.71	298.699	298.691	298.679	298.675	298.663	298.654	298.648	298.636	298.633	298.625	298.619	298.616	298.609	298.602	298.597	298.586	298.583	298.57	298.556	298.544	298.534	298.521	298.513	298.501	298.496	298.479	298.47	298.461	298.452	298.436	298.431	298.419	298.409	298.4	298.388	298.378	298.373	298.364	298.353	298.346	298.337	298.326	298.312	298.305	298.294	298.286	298.276	298.264	298.25	298.246	298.234	298.23	298.221	298.215	298.21	298.203	298.194	298.18	298.165	298.153	298.141	298.133	298.123	298.112	298.099	298.09	298.076	298.068	298.051	298.048	298.037	298.027	298.016	298.003	297.994	297.987	297.97	297.972	297.956	297.947	297.935	297.925	297.913	297.901	297.888	297.875
298.714	298.77	298.756	298.763	298.763	298.764	298.767	298.77	298.773	298.777	298.774	298.778	298.776	298.779	298.78	298.782	298.78	298.771	298.773	298.763	298.763	298.757	298.754	298.758	298.759	298.755	298.752	298.748	298.753	298.741	298.746	298.743	298.735	298.731	298.729	298.719	298.726	298.728	298.719	298.721	298.714	298.706	298.701	298.695	298.69	298.683	298.674	298.674	298.66	298.655	298.648	298.64	298.632	298.621	298.616	298.609	298.596	298.586	298.575	298.567	298.558	298.551	298.545	298.534	298.522	298.516	298.504	298.496	298.489	298.479	298.468	298.46	298.447	298.44	298.43	298.422	298.414	298.4	298.388	298.382	298.371	298.364	298.353	298.344	298.338	298.325	298.316	298.31	298.299	298.29	298.284	298.275	298.264	298.254	298.244	298.236	298.227	298.216	298.209	298.197	298.179	298.173	298.168	298.16	298.15	298.139	298.132	298.121	298.1	298.087	298.073	298.068	298.058	298.051	298.041	298.031	298.02	298.008	298.004	297.99	297.98	297.968	297.959	297.949	297.938	297.923	297.918	297.905	297.902	297.891	297.884	297.872	297.861	297.852	297.84	297.825	297.817
298.651	298.674	298.666	298.676	298.682	298.681	298.682	298.688	298.694	298.699	298.696	298.698	298.699	298.703	298.702	298.698	298.699	298.7	298.698	298.689	298.689	298.688	298.682	298.681	298.682	298.684	298.679	298.672	298.675	298.674	298.67	298.67	298.67	298.67	298.669	298.665	298.655	298.657	298.653	298.654	298.648	298.642	298.638	298.632	298.625	298.623	298.608	298.611	298.602	298.597	298.587	298.573	298.562	298.557	298.539	298.527	298.521	298.508	298.496	298.485	298.477	298.47	298.459	298.455	298.448	298.429	298.429	298.418	298.412	298.404	298.393	298.389	298.378	298.37	298.361	298.347	298.347	298.338	298.324	298.314	298.309	298.298	298.292	298.284	298.27	298.258	298.251	298.243	298.236	298.233	298.222	298.211	298.202	298.191	298.176	298.165	298.155	298.14	298.128	298.122	298.1	298.102	298.084	298.078	298.068	298.056	298.046	298.041	298.03	298.023	298.004	297.997	297.984	297.977	297.97	297.961	297.955	297.942	297.933	297.925	297.913	297.907	297.895	297.883	297.873	297.862	297.851	297.843	297.839	297.829	297.82	297.809	297.798	297.789	297.774	297.757	297.742
298.571	298.568	298.572	298.578	298.584	298.588	298.602	298.611	298.613	298.616	298.621	298.625	298.615	298.614	298.614	298.619	298.625	298.627	298.622	298.624	298.614	298.605	298.608	298.608	298.604	298.6	298.601	298.607	298.594	298.603	298.605	298.602	298.603	298.595	298.587	298.593	298.586	298.585	298.585	298.58	298.574	298.566	298.562	298.556	298.546	298.543	298.53	298.527	298.517	298.506	298.499	298.492	298.482	298.47	298.461	298.448	298.439	298.422	298.416	298.406	298.395	298.389	298.381	298.373	298.369	298.357	298.355	298.343	298.334	298.329	298.322	298.316	298.304	298.289	298.291	298.281	298.269	298.262	298.257	298.248	298.238	298.229	298.218	298.21	298.205	298.197	298.186	298.177	298.168	298.155	298.139	298.139	298.123	298.107	298.098	298.087	298.076	298.066	298.05	298.042	298.025	298.02	298.008	298.003	297.998	297.992	297.984	297.97	297.953	297.946	297.936	297.931	297.916	297.91	297.9	297.887	297.885	297.881	297.871	297.864	297.847	297.836	297.827	297.818	297.81	297.8	297.785	297.767	297.757	297.747	297.734	297.723	297.711	297.697	297.683	297.671	297.646
298.449	298.455	298.471	298.478	298.482	298.49	298.499	298.509	298.519	298.531	298.523	298.521	298.522	298.516	298.517	298.519	298.524	298.531	298.531	298.536	298.536	298.528	298.518	298.513	298.516	298.515	298.508	298.513	298.51	298.504	298.507	298.505	298.51	298.513	298.508	298.503	298.499	298.5	298.494	298.489	298.489	298.481	298.474	298.471	298.469	298.461	298.456	298.443	298.442	298.435	298.426	298.415	298.405	298.389	298.381	298.369	298.366	298.356	298.348	298.338	298.326	298.317	298.311	298.3	298.293	298.289	298.281	298.274	298.269	298.26	298.25	298.242	298.234	298.23	298.214	298.212	298.206	298.197	298.183	298.172	298.164	298.158	298.143	298.129	298.117	298.103	298.093	298.084	298.077	298.07	298.063	298.05	298.036	298.024	298.017	298.003	297.993	297.985	297.974	297.965	297.955	297.938	297.935	297.925	297.917	297.908	297.9	297.893	297.883	297.876	297.861	297.855	297.847	297.838	297.832	297.825	297.818	297.808	297.799	297.788	297.774	297.76	297.746	297.733	297.718	297.7	297.69	297.679	297.667	297.658	297.648	297.637	297.626	297.614	297.601	297.594	297.573
298.348	298.349	298.356	298.358	298.371	298.387	298.401	298.41	298.42	298.423	298.424	298.422	298.421	298.418	298.417	298.42	298.426	298.434	298.437	298.431	298.432	298.434	298.431	298.423	298.421	298.421	298.422	298.417	298.423	298.418	298.42	298.42	298.41	298.409	298.415	298.413	298.413	298.409	298.408	298.407	298.399	298.398	298.393	298.386	298.384	298.378	298.378	298.368	298.358	298.353	298.34	298.331	298.327	298.315	298.307	298.291	298.287	298.281	298.271	298.265	298.255	298.243	298.234	298.23	298.221	298.216	298.206	298.205	298.194	298.182	298.177	298.169	298.145	298.141	298.124	298.116	298.109	298.099	298.088	298.081	298.074	298.057	298.048	298.04	298.032	298.023	298.016	298.006	297.991	297.981	297.974	297.96	297.963	297.947	297.938	297.929	297.919	297.909	297.899	297.886	297.88	297.869	297.86	297.85	297.848	297.842	297.828	297.82	297.806	297.794	297.783	297.77	297.765	297.753	297.742	297.732	297.72	297.713	297.705	297.688	297.678	297.667	297.653	297.641	297.63	297.617	297.602	297.589	297.583	297.568	297.563	297.551	297.543	297.535	297.524	297.504	297.497
298.237	298.245	298.257	298.26	298.269	298.284	298.295	298.309	298.32	298.322	298.328	298.322	298.32	298.321	298.32	298.324	298.331	298.332	298.34	298.344	298.346	298.341	298.337	298.337	298.332	298.33	298.337	298.331	298.329	298.328	298.324	298.328	298.322	298.321	298.323	298.32	298.325	298.32	298.315	298.317	298.308	298.307	298.305	298.299	298.304	298.299	298.293	298.29	298.28	298.271	298.26	298.252	298.246	298.235	298.226	298.219	298.209	298.205	298.201	298.193	298.18	298.167	298.156	298.151	298.135	298.131	298.12	298.112	298.102	298.093	298.086	298.079	298.062	298.049	298.037	298.03	298.015	298.011	298.002	297.99	297.984	297.968	297.961	297.949	297.942	297.938	297.931	297.924	297.913	297.898	297.894	297.877	297.874	297.864	297.859	297.85	297.839	297.828	297.824	297.813	297.804	297.792	297.785	297.764	297.761	297.746	297.729	297.721	297.705	297.69	297.684	297.672	297.667	297.658	297.651	297.642	297.63	297.617	297.607	297.598	297.589	297.576	297.566	297.553	297.541	297.529	297.518	297.505	297.502	297.489	297.484	297.474	297.461	297.453	297.447	297.434	297.421
298.121	298.132	298.14	298.15	298.16	298.181	298.197	298.206	298.217	298.221	298.222	298.221	298.222	298.224	298.221	298.225	298.236	298.242	298.249	298.248	298.251	298.254	298.249	298.246	298.243	298.24	298.242	298.242	298.239	298.241	298.236	298.236	298.228	298.228	298.231	298.23	298.232	298.233	298.227	298.228	298.222	298.215	298.215	298.214	298.216	298.214	298.21	298.209	298.201	298.187	298.172	298.161	298.157	298.147	298.133	298.125	298.115	298.104	298.103	298.092	298.083	298.076	298.063	298.059	298.048	298.044	298.034	298.025	298.02	298.011	297.999	297.989	297.98	297.966	297.953	297.946	297.933	297.926	297.916	297.904	297.897	297.881	297.875	297.866	297.859	297.857	297.847	297.84	297.831	297.816	297.81	297.798	297.792	297.784	297.775	297.761	297.75	297.741	297.732	297.717	297.711	297.695	297.686	297.674	297.665	297.653	297.635	297.622	297.609	297.596	297.589	297.584	297.579	297.568	297.563	297.551	297.539	297.528	297.517	297.509	297.501	297.492	297.481	297.469	297.456	297.446	297.438	297.424	297.418	297.409	297.402	297.393	297.382	297.366	297.356	297.345	297.325
298.004	298.012	298.016	298.032	298.038	298.056	298.074	298.085	298.094	298.102	298.099	298.104	298.102	298.102	298.101	298.107	298.121	298.129	298.136	298.143	298.14	298.149	298.147	298.143	298.146	298.146	298.144	298.147	298.14	298.139	298.136	298.135	298.126	298.119	298.124	298.128	298.129	298.135	298.132	298.13	298.127	298.123	298.119	298.115	298.109	298.109	298.107	298.095	298.091	298.08	298.067	298.058	298.055	298.049	298.037	298.027	298.025	298.012	298.004	297.995	297.988	297.984	297.973	297.972	297.965	297.954	297.949	297.94	297.935	297.924	297.914	297.904	297.892	297.885	297.869	297.863	297.848	297.843	297.833	297.823	297.817	297.804	297.796	297.79	297.776	297.764	297.753	297.739	297.729	297.719	297.712	297.698	297.69	297.685	297.676	297.664	297.656	297.65	297.639	297.626	297.619	297.605	297.597	297.583	297.575	297.564	297.547	297.531	297.521	297.511	297.498	297.497	297.488	297.48	297.474	297.465	297.451	297.442	297.433	297.426	297.419	297.413	297.402	297.384	297.37	297.35	297.338	297.325	297.311	297.304	297.29	297.285	297.279	297.265	297.251	297.243	297.228
297.887	297.895	297.902	297.916	297.925	297.936	297.949	297.959	297.966	297.974	297.975	297.979	297.977	297.979	297.985	297.99	297.995	298.007	298.011	298.025	298.019	298.023	298.024	298.028	298.028	298.037	298.033	298.042	298.035	298.029	298.03	298.025	298.028	298.023	298.019	298.028	298.028	298.03	298.029	298.025	298.023	298.016	298.011	298.008	298.002	297.999	297.999	297.986	297.986	297.976	297.968	297.965	297.951	297.946	297.938	297.927	297.927	297.916	297.909	297.901	297.894	297.89	297.883	297.879	297.876	297.867	297.864	297.851	297.844	297.833	297.827	297.824	297.807	297.804	297.788	297.769	297.759	297.745	297.737	297.726	297.721	297.714	297.698	297.693	297.674	297.666	297.654	297.644	297.635	297.631	297.619	297.608	297.602	297.591	297.584	297.577	297.568	297.559	297.553	297.541	297.53	297.521	297.505	297.493	297.484	297.473	297.46	297.449	297.434	297.429	297.417	297.411	297.402	297.395	297.388	297.374	297.362	297.345	297.333	297.328	297.31	297.304	297.293	297.276	297.27	297.251	297.232	297.225	297.209	297.206	297.191	297.182	297.171	297.163	297.156	297.147	297.137
297.766	297.773	297.782	297.795	297.809	297.821	297.83	297.84	297.848	297.853	297.855	297.855	297.862	297.865	297.867	297.872	297.877	297.892	297.887	297.893	297.896	297.9	297.907	297.917	297.914	297.927	297.927	297.931	297.93	297.93	297.932	297.919	297.925	297.925	297.924	297.925	297.926	297.925	297.925	297.925	297.921	297.915	297.905	297.899	297.898	297.892	297.886	297.881	297.879	297.876	297.866	297.867	297.856	297.848	297.842	297.831	297.824	297.818	297.814	297.806	297.799	297.79	297.787	297.779	297.775	297.773	297.762	297.747	297.742	297.729	297.718	297.714	297.709	297.7	297.683	297.663	297.657	297.646	297.64	297.63	297.619	297.621	297.606	297.598	297.59	297.577	297.568	297.56	297.548	297.545	297.538	297.532	297.523	297.511	297.503	297.491	297.483	297.474	297.467	297.459	297.445	297.438	297.423	297.416	297.403	297.386	297.368	297.36	297.34	297.332	297.322	297.308	297.297	297.283	297.275	297.265	297.258	297.245	297.23	297.227	297.21	297.201	297.191	297.18	297.168	297.156	297.139	297.126	297.116	297.104	297.092	297.086	297.072	297.064	297.062	297.053	297.048
297.629	297.647	297.663	297.67	297.677	297.686	297.694	297.705	297.709	297.716	297.725	297.721	297.733	297.734	297.738	297.748	297.755	297.764	297.776	297.767	297.775	297.78	297.786	297.798	297.803	297.819	297.823	297.825	297.822	297.812	297.82	297.825	297.822	297.822	297.825	297.826	297.828	297.825	297.824	297.821	297.814	297.81	297.81	297.796	297.797	297.786	297.785	297.78	297.773	297.776	297.769	297.76	297.752	297.74	297.728	297.72	297.715	297.708	297.699	297.691	297.684	297.677	297.67	297.669	297.664	297.658	297.65	297.638	297.625	297.622	297.614	297.612	297.605	297.597	297.59	297.577	297.564	297.55	297.546	297.541	297.534	297.529	297.519	297.51	297.498	297.484	297.474	297.469	297.462	297.46	297.454	297.447	297.437	297.424	297.417	297.403	297.404	297.393	297.377	297.364	297.352	297.338	297.319	297.303	297.289	297.278	297.266	297.255	297.242	297.233	297.219	297.206	297.194	297.182	297.176	297.166	297.159	297.151	297.141	297.129	297.119	297.105	297.093	297.082	297.07	297.059	297.047	297.026	297.025	297.011	296.999	296.983	296.973	296.963	296.961	296.954	296.947
297.492	297.499	297.513	297.531	297.546	297.556	297.562	297.568	297.571	297.573	297.577	297.58	297.593	297.596	297.606	297.619	297.629	297.623	297.644	297.64	297.641	297.645	297.653	297.669	297.679	297.685	297.692	297.701	297.707	297.703	297.694	297.7	297.699	297.705	297.709	297.712	297.711	297.713	297.704	297.707	297.702	297.692	297.685	297.672	297.676	297.663	297.663	297.663	297.656	297.653	297.647	297.638	297.633	297.626	297.616	297.61	297.596	297.59	297.58	297.575	297.569	297.565	297.56	297.56	297.557	297.544	297.54	297.536	297.518	297.515	297.509	297.509	297.503	297.495	297.486	297.47	297.462	297.458	297.447	297.44	297.438	297.429	297.43	297.419	297.411	297.4	297.391	297.377	297.367	297.368	297.36	297.353	297.342	297.332	297.322	297.31	297.297	297.284	297.274	297.261	297.245	297.23	297.225	297.209	297.195	297.181	297.172	297.158	297.149	297.14	297.128	297.114	297.1	297.085	297.078	297.074	297.063	297.059	297.053	297.038	297.031	297.02	297.003	296.99	296.975	296.955	296.947	296.929	296.912	296.898	296.885	296.87	296.858	296.853	296.843	296.843	296.839
297.356	297.368	297.384	297.4	297.411	297.425	297.429	297.432	297.436	297.439	297.438	297.444	297.444	297.461	297.462	297.471	297.494	297.509	297.509	297.513	297.517	297.526	297.537	297.546	297.556	297.568	297.576	297.571	297.564	297.569	297.573	297.573	297.583	297.585	297.591	297.595	297.59	297.597	297.584	297.584	297.577	297.569	297.569	297.558	297.559	297.557	297.55	297.546	297.544	297.539	297.532	297.529	297.52	297.511	297.505	297.497	297.488	297.484	297.476	297.467	297.461	297.457	297.46	297.442	297.451	297.441	297.431	297.425	297.417	297.417	297.407	297.408	297.403	297.392	297.38	297.377	297.356	297.349	297.337	297.332	297.331	297.324	297.322	297.31	297.3	297.284	297.271	297.263	297.254	297.249	297.242	297.238	297.23	297.22	297.206	297.206	297.194	297.186	297.175	297.158	297.146	297.136	297.115	297.103	297.093	297.084	297.074	297.063	297.055	297.04	297.027	297.013	297.001	296.995	296.975	296.978	296.974	296.968	296.958	296.944	296.925	296.911	296.892	296.88	296.867	296.852	296.832	296.826	296.812	296.799	296.786	296.772	296.755	296.75	296.738	296.736	296.732
297.186	297.194	297.211	297.235	297.247	297.265	297.28	297.282	297.287	297.289	297.292	297.307	297.296	297.312	297.324	297.333	297.349	297.364	297.374	297.388	297.388	297.396	297.406	297.416	297.433	297.436	297.443	297.45	297.448	297.443	297.449	297.45	297.458	297.462	297.468	297.477	297.467	297.469	297.466	297.464	297.458	297.453	297.448	297.444	297.434	297.436	297.434	297.429	297.425	297.422	297.418	297.412	297.405	297.401	297.395	297.388	297.38	297.371	297.357	297.353	297.344	297.331	297.337	297.326	297.322	297.316	297.309	297.308	297.3	297.294	297.293	297.285	297.275	297.264	297.251	297.244	297.232	297.227	297.221	297.213	297.21	297.206	297.204	297.197	297.189	297.177	297.163	297.156	297.142	297.136	297.132	297.124	297.117	297.116	297.104	297.098	297.087	297.079	297.07	297.055	297.046	297.037	297.024	297.013	297.002	296.981	296.971	296.955	296.949	296.934	296.925	296.909	296.886	296.882	296.869	296.863	296.861	296.853	296.842	296.831	296.812	296.799	296.789	296.772	296.758	296.751	296.736	296.725	296.715	296.698	296.686	296.672	296.657	296.647	296.638	296.632	296.63
297.028	297.038	297.05	297.07	297.092	297.105	297.12	297.128	297.135	297.141	297.142	297.146	297.156	297.159	297.165	297.177	297.197	297.211	297.223	297.232	297.24	297.255	297.264	297.275	297.291	297.302	297.296	297.305	297.305	297.301	297.316	297.313	297.326	297.327	297.334	297.337	297.334	297.333	297.327	297.322	297.32	297.316	297.311	297.315	297.31	297.302	297.301	297.299	297.295	297.288	297.284	297.277	297.272	297.267	297.263	297.259	297.248	297.248	297.235	297.225	297.219	297.209	297.203	297.199	297.194	297.19	297.185	297.183	297.182	297.178	297.176	297.162	297.154	297.146	297.136	297.126	297.124	297.116	297.11	297.104	297.099	297.1	297.092	297.082	297.075	297.067	297.058	297.043	297.03	297.02	297.016	297.01	297.005	297.002	296.996	296.989	296.981	296.965	296.954	296.945	296.932	296.918	296.908	296.894	296.878	296.863	296.852	296.833	296.826	296.812	296.804	296.795	296.781	296.766	296.76	296.754	296.746	296.741	296.735	296.719	296.709	296.69	296.682	296.674	296.664	296.652	296.643	296.631	296.617	296.606	296.594	296.577	296.56	296.541	296.532	296.522	296.518
296.849	296.868	296.884	296.9	296.926	296.935	296.957	296.97	296.975	296.978	296.987	296.984	297.005	297.016	297.021	297.029	297.045	297.06	297.073	297.082	297.093	297.108	297.113	297.128	297.13	297.149	297.15	297.153	297.154	297.155	297.167	297.167	297.173	297.179	297.177	297.18	297.18	297.178	297.179	297.177	297.175	297.175	297.175	297.174	297.172	297.167	297.165	297.165	297.16	297.152	297.148	297.14	297.14	297.135	297.131	297.135	297.125	297.124	297.118	297.108	297.097	297.092	297.078	297.075	297.068	297.069	297.066	297.063	297.066	297.062	297.057	297.046	297.03	297.023	297.014	297.007	297.006	297.001	296.998	296.993	296.986	296.983	296.973	296.969	296.955	296.947	296.937	296.922	296.914	296.897	296.89	296.888	296.883	296.878	296.876	296.866	296.858	296.849	296.833	296.822	296.811	296.802	296.787	296.776	296.762	296.745	296.734	296.716	296.709	296.699	296.685	296.679	296.672	296.66	296.654	296.649	296.642	296.633	296.625	296.607	296.601	296.583	296.567	296.562	296.558	296.545	296.533	296.522	296.509	296.495	296.482	296.462	296.449	296.434	296.421	296.414	296.403
296.669	296.692	296.706	296.729	296.749	296.762	296.78	296.79	296.797	296.803	296.819	296.82	296.83	296.84	296.85	296.866	296.882	296.903	296.918	296.93	296.941	296.944	296.951	296.977	296.972	296.993	296.999	297.004	297.013	297.01	297.015	297.02	297.025	297.031	297.033	297.035	297.035	297.029	297.032	297.032	297.033	297.034	297.04	297.036	297.035	297.034	297.031	297.029	297.027	297.018	297.013	297.008	297.006	297.011	297.004	297.014	297.004	296.994	296.992	296.985	296.967	296.961	296.946	296.943	296.93	296.928	296.93	296.924	296.928	296.925	296.919	296.915	296.904	296.892	296.881	296.871	296.868	296.863	296.862	296.855	296.852	296.849	296.841	296.841	296.832	296.824	296.817	296.8	296.791	296.778	296.769	296.766	296.76	296.757	296.755	296.744	296.738	296.725	296.713	296.703	296.689	296.683	296.668	296.659	296.649	296.632	296.617	296.606	296.596	296.586	296.574	296.56	296.549	296.54	296.53	296.523	296.513	296.503	296.494	296.476	296.466	296.454	296.443	296.434	296.427	296.423	296.414	296.405	296.393	296.38	296.369	296.351	296.341	296.332	296.318	296.31	296.302
296.494	296.504	296.525	296.548	296.567	296.591	296.6	296.613	296.625	296.631	296.636	296.651	296.658	296.673	296.685	296.702	296.721	296.738	296.753	296.761	296.767	296.774	296.775	296.793	296.798	296.816	296.827	296.83	296.843	296.841	296.845	296.855	296.858	296.864	296.867	296.867	296.866	296.864	296.861	296.866	296.869	296.873	296.877	296.88	296.877	296.877	296.876	296.873	296.867	296.86	296.853	296.85	296.843	296.857	296.855	296.855	296.858	296.85	296.845	296.84	296.829	296.817	296.807	296.801	296.789	296.784	296.785	296.786	296.783	296.782	296.778	296.774	296.766	296.762	296.755	296.745	296.74	296.733	296.729	296.724	296.719	296.722	296.716	296.714	296.705	296.693	296.688	296.679	296.666	296.657	296.648	296.645	296.641	296.638	296.633	296.626	296.617	296.603	296.593	296.583	296.565	296.559	296.546	296.537	296.521	296.505	296.489	296.478	296.459	296.449	296.445	296.432	296.419	296.413	296.401	296.396	296.388	296.377	296.367	296.358	296.338	296.328	296.323	296.312	296.304	296.306	296.295	296.285	296.274	296.262	296.254	296.243	296.235	296.231	296.22	296.21	296.202
296.31	296.321	296.337	296.365	296.374	296.406	296.412	296.421	296.436	296.446	296.445	296.464	296.475	296.494	296.512	296.526	296.557	296.559	296.578	296.583	296.588	296.606	296.606	296.614	296.63	296.649	296.665	296.671	296.676	296.682	296.687	296.688	296.692	296.695	296.695	296.691	296.693	296.694	296.698	296.699	296.706	296.715	296.715	296.718	296.719	296.712	296.714	296.712	296.71	296.703	296.698	296.697	296.689	296.695	296.699	296.703	296.705	296.709	296.699	296.692	296.683	296.676	296.668	296.655	296.657	296.652	296.652	296.649	296.646	296.64	296.636	296.631	296.631	296.63	296.626	296.618	296.614	296.602	296.601	296.595	296.593	296.591	296.587	296.588	296.58	296.566	296.555	296.547	296.538	296.527	296.519	296.514	296.512	296.509	296.495	296.491	296.479	296.464	296.451	296.443	296.435	296.426	296.418	296.405	296.391	296.382	296.365	296.354	296.347	296.335	296.322	296.313	296.299	296.292	296.282	296.27	296.262	296.255	296.24	296.237	296.226	296.216	296.205	296.197	296.189	296.183	296.171	296.156	296.148	296.131	296.119	296.112	296.107	296.104	296.099	296.094	296.084
296.116	296.137	296.156	296.179	296.193	296.212	296.227	296.234	296.239	296.25	296.265	296.281	296.287	296.306	296.328	296.337	296.366	296.368	296.386	296.397	296.4	296.404	296.411	296.432	296.447	296.458	296.471	296.493	296.501	296.512	296.515	296.52	296.52	296.52	296.517	296.522	296.518	296.518	296.526	296.532	296.532	296.545	296.552	296.562	296.562	296.558	296.563	296.551	296.555	296.55	296.541	296.539	296.54	296.537	296.546	296.551	296.552	296.553	296.552	296.549	296.536	296.528	296.522	296.506	296.508	296.499	296.5	296.498	296.495	296.484	296.476	296.481	296.485	296.484	296.479	296.469	296.46	296.455	296.449	296.445	296.444	296.44	296.445	296.434	296.427	296.418	296.409	296.397	296.386	296.379	296.374	296.368	296.362	296.359	296.354	296.346	296.336	296.33	296.324	296.309	296.301	296.285	296.278	296.272	296.259	296.252	296.247	296.229	296.222	296.211	296.201	296.195	296.184	296.173	296.16	296.146	296.131	296.126	296.117	296.098	296.092	296.078	296.063	296.054	296.046	296.039	296.031	296.015	295.999	295.992	295.979	295.979	295.98	295.978	295.971	295.963	295.956
295.924	295.941	295.95	295.964	295.995	295.998	296.017	296.037	296.049	296.057	296.06	296.087	296.098	296.111	296.129	296.144	296.164	296.18	296.187	296.197	296.205	296.219	296.223	296.23	296.252	296.277	296.297	296.311	296.316	296.327	296.333	296.341	296.344	296.338	296.334	296.337	296.344	296.347	296.351	296.363	296.36	296.374	296.379	296.385	296.387	296.379	296.38	296.375	296.366	296.362	296.361	296.355	296.363	296.364	296.371	296.381	296.389	296.391	296.379	296.381	296.374	296.363	296.355	296.349	296.348	296.348	296.348	296.345	296.339	296.337	296.327	296.32	296.32	296.322	296.322	296.317	296.3	296.304	296.294	296.29	296.295	296.297	296.3	296.295	296.286	296.275	296.261	296.253	296.243	296.238	296.237	296.235	296.228	296.22	296.215	296.216	296.208	296.196	296.186	296.167	296.167	296.159	296.146	296.139	296.127	296.113	296.111	296.103	296.088	296.079	296.069	296.055	296.049	296.041	296.027	296.015	295.999	295.978	295.975	295.965	295.951	295.94	295.931	295.918	295.906	295.896	295.891	295.881	295.87	295.86	295.848	295.844	295.845	295.846	295.849	295.848	295.834
295.721	295.742	295.765	295.78	295.79	295.802	295.817	295.821	295.834	295.863	295.867	295.885	295.898	295.909	295.923	295.943	295.948	295.971	295.984	295.995	296.002	296.007	296.025	296.042	296.055	296.074	296.096	296.111	296.134	296.148	296.159	296.16	296.154	296.148	296.161	296.153	296.166	296.175	296.177	296.185	296.189	296.199	296.21	296.214	296.218	296.217	296.212	296.21	296.192	296.189	296.188	296.19	296.195	296.2	296.209	296.211	296.216	296.225	296.22	296.212	296.214	296.207	296.203	296.195	296.187	296.192	296.196	296.202	296.198	296.192	296.176	296.172	296.178	296.176	296.169	296.164	296.151	296.149	296.145	296.139	296.139	296.136	296.136	296.136	296.13	296.119	296.106	296.097	296.086	296.075	296.068	296.063	296.06	296.061	296.051	296.05	296.046	296.038	296.03	296.022	296.004	295.997	295.987	295.982	295.978	295.978	295.963	295.958	295.945	295.934	295.928	295.917	295.915	295.911	295.895	295.882	295.87	295.854	295.843	295.837	295.82	295.81	295.796	295.776	295.768	295.76	295.749	295.739	295.73	295.713	295.708	295.704	295.699	295.699	295.693	295.686	295.682
295.514	295.535	295.557	295.568	295.582	295.595	295.615	295.625	295.635	295.651	295.671	295.685	295.702	295.711	295.727	295.741	295.75	295.768	295.784	295.797	295.814	295.818	295.827	295.838	295.854	295.874	295.895	295.915	295.929	295.942	295.949	295.954	295.952	295.948	295.954	295.963	295.977	295.989	295.996	296.006	296.005	296.008	296.017	296.019	296.019	296.027	296.012	296.008	295.995	295.989	295.987	295.989	296.001	296.003	296.01	296.019	296.026	296.027	296.03	296.028	296.026	296.022	296.017	296.012	296.01	296.011	296.008	296.015	296.017	296.009	296.011	296.002	296.004	296.003	296.001	295.993	295.985	295.977	295.972	295.97	295.971	295.973	295.979	295.97	295.968	295.963	295.954	295.941	295.929	295.923	295.919	295.913	295.907	295.903	295.904	295.893	295.89	295.88	295.873	295.868	295.854	295.849	295.848	295.842	295.835	295.834	295.827	295.823	295.812	295.8	295.791	295.786	295.775	295.768	295.761	295.744	295.725	295.714	295.697	295.686	295.677	295.66	295.646	295.629	295.612	295.608	295.597	295.589	295.579	295.566	295.559	295.545	295.543	295.541	295.539	295.534	295.527
295.31	295.338	295.359	295.367	295.394	295.399	295.409	295.422	295.434	295.446	295.47	295.482	295.498	295.51	295.52	295.532	295.544	295.565	295.576	295.59	295.602	295.617	295.632	295.637	295.652	295.668	295.681	295.7	295.716	295.747	295.75	295.748	295.748	295.75	295.752	295.771	295.785	295.8	295.811	295.815	295.824	295.816	295.823	295.828	295.83	295.834	295.833	295.826	295.811	295.805	295.806	295.807	295.82	295.826	295.834	295.833	295.836	295.837	295.839	295.841	295.847	295.846	295.846	295.845	295.838	295.844	295.841	295.84	295.841	295.84	295.844	295.839	295.838	295.839	295.837	295.83	295.827	295.82	295.818	295.816	295.814	295.813	295.811	295.816	295.815	295.813	295.799	295.785	295.777	295.762	295.753	295.753	295.749	295.741	295.744	295.733	295.731	295.727	295.715	295.706	295.7	295.68	295.676	295.675	295.669	295.665	295.663	295.654	295.647	295.637	295.626	295.618	295.618	295.602	295.599	295.585	295.568	295.559	295.543	295.537	295.529	295.516	295.501	295.487	295.468	295.463	295.453	295.444	295.436	295.425	295.419	295.408	295.401	295.395	295.379	295.373	295.367
295.09	295.121	295.141	295.154	295.168	295.183	295.193	295.207	295.216	295.231	295.254	295.268	295.285	295.295	295.309	295.327	295.335	295.357	295.378	295.391	295.405	295.415	295.433	295.431	295.444	295.452	295.464	295.488	295.502	295.525	295.537	295.537	295.542	295.547	295.55	295.574	295.586	295.601	295.614	295.61	295.623	295.621	295.623	295.627	295.625	295.627	295.621	295.615	295.603	295.602	295.607	295.615	295.622	295.631	295.629	295.632	295.629	295.634	295.636	295.636	295.642	295.646	295.647	295.653	295.645	295.65	295.647	295.651	295.653	295.653	295.65	295.655	295.659	295.658	295.655	295.654	295.65	295.646	295.644	295.639	295.641	295.646	295.642	295.645	295.643	295.636	295.626	295.613	295.599	295.59	295.58	295.58	295.575	295.569	295.567	295.561	295.558	295.552	295.543	295.531	295.524	295.515	295.505	295.505	295.501	295.495	295.497	295.492	295.487	295.478	295.472	295.457	295.459	295.448	295.434	295.426	295.415	295.406	295.396	295.389	295.381	295.369	295.355	295.341	295.324	295.314	295.302	295.291	295.281	295.27	295.258	295.246	295.235	295.224	295.213	295.204	295.199
294.873	294.907	294.93	294.95	294.958	294.975	294.988	294.992	295	295.01	295.023	295.044	295.065	295.081	295.097	295.115	295.125	295.144	295.161	295.179	295.192	295.205	295.223	295.228	295.238	295.246	295.253	295.277	295.291	295.299	295.317	295.33	295.337	295.349	295.355	295.375	295.383	295.405	295.413	295.413	295.421	295.426	295.432	295.428	295.426	295.424	295.417	295.414	295.414	295.416	295.419	295.431	295.438	295.438	295.441	295.436	295.433	295.429	295.433	295.433	295.445	295.448	295.452	295.462	295.46	295.456	295.456	295.449	295.454	295.457	295.455	295.463	295.468	295.468	295.472	295.472	295.469	295.472	295.471	295.468	295.471	295.471	295.474	295.476	295.474	295.47	295.462	295.45	295.434	295.424	295.415	295.409	295.408	295.405	295.4	295.397	295.389	295.383	295.375	295.366	295.351	295.348	295.338	295.327	295.323	295.319	295.315	295.316	295.306	295.299	295.295	295.285	295.275	295.27	295.256	295.246	295.237	295.227	295.222	295.218	295.208	295.202	295.189	295.17	295.164	295.152	295.142	295.134	295.128	295.118	295.107	295.094	295.079	295.067	295.056	295.047	295.041
294.652	294.68	294.707	294.728	294.745	294.755	294.764	294.771	294.775	294.789	294.801	294.821	294.846	294.865	294.885	294.906	294.915	294.941	294.953	294.974	294.991	295.01	295.022	295.031	295.038	295.051	295.06	295.065	295.082	295.082	295.094	295.106	295.12	295.135	295.144	295.159	295.17	295.175	295.186	295.195	295.2	295.209	295.218	295.212	295.203	295.204	295.202	295.198	295.203	295.21	295.218	295.226	295.236	295.235	295.23	295.228	295.227	295.218	295.222	295.22	295.236	295.248	295.254	295.256	295.258	295.25	295.252	295.247	295.243	295.249	295.255	295.262	295.268	295.274	295.277	295.282	295.283	295.286	295.285	295.285	295.288	295.287	295.296	295.296	295.297	295.292	295.281	295.27	295.257	295.241	295.234	295.225	295.218	295.22	295.21	295.202	295.2	295.193	295.183	295.178	295.165	295.16	295.15	295.142	295.133	295.132	295.124	295.124	295.117	295.112	295.109	295.106	295.093	295.089	295.079	295.07	295.064	295.056	295.052	295.049	295.04	295.035	295.028	295.014	295.007	294.994	294.987	294.978	294.971	294.96	294.948	294.94	294.924	294.912	294.901	294.889	294.881
294.42	294.458	294.486	294.504	294.522	294.541	294.553	294.556	294.564	294.57	294.592	294.601	294.62	294.642	294.663	294.681	294.692	294.716	294.737	294.758	294.775	294.791	294.805	294.824	294.829	294.842	294.853	294.849	294.858	294.859	294.87	294.879	294.898	294.917	294.926	294.932	294.946	294.955	294.959	294.975	294.984	294.994	295.003	295.002	294.996	294.99	294.986	294.985	294.99	295.004	295.016	295.019	295.02	295.029	295.024	295.023	295.024	295.021	295.025	295.026	295.029	295.042	295.049	295.052	295.052	295.046	295.045	295.043	295.04	295.041	295.045	295.057	295.065	295.072	295.078	295.079	295.086	295.091	295.091	295.094	295.1	295.097	295.103	295.103	295.103	295.1	295.09	295.083	295.08	295.062	295.057	295.049	295.046	295.043	295.036	295.022	295.018	295.012	295.002	294.998	295	294.98	294.971	294.957	294.949	294.94	294.937	294.931	294.935	294.931	294.925	294.925	294.911	294.902	294.888	294.877	294.872	294.871	294.866	294.865	294.861	294.851	294.838	294.829	294.82	294.808	294.807	294.801	294.794	294.789	294.771	294.768	294.757	294.746	294.737	294.729	294.725
294.2	294.227	294.26	294.289	294.297	294.314	294.32	294.326	294.339	294.346	294.365	294.376	294.4	294.416	294.43	294.454	294.482	294.49	294.514	294.534	294.555	294.581	294.588	294.609	294.615	294.623	294.631	294.635	294.638	294.634	294.644	294.658	294.664	294.676	294.694	294.701	294.708	294.715	294.722	294.735	294.749	294.768	294.769	294.772	294.773	294.764	294.763	294.772	294.772	294.782	294.792	294.802	294.802	294.808	294.809	294.809	294.813	294.816	294.813	294.822	294.827	294.832	294.837	294.835	294.839	294.835	294.832	294.829	294.832	294.836	294.84	294.851	294.859	294.865	294.873	294.878	294.881	294.891	294.896	294.902	294.902	294.901	294.903	294.906	294.9	294.898	294.895	294.88	294.866	294.859	294.855	294.847	294.846	294.839	294.843	294.837	294.823	294.812	294.802	294.784	294.783	294.772	294.76	294.751	294.738	294.725	294.733	294.727	294.732	294.736	294.737	294.733	294.725	294.71	294.7	294.691	294.682	294.678	294.677	294.672	294.668	294.662	294.651	294.644	294.635	294.63	294.625	294.621	294.618	294.619	294.609	294.609	294.593	294.583	294.582	294.568	294.565
293.977	294.002	294.024	294.053	294.066	294.095	294.094	294.107	294.126	294.141	294.157	294.161	294.179	294.193	294.209	294.223	294.248	294.264	294.295	294.307	294.322	294.348	294.351	294.372	294.386	294.394	294.397	294.401	294.411	294.417	294.413	294.417	294.427	294.437	294.446	294.46	294.464	294.474	294.488	294.506	294.515	294.539	294.547	294.551	294.553	294.554	294.556	294.553	294.565	294.574	294.574	294.579	294.588	294.583	294.586	294.589	294.6	294.612	294.615	294.621	294.623	294.623	294.628	294.627	294.624	294.627	294.627	294.627	294.63	294.632	294.635	294.642	294.649	294.653	294.657	294.659	294.663	294.669	294.675	294.68	294.687	294.697	294.692	294.696	294.69	294.678	294.672	294.67	294.662	294.664	294.657	294.656	294.662	294.658	294.643	294.643	294.632	294.622	294.614	294.606	294.595	294.592	294.57	294.559	294.549	294.533	294.531	294.536	294.54	294.548	294.555	294.554	294.543	294.524	294.509	294.497	294.485	294.478	294.477	294.472	294.469	294.464	294.455	294.446	294.441	294.43	294.425	294.422	294.42	294.416	294.411	294.411	294.402	294.4	294.395	294.38	294.376
293.751	293.783	293.81	293.833	293.838	293.861	293.872	293.884	293.896	293.901	293.922	293.938	293.941	293.963	293.985	293.996	294.016	294.022	294.049	294.073	294.093	294.116	294.132	294.148	294.148	294.158	294.171	294.178	294.175	294.182	294.187	294.194	294.197	294.197	294.197	294.205	294.222	294.234	294.246	294.269	294.291	294.304	294.32	294.331	294.334	294.333	294.343	294.338	294.347	294.355	294.356	294.357	294.365	294.361	294.369	294.375	294.38	294.391	294.399	294.403	294.406	294.409	294.413	294.413	294.408	294.407	294.408	294.412	294.417	294.422	294.429	294.435	294.44	294.445	294.444	294.448	294.463	294.462	294.47	294.471	294.472	294.478	294.473	294.467	294.465	294.459	294.454	294.448	294.436	294.434	294.436	294.438	294.439	294.443	294.441	294.44	294.43	294.417	294.398	294.39	294.369	294.371	294.36	294.346	294.333	294.325	294.317	294.328	294.334	294.341	294.343	294.341	294.335	294.327	294.316	294.303	294.292	294.282	294.268	294.266	294.26	294.257	294.253	294.245	294.239	294.232	294.229	294.225	294.226	294.231	294.227	294.224	294.225	294.22	294.221	294.218	294.205
293.524	293.54	293.563	293.593	293.605	293.625	293.637	293.651	293.671	293.69	293.692	293.711	293.723	293.734	293.753	293.765	293.795	293.807	293.82	293.844	293.86	293.877	293.893	293.913	293.922	293.925	293.93	293.935	293.946	293.949	293.954	293.958	293.952	293.953	293.964	293.967	293.981	293.996	294.014	294.029	294.051	294.07	294.082	294.094	294.104	294.109	294.11	294.123	294.122	294.122	294.13	294.138	294.143	294.141	294.142	294.151	294.166	294.178	294.189	294.189	294.194	294.195	294.195	294.197	294.198	294.201	294.204	294.208	294.209	294.213	294.215	294.221	294.224	294.227	294.23	294.229	294.241	294.241	294.252	294.257	294.256	294.252	294.261	294.248	294.244	294.237	294.233	294.23	294.232	294.225	294.229	294.233	294.232	294.237	294.242	294.22	294.221	294.214	294.198	294.194	294.179	294.171	294.164	294.147	294.129	294.121	294.117	294.114	294.118	294.127	294.135	294.135	294.127	294.114	294.101	294.085	294.072	294.062	294.052	294.047	294.043	294.043	294.043	294.037	294.035	294.029	294.026	294.022	294.019	294.018	294.022	294.02	294.023	294.016	294.007	294.004	293.995
293.297	293.317	293.334	293.357	293.371	293.394	293.407	293.418	293.441	293.459	293.463	293.48	293.497	293.509	293.529	293.547	293.554	293.57	293.585	293.601	293.622	293.646	293.661	293.671	293.683	293.69	293.691	293.698	293.713	293.715	293.72	293.726	293.727	293.728	293.731	293.736	293.746	293.764	293.781	293.801	293.813	293.831	293.845	293.855	293.861	293.876	293.877	293.89	293.897	293.9	293.904	293.909	293.909	293.921	293.923	293.928	293.943	293.949	293.96	293.967	293.968	293.972	293.978	293.979	293.975	293.98	293.984	293.99	293.994	294.001	293.998	294.006	294.002	294.007	294.013	294.012	294.026	294.03	294.033	294.036	294.035	294.034	294.031	294.025	294.017	294.014	294.01	294.007	294.009	294.006	294.001	294.006	294.01	294.004	294.011	294.001	293.997	293.989	293.974	293.963	293.954	293.945	293.937	293.924	293.913	293.898	293.894	293.896	293.901	293.907	293.905	293.903	293.9	293.885	293.877	293.868	293.856	293.85	293.842	293.836	293.832	293.832	293.832	293.83	293.83	293.825	293.824	293.826	293.823	293.817	293.824	293.822	293.815	293.813	293.808	293.801	293.794
293.064	293.08	293.099	293.117	293.134	293.147	293.167	293.18	293.194	293.213	293.233	293.248	293.267	293.274	293.298	293.319	293.331	293.345	293.357	293.375	293.389	293.406	293.424	293.44	293.446	293.451	293.458	293.466	293.473	293.479	293.486	293.495	293.495	293.495	293.491	293.508	293.518	293.527	293.547	293.564	293.577	293.587	293.598	293.609	293.616	293.631	293.645	293.651	293.661	293.666	293.672	293.685	293.688	293.7	293.704	293.718	293.727	293.73	293.742	293.743	293.75	293.75	293.753	293.759	293.762	293.765	293.78	293.785	293.783	293.79	293.78	293.786	293.779	293.778	293.786	293.793	293.804	293.812	293.82	293.819	293.816	293.815	293.804	293.805	293.8	293.795	293.794	293.797	293.789	293.795	293.792	293.8	293.795	293.785	293.788	293.785	293.779	293.776	293.762	293.754	293.744	293.74	293.722	293.71	293.697	293.68	293.674	293.67	293.674	293.679	293.68	293.674	293.671	293.653	293.644	293.634	293.626	293.622	293.613	293.613	293.607	293.606	293.607	293.606	293.605	293.608	293.605	293.61	293.608	293.607	293.606	293.605	293.597	293.583	293.58	293.574	293.568
