299.368	299.369	299.374	299.376	299.373	299.369	299.363	299.364	299.361	299.357	299.353	299.35	299.357	299.353	299.353	299.352	299.355	299.347	299.347	299.343	299.34	299.344	299.345	299.343	299.336	299.338	299.338	299.328	299.328	299.323	299.33	299.325	299.322	299.322	299.323	299.314	299.313	299.303	299.31	299.309	299.307	299.31	299.312	299.312	299.304	299.3	299.294	299.295	299.296	299.301	299.296	299.293	299.295	299.284	299.283	299.274	299.276	299.275	299.281	299.285	299.282	299.286	299.284	299.281	299.277	299.276	299.276	299.273	299.267	299.258	299.257	299.25	299.243	299.235	299.238	299.235	299.237	299.231	299.225	299.22	299.21	299.202	299.196	299.193	299.193	299.187	299.182	299.176	299.17	299.163	299.161	299.156	299.155	299.155	299.157	299.154	299.152	299.146	299.139	299.135	299.127	299.122	299.123	299.122	299.123	299.125	299.122	299.123	299.12	299.118	299.119	299.119	299.121	299.118	299.116	299.114	299.107	299.102	299.099	299.094	299.094	299.09	299.085	299.082	299.076	299.072	299.067	299.06	299.062	299.056	299.053	299.051	299.045	299.038	299.033	299.027	299.024
299.379	299.379	299.38	299.379	299.384	299.375	299.373	299.372	299.372	299.363	299.358	299.361	299.365	299.363	299.361	299.358	299.361	299.359	299.354	299.347	299.348	299.357	299.352	299.346	299.351	299.348	299.345	299.332	299.329	299.331	299.335	299.333	299.328	299.33	299.327	299.321	299.318	299.311	299.314	299.312	299.315	299.312	299.312	299.31	299.309	299.303	299.297	299.301	299.302	299.305	299.298	299.297	299.295	299.29	299.288	299.269	299.279	299.28	299.283	299.286	299.287	299.289	299.289	299.281	299.278	299.28	299.278	299.278	299.269	299.262	299.262	299.251	299.248	299.238	299.24	299.24	299.232	299.223	299.218	299.213	299.208	299.201	299.192	299.192	299.189	299.184	299.177	299.173	299.168	299.166	299.164	299.158	299.161	299.158	299.157	299.155	299.148	299.142	299.137	299.133	299.128	299.126	299.127	299.124	299.124	299.126	299.123	299.123	299.119	299.119	299.118	299.119	299.118	299.116	299.113	299.109	299.106	299.099	299.096	299.093	299.091	299.088	299.083	299.077	299.072	299.065	299.062	299.057	299.055	299.051	299.046	299.044	299.038	299.034	299.029	299.022	299.018
299.393	299.385	299.379	299.387	299.389	299.389	299.38	299.377	299.377	299.376	299.369	299.368	299.371	299.371	299.376	299.368	299.365	299.37	299.363	299.361	299.356	299.359	299.346	299.354	299.357	299.356	299.348	299.342	299.333	299.34	299.339	299.333	299.336	299.334	299.332	299.326	299.318	299.318	299.315	299.321	299.317	299.317	299.315	299.312	299.303	299.302	299.299	299.301	299.302	299.306	299.305	299.301	299.296	299.295	299.293	299.28	299.284	299.283	299.285	299.289	299.285	299.284	299.282	299.281	299.275	299.279	299.275	299.277	299.273	299.265	299.259	299.252	299.248	299.234	299.238	299.233	299.224	299.22	299.213	299.207	299.205	299.199	299.189	299.188	299.182	299.177	299.174	299.17	299.166	299.168	299.164	299.157	299.161	299.16	299.156	299.152	299.143	299.138	299.136	299.131	299.126	299.125	299.126	299.122	299.121	299.122	299.121	299.121	299.117	299.115	299.113	299.116	299.112	299.112	299.109	299.101	299.099	299.093	299.084	299.086	299.082	299.08	299.075	299.07	299.066	299.06	299.054	299.051	299.046	299.048	299.042	299.036	299.032	299.024	299.021	299.015	299.011
299.385	299.386	299.385	299.388	299.386	299.383	299.386	299.382	299.376	299.372	299.368	299.37	299.37	299.37	299.372	299.381	299.377	299.374	299.363	299.366	299.361	299.358	299.36	299.357	299.355	299.353	299.349	299.344	299.328	299.333	299.335	299.335	299.335	299.334	299.327	299.326	299.321	299.315	299.314	299.317	299.317	299.312	299.309	299.304	299.3	299.304	299.293	299.299	299.298	299.3	299.298	299.298	299.295	299.289	299.283	299.284	299.281	299.279	299.284	299.281	299.284	299.284	299.274	299.281	299.26	299.269	299.268	299.266	299.261	299.257	299.255	299.247	299.239	299.23	299.229	299.223	299.221	299.211	299.203	299.202	299.196	299.186	299.183	299.178	299.176	299.174	299.169	299.168	299.167	299.161	299.159	299.159	299.153	299.153	299.149	299.144	299.138	299.134	299.13	299.127	299.126	299.125	299.121	299.123	299.119	299.118	299.117	299.115	299.112	299.112	299.106	299.107	299.105	299.102	299.098	299.092	299.087	299.083	299.077	299.076	299.072	299.069	299.064	299.058	299.055	299.051	299.044	299.044	299.039	299.038	299.033	299.029	299.023	299.017	299.009	299.005	298.994
299.397	299.379	299.373	299.381	299.389	299.394	299.393	299.389	299.388	299.376	299.381	299.365	299.371	299.367	299.373	299.374	299.376	299.382	299.377	299.361	299.361	299.36	299.354	299.351	299.359	299.363	299.349	299.336	299.348	299.341	299.339	299.33	299.328	299.329	299.327	299.325	299.316	299.311	299.314	299.316	299.316	299.314	299.307	299.301	299.301	299.293	299.285	299.292	299.296	299.296	299.296	299.294	299.293	299.292	299.285	299.272	299.276	299.28	299.28	299.275	299.277	299.277	299.267	299.268	299.254	299.26	299.255	299.251	299.25	299.248	299.243	299.235	299.224	299.224	299.22	299.213	299.212	299.203	299.196	299.192	299.185	299.179	299.174	299.169	299.167	299.162	299.161	299.161	299.157	299.152	299.15	299.144	299.139	299.143	299.137	299.132	299.129	299.124	299.122	299.119	299.115	299.117	299.119	299.113	299.111	299.111	299.108	299.105	299.098	299.098	299.096	299.093	299.093	299.088	299.084	299.083	299.078	299.068	299.066	299.061	299.061	299.057	299.056	299.053	299.046	299.042	299.034	299.031	299.03	299.025	299.023	299.018	299.01	299.004	298.996	298.983	298.977
299.386	299.374	299.387	299.383	299.381	299.38	299.38	299.379	299.38	299.368	299.371	299.369	299.371	299.371	299.377	299.385	299.383	299.379	299.377	299.365	299.367	299.357	299.353	299.354	299.351	299.348	299.353	299.341	299.332	299.324	299.329	299.328	299.328	299.33	299.324	299.318	299.317	299.314	299.318	299.312	299.307	299.306	299.303	299.301	299.294	299.287	299.295	299.288	299.287	299.29	299.293	299.293	299.285	299.275	299.274	299.264	299.277	299.269	299.269	299.269	299.267	299.262	299.26	299.252	299.244	299.243	299.24	299.246	299.242	299.236	299.232	299.228	299.221	299.205	299.204	299.201	299.196	299.192	299.188	299.182	299.174	299.172	299.157	299.16	299.158	299.156	299.155	299.151	299.147	299.148	299.142	299.138	299.141	299.136	299.132	299.128	299.124	299.121	299.121	299.119	299.116	299.112	299.112	299.11	299.108	299.104	299.099	299.099	299.095	299.086	299.091	299.086	299.083	299.079	299.072	299.068	299.065	299.062	299.059	299.052	299.053	299.046	299.042	299.04	299.035	299.032	299.028	299.018	299.017	299.014	299.007	299.003	298.993	298.984	298.971	298.953	298.938
299.4	299.379	299.379	299.383	299.388	299.392	299.395	299.394	299.391	299.387	299.377	299.385	299.383	299.379	299.379	299.388	299.394	299.396	299.387	299.378	299.365	299.364	299.358	299.36	299.357	299.354	299.359	299.346	299.341	299.348	299.339	299.333	299.331	299.331	299.327	299.327	299.321	299.314	299.313	299.32	299.32	299.316	299.307	299.302	299.303	299.301	299.289	299.29	299.299	299.296	299.293	299.295	299.294	299.284	299.278	299.268	299.268	299.269	299.266	299.265	299.259	299.254	299.252	299.243	299.242	299.241	299.239	299.233	299.229	299.231	299.227	299.213	299.208	299.199	299.198	299.197	299.192	299.189	299.183	299.176	299.17	299.162	299.154	299.153	299.151	299.148	299.146	299.145	299.143	299.139	299.134	299.133	299.129	299.129	299.13	299.127	299.122	299.119	299.116	299.108	299.11	299.106	299.106	299.103	299.1	299.096	299.093	299.089	299.085	299.079	299.077	299.075	299.07	299.068	299.065	299.06	299.056	299.049	299.045	299.042	299.039	299.038	299.034	299.03	299.026	299.019	299.013	299.011	299.005	299.002	298.987	298.978	298.968	298.955	298.942	298.935	298.917
299.395	299.386	299.386	299.386	299.394	299.392	299.394	299.398	299.388	299.393	299.376	299.39	299.388	299.395	299.396	299.399	299.395	299.394	299.387	299.38	299.374	299.376	299.365	299.358	299.36	299.359	299.349	299.353	299.351	299.346	299.338	299.337	299.339	299.333	299.33	299.329	299.317	299.32	299.321	299.314	299.317	299.317	299.314	299.31	299.305	299.301	299.292	299.301	299.287	299.293	299.298	299.294	299.287	299.276	299.273	299.267	299.263	299.265	299.26	299.255	299.25	299.242	299.233	299.232	299.228	299.224	299.226	299.224	299.223	299.219	299.213	299.206	299.201	299.192	299.191	299.182	299.183	299.179	299.174	299.169	299.161	299.151	299.147	299.143	299.143	299.144	299.137	299.135	299.134	299.127	299.129	299.124	299.124	299.126	299.123	299.119	299.116	299.114	299.109	299.11	299.103	299.102	299.099	299.097	299.094	299.091	299.088	299.083	299.076	299.074	299.066	299.065	299.06	299.056	299.051	299.045	299.041	299.037	299.031	299.032	299.023	299.023	299.018	299.015	299.013	299.008	298.999	298.986	298.973	298.965	298.956	298.941	298.932	298.924	298.912	298.9	298.888
299.395	299.387	299.389	299.389	299.398	299.4	299.402	299.403	299.397	299.397	299.385	299.401	299.401	299.391	299.397	299.401	299.397	299.396	299.386	299.379	299.374	299.372	299.379	299.37	299.358	299.351	299.355	299.355	299.344	299.344	299.345	299.335	299.335	299.331	299.327	299.327	299.32	299.317	299.316	299.318	299.318	299.314	299.306	299.304	299.303	299.298	299.288	299.293	299.288	299.284	299.289	299.286	299.278	299.276	299.264	299.262	299.258	299.256	299.253	299.247	299.238	299.23	299.225	299.22	299.213	299.213	299.212	299.208	299.207	299.202	299.195	299.193	299.185	299.179	299.18	299.177	299.171	299.168	299.164	299.158	299.151	299.143	299.134	299.134	299.133	299.13	299.127	299.124	299.12	299.116	299.115	299.108	299.111	299.111	299.11	299.107	299.105	299.102	299.098	299.098	299.089	299.092	299.088	299.085	299.083	299.075	299.07	299.07	299.06	299.055	299.049	299.048	299.043	299.039	299.035	299.03	299.024	299.021	299.012	299.009	299.005	299.003	299	298.996	298.989	298.977	298.964	298.946	298.941	298.928	298.914	298.903	298.891	298.884	298.877	298.866	298.861
299.393	299.383	299.387	299.389	299.396	299.398	299.402	299.403	299.4	299.397	299.389	299.4	299.404	299.402	299.4	299.401	299.392	299.383	299.38	299.365	299.373	299.364	299.369	299.363	299.35	299.348	299.348	299.343	299.334	299.339	299.336	299.329	299.331	299.326	299.321	299.32	299.317	299.31	299.311	299.308	299.308	299.305	299.298	299.295	299.292	299.288	299.281	299.276	299.281	299.277	299.271	299.269	299.263	299.26	299.253	299.246	299.243	299.242	299.24	299.231	299.223	299.217	299.211	299.205	299.199	299.198	299.195	299.192	299.19	299.185	299.178	299.174	299.17	299.169	299.165	299.164	299.158	299.152	299.148	299.143	299.136	299.131	299.12	299.123	299.122	299.121	299.118	299.116	299.11	299.105	299.1	299.094	299.096	299.091	299.093	299.086	299.086	299.087	299.085	299.08	299.075	299.075	299.073	299.071	299.068	299.062	299.057	299.053	299.044	299.035	299.031	299.025	299.023	299.017	299.016	299.012	299.005	299	298.991	298.981	298.973	298.964	298.955	298.95	298.947	298.935	298.925	298.907	298.902	298.89	298.878	298.868	298.858	298.847	298.841	298.831	298.828
299.392	299.38	299.385	299.391	299.391	299.393	299.396	299.395	299.393	299.387	299.391	299.396	299.405	299.406	299.403	299.401	299.389	299.374	299.373	299.354	299.365	299.361	299.361	299.352	299.348	299.344	299.337	299.331	299.328	299.333	299.329	299.33	299.33	299.32	299.313	299.312	299.31	299.302	299.306	299.297	299.295	299.291	299.283	299.281	299.277	299.272	299.272	299.262	299.268	299.26	299.255	299.253	299.245	299.242	299.241	299.23	299.231	299.228	299.22	299.211	299.204	299.199	299.194	299.186	299.186	299.177	299.176	299.174	299.172	299.165	299.161	299.153	299.151	299.149	299.145	299.145	299.139	299.134	299.129	299.124	299.118	299.114	299.11	299.112	299.112	299.112	299.11	299.104	299.099	299.093	299.087	299.081	299.078	299.073	299.073	299.066	299.064	299.068	299.063	299.06	299.057	299.053	299.054	299.053	299.05	299.047	299.041	299.032	299.027	299.016	299.013	299.006	299.005	299	298.988	298.982	298.969	298.957	298.95	298.941	298.933	298.926	298.918	298.907	298.903	298.894	298.885	298.873	298.864	298.856	298.844	298.835	298.826	298.817	298.808	298.798	298.789
299.382	299.376	299.383	299.392	299.387	299.392	299.395	299.39	299.386	299.375	299.383	299.395	299.401	299.401	299.4	299.393	299.383	299.368	299.361	299.345	299.351	299.351	299.353	299.349	299.341	299.334	299.327	299.327	299.318	299.322	299.322	299.322	299.314	299.301	299.299	299.298	299.299	299.291	299.292	299.291	299.285	299.28	299.271	299.265	299.263	299.251	299.256	299.248	299.248	299.243	299.238	299.237	299.232	299.229	299.223	299.213	299.215	299.21	299.201	299.194	299.188	299.179	299.173	299.167	299.166	299.158	299.158	299.156	299.153	299.146	299.138	299.135	299.126	299.121	299.123	299.121	299.115	299.113	299.11	299.106	299.104	299.098	299.099	299.097	299.097	299.098	299.093	299.088	299.083	299.077	299.073	299.063	299.059	299.055	299.052	299.048	299.047	299.044	299.038	299.034	299.03	299.028	299.028	299.028	299.027	299.023	299.019	299.01	299.006	298.987	298.982	298.971	298.967	298.956	298.947	298.934	298.925	298.916	298.904	298.898	298.887	298.887	298.881	298.871	298.863	298.858	298.844	298.842	298.829	298.823	298.809	298.798	298.792	298.78	298.771	298.764	298.753
299.362	299.362	299.375	299.384	299.387	299.384	299.381	299.377	299.373	299.373	299.364	299.378	299.387	299.395	299.394	299.385	299.373	299.356	299.343	299.339	299.34	299.335	299.34	299.334	299.331	299.325	299.317	299.316	299.303	299.318	299.307	299.304	299.299	299.292	299.289	299.279	299.281	299.274	299.271	299.275	299.267	299.261	299.255	299.251	299.246	299.24	299.229	299.23	299.234	299.229	299.219	299.211	299.211	299.207	299.195	299.196	299.19	299.188	299.181	299.174	299.165	299.158	299.154	299.145	299.138	299.138	299.134	299.13	299.131	299.126	299.116	299.109	299.104	299.097	299.096	299.088	299.091	299.091	299.088	299.087	299.086	299.08	299.08	299.078	299.077	299.074	299.072	299.07	299.066	299.057	299.056	299.046	299.041	299.035	299.027	299.024	299.02	299.019	299.016	299.011	298.999	299.004	298.991	298.998	299.001	298.995	298.99	298.976	298.963	298.944	298.938	298.927	298.917	298.908	298.899	298.889	298.875	298.874	298.861	298.859	298.848	298.84	298.838	298.831	298.825	298.82	298.806	298.802	298.792	298.785	298.775	298.766	298.756	298.743	298.731	298.727	298.719
299.346	299.358	299.365	299.37	299.375	299.374	299.377	299.376	299.362	299.365	299.36	299.368	299.373	299.375	299.378	299.373	299.361	299.354	299.338	299.318	299.323	299.326	299.327	299.323	299.321	299.316	299.308	299.306	299.297	299.304	299.297	299.298	299.291	299.277	299.269	299.265	299.259	299.258	299.256	299.254	299.246	299.243	299.239	299.232	299.219	299.219	299.212	299.212	299.207	299.203	299.203	299.199	299.19	299.185	299.178	299.179	299.166	299.169	299.161	299.154	299.148	299.139	299.133	299.126	299.12	299.115	299.115	299.112	299.108	299.103	299.097	299.089	299.08	299.074	299.07	299.072	299.072	299.072	299.071	299.069	299.066	299.063	299.057	299.056	299.053	299.049	299.047	299.045	299.042	299.04	299.033	299.025	299.017	299.009	299.006	299	298.991	298.983	298.971	298.96	298.942	298.951	298.942	298.946	298.94	298.933	298.93	298.921	298.914	298.905	298.889	298.88	298.876	298.862	298.853	298.845	298.834	298.828	298.818	298.813	298.813	298.807	298.8	298.791	298.781	298.776	298.767	298.758	298.753	298.747	298.737	298.727	298.718	298.71	298.702	298.689	298.683
299.336	299.336	299.338	299.35	299.356	299.351	299.352	299.356	299.347	299.343	299.338	299.353	299.36	299.364	299.365	299.365	299.35	299.337	299.331	299.321	299.321	299.31	299.311	299.31	299.306	299.301	299.297	299.292	299.282	299.282	299.284	299.28	299.274	299.27	299.268	299.261	299.245	299.236	299.235	299.23	299.235	299.225	299.219	299.217	299.208	299.197	299.186	299.186	299.19	299.184	299.177	299.171	299.167	299.165	299.157	299.148	299.145	299.147	299.137	299.133	299.128	299.12	299.113	299.106	299.104	299.097	299.097	299.095	299.09	299.085	299.079	299.07	299.06	299.058	299.052	299.051	299.049	299.048	299.051	299.049	299.044	299.043	299.036	299.035	299.03	299.027	299.025	299.023	299.021	299.021	299.012	299.01	299.003	298.982	298.972	298.957	298.952	298.946	298.927	298.926	298.91	298.899	298.9	298.896	298.893	298.894	298.892	298.884	298.876	298.864	298.857	298.843	298.832	298.82	298.809	298.803	298.797	298.791	298.793	298.782	298.774	298.765	298.757	298.752	298.745	298.734	298.73	298.721	298.717	298.711	298.703	298.696	298.685	298.672	298.665	298.656	298.65
299.334	299.329	299.334	299.34	299.341	299.347	299.348	299.344	299.35	299.345	299.337	299.342	299.346	299.357	299.357	299.355	299.35	299.338	299.33	299.315	299.317	299.311	299.306	299.305	299.297	299.294	299.29	299.279	299.277	299.274	299.277	299.271	299.271	299.27	299.258	299.246	299.244	299.229	299.229	299.219	299.216	299.213	299.206	299.2	299.191	299.182	299.179	299.168	299.168	299.167	299.163	299.161	299.157	299.15	299.141	299.14	299.134	299.127	299.123	299.118	299.111	299.105	299.103	299.091	299.088	299.087	299.084	299.078	299.077	299.072	299.064	299.058	299.049	299.042	299.037	299.036	299.038	299.04	299.038	299.035	299.034	299.028	299.023	299.019	299.014	299.009	299.005	299.001	299	298.99	298.989	298.967	298.958	298.945	298.935	298.922	298.911	298.901	298.891	298.88	298.87	298.871	298.868	298.86	298.857	298.851	298.845	298.842	298.839	298.823	298.821	298.808	298.794	298.786	298.775	298.765	298.762	298.756	298.748	298.748	298.74	298.733	298.723	298.715	298.708	298.698	298.693	298.688	298.685	298.68	298.673	298.663	298.657	298.648	298.637	298.63	298.62
299.328	299.309	299.318	299.322	299.326	299.331	299.332	299.333	299.333	299.324	299.329	299.339	299.338	299.345	299.344	299.341	299.337	299.324	299.326	299.31	299.31	299.306	299.3	299.293	299.286	299.279	299.272	299.266	299.26	299.258	299.257	299.259	299.255	299.252	299.254	299.247	299.232	299.209	299.212	299.207	299.201	299.198	299.193	299.184	299.176	299.166	299.158	299.157	299.151	299.15	299.146	299.142	299.136	299.129	299.126	299.116	299.111	299.109	299.104	299.097	299.092	299.086	299.078	299.077	299.074	299.066	299.067	299.062	299.058	299.053	299.047	299.042	299.034	299.027	299.027	299.023	299.021	299.018	299.016	299.017	299.015	299.009	299.007	299.001	298.992	298.985	298.97	298.965	298.958	298.943	298.944	298.923	298.922	298.904	298.897	298.893	298.882	298.87	298.864	298.853	298.844	298.841	298.831	298.83	298.825	298.818	298.812	298.809	298.802	298.794	298.782	298.771	298.76	298.747	298.738	298.731	298.726	298.724	298.715	298.714	298.698	298.695	298.687	298.679	298.671	298.664	298.659	298.654	298.652	298.647	298.643	298.634	298.626	298.616	298.606	298.599	298.582
299.303	299.297	299.295	299.303	299.311	299.315	299.318	299.319	299.322	299.32	299.314	299.319	299.326	299.326	299.327	299.325	299.317	299.311	299.304	299.297	299.301	299.298	299.29	299.283	299.275	299.265	299.255	299.248	299.238	299.242	299.239	299.244	299.242	299.238	299.238	299.223	299.209	299.203	299.193	299.189	299.184	299.18	299.174	299.164	299.161	299.154	299.141	299.14	299.136	299.133	299.13	299.126	299.121	299.114	299.108	299.099	299.095	299.092	299.085	299.079	299.076	299.071	299.064	299.061	299.056	299.05	299.049	299.044	299.041	299.036	299.032	299.027	299.02	299.017	299.011	299.011	299.004	299.002	299	298.997	298.986	298.975	298.969	298.962	298.954	298.944	298.932	298.918	298.909	298.899	298.893	298.882	298.877	298.87	298.859	298.855	298.844	298.836	298.827	298.816	298.81	298.805	298.8	298.795	298.79	298.78	298.775	298.766	298.757	298.755	298.745	298.736	298.727	298.717	298.708	298.703	298.69	298.687	298.677	298.676	298.668	298.659	298.652	298.645	298.639	298.632	298.626	298.618	298.617	298.612	298.607	298.601	298.589	298.57	298.557	298.543	298.527
299.28	299.272	299.272	299.273	299.283	299.288	299.295	299.296	299.293	299.302	299.297	299.302	299.31	299.31	299.309	299.308	299.299	299.294	299.28	299.276	299.278	299.279	299.275	299.264	299.254	299.245	299.233	299.23	299.214	299.223	299.219	299.222	299.222	299.219	299.215	299.203	299.192	299.186	299.172	299.169	299.164	299.161	299.155	299.149	299.144	299.138	299.131	299.126	299.118	299.118	299.112	299.109	299.105	299.098	299.091	299.084	299.079	299.073	299.069	299.063	299.061	299.054	299.05	299.043	299.036	299.034	299.029	299.024	299.021	299.018	299.014	299.01	299.006	299.004	298.994	298.989	298.979	298.963	298.959	298.947	298.938	298.932	298.919	298.919	298.911	298.901	298.894	298.883	298.87	298.863	298.851	298.847	298.839	298.833	298.825	298.814	298.807	298.801	298.792	298.785	298.778	298.771	298.767	298.761	298.756	298.749	298.739	298.733	298.726	298.716	298.712	298.701	298.695	298.687	298.681	298.671	298.661	298.654	298.645	298.642	298.634	298.629	298.621	298.616	298.608	298.599	298.589	298.571	298.567	298.556	298.548	298.535	298.524	298.513	298.502	298.486	298.471
299.257	299.242	299.249	299.247	299.252	299.26	299.264	299.27	299.27	299.274	299.274	299.281	299.287	299.286	299.285	299.275	299.271	299.263	299.253	299.251	299.252	299.253	299.25	299.24	299.231	299.224	299.21	299.207	299.195	299.198	299.196	299.196	299.195	299.191	299.188	299.182	299.171	299.159	299.155	299.152	299.144	299.14	299.137	299.132	299.127	299.123	299.117	299.111	299.105	299.098	299.094	299.089	299.087	299.082	299.077	299.069	299.065	299.059	299.052	299.047	299.046	299.038	299.032	299.026	299.018	299.016	299.01	299.007	299.004	298.996	298.992	298.985	298.973	298.967	298.96	298.952	298.937	298.927	298.917	298.909	298.892	298.888	298.876	298.872	298.868	298.858	298.854	298.843	298.833	298.826	298.813	298.811	298.801	298.796	298.787	298.779	298.771	298.766	298.757	298.751	298.742	298.738	298.734	298.724	298.721	298.713	298.703	298.697	298.694	298.682	298.684	298.672	298.668	298.662	298.65	298.642	298.632	298.625	298.615	298.61	298.603	298.594	298.583	298.573	298.562	298.542	298.531	298.513	298.501	298.492	298.481	298.472	298.465	298.458	298.448	298.436	298.424
299.225	299.216	299.225	299.222	299.225	299.231	299.235	299.237	299.248	299.247	299.249	299.251	299.252	299.254	299.247	299.241	299.233	299.225	299.22	299.218	299.22	299.218	299.216	299.211	299.205	299.198	299.187	299.181	299.177	299.173	299.174	299.171	299.166	299.161	299.155	299.15	299.145	299.136	299.137	299.127	299.12	299.121	299.118	299.112	299.114	299.108	299.099	299.092	299.087	299.079	299.076	299.072	299.068	299.067	299.061	299.051	299.047	299.042	299.032	299.031	299.028	299.023	299.015	299.009	299.002	298.989	298.983	298.978	298.966	298.956	298.943	298.935	298.929	298.918	298.914	298.903	298.897	298.887	298.882	298.872	298.858	298.841	298.84	298.826	298.824	298.817	298.812	298.805	298.796	298.791	298.778	298.771	298.766	298.758	298.749	298.742	298.737	298.73	298.724	298.714	298.706	298.701	298.692	298.685	298.677	298.671	298.668	298.661	298.657	298.651	298.653	298.645	298.641	298.634	298.623	298.613	298.603	298.585	298.568	298.562	298.547	298.539	298.526	298.517	298.507	298.493	298.475	298.46	298.444	298.431	298.423	298.414	298.409	298.404	298.396	298.386	298.376
299.192	299.196	299.191	299.188	299.192	299.201	299.206	299.206	299.206	299.211	299.213	299.218	299.221	299.22	299.208	299.203	299.2	299.189	299.189	299.179	299.184	299.185	299.184	299.18	299.171	299.164	299.159	299.149	299.15	299.146	299.145	299.14	299.136	299.131	299.128	299.119	299.119	299.111	299.107	299.099	299.1	299.102	299.1	299.094	299.09	299.086	299.082	299.072	299.063	299.056	299.054	299.051	299.049	299.044	299.039	299.032	299.024	299.017	299.015	299.011	299.006	299.002	298.992	298.98	298.958	298.949	298.943	298.932	298.925	298.921	298.91	298.89	298.888	298.87	298.868	298.857	298.853	298.843	298.834	298.824	298.816	298.801	298.797	298.78	298.785	298.775	298.772	298.77	298.763	298.754	298.75	298.738	298.726	298.722	298.712	298.707	298.7	298.694	298.69	298.678	298.67	298.664	298.653	298.652	298.644	298.637	298.638	298.63	298.627	298.624	298.619	298.615	298.61	298.604	298.59	298.575	298.55	298.535	298.51	298.5	298.493	298.484	298.475	298.464	298.455	298.442	298.423	298.408	298.393	298.38	298.369	298.362	298.357	298.354	298.347	298.335	298.325
299.152	299.158	299.165	299.175	299.167	299.167	299.176	299.18	299.18	299.181	299.177	299.177	299.174	299.178	299.176	299.171	299.161	299.15	299.152	299.146	299.155	299.154	299.151	299.148	299.142	299.131	299.128	299.118	299.116	299.111	299.11	299.111	299.104	299.098	299.096	299.093	299.086	299.078	299.082	299.082	299.072	299.067	299.069	299.072	299.069	299.062	299.054	299.044	299.04	299.036	299.031	299.027	299.026	299.026	299.018	299.008	299.001	298.982	298.981	298.974	298.968	298.962	298.958	298.938	298.916	298.909	298.895	298.893	298.889	298.882	298.873	298.86	298.848	298.828	298.825	298.819	298.81	298.807	298.8	298.788	298.78	298.763	298.754	298.747	298.741	298.732	298.73	298.73	298.726	298.719	298.707	298.705	298.694	298.684	298.676	298.668	298.662	298.653	298.648	298.641	298.633	298.629	298.619	298.613	298.609	298.604	298.6	298.588	298.584	298.573	298.578	298.568	298.559	298.545	298.53	298.513	298.49	298.477	298.459	298.451	298.439	298.428	298.421	298.415	298.403	298.392	298.378	298.355	298.338	298.328	298.321	298.317	298.313	298.307	298.302	298.291	298.28
299.125	299.14	299.128	299.129	299.134	299.138	299.139	299.14	299.144	299.145	299.137	299.15	299.146	299.141	299.137	299.132	299.13	299.126	299.118	299.115	299.115	299.118	299.116	299.114	299.11	299.103	299.095	299.09	299.082	299.08	299.076	299.071	299.071	299.07	299.067	299.064	299.057	299.058	299.05	299.044	299.045	299.046	299.043	299.037	299.038	299.035	299.025	299.02	299.011	299.004	299.002	299.002	298.999	298.989	298.981	298.958	298.947	298.935	298.919	298.916	298.919	298.912	298.899	298.89	298.875	298.869	298.853	298.852	298.846	298.839	298.833	298.822	298.805	298.801	298.783	298.782	298.773	298.765	298.756	298.744	298.737	298.728	298.718	298.711	298.702	298.699	298.697	298.691	298.689	298.689	298.676	298.668	298.657	298.65	298.644	298.636	298.631	298.624	298.612	298.609	298.598	298.588	298.586	298.569	298.56	298.552	298.544	298.539	298.531	298.511	298.515	298.499	298.493	298.482	298.469	298.458	298.444	298.423	298.408	298.4	298.39	298.382	298.372	298.36	298.348	298.335	298.32	298.308	298.298	298.288	298.277	298.272	298.269	298.265	298.259	298.252	298.239
299.079	299.107	299.11	299.114	299.115	299.115	299.117	299.12	299.119	299.122	299.116	299.113	299.114	299.116	299.114	299.109	299.104	299.1	299.092	299.094	299.091	299.092	299.092	299.089	299.087	299.083	299.072	299.066	299.053	299.05	299.05	299.045	299.044	299.042	299.04	299.043	299.034	299.031	299.026	299.026	299.017	299.011	299.007	299.007	299.006	299.001	298.991	298.988	298.972	298.964	298.958	298.951	298.95	298.937	298.93	298.913	298.895	298.885	298.879	298.872	298.866	298.862	298.859	298.851	298.829	298.824	298.823	298.813	298.807	298.802	298.793	298.785	298.772	298.768	298.751	298.75	298.742	298.734	298.726	298.719	298.708	298.699	298.686	298.68	298.673	298.664	298.661	298.658	298.653	298.644	298.639	298.633	298.625	298.617	298.611	298.603	298.587	298.575	298.561	298.55	298.544	298.529	298.521	298.509	298.5	298.491	298.481	298.471	298.463	298.457	298.452	298.443	298.437	298.426	298.411	298.401	298.387	298.375	298.368	298.355	298.346	298.337	298.325	298.313	298.302	298.288	298.276	298.264	298.253	298.249	298.248	298.242	298.235	298.232	298.223	298.214	298.205
299.063	299.079	299.078	299.08	299.083	299.084	299.087	299.091	299.088	299.089	299.089	299.089	299.089	299.086	299.084	299.082	299.079	299.074	299.069	299.063	299.064	299.057	299.061	299.061	299.059	299.054	299.045	299.038	299.028	299.023	299.017	299.018	299.019	299.017	299.017	299.015	299.009	299.004	298.999	298.992	298.981	298.968	298.959	298.951	298.941	298.938	298.933	298.925	298.915	298.915	298.904	298.902	298.9	298.89	298.872	298.857	298.852	298.831	298.828	298.821	298.816	298.815	298.81	298.8	298.793	298.786	298.783	298.774	298.768	298.762	298.75	298.747	298.737	298.726	298.723	298.71	298.705	298.697	298.691	298.681	298.672	298.664	298.658	298.648	298.644	298.636	298.627	298.626	298.621	298.614	298.61	298.594	298.587	298.566	298.556	298.547	298.536	298.52	298.513	298.493	298.485	298.477	298.465	298.462	298.45	298.441	298.436	298.428	298.414	298.407	298.393	298.386	298.376	298.368	298.363	298.355	298.343	298.333	298.32	298.316	298.308	298.298	298.285	298.272	298.255	298.242	298.236	298.226	298.224	298.216	298.216	298.208	298.203	298.189	298.171	298.155	298.14
299.043	299.05	299.052	299.054	299.058	299.061	299.058	299.057	299.061	299.059	299.055	299.054	299.055	299.052	299.052	299.05	299.047	299.045	299.042	299.03	299.032	299.03	299.026	299.029	299.025	299.021	299.016	299.006	298.998	298.993	298.986	298.984	298.987	298.987	298.989	298.976	298.964	298.96	298.947	298.936	298.922	298.913	298.899	298.889	298.887	298.884	298.875	298.875	298.869	298.859	298.856	298.852	298.848	298.837	298.829	298.809	298.803	298.791	298.782	298.779	298.773	298.771	298.767	298.759	298.757	298.744	298.743	298.735	298.731	298.722	298.715	298.708	298.702	298.694	298.687	298.679	298.672	298.667	298.657	298.648	298.642	298.633	298.626	298.614	298.608	298.604	298.593	298.575	298.569	298.556	298.551	298.53	298.522	298.51	298.494	298.487	298.474	298.463	298.456	298.447	298.434	298.424	298.416	298.404	298.399	298.389	298.383	298.372	298.36	298.353	298.342	298.337	298.327	298.32	298.308	298.299	298.296	298.291	298.278	298.273	298.266	298.254	298.244	298.228	298.213	298.203	298.197	298.179	298.185	298.178	298.169	298.159	298.14	298.126	298.108	298.096	298.084
299.013	299.013	299.02	299.025	299.028	299.03	299.03	299.028	299.03	299.024	299.021	299.018	299.012	299.014	299.012	299.012	299.013	299.01	299.007	299.002	299	298.997	298.992	298.987	298.985	298.976	298.97	298.958	298.947	298.939	298.933	298.936	298.93	298.934	298.931	298.924	298.914	298.9	298.897	298.885	298.875	298.86	298.85	298.847	298.843	298.832	298.825	298.824	298.82	298.813	298.806	298.804	298.798	298.79	298.784	298.768	298.761	298.753	298.747	298.74	298.736	298.73	298.729	298.72	298.715	298.707	298.703	298.698	298.689	298.684	298.675	298.668	298.664	298.657	298.649	298.643	298.639	298.63	298.623	298.614	298.608	298.599	298.578	298.567	298.545	298.539	298.526	298.514	298.51	298.502	298.494	298.482	298.467	298.454	298.446	298.432	298.422	298.413	298.406	298.397	298.386	298.378	298.37	298.361	298.353	298.346	298.337	298.328	298.314	298.305	298.296	298.283	298.278	298.271	298.262	298.257	298.254	298.243	298.238	298.232	298.222	298.214	298.197	298.177	298.156	298.142	298.133	298.124	298.121	298.116	298.111	298.094	298.079	298.062	298.05	298.036	298.027
298.961	298.966	298.964	298.981	298.982	298.991	298.991	298.995	298.988	298.981	298.974	298.967	298.957	298.956	298.958	298.952	298.955	298.951	298.943	298.942	298.931	298.932	298.93	298.93	298.925	298.925	298.912	298.902	298.895	298.888	298.886	298.88	298.879	298.878	298.876	298.869	298.864	298.849	298.846	298.838	298.83	298.819	298.807	298.804	298.794	298.788	298.784	298.775	298.771	298.766	298.761	298.753	298.751	298.745	298.734	298.731	298.72	298.716	298.706	298.701	298.698	298.694	298.688	298.682	298.674	298.674	298.667	298.662	298.654	298.643	298.637	298.629	298.624	298.618	298.609	298.607	298.599	298.588	298.575	298.563	298.543	298.536	298.51	298.498	298.481	298.473	298.466	298.453	298.452	298.447	298.439	298.433	298.417	298.404	298.393	298.384	298.37	298.366	298.355	298.345	298.338	298.33	298.326	298.314	298.31	298.3	298.291	298.283	298.271	298.261	298.253	298.242	298.236	298.232	298.221	298.219	298.212	298.201	298.192	298.178	298.167	298.15	298.131	298.114	298.1	298.085	298.08	298.074	298.063	298.057	298.044	298.032	298.016	298.005	297.99	297.982	297.973
298.886	298.909	298.898	298.907	298.916	298.918	298.923	298.925	298.921	298.917	298.907	298.906	298.903	298.898	298.892	298.89	298.882	298.885	298.877	298.875	298.87	298.873	298.871	298.868	298.868	298.865	298.858	298.85	298.841	298.839	298.832	298.828	298.823	298.822	298.82	298.814	298.811	298.802	298.798	298.786	298.786	298.774	298.766	298.761	298.752	298.746	298.739	298.73	298.722	298.72	298.715	298.709	298.704	298.704	298.691	298.693	298.68	298.678	298.671	298.665	298.663	298.656	298.65	298.645	298.637	298.635	298.628	298.625	298.616	298.608	298.598	298.587	298.57	298.554	298.55	298.534	298.527	298.518	298.512	298.501	298.485	298.474	298.449	298.436	298.422	298.416	298.41	298.402	298.393	298.397	298.386	298.377	298.369	298.356	298.346	298.337	298.327	298.315	298.308	298.297	298.289	298.283	298.278	298.268	298.262	298.255	298.245	298.238	298.228	298.22	298.211	298.205	298.2	298.182	298.168	298.151	298.145	298.135	298.119	298.108	298.098	298.084	298.074	298.064	298.05	298.039	298.026	298.015	298.007	297.996	297.985	297.968	297.958	297.945	297.935	297.929	297.918
298.81	298.836	298.831	298.837	298.84	298.842	298.845	298.852	298.847	298.85	298.844	298.838	298.841	298.831	298.833	298.827	298.817	298.817	298.814	298.809	298.813	298.812	298.811	298.81	298.806	298.803	298.8	298.796	298.786	298.79	298.784	298.782	298.774	298.769	298.767	298.761	298.754	298.748	298.75	298.742	298.737	298.728	298.721	298.722	298.715	298.706	298.689	298.686	298.679	298.667	298.668	298.664	298.658	298.659	298.654	298.651	298.64	298.641	298.634	298.628	298.622	298.618	298.611	298.607	298.594	298.583	298.579	298.564	298.552	298.543	298.534	298.516	298.503	298.484	298.479	298.465	298.464	298.454	298.443	298.437	298.424	298.406	298.396	298.384	298.371	298.362	298.36	298.355	298.352	298.345	298.34	298.327	298.319	298.309	298.298	298.295	298.285	298.27	298.261	298.248	298.242	298.237	298.232	298.226	298.221	298.214	298.208	298.197	298.184	298.169	298.151	298.14	298.124	298.117	298.104	298.093	298.075	298.067	298.05	298.039	298.033	298.023	298.018	298.008	297.995	297.986	297.975	297.962	297.955	297.942	297.931	297.916	297.901	297.89	297.879	297.878	297.864
298.761	298.763	298.762	298.77	298.775	298.781	298.789	298.789	298.782	298.771	298.781	298.773	298.778	298.769	298.763	298.758	298.753	298.754	298.748	298.747	298.751	298.753	298.754	298.751	298.746	298.741	298.735	298.734	298.734	298.735	298.727	298.728	298.724	298.718	298.714	298.711	298.71	298.699	298.695	298.693	298.69	298.684	298.68	298.673	298.663	298.662	298.656	298.644	298.64	298.632	298.626	298.621	298.615	298.616	298.609	298.607	298.606	298.599	298.584	298.577	298.573	298.564	298.551	298.533	298.531	298.511	298.504	298.493	298.484	298.477	298.468	298.451	298.443	298.419	298.418	298.405	298.403	298.396	298.388	298.38	298.37	298.359	298.345	298.33	298.325	298.319	298.309	298.304	298.301	298.293	298.289	298.283	298.267	298.26	298.25	298.242	298.235	298.225	298.218	298.206	298.197	298.182	298.168	298.159	298.146	298.136	298.127	298.119	298.107	298.096	298.092	298.082	298.065	298.048	298.035	298.023	298.012	297.997	297.991	297.98	297.968	297.96	297.952	297.947	297.94	297.931	297.917	297.908	297.899	297.884	297.878	297.864	297.853	297.844	297.832	297.828	297.817
298.704	298.693	298.7	298.703	298.704	298.707	298.705	298.708	298.72	298.712	298.714	298.703	298.71	298.71	298.706	298.702	298.698	298.693	298.691	298.692	298.688	298.692	298.689	298.685	298.684	298.684	298.68	298.677	298.669	298.674	298.675	298.673	298.669	298.67	298.667	298.656	298.654	298.648	298.651	298.645	298.639	298.632	298.628	298.624	298.624	298.611	298.608	298.593	298.588	298.582	298.575	298.565	298.557	298.546	298.538	298.529	298.522	298.518	298.514	298.505	298.49	298.483	298.48	298.46	298.454	298.438	298.43	298.429	298.421	298.41	298.4	298.388	298.381	298.361	298.356	298.347	298.337	298.331	298.324	298.314	298.303	298.301	298.291	298.287	298.277	298.272	298.266	298.262	298.259	298.253	298.24	298.233	298.221	298.214	298.206	298.198	298.188	298.173	298.153	298.135	298.119	298.105	298.096	298.083	298.076	298.067	298.058	298.054	298.049	298.036	298.024	298.005	297.994	297.986	297.97	297.959	297.954	297.94	297.934	297.921	297.911	297.905	297.893	297.886	297.881	297.873	297.867	297.853	297.845	297.834	297.825	297.812	297.803	297.792	297.772	297.757	297.75
298.627	298.631	298.64	298.643	298.644	298.651	298.654	298.652	298.649	298.64	298.648	298.65	298.652	298.644	298.644	298.643	298.641	298.64	298.64	298.638	298.637	298.637	298.639	298.64	298.635	298.629	298.624	298.624	298.617	298.617	298.615	298.621	298.619	298.616	298.617	298.615	298.614	298.599	298.595	298.586	298.577	298.571	298.561	298.553	298.551	298.532	298.533	298.532	298.519	298.509	298.5	298.495	298.49	298.478	298.475	298.468	298.455	298.454	298.444	298.438	298.429	298.422	298.412	298.402	298.389	298.385	298.377	298.367	298.36	298.355	298.349	298.337	298.323	298.316	298.302	298.294	298.288	298.279	298.271	298.265	298.257	298.251	298.237	298.242	298.232	298.225	298.222	298.215	298.209	298.205	298.193	298.182	298.168	298.145	298.13	298.119	298.107	298.095	298.078	298.064	298.05	298.036	298.027	298.011	298	297.992	297.986	297.984	297.976	297.97	297.963	297.953	297.935	297.923	297.912	297.903	297.897	297.889	297.88	297.871	297.858	297.846	297.837	297.832	297.829	297.822	297.819	297.8	297.791	297.769	297.755	297.746	297.731	297.714	297.705	297.687	297.671
298.545	298.555	298.552	298.564	298.567	298.56	298.567	298.574	298.57	298.578	298.577	298.572	298.578	298.578	298.578	298.577	298.572	298.579	298.569	298.568	298.573	298.568	298.57	298.564	298.562	298.557	298.553	298.542	298.532	298.539	298.531	298.536	298.538	298.538	298.53	298.525	298.528	298.521	298.519	298.509	298.496	298.487	298.483	298.473	298.464	298.463	298.454	298.444	298.438	298.434	298.427	298.423	298.416	298.413	298.401	298.394	298.389	298.381	298.372	298.364	298.358	298.35	298.341	298.339	298.328	298.324	298.32	298.314	298.309	298.304	298.29	298.283	298.271	298.264	298.253	298.242	298.236	298.223	298.217	298.207	298.2	298.202	298.192	298.184	298.185	298.173	298.159	298.15	298.141	298.129	298.118	298.101	298.088	298.074	298.063	298.05	298.039	298.024	298.013	297.994	297.983	297.972	297.961	297.951	297.944	297.938	297.932	297.929	297.918	297.915	297.9	297.892	297.88	297.866	297.858	297.849	297.841	297.839	297.825	297.82	297.807	297.798	297.778	297.768	297.755	297.75	297.735	297.717	297.707	297.692	297.68	297.669	297.657	297.639	297.628	297.615	297.604
298.443	298.462	298.46	298.469	298.473	298.474	298.475	298.483	298.476	298.481	298.477	298.482	298.486	298.482	298.485	298.484	298.485	298.482	298.479	298.478	298.475	298.478	298.479	298.477	298.471	298.47	298.463	298.458	298.449	298.445	298.443	298.436	298.442	298.444	298.443	298.441	298.438	298.439	298.429	298.427	298.422	298.412	298.403	298.401	298.39	298.389	298.38	298.381	298.375	298.361	298.361	298.353	298.346	298.341	298.329	298.329	298.321	298.313	298.314	298.304	298.293	298.288	298.283	298.279	298.273	298.269	298.266	298.255	298.253	298.245	298.236	298.23	298.221	298.21	298.205	298.19	298.172	298.159	298.146	298.133	298.121	298.114	298.111	298.102	298.098	298.09	298.076	298.07	298.065	298.046	298.037	298.022	298.012	298.001	297.985	297.978	297.968	297.959	297.945	297.933	297.922	297.91	297.901	297.888	297.884	297.877	297.872	297.867	297.859	297.857	297.845	297.835	297.822	297.812	297.804	297.796	297.779	297.775	297.751	297.743	297.725	297.711	297.701	297.683	297.677	297.663	297.651	297.646	297.628	297.621	297.608	297.599	297.588	297.579	297.559	297.548	297.535
298.342	298.367	298.369	298.373	298.38	298.379	298.385	298.386	298.385	298.387	298.385	298.395	298.389	298.392	298.393	298.398	298.396	298.393	298.387	298.387	298.384	298.384	298.389	298.388	298.385	298.383	298.379	298.376	298.369	298.363	298.36	298.359	298.357	298.363	298.355	298.356	298.354	298.358	298.355	298.347	298.346	298.336	298.332	298.327	298.32	298.32	298.316	298.314	298.305	298.297	298.29	298.287	298.279	298.273	298.265	298.26	298.257	298.249	298.246	298.241	298.232	298.229	298.224	298.22	298.219	298.214	298.213	298.204	298.196	298.183	298.166	298.154	298.144	298.133	298.123	298.106	298.092	298.078	298.069	298.057	298.049	298.035	298.028	298.027	298.014	298.012	298.002	297.998	297.985	297.971	297.964	297.947	297.941	297.931	297.92	297.91	297.906	297.893	297.885	297.87	297.861	297.85	297.845	297.835	297.828	297.826	297.817	297.813	297.802	297.79	297.778	297.761	297.746	297.728	297.718	297.701	297.694	297.684	297.671	297.662	297.644	297.635	297.621	297.61	297.599	297.59	297.58	297.573	297.559	297.55	297.543	297.529	297.525	297.507	297.493	297.482	297.469
298.257	298.283	298.275	298.285	298.287	298.292	298.291	298.295	298.297	298.301	298.299	298.305	298.303	298.309	298.312	298.309	298.31	298.307	298.305	298.3	298.3	298.301	298.298	298.302	298.3	298.302	298.3	298.295	298.292	298.287	298.288	298.277	298.279	298.28	298.274	298.275	298.279	298.275	298.283	298.277	298.272	298.267	298.258	298.257	298.254	298.253	298.25	298.246	298.24	298.235	298.233	298.223	298.219	298.211	298.207	298.195	298.189	298.182	298.169	298.162	298.149	298.147	298.145	298.139	298.137	298.128	298.124	298.12	298.108	298.093	298.081	298.064	298.059	298.051	298.038	298.031	298.015	298.006	297.994	297.984	297.974	297.965	297.954	297.95	297.941	297.932	297.928	297.918	297.91	297.899	297.892	297.879	297.874	297.862	297.854	297.848	297.839	297.831	297.82	297.808	297.802	297.781	297.776	297.762	297.759	297.75	297.74	297.725	297.712	297.69	297.682	297.668	297.655	297.645	297.631	297.624	297.612	297.602	297.592	297.579	297.569	297.554	297.549	297.536	297.528	297.518	297.512	297.499	297.499	297.491	297.478	297.468	297.452	297.439	297.424	297.417	297.402
298.139	298.19	298.168	298.19	298.2	298.202	298.204	298.206	298.206	298.207	298.21	298.216	298.215	298.223	298.223	298.224	298.224	298.224	298.226	298.22	298.223	298.217	298.219	298.22	298.222	298.222	298.228	298.221	298.219	298.213	298.213	298.204	298.201	298.204	298.197	298.2	298.204	298.2	298.207	298.21	298.204	298.201	298.197	298.188	298.186	298.178	298.177	298.174	298.162	298.164	298.151	298.142	298.131	298.121	298.117	298.104	298.095	298.087	298.074	298.068	298.061	298.052	298.055	298.046	298.04	298.038	298.028	298.028	298.019	298.007	297.995	297.989	297.977	297.97	297.964	297.957	297.943	297.932	297.926	297.916	297.901	297.895	297.886	297.879	297.87	297.862	297.85	297.846	297.837	297.829	297.822	297.815	297.808	297.795	297.785	297.767	297.757	297.744	297.73	297.709	297.704	297.688	297.68	297.67	297.662	297.658	297.649	297.637	297.62	297.606	297.594	297.583	297.577	297.565	297.558	297.545	297.538	297.526	297.521	297.506	297.5	297.491	297.48	297.471	297.458	297.453	297.447	297.431	297.434	297.423	297.415	297.402	297.384	297.363	297.345	297.327	297.312
297.991	298.055	298.046	298.057	298.059	298.067	298.075	298.088	298.094	298.1	298.099	298.106	298.105	298.106	298.11	298.112	298.116	298.111	298.121	298.111	298.113	298.107	298.106	298.111	298.111	298.112	298.112	298.111	298.121	298.109	298.114	298.112	298.101	298.097	298.096	298.084	298.096	298.104	298.1	298.107	298.101	298.096	298.094	298.092	298.087	298.083	298.073	298.073	298.061	298.058	298.051	298.042	298.038	298.023	298.021	298.016	298.003	297.994	297.984	297.979	297.971	297.968	297.966	297.955	297.949	297.945	297.936	297.931	297.927	297.922	297.914	297.906	297.896	297.89	297.882	297.877	297.87	297.859	297.848	297.843	297.829	297.824	297.814	297.804	297.801	297.782	297.774	297.761	297.751	297.738	297.735	297.722	297.71	297.701	297.686	297.676	297.66	297.648	297.632	297.621	297.605	297.601	297.595	297.588	297.581	297.572	297.569	297.557	297.54	297.528	297.513	297.508	297.497	297.491	297.481	297.472	297.464	297.457	297.454	297.44	297.436	297.425	297.415	297.405	297.394	297.374	297.369	297.352	297.346	297.331	297.323	297.306	297.287	297.27	297.247	297.233	297.226
297.9	297.929	297.925	297.935	297.945	297.95	297.956	297.966	297.98	297.99	297.986	297.991	297.991	297.998	297.997	297.995	297.999	298.006	298.011	298.005	298.011	298.009	298.002	297.997	298.001	298.004	298.006	298.001	298.009	298.007	298.007	298.008	298.008	298.009	298.008	298.008	297.994	298	298	298.002	297.998	297.998	297.999	297.992	297.988	297.987	297.974	297.979	297.974	297.973	297.965	297.954	297.947	297.945	297.933	297.924	297.922	297.911	297.902	297.893	297.889	297.886	297.878	297.873	297.866	297.853	297.857	297.852	297.845	297.839	297.831	297.827	297.819	297.815	297.808	297.795	297.794	297.785	297.769	297.756	297.746	297.73	297.723	297.711	297.69	297.678	297.669	297.659	297.65	297.648	297.638	297.624	297.614	297.603	297.587	297.576	297.569	297.557	297.548	297.54	297.52	297.521	297.507	297.503	297.496	297.487	297.476	297.474	297.464	297.456	297.438	297.434	297.422	297.416	297.409	297.396	297.394	297.377	297.361	297.355	297.34	297.334	297.317	297.298	297.286	297.273	297.261	297.252	297.247	297.233	297.222	297.21	297.197	297.184	297.166	297.153	297.142
297.793	297.797	297.804	297.81	297.815	297.825	297.841	297.856	297.864	297.873	297.881	297.887	297.882	297.882	297.885	297.89	297.899	297.901	297.901	297.905	297.901	297.9	297.903	297.903	297.9	297.9	297.904	297.912	297.902	297.916	297.919	297.913	297.916	297.912	297.907	297.914	297.91	297.912	297.91	297.91	297.908	297.903	297.903	297.905	297.896	297.894	297.888	297.89	297.883	297.873	297.871	297.868	297.863	297.856	297.847	297.843	297.837	297.823	297.82	297.813	297.805	297.798	297.792	297.781	297.771	297.76	297.761	297.751	297.743	297.737	297.727	297.719	297.708	297.69	297.695	297.69	297.674	297.667	297.663	297.652	297.64	297.628	297.614	297.606	297.6	297.59	297.581	297.572	297.564	297.554	297.54	297.54	297.526	297.515	297.505	297.494	297.487	297.477	297.463	297.457	297.443	297.442	297.435	297.429	297.424	297.417	297.41	297.399	297.375	297.366	297.349	297.344	297.328	297.315	297.303	297.287	297.282	297.274	297.261	297.253	297.233	297.222	297.211	297.199	297.19	297.179	297.169	297.154	297.147	297.138	297.125	297.117	297.106	297.095	297.081	297.073	297.05
297.639	297.648	297.669	297.68	297.686	297.696	297.711	297.729	297.745	297.762	297.758	297.759	297.765	297.764	297.768	297.776	297.789	297.797	297.803	297.808	297.811	297.812	297.81	297.808	297.812	297.815	297.812	297.817	297.818	297.815	297.819	297.816	297.821	297.826	297.828	297.825	297.822	297.826	297.822	297.82	297.819	297.815	297.81	297.812	297.816	297.814	297.813	297.806	297.808	297.802	297.796	297.783	297.775	297.761	297.757	297.741	297.74	297.728	297.718	297.711	297.696	297.688	297.681	297.665	297.658	297.655	297.647	297.644	297.64	297.631	297.62	297.61	297.604	297.602	297.584	297.589	297.584	297.577	297.566	297.558	297.549	297.543	297.53	297.518	297.509	297.496	297.489	297.482	297.473	297.468	297.462	297.451	297.439	297.429	297.425	297.414	297.404	297.397	297.381	297.374	297.361	297.343	297.342	297.334	297.321	297.302	297.291	297.285	297.271	297.264	297.244	297.236	297.223	297.21	297.201	297.192	297.18	297.168	297.156	297.148	297.139	297.126	297.116	297.104	297.094	297.079	297.073	297.065	297.053	297.049	297.041	297.033	297.025	297.015	297.006	297.001	296.972
297.502	297.513	297.523	297.526	297.54	297.558	297.575	297.59	297.609	297.616	297.62	297.625	297.626	297.627	297.629	297.639	297.65	297.665	297.675	297.674	297.682	297.686	297.689	297.686	297.691	297.694	297.697	297.691	297.7	297.698	297.702	297.704	297.697	297.703	297.709	297.709	297.708	297.712	297.713	297.71	297.702	297.703	297.699	297.691	297.695	297.694	297.698	297.69	297.679	297.681	297.669	297.663	297.661	297.651	297.646	297.629	297.627	297.62	297.608	297.6	297.595	297.582	297.571	297.565	297.556	297.555	297.545	297.545	297.535	297.528	297.525	297.519	297.497	297.499	297.489	297.484	297.484	297.478	297.473	297.466	297.461	297.442	297.436	297.43	297.422	297.418	297.41	297.403	297.382	297.371	297.367	297.348	297.351	297.33	297.323	297.311	297.302	297.287	297.274	297.259	297.251	297.238	297.231	297.221	297.216	297.207	297.189	297.18	297.165	297.154	297.144	297.133	297.125	297.114	297.104	297.092	297.082	297.074	297.066	297.053	297.043	297.034	297.025	297.016	297.008	297	296.981	296.968	296.959	296.94	296.939	296.924	296.914	296.905	296.892	296.872	296.862
297.363	297.38	297.393	297.406	297.41	297.426	297.436	297.454	297.47	297.477	297.488	297.49	297.495	297.501	297.508	297.511	297.525	297.529	297.542	297.551	297.559	297.561	297.562	297.567	297.565	297.566	297.578	297.575	297.575	297.576	297.576	297.582	297.581	297.58	297.587	297.584	297.594	297.589	297.586	297.59	297.578	297.579	297.575	297.573	297.58	297.581	297.579	297.578	297.572	297.565	297.56	297.555	297.553	297.538	297.535	297.531	297.523	297.52	297.515	297.506	297.496	297.487	297.477	297.473	297.461	297.462	297.458	297.452	297.449	297.439	297.434	297.428	297.417	297.408	297.401	297.404	297.388	297.389	297.379	297.367	297.354	297.337	297.326	297.313	297.308	297.302	297.292	297.28	297.268	297.251	297.251	297.231	297.229	297.218	297.211	297.206	297.188	297.177	297.174	297.163	297.153	297.141	297.135	297.119	297.114	297.099	297.087	297.08	297.069	297.055	297.048	297.037	297.031	297.023	297.015	297.007	296.994	296.978	296.966	296.952	296.941	296.925	296.916	296.898	296.886	296.872	296.857	296.843	296.842	296.827	296.82	296.812	296.799	296.791	296.784	296.767	296.755
297.203	297.215	297.226	297.242	297.255	297.271	297.292	297.302	297.322	297.334	297.346	297.353	297.36	297.374	297.373	297.385	297.402	297.41	297.42	297.426	297.436	297.443	297.443	297.444	297.448	297.452	297.46	297.461	297.456	297.463	297.461	297.466	297.458	297.463	297.468	297.471	297.472	297.474	297.471	297.473	297.471	297.465	297.467	297.459	297.468	297.468	297.466	297.467	297.465	297.462	297.453	297.453	297.451	297.444	297.438	297.433	297.428	297.421	297.42	297.407	297.398	297.392	297.38	297.375	297.368	297.367	297.364	297.359	297.35	297.342	297.326	297.318	297.311	297.296	297.283	297.281	297.273	297.266	297.26	297.245	297.237	297.218	297.208	297.201	297.192	297.19	297.179	297.172	297.159	297.144	297.139	297.127	297.123	297.116	297.112	297.1	297.09	297.079	297.075	297.065	297.062	297.048	297.043	297.036	297.025	297.016	297	296.983	296.964	296.951	296.94	296.93	296.918	296.902	296.895	296.881	296.87	296.859	296.846	296.834	296.822	296.811	296.797	296.788	296.775	296.764	296.754	296.739	296.735	296.725	296.717	296.709	296.7	296.687	296.682	296.672	296.658
297.057	297.07	297.081	297.097	297.103	297.126	297.139	297.151	297.159	297.171	297.173	297.186	297.194	297.201	297.207	297.216	297.24	297.251	297.263	297.269	297.272	297.291	297.297	297.304	297.315	297.325	297.328	297.336	297.332	297.337	297.342	297.34	297.337	297.33	297.338	297.344	297.344	297.355	297.358	297.359	297.354	297.355	297.345	297.346	297.336	297.337	297.339	297.335	297.34	297.336	297.331	297.324	297.326	297.321	297.312	297.304	297.305	297.295	297.29	297.28	297.27	297.266	297.253	297.253	297.249	297.242	297.241	297.232	297.232	297.222	297.214	297.203	297.194	297.189	297.173	297.168	297.158	297.156	297.147	297.138	297.129	297.118	297.107	297.105	297.094	297.087	297.079	297.066	297.058	297.049	297.044	297.033	297.027	297.023	297.012	297.008	297.002	296.997	296.981	296.969	296.963	296.945	296.939	296.923	296.912	296.896	296.877	296.856	296.841	296.831	296.813	296.81	296.797	296.786	296.777	296.768	296.753	296.745	296.735	296.727	296.718	296.71	296.701	296.688	296.677	296.663	296.654	296.645	296.63	296.628	296.618	296.612	296.603	296.593	296.575	296.565	296.551
296.89	296.904	296.918	296.94	296.954	296.972	296.984	296.995	297.005	297.013	297.015	297.03	297.036	297.051	297.063	297.076	297.082	297.096	297.102	297.117	297.116	297.123	297.134	297.146	297.155	297.172	297.175	297.188	297.189	297.187	297.194	297.189	297.199	297.197	297.192	297.205	297.206	297.212	297.216	297.215	297.217	297.21	297.204	297.202	297.195	297.191	297.196	297.19	297.196	297.193	297.193	297.194	297.184	297.182	297.181	297.173	297.178	297.17	297.164	297.159	297.151	297.144	297.139	297.135	297.132	297.126	297.128	297.118	297.111	297.103	297.097	297.095	297.079	297.078	297.066	297.058	297.053	297.045	297.043	297.033	297.031	297.027	297.015	297.011	296.998	296.992	296.983	296.971	296.959	296.953	296.941	296.928	296.92	296.908	296.9	296.891	296.882	296.872	296.864	296.852	296.838	296.827	296.813	296.798	296.789	296.776	296.759	296.745	296.729	296.721	296.706	296.699	296.688	296.679	296.67	296.658	296.65	296.641	296.632	296.627	296.615	296.612	296.603	296.582	296.572	296.557	296.536	296.527	296.506	296.501	296.485	296.476	296.465	296.454	296.446	296.436	296.427
296.724	296.732	296.744	296.764	296.782	296.797	296.808	296.82	296.829	296.834	296.841	296.85	296.862	296.878	296.889	296.904	296.92	296.942	296.941	296.955	296.966	296.97	296.986	297.002	297.008	297.025	297.032	297.043	297.046	297.052	297.06	297.053	297.064	297.063	297.065	297.067	297.071	297.076	297.084	297.09	297.087	297.086	297.074	297.069	297.064	297.064	297.061	297.06	297.067	297.065	297.06	297.068	297.065	297.067	297.065	297.058	297.052	297.048	297.047	297.039	297.033	297.029	297.026	297.02	297.016	297.017	297.01	297.004	297.002	296.991	296.982	296.976	296.973	296.963	296.948	296.931	296.93	296.923	296.917	296.908	296.896	296.9	296.887	296.879	296.876	296.866	296.857	296.85	296.835	296.832	296.824	296.821	296.813	296.805	296.797	296.786	296.774	296.763	296.757	296.746	296.727	296.716	296.703	296.695	296.684	296.67	296.653	296.646	296.631	296.621	296.611	296.595	296.584	296.568	296.553	296.535	296.53	296.517	296.501	296.497	296.483	296.475	296.468	296.457	296.446	296.433	296.413	296.401	296.388	296.374	296.36	296.353	296.338	296.328	296.326	296.318	296.314
296.56	296.578	296.595	296.605	296.615	296.629	296.639	296.652	296.654	296.664	296.678	296.679	296.696	296.705	296.72	296.735	296.748	296.765	296.78	296.778	296.791	296.801	296.807	296.822	296.834	296.857	296.87	296.877	296.878	296.872	296.888	296.901	296.906	296.916	296.921	296.927	296.933	296.939	296.948	296.951	296.942	296.938	296.938	296.923	296.926	296.923	296.927	296.927	296.923	296.931	296.927	296.927	296.928	296.925	296.92	296.914	296.91	296.911	296.898	296.894	296.892	296.887	296.877	296.876	296.875	296.872	296.867	296.859	296.847	296.849	296.841	296.838	296.83	296.824	296.82	296.812	296.802	296.79	296.789	296.784	296.779	296.775	296.767	296.759	296.75	296.741	296.732	296.73	296.722	296.723	296.718	296.71	296.703	296.694	296.689	296.675	296.677	296.669	296.655	296.645	296.635	296.622	296.606	296.585	296.567	296.553	296.539	296.526	296.51	296.497	296.477	296.46	296.445	296.434	296.423	296.408	296.402	296.393	296.385	296.37	296.363	296.349	296.343	296.336	296.323	296.312	296.3	296.28	296.278	296.263	296.248	296.237	296.23	296.223	296.219	296.213	296.207
296.377	296.383	296.397	296.417	296.432	296.45	296.461	296.472	296.478	296.486	296.495	296.501	296.521	296.533	296.549	296.578	296.596	296.595	296.626	296.626	296.632	296.638	296.648	296.664	296.678	296.692	296.704	296.716	296.723	296.724	296.719	296.733	296.74	296.749	296.761	296.769	296.772	296.777	296.779	296.79	296.791	296.784	296.78	296.769	296.775	296.766	296.772	296.774	296.772	296.776	296.777	296.773	296.776	296.774	296.775	296.774	296.763	296.76	296.752	296.748	296.745	296.738	296.734	296.735	296.738	296.729	296.728	296.728	296.714	296.714	296.711	296.708	296.704	296.696	296.689	296.675	296.672	296.672	296.66	296.653	296.65	296.647	296.652	296.641	296.635	296.629	296.623	296.613	296.605	296.609	296.611	296.608	296.599	296.587	296.581	296.57	296.557	296.545	296.537	296.526	296.508	296.489	296.481	296.462	296.443	296.427	296.412	296.397	296.387	296.377	296.361	296.345	296.329	296.308	296.301	296.296	296.285	296.278	296.27	296.254	296.247	296.235	296.223	296.217	296.21	296.196	296.193	296.17	296.153	296.138	296.121	296.101	296.087	296.079	296.071	296.072	296.066
296.214	296.223	296.238	296.252	296.26	296.277	296.286	296.292	296.304	296.313	296.32	296.33	296.337	296.359	296.364	296.379	296.405	296.429	296.433	296.448	296.458	296.471	296.485	296.499	296.514	296.533	296.55	296.552	296.551	296.56	296.569	296.572	296.591	296.6	296.612	296.618	296.62	296.633	296.627	296.631	296.629	296.629	296.632	296.626	296.634	296.632	296.629	296.632	296.637	296.641	296.639	296.643	296.636	296.636	296.636	296.637	296.634	296.631	296.628	296.624	296.618	296.612	296.617	296.602	296.611	296.61	296.601	296.595	296.59	296.597	296.589	296.586	296.584	296.575	296.563	296.559	296.54	296.534	296.523	296.52	296.518	296.512	296.514	296.506	296.5	296.489	296.477	296.468	296.46	296.459	296.457	296.454	296.445	296.437	296.425	296.428	296.418	296.414	296.405	296.39	296.379	296.366	296.345	296.332	296.319	296.305	296.294	296.281	296.273	296.26	296.249	296.234	296.216	296.207	296.182	296.184	296.177	296.164	296.152	296.142	296.119	296.111	296.093	296.08	296.069	296.054	296.038	296.034	296.024	296.011	295.997	295.984	295.962	295.957	295.946	295.943	295.938
296.008	296.018	296.037	296.06	296.073	296.092	296.11	296.121	296.127	296.136	296.138	296.157	296.153	296.179	296.195	296.211	296.232	296.251	296.265	296.28	296.286	296.297	296.309	296.323	296.339	296.342	296.359	296.374	296.382	296.383	296.393	296.396	296.409	296.418	296.425	296.437	296.432	296.44	296.441	296.443	296.447	296.447	296.451	296.453	296.448	296.457	296.463	296.467	296.468	296.473	296.473	296.471	296.474	296.474	296.479	296.479	296.481	296.477	296.464	296.465	296.459	296.448	296.452	296.444	296.444	296.439	296.438	296.44	296.437	296.435	296.436	296.436	296.427	296.42	296.405	296.399	296.388	296.382	296.377	296.371	296.368	296.369	296.369	296.367	296.362	296.355	296.342	296.336	296.321	296.319	296.322	296.314	296.311	296.311	296.304	296.299	296.288	296.285	296.276	296.267	296.258	296.25	296.238	296.228	296.217	296.201	296.19	296.162	296.155	296.137	296.123	296.105	296.079	296.07	296.054	296.043	296.042	296.029	296.016	296.004	295.986	295.976	295.965	295.954	295.942	295.934	295.922	295.913	295.91	295.897	295.884	295.869	295.854	295.843	295.832	295.832	295.827
295.823	295.837	295.851	295.867	295.884	295.897	295.917	295.925	295.938	295.945	295.95	295.961	295.976	295.987	295.998	296.017	296.04	296.06	296.08	296.09	296.104	296.121	296.138	296.151	296.166	296.178	296.176	296.195	296.202	296.207	296.222	296.226	296.24	296.246	296.253	296.258	296.26	296.262	296.262	296.266	296.27	296.271	296.272	296.282	296.286	296.287	296.295	296.297	296.303	296.303	296.309	296.307	296.313	296.32	296.321	296.325	296.324	296.329	296.323	296.311	296.306	296.3	296.299	296.297	296.293	296.293	296.289	296.29	296.291	296.29	296.295	296.285	296.283	296.28	296.273	296.26	296.259	296.253	296.246	296.241	296.238	296.239	296.236	296.231	296.228	296.222	296.215	296.202	296.19	296.187	296.182	296.181	296.176	296.178	296.174	296.171	296.165	296.149	296.142	296.133	296.12	296.104	296.093	296.086	296.067	296.05	296.036	296.015	296.007	295.987	295.977	295.967	295.953	295.934	295.926	295.916	295.908	295.904	295.895	295.88	295.868	295.849	295.84	295.831	295.821	295.809	295.807	295.802	295.796	295.785	295.767	295.751	295.731	295.712	295.701	295.686	295.686
295.614	295.632	295.648	295.666	295.69	295.7	295.72	295.731	295.735	295.747	295.763	295.764	295.79	295.807	295.821	295.833	295.855	295.873	295.89	295.904	295.921	295.94	295.947	295.961	295.964	295.984	295.986	295.992	296.004	296.006	296.022	296.029	296.041	296.051	296.051	296.06	296.064	296.061	296.061	296.06	296.071	296.08	296.089	296.093	296.102	296.109	296.109	296.123	296.129	296.131	296.14	296.141	296.149	296.148	296.154	296.165	296.166	296.17	296.172	296.167	296.156	296.156	296.142	296.138	296.136	296.139	296.139	296.133	296.14	296.139	296.138	296.135	296.127	296.125	296.118	296.104	296.1	296.091	296.088	296.083	296.083	296.082	296.076	296.077	296.065	296.063	296.052	296.036	296.032	296.023	296.021	296.019	296.02	296.016	296.016	296.008	296.008	296	295.985	295.981	295.97	295.963	295.951	295.938	295.928	295.91	295.9	295.884	295.873	295.862	295.844	295.836	295.823	295.811	295.801	295.792	295.78	295.77	295.764	295.74	295.731	295.714	295.698	295.69	295.677	295.668	295.661	295.656	295.647	295.635	295.626	295.609	295.596	295.577	295.565	295.558	295.551
295.413	295.435	295.444	295.46	295.483	295.495	295.512	295.518	295.529	295.537	295.553	295.557	295.576	295.593	295.608	295.631	295.651	295.677	295.698	295.711	295.728	295.735	295.746	295.775	295.775	295.793	295.8	295.805	295.817	295.818	295.834	295.843	295.855	295.862	295.869	295.871	295.871	295.869	295.871	295.875	295.879	295.889	295.902	295.907	295.913	295.922	295.925	295.929	295.938	295.943	295.95	295.953	295.956	295.966	295.961	295.981	295.984	295.982	295.988	295.985	295.976	295.975	295.965	295.964	295.959	295.96	295.965	295.96	295.97	295.972	295.97	295.972	295.965	295.957	295.951	295.946	295.942	295.933	295.93	295.923	295.923	295.924	295.918	295.919	295.913	295.907	295.905	295.889	295.883	295.875	295.872	295.875	295.869	295.866	295.868	295.862	295.863	295.853	295.846	295.84	295.827	295.823	295.813	295.805	295.795	295.778	295.762	295.748	295.733	295.721	295.703	295.683	295.667	295.655	295.644	295.634	295.624	295.615	295.604	295.587	295.575	295.565	295.556	295.547	295.537	295.532	295.521	295.518	295.508	295.496	295.49	295.477	295.468	295.456	295.444	295.439	295.432
295.205	295.215	295.235	295.253	295.267	295.287	295.293	295.306	295.322	295.322	295.335	295.356	295.37	295.393	295.417	295.439	295.456	295.476	295.494	295.506	295.513	295.523	295.529	295.55	295.56	295.584	295.596	295.598	295.614	295.617	295.627	295.641	295.648	295.657	295.662	295.661	295.662	295.665	295.667	295.672	295.68	295.693	295.704	295.718	295.721	295.732	295.738	295.738	295.751	295.758	295.762	295.769	295.768	295.789	295.791	295.801	295.812	295.816	295.818	295.818	295.816	295.809	295.808	295.805	295.795	295.796	295.8	295.803	295.802	295.806	295.807	295.812	295.81	295.808	295.803	295.793	295.788	295.783	295.777	295.769	295.764	295.77	295.757	295.758	295.752	295.743	295.745	295.736	295.722	295.718	295.711	295.708	295.703	295.705	295.704	295.701	295.698	295.687	295.683	295.678	295.663	295.657	295.644	295.637	295.626	295.612	295.599	295.59	295.572	295.559	295.551	295.535	295.52	295.512	295.496	295.492	295.48	295.47	295.458	295.449	295.43	295.42	295.418	295.414	295.404	295.406	295.393	295.382	295.368	295.354	295.346	295.34	295.331	295.323	295.311	295.296	295.287
294.999	295.01	295.02	295.043	295.044	295.072	295.079	295.086	295.1	295.112	295.114	295.133	295.148	295.173	295.193	295.213	295.248	295.261	295.285	295.295	295.304	295.316	295.32	295.334	295.357	295.385	295.404	295.414	295.421	295.425	295.435	295.438	295.448	295.458	295.462	295.457	295.461	295.467	295.472	295.475	295.488	295.502	295.512	295.521	295.527	295.527	295.535	295.536	295.546	295.55	295.553	295.566	295.562	295.57	295.58	295.589	295.602	295.615	295.613	295.615	295.613	295.611	295.605	295.597	295.601	295.602	295.606	295.608	295.608	295.61	295.613	295.613	295.617	295.618	295.615	295.61	295.605	295.597	295.595	295.593	295.593	295.589	295.587	295.583	295.58	295.572	295.563	295.561	295.555	295.551	295.545	295.538	295.538	295.537	295.533	295.532	295.524	295.515	295.507	295.505	295.501	295.495	295.491	295.483	295.473	295.467	295.452	295.444	295.438	295.425	295.41	295.399	295.375	295.363	295.35	295.337	295.327	295.317	295.297	295.295	295.283	295.272	295.258	295.255	295.246	295.238	295.228	295.216	295.204	295.187	295.177	295.176	295.169	295.168	295.161	295.154	295.144
294.772	294.792	294.81	294.828	294.836	294.846	294.857	294.866	294.872	294.885	294.905	294.923	294.931	294.953	294.983	294.999	295.033	295.042	295.066	295.081	295.082	295.085	295.097	295.121	295.14	295.156	295.174	295.195	295.201	295.211	295.22	295.224	295.229	295.235	295.238	295.246	295.248	295.253	295.262	295.271	295.272	295.295	295.303	295.318	295.326	295.327	295.339	295.33	295.342	295.348	295.352	295.357	295.369	295.37	295.387	295.395	295.405	295.415	295.424	295.434	295.431	295.431	295.434	295.427	295.426	295.423	295.427	295.431	295.434	295.434	295.433	295.439	295.444	295.444	295.445	295.441	295.437	295.434	295.429	295.425	295.424	295.419	295.422	295.412	295.408	295.401	295.396	295.39	295.384	295.38	295.374	295.369	295.363	295.362	295.361	295.36	295.352	295.347	295.342	295.326	295.325	295.31	295.309	295.308	295.304	295.302	295.297	295.276	295.27	295.254	295.237	295.229	295.213	295.198	295.187	295.174	295.16	295.152	295.145	295.125	295.12	295.11	295.1	295.093	295.088	295.08	295.075	295.059	295.044	295.035	295.024	295.021	295.024	295.018	295.013	295.005	294.995
294.551	294.567	294.575	294.584	294.612	294.615	294.631	294.65	294.661	294.668	294.669	294.698	294.712	294.733	294.752	294.768	294.796	294.818	294.831	294.843	294.86	294.871	294.875	294.887	294.911	294.94	294.967	294.985	294.991	295.002	295.007	295.019	295.027	295.026	295.023	295.029	295.042	295.051	295.061	295.073	295.07	295.09	295.1	295.108	295.113	295.111	295.112	295.117	295.118	295.125	295.13	295.131	295.144	295.152	295.165	295.177	295.192	295.203	295.198	295.21	295.215	295.214	295.216	295.217	295.22	295.221	295.224	295.226	295.228	295.236	295.235	295.235	295.237	295.242	295.243	295.243	295.227	295.232	295.225	295.225	295.23	295.231	295.232	295.224	295.22	295.21	295.201	295.196	295.19	295.186	295.182	295.179	295.173	295.169	295.165	295.169	295.16	295.15	295.142	295.133	295.138	295.137	295.137	295.137	295.132	295.123	295.122	295.118	295.102	295.092	295.08	295.067	295.054	295.048	295.034	295.023	295.012	294.992	294.984	294.97	294.96	294.948	294.938	294.928	294.925	294.917	294.909	294.893	294.876	294.861	294.843	294.837	294.836	294.836	294.837	294.835	294.818
294.318	294.339	294.361	294.37	294.371	294.385	294.399	294.403	294.419	294.449	294.455	294.475	294.492	294.512	294.533	294.562	294.567	294.6	294.614	294.628	294.642	294.646	294.662	294.676	294.688	294.704	294.719	294.74	294.765	294.777	294.783	294.785	294.785	294.785	294.803	294.802	294.827	294.84	294.845	294.855	294.859	294.868	294.878	294.888	294.897	294.904	294.898	294.911	294.896	294.895	294.903	294.912	294.926	294.94	294.958	294.964	294.976	294.991	294.995	295	295.007	295.013	295.016	295.023	295.027	295.032	295.038	295.041	295.04	295.04	295.041	295.047	295.055	295.056	295.056	295.055	295.048	295.046	295.041	295.036	295.038	295.032	295.032	295.031	295.029	295.022	295.017	295.016	295.009	295	294.993	294.989	294.987	294.989	294.978	294.979	294.981	294.97	294.964	294.96	294.945	294.946	294.944	294.945	294.947	294.952	294.937	294.935	294.92	294.909	294.898	294.887	294.882	294.878	294.861	294.848	294.836	294.819	294.803	294.793	294.779	294.768	294.757	294.746	294.745	294.741	294.73	294.719	294.702	294.687	294.682	294.678	294.671	294.666	294.656	294.649	294.644
294.088	294.106	294.126	294.133	294.143	294.156	294.181	294.195	294.204	294.217	294.236	294.254	294.275	294.289	294.307	294.325	294.34	294.361	294.375	294.394	294.413	294.421	294.431	294.436	294.453	294.469	294.492	294.518	294.534	294.55	294.553	294.559	294.56	294.56	294.575	294.591	294.611	294.63	294.64	294.649	294.654	294.654	294.668	294.672	294.677	294.689	294.679	294.676	294.671	294.672	294.679	294.683	294.701	294.712	294.725	294.738	294.744	294.753	294.765	294.766	294.773	294.777	294.783	294.793	294.801	294.811	294.813	294.821	294.827	294.828	294.834	294.836	294.844	294.847	294.848	294.846	294.842	294.837	294.834	294.835	294.832	294.836	294.84	294.829	294.829	294.825	294.82	294.806	294.795	294.791	294.789	294.787	294.781	294.777	294.78	294.772	294.774	294.767	294.76	294.759	294.749	294.749	294.753	294.754	294.749	294.753	294.745	294.74	294.732	294.716	294.708	294.706	294.701	294.698	294.696	294.681	294.662	294.652	294.63	294.617	294.611	294.6	294.589	294.582	294.572	294.571	294.559	294.548	294.535	294.518	294.512	294.492	294.487	294.482	294.473	294.464	294.453
293.858	293.886	293.898	293.904	293.927	293.927	293.94	293.958	293.973	293.978	294.005	294.017	294.039	294.062	294.077	294.095	294.11	294.137	294.156	294.168	294.183	294.198	294.216	294.22	294.229	294.244	294.251	294.274	294.29	294.318	294.323	294.319	294.318	294.326	294.332	294.36	294.376	294.398	294.414	294.419	294.432	294.426	294.439	294.442	294.447	294.457	294.454	294.449	294.445	294.447	294.451	294.461	294.481	294.493	294.508	294.516	294.527	294.528	294.536	294.542	294.557	294.562	294.57	294.579	294.582	294.6	294.604	294.608	294.616	294.616	294.628	294.632	294.639	294.645	294.645	294.645	294.648	294.644	294.648	294.641	294.643	294.64	294.64	294.638	294.635	294.635	294.625	294.615	294.605	294.596	294.591	294.59	294.586	294.577	294.581	294.577	294.576	294.575	294.567	294.556	294.552	294.541	294.545	294.551	294.555	294.55	294.551	294.543	294.536	294.524	294.515	294.513	294.513	294.5	294.497	294.482	294.47	294.459	294.444	294.431	294.419	294.409	294.395	294.386	294.369	294.364	294.358	294.35	294.341	294.332	294.324	294.313	294.301	294.294	294.279	294.273	294.262
293.617	293.641	293.659	293.667	293.68	293.697	293.714	293.735	293.744	293.756	293.779	293.791	293.812	293.826	293.842	293.866	293.878	293.899	293.918	293.935	293.947	293.961	293.976	293.981	293.999	294.005	294.02	294.043	294.052	294.077	294.087	294.084	294.086	294.099	294.102	294.135	294.149	294.172	294.194	294.195	294.215	294.212	294.214	294.219	294.216	294.22	294.219	294.224	294.219	294.223	294.23	294.243	294.25	294.265	294.272	294.283	294.283	294.29	294.299	294.303	294.316	294.324	294.333	294.345	294.347	294.362	294.367	294.375	294.383	294.388	294.392	294.398	294.41	294.415	294.419	294.424	294.43	294.429	294.427	294.424	294.43	294.433	294.43	294.432	294.43	294.424	294.419	294.405	294.391	294.386	294.375	294.374	294.368	294.365	294.362	294.362	294.363	294.359	294.355	294.346	294.343	294.339	294.334	294.34	294.339	294.337	294.34	294.336	294.332	294.325	294.322	294.307	294.313	294.3	294.288	294.28	294.272	294.264	294.252	294.244	294.237	294.227	294.216	294.201	294.187	294.184	294.172	294.169	294.165	294.158	294.14	294.128	294.12	294.105	294.093	294.081	294.073
293.383	293.412	293.426	293.443	293.45	293.467	293.485	293.494	293.506	293.519	293.531	293.548	293.572	293.589	293.605	293.628	293.643	293.669	293.692	293.709	293.725	293.734	293.752	293.765	293.773	293.783	293.788	293.811	293.826	293.831	293.847	293.859	293.865	293.876	293.88	293.905	293.914	293.938	293.948	293.954	293.967	293.974	293.979	293.98	293.982	293.979	293.976	293.979	293.984	293.993	294.001	294.014	294.018	294.03	294.036	294.042	294.048	294.046	294.057	294.064	294.08	294.09	294.096	294.113	294.118	294.124	294.134	294.138	294.148	294.157	294.159	294.17	294.181	294.198	294.208	294.215	294.217	294.225	294.225	294.226	294.231	294.226	294.228	294.229	294.23	294.227	294.217	294.208	294.188	294.181	294.174	294.162	294.161	294.159	294.152	294.153	294.151	294.151	294.144	294.143	294.13	294.132	294.129	294.123	294.129	294.127	294.128	294.135	294.126	294.124	294.118	294.111	294.101	294.099	294.087	294.074	294.066	294.055	294.049	294.04	294.029	294.024	294.011	293.996	293.988	293.976	293.969	293.965	293.963	293.957	293.95	293.94	293.926	293.916	293.904	293.896	293.887
293.139	293.167	293.185	293.208	293.221	293.233	293.243	293.257	293.264	293.281	293.299	293.317	293.348	293.365	293.381	293.402	293.414	293.445	293.459	293.479	293.488	293.505	293.522	293.534	293.546	293.557	293.565	293.566	293.588	293.589	293.603	293.617	293.625	293.639	293.646	293.661	293.673	293.683	293.699	293.717	293.728	293.739	293.751	293.75	293.738	293.745	293.743	293.743	293.75	293.761	293.774	293.785	293.793	293.795	293.799	293.808	293.815	293.817	293.829	293.829	293.849	293.858	293.872	293.875	293.883	293.888	293.894	293.901	293.904	293.918	293.924	293.934	293.947	293.959	293.972	293.978	293.982	293.992	293.994	293.996	293.996	293.995	293.999	293.998	294.004	293.998	293.992	293.982	293.971	293.957	293.952	293.945	293.938	293.939	293.928	293.924	293.924	293.919	293.917	293.915	293.908	293.909	293.905	293.903	293.898	293.907	293.904	293.909	293.909	293.903	293.904	293.905	293.886	293.886	293.873	293.866	293.863	293.854	293.849	293.846	293.838	293.83	293.82	293.806	293.799	293.788	293.783	293.776	293.771	293.772	293.761	293.753	293.742	293.73	293.723	293.71	293.704
292.892	292.928	292.954	292.97	292.986	293.003	293.015	293.029	293.04	293.048	293.076	293.087	293.106	293.128	293.146	293.164	293.177	293.204	293.226	293.24	293.255	293.267	293.284	293.303	293.307	293.323	293.335	293.333	293.347	293.352	293.364	293.373	293.39	293.405	293.414	293.422	293.436	293.441	293.448	293.468	293.482	293.499	293.512	293.514	293.507	293.5	293.502	293.504	293.511	293.525	293.539	293.548	293.548	293.558	293.557	293.562	293.572	293.575	293.585	293.59	293.599	293.613	293.622	293.63	293.64	293.644	293.654	293.661	293.671	293.679	293.69	293.702	293.718	293.731	293.738	293.745	293.755	293.767	293.771	293.768	293.778	293.778	293.782	293.78	293.778	293.777	293.766	293.757	293.751	293.732	293.732	293.73	293.728	293.723	293.715	293.705	293.699	293.693	293.683	293.684	293.686	293.681	293.677	293.675	293.674	293.674	293.676	293.676	293.685	293.686	293.678	293.685	293.674	293.666	293.651	293.641	293.638	293.634	293.627	293.625	293.618	293.612	293.604	293.596	293.582	293.569	293.568	293.563	293.559	293.558	293.547	293.549	293.54	293.533	293.524	293.516	293.515
292.661	292.684	292.712	292.736	292.743	292.764	292.773	292.788	292.804	292.814	292.836	292.851	292.882	292.903	292.917	292.939	292.966	292.97	292.995	293.015	293.031	293.055	293.052	293.071	293.074	293.08	293.094	293.098	293.101	293.103	293.116	293.13	293.138	293.141	293.154	293.163	293.175	293.185	293.199	293.216	293.236	293.257	293.258	293.265	293.266	293.257	293.258	293.27	293.274	293.287	293.304	293.318	293.319	293.325	293.326	293.332	293.337	293.343	293.343	293.357	293.368	293.381	293.395	293.404	293.41	293.413	293.417	293.423	293.44	293.453	293.462	293.475	293.483	293.49	293.502	293.51	293.512	293.524	293.528	293.531	293.535	293.532	293.538	293.539	293.533	293.532	293.529	293.516	293.504	293.502	293.495	293.494	293.493	293.492	293.492	293.489	293.476	293.468	293.462	293.448	293.45	293.443	293.442	293.439	293.438	293.436	293.448	293.442	293.454	293.462	293.465	293.463	293.458	293.447	293.435	293.431	293.422	293.418	293.414	293.412	293.407	293.403	293.391	293.384	293.371	293.363	293.36	293.353	293.351	293.353	293.347	293.348	293.335	293.332	293.328	293.319	293.321
292.429	292.447	292.465	292.496	292.505	292.532	292.538	292.551	292.577	292.598	292.616	292.632	292.655	292.671	292.686	292.698	292.721	292.736	292.763	292.769	292.777	292.803	292.803	292.824	292.84	292.844	292.847	292.85	292.862	292.875	292.875	292.88	292.889	292.893	292.9	292.914	292.924	292.939	292.966	292.986	293.001	293.021	293.028	293.03	293.026	293.025	293.028	293.025	293.041	293.052	293.062	293.07	293.08	293.075	293.083	293.092	293.102	293.116	293.115	293.124	293.13	293.141	293.148	293.154	293.156	293.17	293.181	293.19	293.201	293.211	293.223	293.235	293.245	293.251	293.255	293.261	293.263	293.274	293.283	293.289	293.297	293.306	293.299	293.305	293.296	293.282	293.273	293.275	293.268	293.274	293.266	293.267	293.274	293.271	293.253	293.258	293.25	293.245	293.244	293.237	293.229	293.227	293.213	293.209	293.209	293.204	293.205	293.214	293.223	293.233	293.243	293.247	293.242	293.227	293.215	293.202	293.189	293.179	293.174	293.166	293.162	293.162	293.159	293.153	293.146	293.135	293.132	293.129	293.125	293.122	293.118	293.126	293.121	293.119	293.117	293.104	293.109
292.204	292.23	292.246	292.267	292.265	292.293	292.308	292.323	292.339	292.349	292.378	292.402	292.41	292.437	292.459	292.468	292.486	292.486	292.514	292.537	292.553	292.571	292.58	292.596	292.596	292.607	292.619	292.624	292.623	292.633	292.643	292.649	292.654	292.657	292.653	292.658	292.674	292.689	292.704	292.728	292.745	292.755	292.771	292.779	292.783	292.781	292.788	292.786	292.795	292.809	292.817	292.827	292.835	292.837	292.85	292.859	292.867	292.875	292.885	292.893	292.904	292.911	292.918	292.929	292.932	292.936	292.948	292.959	292.979	292.995	293.009	293.011	293.02	293.029	293.027	293.029	293.037	293.043	293.05	293.05	293.056	293.063	293.059	293.06	293.058	293.05	293.04	293.034	293.024	293.028	293.033	293.033	293.034	293.036	293.038	293.039	293.039	293.032	293.019	293.015	293	293.005	292.999	292.984	292.976	292.974	292.967	292.978	292.989	293.003	293.013	293.016	293.012	293.006	292.99	292.982	292.969	292.955	292.938	292.933	292.934	292.93	292.927	292.922	292.915	292.908	292.908	292.905	292.906	292.909	292.908	292.905	292.903	292.903	292.902	292.903	292.896
291.971	291.982	292	292.024	292.035	292.054	292.065	292.084	292.115	292.141	292.146	292.177	292.193	292.205	292.223	292.23	292.254	292.264	292.268	292.286	292.303	292.314	292.331	292.349	292.355	292.359	292.368	292.375	292.383	292.388	292.4	292.407	292.406	292.407	292.415	292.416	292.433	292.443	292.464	292.48	292.497	292.514	292.517	292.528	292.537	292.541	292.543	292.553	292.558	292.566	292.577	292.591	292.598	292.607	292.611	292.621	292.633	292.643	292.651	292.656	292.667	292.674	292.682	292.685	292.692	292.707	292.715	292.728	292.739	292.751	292.763	292.771	292.777	292.779	292.787	292.785	292.796	292.798	292.812	292.822	292.821	292.822	292.834	292.819	292.814	292.805	292.798	292.795	292.796	292.792	292.8	292.805	292.803	292.804	292.812	292.789	292.795	292.793	292.787	292.788	292.777	292.771	292.766	292.756	292.745	292.742	292.739	292.74	292.75	292.763	292.777	292.779	292.769	292.76	292.752	292.739	292.724	292.714	292.698	292.696	292.693	292.695	292.697	292.695	292.689	292.684	292.68	292.682	292.679	292.678	292.68	292.679	292.686	292.685	292.681	292.681	292.676
291.743	291.765	291.776	291.796	291.808	291.831	291.849	291.855	291.88	291.899	291.908	291.931	291.946	291.962	291.982	291.996	292.001	292.013	292.025	292.038	292.056	292.076	292.092	292.104	292.115	292.123	292.128	292.132	292.15	292.152	292.162	292.173	292.175	292.174	292.18	292.187	292.19	292.208	292.222	292.237	292.243	292.255	292.267	292.27	292.277	292.292	292.29	292.304	292.317	292.324	292.333	292.343	292.347	292.365	292.374	292.38	292.397	292.4	292.414	292.418	292.424	292.434	292.448	292.458	292.461	292.476	292.491	292.502	292.516	292.528	292.53	292.547	292.546	292.551	292.555	292.557	292.57	292.58	292.584	292.589	292.589	292.586	292.582	292.583	292.579	292.572	292.568	292.563	292.571	292.573	292.569	292.571	292.573	292.564	292.574	292.565	292.563	292.563	292.554	292.552	292.552	292.548	292.542	292.526	292.519	292.503	292.503	292.507	292.513	292.524	292.524	292.523	292.525	292.509	292.502	292.493	292.484	292.477	292.464	292.458	292.454	292.46	292.46	292.459	292.455	292.448	292.448	292.45	292.454	292.452	292.46	292.453	292.448	292.452	292.451	292.451	292.444
291.515	291.526	291.54	291.556	291.572	291.582	291.603	291.619	291.635	291.658	291.676	291.693	291.714	291.716	291.733	291.753	291.759	291.776	291.784	291.803	291.815	291.832	291.848	291.858	291.868	291.877	291.886	291.892	291.9	291.909	291.918	291.93	291.935	291.942	291.937	291.95	291.956	291.96	291.977	291.988	291.993	291.997	292.004	292.011	292.019	292.036	292.049	292.059	292.072	292.082	292.091	292.11	292.115	292.131	292.139	292.152	292.162	292.166	292.18	292.182	292.197	292.199	292.212	292.221	292.229	292.24	292.26	292.273	292.277	292.289	292.286	292.294	292.295	292.301	292.311	292.315	292.325	292.337	292.348	292.352	292.355	292.355	292.345	292.347	292.342	292.337	292.334	292.335	292.334	292.344	292.34	292.346	292.342	292.337	292.337	292.336	292.333	292.335	292.33	292.326	292.322	292.322	292.31	292.299	292.289	292.277	292.273	292.27	292.275	292.279	292.283	292.275	292.274	292.262	292.256	292.252	292.245	292.245	292.235	292.23	292.23	292.23	292.232	292.231	292.229	292.225	292.221	292.228	292.227	292.226	292.226	292.227	292.228	292.221	292.223	292.219	292.214
