299.106	299.106	299.109	299.109	299.108	299.105	299.1	299.101	299.1	299.098	299.096	299.096	299.1	299.098	299.098	299.098	299.1	299.096	299.095	299.092	299.09	299.093	299.093	299.091	299.086	299.087	299.088	299.08	299.08	299.077	299.081	299.078	299.076	299.079	299.08	299.075	299.073	299.065	299.07	299.071	299.07	299.071	299.071	299.071	299.066	299.064	299.06	299.062	299.063	299.064	299.06	299.058	299.06	299.053	299.051	299.044	299.047	299.049	299.052	299.054	299.053	299.056	299.054	299.05	299.047	299.048	299.049	299.046	299.042	299.036	299.036	299.031	299.027	299.022	299.022	299.022	299.025	299.02	299.017	299.013	299.008	299.001	298.989	298.983	298.985	298.975	298.966	298.956	298.949	298.936	298.931	298.922	298.919	298.919	298.924	298.921	298.914	298.907	298.898	298.891	298.88	298.874	298.877	298.877	298.879	298.879	298.873	298.876	298.871	298.866	298.869	298.868	298.871	298.867	298.864	298.862	298.852	298.844	298.84	298.833	298.832	298.826	298.818	298.814	298.806	298.802	298.795	298.786	298.789	298.78	298.778	298.774	298.766	298.758	298.75	298.742	298.738
299.112	299.11	299.114	299.111	299.114	299.108	299.107	299.106	299.106	299.101	299.099	299.103	299.103	299.105	299.103	299.101	299.102	299.102	299.099	299.093	299.094	299.097	299.094	299.09	299.093	299.091	299.089	299.081	299.08	299.081	299.083	299.084	299.08	299.081	299.08	299.077	299.074	299.069	299.07	299.071	299.074	299.072	299.074	299.072	299.069	299.064	299.06	299.064	299.064	299.066	299.062	299.06	299.059	299.056	299.055	299.042	299.047	299.048	299.052	299.053	299.053	299.055	299.055	299.049	299.048	299.05	299.047	299.046	299.042	299.037	299.037	299.031	299.028	299.02	299.021	299.023	299.02	299.014	299.01	299.007	299.005	299.001	298.983	298.98	298.981	298.972	298.96	298.952	298.942	298.94	298.934	298.923	298.926	298.922	298.921	298.92	298.909	298.901	298.893	298.889	298.882	298.879	298.882	298.878	298.877	298.881	298.875	298.875	298.871	298.868	298.867	298.867	298.866	298.864	298.859	298.855	298.852	298.841	298.835	298.832	298.83	298.825	298.817	298.808	298.802	298.793	298.789	298.782	298.78	298.774	298.767	298.765	298.757	298.751	298.744	298.736	298.728
299.118	299.112	299.11	299.115	299.116	299.116	299.111	299.109	299.11	299.108	299.104	299.104	299.105	299.106	299.11	299.106	299.102	299.108	299.101	299.099	299.097	299.099	299.091	299.097	299.097	299.094	299.09	299.087	299.081	299.086	299.086	299.082	299.084	299.084	299.083	299.078	299.073	299.073	299.071	299.075	299.073	299.072	299.073	299.071	299.065	299.062	299.061	299.063	299.064	299.064	299.065	299.063	299.06	299.059	299.057	299.048	299.05	299.05	299.052	299.053	299.052	299.051	299.05	299.05	299.045	299.047	299.044	299.044	299.043	299.037	299.033	299.029	299.026	299.015	299.018	299.018	299.011	299.01	299.006	299.003	299.002	298.995	298.974	298.974	298.966	298.957	298.955	298.945	298.937	298.939	298.93	298.919	298.923	298.926	298.921	298.914	298.903	298.894	298.893	298.885	298.877	298.877	298.878	298.873	298.873	298.873	298.872	298.873	298.867	298.862	298.859	298.864	298.858	298.858	298.856	298.844	298.843	298.835	298.821	298.823	298.818	298.814	298.807	298.799	298.793	298.786	298.778	298.774	298.768	298.77	298.762	298.754	298.748	298.739	298.735	298.727	298.721
299.113	299.112	299.113	299.113	299.112	299.11	299.113	299.112	299.108	299.104	299.102	299.103	299.105	299.105	299.107	299.111	299.109	299.108	299.1	299.101	299.098	299.095	299.099	299.096	299.095	299.092	299.091	299.089	299.078	299.081	299.082	299.082	299.082	299.082	299.079	299.078	299.075	299.071	299.07	299.071	299.071	299.069	299.067	299.065	299.062	299.063	299.056	299.059	299.06	299.061	299.058	299.06	299.06	299.054	299.05	299.049	299.046	299.045	299.05	299.047	299.049	299.05	299.043	299.047	299.035	299.04	299.039	299.038	299.034	299.031	299.031	299.024	299.02	299.013	299.012	299.009	299.009	299.003	298.998	298.996	298.985	298.971	298.963	298.958	298.953	298.951	298.943	298.939	298.939	298.928	298.923	298.922	298.913	298.915	298.909	298.9	298.892	298.886	298.88	298.877	298.874	298.873	298.867	298.871	298.866	298.866	298.865	298.863	298.857	298.856	298.849	298.85	298.848	298.843	298.839	298.832	298.825	298.82	298.811	298.81	298.804	298.8	298.793	298.786	298.781	298.775	298.766	298.764	298.757	298.755	298.749	298.744	298.736	298.729	298.719	298.713	298.703
299.119	299.107	299.104	299.109	299.114	299.117	299.115	299.113	299.112	299.104	299.107	299.098	299.103	299.1	299.103	299.104	299.105	299.112	299.106	299.097	299.097	299.096	299.092	299.091	299.095	299.098	299.09	299.083	299.088	299.082	299.081	299.077	299.076	299.075	299.076	299.075	299.07	299.065	299.068	299.068	299.069	299.068	299.065	299.062	299.061	299.055	299.048	299.053	299.057	299.057	299.058	299.057	299.055	299.055	299.05	299.041	299.043	299.044	299.045	299.043	299.043	299.043	299.037	299.037	299.028	299.033	299.031	299.028	299.028	299.026	299.021	299.016	299.009	299.008	299.007	299.003	299.002	298.993	298.982	298.976	298.963	298.954	298.944	298.938	298.939	298.933	298.929	298.928	298.92	298.911	298.91	298.899	298.893	298.899	298.889	298.885	298.878	298.87	298.866	298.861	298.855	298.858	298.862	298.854	298.851	298.853	298.85	298.845	298.835	298.835	298.835	298.831	298.83	298.824	298.819	298.819	298.811	298.798	298.794	298.79	298.79	298.784	298.782	298.779	298.769	298.763	298.752	298.747	298.745	298.739	298.736	298.73	298.721	298.713	298.706	298.697	298.694
299.111	299.105	299.112	299.109	299.111	299.109	299.109	299.109	299.107	299.099	299.099	299.098	299.101	299.102	299.105	299.109	299.11	299.106	299.105	299.097	299.098	299.094	299.092	299.092	299.09	299.087	299.089	299.084	299.077	299.072	299.076	299.075	299.074	299.074	299.071	299.068	299.067	299.064	299.067	299.064	299.063	299.062	299.06	299.06	299.055	299.049	299.053	299.048	299.049	299.051	299.053	299.052	299.048	299.043	299.041	299.034	299.041	299.036	299.037	299.037	299.036	299.034	299.031	299.025	299.022	299.021	299.019	299.024	299.021	299.017	299.015	299.011	299.006	298.986	298.99	298.987	298.98	298.975	298.968	298.958	298.941	298.938	298.916	298.922	298.921	298.919	298.917	298.91	298.903	298.904	298.895	298.889	298.895	298.887	298.882	298.877	298.869	298.865	298.864	298.857	298.853	298.849	298.851	298.849	298.844	298.84	298.834	298.834	298.83	298.818	298.828	298.821	298.818	298.812	298.804	298.797	298.793	298.788	298.785	298.775	298.778	298.769	298.764	298.76	298.754	298.75	298.743	298.729	298.728	298.725	298.718	298.711	298.703	298.697	298.691	298.68	298.671
299.12	299.106	299.108	299.111	299.115	299.117	299.119	299.117	299.113	299.11	299.103	299.109	299.108	299.105	299.107	299.111	299.116	299.115	299.11	299.104	299.098	299.098	299.095	299.095	299.094	299.092	299.094	299.086	299.081	299.086	299.082	299.077	299.075	299.074	299.07	299.071	299.067	299.063	299.065	299.068	299.069	299.066	299.06	299.057	299.056	299.055	299.048	299.048	299.054	299.053	299.051	299.053	299.051	299.046	299.042	299.036	299.036	299.037	299.036	299.036	299.033	299.028	299.026	299.02	299.019	299.018	299.018	299.015	299.012	299.012	299.011	299.002	298.996	298.983	298.986	298.985	298.976	298.973	298.961	298.949	298.939	298.923	298.912	298.912	298.911	298.904	298.901	298.896	298.895	298.889	298.881	298.879	298.874	298.875	298.878	298.873	298.865	298.86	298.857	298.844	298.847	298.841	298.843	298.839	298.833	298.829	298.826	298.823	298.818	298.81	298.808	298.807	298.802	298.799	298.794	298.787	298.78	298.772	298.766	298.762	298.759	298.758	298.754	298.749	298.744	298.734	298.724	298.722	298.713	298.711	298.702	298.696	298.689	298.681	298.674	298.669	298.658
299.118	299.112	299.111	299.111	299.116	299.115	299.116	299.117	299.11	299.114	299.102	299.11	299.11	299.114	299.117	299.119	299.116	299.113	299.108	299.104	299.101	299.104	299.098	299.095	299.094	299.093	299.087	299.087	299.085	299.083	299.078	299.077	299.077	299.074	299.072	299.069	299.065	299.068	299.066	299.063	299.063	299.063	299.06	299.058	299.055	299.053	299.048	299.053	299.045	299.05	299.052	299.051	299.047	299.04	299.038	299.036	299.033	299.034	299.032	299.03	299.027	299.021	299.015	299.013	299.01	299.008	299.008	299.008	299.006	299.004	299	298.991	298.987	298.972	298.972	298.96	298.962	298.956	298.946	298.937	298.923	298.907	298.9	298.896	298.895	298.898	298.887	298.883	298.88	298.87	298.872	298.864	298.865	298.867	298.864	298.86	298.856	298.853	298.845	298.847	298.836	298.836	298.833	298.831	298.827	298.824	298.82	298.815	298.807	298.804	298.795	298.794	298.788	298.781	298.775	298.766	298.761	298.754	298.748	298.749	298.739	298.739	298.733	298.728	298.726	298.721	298.709	298.701	298.693	298.689	298.684	298.674	298.669	298.664	298.658	298.651	298.642
299.116	299.111	299.112	299.11	299.115	299.117	299.119	299.12	299.113	299.113	299.106	299.116	299.115	299.111	299.115	299.118	299.115	299.114	299.108	299.101	299.1	299.1	299.103	299.099	299.091	299.087	299.089	299.087	299.08	299.079	299.08	299.075	299.074	299.071	299.068	299.07	299.066	299.063	299.062	299.061	299.061	299.06	299.054	299.053	299.053	299.053	299.045	299.046	299.044	299.042	299.045	299.044	299.039	299.038	299.032	299.031	299.029	299.029	299.028	299.024	299.018	299.011	299.007	299.002	298.992	298.994	298.995	298.988	298.985	298.976	298.969	298.968	298.955	298.945	298.95	298.947	298.937	298.934	298.926	298.916	298.906	298.892	298.877	298.879	298.88	298.876	298.873	298.867	298.861	298.855	298.853	298.842	298.848	298.847	298.844	298.843	298.841	298.836	298.832	298.831	298.818	298.822	298.819	298.815	298.813	298.804	298.798	298.797	298.784	298.776	298.77	298.769	298.763	298.757	298.753	298.747	298.738	298.735	298.724	298.721	298.717	298.713	298.71	298.707	298.704	298.696	298.689	298.679	298.677	298.669	298.66	298.654	298.646	298.641	298.639	298.632	298.629
299.112	299.106	299.109	299.11	299.114	299.114	299.118	299.116	299.111	299.109	299.106	299.112	299.118	299.117	299.115	299.116	299.111	299.105	299.102	299.094	299.099	299.096	299.098	299.095	299.087	299.085	299.083	299.078	299.073	299.076	299.074	299.071	299.072	299.069	299.066	299.065	299.061	299.057	299.057	299.055	299.056	299.053	299.05	299.049	299.046	299.044	299.04	299.038	299.04	299.038	299.035	299.034	299.03	299.028	299.024	299.02	299.019	299.02	299.017	299.011	299.004	298.997	298.988	298.982	298.968	298.968	298.964	298.959	298.957	298.953	298.941	298.933	298.93	298.925	298.922	298.923	298.914	298.904	298.899	298.889	298.88	298.871	298.855	298.861	298.86	298.86	298.855	298.853	298.845	298.837	298.83	298.822	298.824	298.817	298.821	298.811	298.813	298.817	298.813	298.806	298.799	298.8	298.797	298.795	298.791	298.785	298.778	298.773	298.761	298.748	298.744	298.737	298.735	298.728	298.726	298.723	298.715	298.709	298.702	298.696	298.692	298.687	298.682	298.679	298.678	298.672	298.666	298.657	298.656	298.649	298.642	298.634	298.629	298.621	298.618	298.61	298.608
299.107	299.101	299.106	299.109	299.11	299.109	299.111	299.108	299.105	299.101	299.104	299.109	299.116	299.117	299.114	299.113	299.106	299.096	299.096	299.086	299.094	299.091	299.092	299.088	299.082	299.078	299.073	299.068	299.066	299.07	299.068	299.069	299.071	299.066	299.062	299.059	299.056	299.051	299.054	299.049	299.046	299.045	299.04	299.04	299.038	299.034	299.035	299.028	299.032	299.027	299.025	299.023	299.019	299.017	299.016	299.009	299.01	299.007	299.004	298.996	298.978	298.969	298.958	298.948	298.943	298.934	298.937	298.932	298.929	298.917	298.912	298.901	298.895	298.891	298.888	298.887	298.879	298.873	298.866	298.858	298.85	298.846	298.84	298.843	298.843	298.844	298.84	298.833	298.827	298.818	298.808	298.8	298.798	298.793	298.792	298.784	298.782	298.79	298.782	298.778	298.773	298.768	298.77	298.769	298.766	298.762	298.756	298.746	298.738	298.723	298.72	298.714	298.713	298.707	298.7	298.698	298.69	298.681	298.678	298.674	298.67	298.666	298.661	298.653	298.653	298.647	298.642	298.637	298.633	298.63	298.621	298.614	298.607	298.602	298.587	298.568	298.552
299.099	299.096	299.101	299.107	299.103	299.104	299.107	299.103	299.1	299.092	299.098	299.105	299.109	299.107	299.108	299.105	299.097	299.091	299.087	299.079	299.082	299.082	299.084	299.082	299.075	299.07	299.066	299.063	299.06	299.062	299.062	299.065	299.058	299.051	299.05	299.049	299.048	299.042	299.043	299.042	299.04	299.037	299.033	299.03	299.03	299.021	299.022	299.019	299.019	299.015	299.011	299.011	299.009	299.007	299.004	298.989	298.992	298.987	298.972	298.957	298.946	298.931	298.922	298.912	298.91	298.9	298.901	298.898	298.893	298.884	298.871	298.868	298.854	298.844	298.851	298.848	298.84	298.838	298.835	298.829	298.828	298.82	298.82	298.819	298.818	298.821	298.815	298.808	298.801	298.794	298.788	298.776	298.771	298.766	298.763	298.758	298.758	298.754	298.747	298.742	298.735	298.732	298.732	298.733	298.733	298.729	298.725	298.715	298.709	298.694	298.692	298.688	298.687	298.681	298.676	298.669	298.665	298.656	298.649	298.649	298.645	298.645	298.641	298.635	298.628	298.627	298.618	298.618	298.612	298.608	298.595	298.575	298.564	298.541	298.528	298.514	298.495
299.084	299.084	299.092	299.098	299.099	299.098	299.094	299.093	299.09	299.09	299.084	299.093	299.098	299.104	299.102	299.096	299.089	299.08	299.073	299.071	299.072	299.071	299.073	299.07	299.068	299.064	299.058	299.058	299.049	299.059	299.053	299.051	299.046	299.041	299.04	299.033	299.033	299.03	299.027	299.029	299.027	299.025	299.021	299.019	299.015	299.011	299.004	299.005	299.006	299.004	298.993	298.978	298.985	298.977	298.96	298.956	298.949	298.943	298.933	298.921	298.905	298.895	298.887	298.875	298.866	298.868	298.862	298.857	298.859	298.85	298.837	298.826	298.819	298.808	298.808	298.799	298.802	298.804	298.801	298.8	298.799	298.793	298.79	298.789	298.789	298.784	298.781	298.778	298.776	298.764	298.763	298.75	298.745	298.739	298.729	298.725	298.721	298.72	298.715	298.709	298.695	298.701	298.691	298.696	298.698	298.696	298.695	298.688	298.683	298.669	298.666	298.661	298.656	298.652	298.647	298.64	298.633	298.632	298.623	298.623	298.618	298.616	298.614	298.609	298.604	298.6	298.582	298.577	298.561	298.551	298.535	298.519	298.505	298.486	298.467	298.46	298.446
299.073	299.08	299.083	299.086	299.09	299.089	299.091	299.089	299.082	299.084	299.078	299.082	299.087	299.089	299.089	299.087	299.081	299.077	299.068	299.056	299.059	299.062	299.06	299.057	299.056	299.055	299.05	299.049	299.042	299.046	299.043	299.044	299.038	299.029	299.024	299.022	299.016	299.014	299.015	299.014	299.01	299.009	299.006	299.003	298.989	298.988	298.972	298.972	298.964	298.96	298.96	298.956	298.942	298.935	298.926	298.923	298.905	298.91	298.898	298.887	298.877	298.863	298.855	298.845	298.836	298.832	298.835	298.831	298.825	298.818	298.809	298.797	298.783	298.774	298.768	298.771	298.774	298.773	298.774	298.774	298.771	298.767	298.758	298.754	298.751	298.745	298.743	298.742	298.739	298.739	298.73	298.722	298.712	298.705	298.702	298.692	298.687	298.683	298.676	298.67	298.659	298.662	298.659	298.662	298.661	298.658	298.658	298.654	298.65	298.644	298.636	298.63	298.628	298.621	298.616	298.612	298.606	298.602	298.59	298.581	298.584	298.577	298.568	298.556	298.539	298.529	298.516	298.502	298.494	298.487	298.474	298.46	298.448	298.436	298.426	298.406	298.396
299.066	299.065	299.065	299.073	299.077	299.074	299.073	299.073	299.068	299.066	299.062	299.073	299.077	299.079	299.08	299.078	299.073	299.064	299.061	299.054	299.053	299.048	299.047	299.045	299.043	299.04	299.038	299.035	299.03	299.03	299.032	299.03	299.026	299.024	299.02	299.015	299.005	298.997	299	298.996	299.001	298.986	298.975	298.976	298.963	298.947	298.927	298.929	298.933	298.923	298.915	298.909	298.904	298.9	298.89	298.875	298.874	298.874	298.859	298.855	298.848	298.836	298.828	298.818	298.812	298.805	298.805	298.804	298.796	298.79	298.781	298.77	298.755	298.749	298.742	298.741	298.738	298.739	298.746	298.746	298.739	298.737	298.728	298.725	298.716	298.711	298.71	298.71	298.709	298.712	298.702	298.7	298.695	298.682	298.674	298.667	298.663	298.661	298.648	298.647	298.638	298.63	298.631	298.629	298.63	298.631	298.632	298.629	298.626	298.616	298.613	298.604	298.594	298.578	298.568	298.559	298.553	298.543	298.545	298.528	298.518	298.506	298.496	298.49	298.481	298.467	298.46	298.447	298.442	298.434	298.423	298.413	298.398	298.383	298.374	298.363	298.354
299.061	299.057	299.06	299.063	299.066	299.07	299.07	299.066	299.069	299.064	299.06	299.063	299.066	299.073	299.073	299.07	299.069	299.063	299.058	299.048	299.048	299.045	299.042	299.04	299.037	299.035	299.032	299.024	299.024	299.02	299.023	299.021	299.022	299.021	299.015	299.006	299.005	298.988	298.988	298.975	298.974	298.966	298.954	298.945	298.936	298.925	298.915	298.898	298.899	298.899	298.891	298.89	298.885	298.874	298.862	298.862	298.854	298.844	298.837	298.832	298.822	298.814	298.81	298.794	298.789	298.788	298.786	298.778	298.778	298.772	298.76	298.751	298.739	298.731	298.724	298.721	298.724	298.727	298.725	298.723	298.723	298.717	298.71	298.704	298.698	298.69	298.686	298.682	298.682	298.678	298.678	298.669	298.665	298.659	298.654	298.646	298.639	298.634	298.628	298.621	298.613	298.612	298.61	298.605	298.607	298.605	298.604	298.602	298.598	298.571	298.571	298.553	298.532	298.523	298.51	298.496	298.494	298.488	298.474	298.474	298.464	298.455	298.443	298.433	298.424	298.413	298.407	298.399	298.395	298.389	298.38	298.37	298.359	298.348	298.335	298.326	298.315
299.053	299.041	299.047	299.05	299.051	299.054	299.055	299.055	299.055	299.051	299.055	299.06	299.059	299.065	299.064	299.062	299.059	299.053	299.053	299.042	299.043	299.037	299.036	299.032	299.028	299.024	299.021	299.017	299.012	299.01	299.009	299.013	299.011	299.01	299.011	299.007	298.995	298.956	298.962	298.956	298.946	298.94	298.932	298.921	298.91	298.895	298.884	298.879	298.871	298.87	298.867	298.862	298.852	298.843	298.839	298.824	298.818	298.816	298.809	298.801	298.794	298.786	298.776	298.772	298.769	298.758	298.761	298.755	298.749	298.744	298.737	298.73	298.72	298.711	298.71	298.705	298.703	298.697	298.697	298.697	298.696	298.688	298.687	298.681	298.674	298.669	298.662	298.66	298.657	298.65	298.649	298.64	298.64	298.633	298.63	298.628	298.621	298.613	298.608	298.602	298.594	298.587	298.571	298.575	298.565	298.562	298.553	298.548	298.535	298.523	298.507	298.493	298.479	298.463	298.452	298.441	298.436	298.434	298.424	298.423	298.403	298.4	298.389	298.382	298.372	298.365	298.359	298.353	298.35	298.344	298.34	298.331	298.321	298.31	298.298	298.289	298.279
299.037	299.032	299.029	299.036	299.04	299.043	299.043	299.045	299.047	299.045	299.042	299.045	299.05	299.049	299.052	299.05	299.046	299.041	299.037	299.034	299.033	299.031	299.026	299.024	299.019	299.013	299.008	299.004	298.99	299	298.999	299.002	299.001	299.001	299.001	298.984	298.962	298.953	298.934	298.93	298.918	298.914	298.903	298.888	298.884	298.874	298.855	298.855	298.849	298.844	298.842	298.835	298.828	298.818	298.808	298.796	298.792	298.789	298.779	298.774	298.768	298.763	298.755	298.749	298.744	298.735	298.736	298.728	298.725	298.719	298.715	298.707	298.699	298.697	298.688	298.688	298.68	298.677	298.672	298.672	298.666	298.661	298.656	298.653	298.648	298.644	298.639	298.631	298.63	298.623	298.618	298.611	298.611	298.61	298.603	298.601	298.587	298.573	298.559	298.544	298.539	298.534	298.528	298.52	298.516	298.503	298.494	298.482	298.468	298.465	298.453	298.442	298.431	298.421	298.409	298.403	298.385	298.382	298.37	298.37	298.36	298.347	298.341	298.335	298.329	298.32	298.315	298.307	298.306	298.302	298.296	298.289	298.282	298.272	298.264	298.257	298.248
299.02	299.011	299.013	299.012	299.02	299.022	299.028	299.028	299.026	299.031	299.027	299.032	299.038	299.038	299.035	299.036	299.03	299.027	299.017	299.018	299.018	299.019	299.016	299.008	299.004	298.993	298.981	298.973	298.954	298.967	298.963	298.969	298.969	298.968	298.964	298.949	298.931	298.921	298.902	298.895	298.89	298.883	298.875	298.865	298.858	298.849	298.838	298.832	298.821	298.82	298.812	298.809	298.803	298.792	298.782	298.773	298.767	298.759	298.755	298.747	298.746	298.738	298.734	298.725	298.716	298.714	298.709	298.705	298.698	298.696	298.69	298.686	298.679	298.677	298.668	298.666	298.661	298.651	298.65	298.641	298.637	298.633	298.625	298.625	298.621	298.619	298.613	298.609	298.602	298.599	298.579	298.574	298.565	298.561	298.555	298.54	298.529	298.517	298.506	298.493	298.487	298.483	298.478	298.472	298.464	298.456	298.442	298.434	298.424	298.41	298.407	298.394	298.389	298.378	298.371	298.357	298.346	298.337	298.326	298.323	298.315	298.31	298.301	298.298	298.29	298.281	298.276	298.267	298.265	298.261	298.257	298.249	298.243	298.237	298.23	298.221	298.211
298.999	298.974	298.981	298.98	298.986	299	299.003	299.008	299.008	299.011	299.011	299.017	299.021	299.02	299.019	299.011	299.01	299.006	298.997	298.996	298.997	299	298.994	298.98	298.963	298.957	298.936	298.937	298.922	298.926	298.926	298.926	298.927	298.923	298.922	298.914	298.9	298.882	298.874	298.869	298.857	298.852	298.845	298.84	298.833	298.827	298.817	298.809	298.801	298.79	298.787	298.777	298.774	298.767	298.761	298.749	298.743	298.738	298.73	298.725	298.722	298.716	298.708	298.702	298.693	298.69	298.683	298.679	298.675	298.669	298.666	298.661	298.656	298.65	298.644	298.643	298.636	298.628	298.621	298.617	298.607	298.603	298.593	298.586	298.584	298.576	298.573	298.559	298.549	298.538	298.521	298.518	298.505	298.501	298.492	298.483	298.472	298.468	298.454	298.446	298.435	298.433	298.43	298.418	298.417	298.407	298.395	298.386	298.384	298.366	298.369	298.356	298.35	298.345	298.33	298.321	298.306	298.297	298.288	298.285	298.278	298.273	298.269	298.263	298.257	298.247	298.242	298.233	298.226	298.221	298.213	298.209	298.204	298.201	298.186	298.167	298.151
298.945	298.933	298.94	298.935	298.936	298.945	298.957	298.959	298.975	298.977	298.982	298.989	298.99	298.997	298.987	298.978	298.961	298.952	298.941	298.94	298.947	298.944	298.941	298.931	298.925	298.916	298.898	298.887	298.885	298.883	298.884	298.886	298.879	298.877	298.871	298.867	298.859	298.844	298.845	298.83	298.821	298.82	298.818	298.81	298.814	298.804	298.793	298.785	298.776	298.764	298.757	298.753	298.747	298.745	298.738	298.726	298.721	298.715	298.704	298.7	298.699	298.694	298.686	298.678	298.669	298.661	298.656	298.655	298.648	298.646	298.637	298.633	298.626	298.621	298.619	298.612	298.609	298.603	298.597	298.585	298.568	298.543	298.541	298.523	298.519	298.514	298.507	298.502	298.49	298.485	298.468	298.46	298.453	298.441	298.433	298.425	298.422	298.412	298.407	298.396	298.386	298.383	298.373	298.367	298.358	298.352	298.349	298.343	298.337	298.329	298.331	298.321	298.316	298.306	298.294	298.283	298.27	298.257	298.248	298.249	298.241	298.238	298.231	298.228	298.222	298.216	298.207	298.198	298.174	298.156	298.143	298.131	298.126	298.117	298.107	298.092	298.078
298.892	298.895	298.89	298.886	298.889	298.899	298.904	298.908	298.909	298.916	298.923	298.93	298.937	298.936	298.923	298.91	298.908	298.893	298.893	298.877	298.888	298.893	298.89	298.887	298.874	298.864	298.856	298.841	298.842	298.838	298.839	298.833	298.833	298.828	298.826	298.815	298.817	298.806	298.799	298.789	298.79	298.791	298.788	298.782	298.777	298.773	298.769	298.756	298.742	298.731	298.727	298.722	298.72	298.713	298.71	298.701	298.691	298.682	298.677	298.674	298.67	298.667	298.658	298.652	298.641	298.636	298.633	298.626	298.623	298.62	298.616	298.604	298.603	298.582	298.577	298.563	298.559	298.546	298.532	298.52	298.508	298.489	298.483	298.461	298.468	298.455	298.452	298.451	298.444	298.435	298.432	298.414	298.398	298.393	298.38	298.377	298.369	298.363	298.359	298.347	298.339	298.334	298.324	298.321	298.313	298.306	298.309	298.302	298.299	298.294	298.287	298.282	298.275	298.268	298.256	298.248	298.233	298.226	298.216	298.211	298.208	298.204	298.197	298.183	298.172	298.154	298.133	298.111	298.094	298.079	298.063	298.055	298.049	298.046	298.036	298.022	298.009
298.832	298.839	298.851	298.86	298.85	298.849	298.86	298.865	298.866	298.869	298.867	298.868	298.865	298.87	298.868	298.86	298.848	298.833	298.835	298.829	298.841	298.843	298.841	298.838	298.831	298.817	298.812	298.799	298.795	298.79	298.789	298.791	298.784	298.777	298.776	298.774	298.768	298.76	298.763	298.761	298.75	298.744	298.746	298.749	298.745	298.737	298.729	298.718	298.712	298.704	298.697	298.692	298.691	298.69	298.68	298.672	298.665	298.654	298.651	298.644	298.64	298.636	298.633	298.623	298.612	298.606	298.6	298.602	298.599	298.591	298.581	298.566	298.549	298.524	298.519	298.512	298.501	298.496	298.487	298.469	298.459	298.438	298.428	298.418	298.41	298.398	298.394	298.396	298.392	298.385	298.373	298.369	298.357	298.345	298.332	298.324	298.319	298.31	298.306	298.3	298.291	298.29	298.281	298.274	298.268	298.264	298.26	298.255	298.251	298.244	298.248	298.245	298.238	298.23	298.221	298.21	298.195	298.181	298.163	298.155	298.141	298.128	298.118	298.111	298.098	298.084	298.065	298.035	298.016	298.004	297.996	297.992	297.986	297.98	297.976	297.964	297.951
298.788	298.807	298.795	298.797	298.802	298.805	298.805	298.807	298.814	298.818	298.809	298.827	298.821	298.814	298.808	298.801	298.799	298.794	298.786	298.784	298.787	298.789	298.791	298.789	298.784	298.777	298.766	298.763	298.754	298.751	298.747	298.74	298.741	298.74	298.738	298.734	298.728	298.728	298.719	298.711	298.712	298.713	298.708	298.702	298.7	298.699	298.688	298.683	298.671	298.664	298.661	298.661	298.658	298.653	298.648	298.634	298.629	298.622	298.612	298.609	298.61	298.605	298.593	298.582	298.56	298.555	298.539	298.542	298.539	298.534	298.524	298.511	298.489	298.481	298.458	298.459	298.45	298.44	298.427	298.414	298.405	298.395	298.382	298.372	298.36	298.357	298.352	298.345	298.342	298.347	298.332	298.324	298.311	298.301	298.293	298.285	298.281	298.274	298.266	298.261	298.25	298.247	298.247	298.238	298.232	298.228	298.226	298.223	298.218	298.206	298.209	298.202	298.197	298.181	298.164	298.15	298.133	298.109	298.093	298.082	298.071	298.062	298.049	298.037	298.023	298.006	297.989	297.974	297.961	297.951	297.941	297.935	297.932	297.927	297.92	297.912	297.9
298.728	298.761	298.765	298.769	298.772	298.772	298.774	298.781	298.78	298.786	298.776	298.773	298.776	298.777	298.773	298.766	298.76	298.757	298.75	298.752	298.75	298.752	298.754	298.753	298.75	298.748	298.735	298.73	298.716	298.713	298.713	298.707	298.707	298.706	298.706	298.705	298.695	298.691	298.685	298.685	298.672	298.668	298.663	298.663	298.663	298.659	298.653	298.647	298.638	298.633	298.631	298.63	298.631	298.622	298.617	298.609	298.588	298.575	298.565	298.559	298.553	298.55	298.544	298.535	298.51	298.504	298.5	298.49	298.488	298.483	298.474	298.46	298.443	298.438	298.416	298.415	298.408	298.399	298.391	298.383	298.369	298.359	298.343	298.336	298.33	298.319	298.316	298.31	298.305	298.297	298.29	298.283	298.273	298.265	298.256	298.247	298.238	298.233	298.225	298.219	298.215	298.21	298.207	298.202	298.195	298.184	298.174	298.16	298.146	298.135	298.133	298.126	298.122	298.11	298.091	298.079	298.062	298.048	298.04	298.024	298.014	298.003	297.989	297.973	297.961	297.946	297.932	297.918	297.908	297.904	297.903	297.899	297.891	297.888	297.88	297.871	297.86
298.701	298.72	298.722	298.723	298.73	298.727	298.734	298.739	298.739	298.74	298.74	298.737	298.739	298.737	298.734	298.731	298.724	298.72	298.713	298.709	298.712	298.706	298.71	298.71	298.711	298.703	298.697	298.69	298.682	298.677	298.671	298.672	298.673	298.673	298.671	298.671	298.662	298.658	298.65	298.646	298.641	298.633	298.63	298.625	298.622	298.621	298.617	298.61	298.603	298.605	298.598	298.596	298.593	298.586	298.564	298.542	298.531	298.503	298.498	298.491	298.491	298.492	298.488	298.474	298.465	298.458	298.451	298.442	298.435	298.429	298.415	298.409	298.398	298.384	298.379	298.363	298.359	298.352	298.347	298.336	298.326	298.317	298.309	298.299	298.293	298.285	298.275	298.274	298.269	298.262	298.255	298.242	298.238	298.226	298.222	298.216	298.211	298.201	298.193	298.165	298.159	298.153	298.143	298.142	298.128	298.119	298.11	298.102	298.082	298.073	298.058	298.052	298.043	298.035	298.029	298.02	298.006	297.994	297.98	297.975	297.964	297.953	297.937	297.924	297.903	297.89	297.881	297.873	297.872	297.863	297.862	297.855	297.853	297.845	297.839	297.83	297.82
298.674	298.679	298.682	298.687	298.69	298.696	298.692	298.696	298.7	298.698	298.693	298.69	298.693	298.688	298.689	298.687	298.686	298.679	298.678	298.667	298.668	298.669	298.665	298.669	298.663	298.66	298.656	298.647	298.641	298.639	298.637	298.636	298.641	298.639	298.64	298.632	298.628	298.623	298.615	298.609	298.602	298.599	298.584	298.576	298.574	298.569	298.56	298.555	298.548	298.531	298.531	298.529	298.531	298.52	298.509	298.483	298.471	298.456	298.445	298.443	298.435	298.436	298.432	298.424	298.419	298.404	298.405	298.394	298.39	298.378	298.371	298.359	298.353	298.341	298.334	298.323	298.316	298.313	298.304	298.296	298.289	298.28	298.272	298.261	298.253	298.247	298.24	298.23	298.228	298.221	298.216	298.205	298.2	298.19	298.17	298.165	298.147	298.131	298.12	298.111	298.094	298.084	298.079	298.066	298.061	298.049	298.044	298.029	298.014	298.007	297.994	297.992	297.981	297.976	297.961	297.952	297.947	297.94	297.925	297.921	297.914	297.901	297.891	297.873	297.859	297.847	297.839	297.829	297.831	297.827	297.824	297.821	297.811	297.805	297.791	297.777	297.757
298.635	298.632	298.637	298.644	298.651	298.65	298.651	298.65	298.658	298.652	298.65	298.646	298.636	298.639	298.637	298.643	298.642	298.639	298.633	298.627	298.625	298.623	298.623	298.622	298.625	298.619	298.617	298.608	298.602	298.6	298.597	298.601	298.597	298.603	298.601	298.597	298.588	298.566	298.561	298.548	298.535	298.518	298.514	298.506	298.506	298.496	298.487	298.485	298.477	298.469	298.461	298.464	298.457	298.452	298.445	298.43	298.424	298.414	298.406	298.397	298.394	298.385	298.385	298.376	298.37	298.361	298.356	298.35	298.336	298.332	298.321	298.312	298.305	298.299	298.29	298.283	298.277	298.266	298.261	298.253	298.249	298.241	298.233	298.227	298.213	298.209	298.201	298.19	298.182	298.174	298.162	298.149	298.135	298.117	298.107	298.09	298.081	298.07	298.062	298.05	298.036	298.028	298.019	298.011	298	297.994	297.983	297.972	297.955	297.945	297.937	297.926	297.922	297.914	297.906	297.9	297.899	297.887	297.88	297.873	297.865	297.859	297.843	297.832	297.821	297.81	297.803	297.791	297.787	297.783	297.781	297.758	297.746	297.724	297.708	297.69	297.679
298.587	298.589	298.588	298.6	298.6	298.608	298.603	298.609	298.608	298.605	298.603	298.601	298.588	298.577	298.583	298.574	298.585	298.58	298.574	298.575	298.563	298.566	298.564	298.57	298.562	298.563	298.552	298.545	298.535	298.523	298.524	298.522	298.527	298.525	298.53	298.518	298.516	298.497	298.491	298.482	298.473	298.46	298.447	298.447	298.434	298.428	298.425	298.417	298.414	298.406	298.403	298.392	298.395	298.389	298.38	298.379	298.37	298.368	298.355	298.352	298.346	298.342	298.334	298.328	298.319	298.319	298.31	298.302	298.294	298.282	298.276	298.266	298.259	298.253	298.245	298.24	298.232	298.228	298.218	298.214	298.206	298.203	298.183	298.168	298.151	298.136	298.129	298.108	298.109	298.102	298.09	298.082	298.065	298.052	298.038	298.029	298.014	298.011	298	297.988	297.98	297.971	297.966	297.952	297.948	297.934	297.927	297.916	297.904	297.893	297.886	297.877	297.869	297.866	297.855	297.855	297.848	297.838	297.833	297.826	297.82	297.812	297.803	297.79	297.774	297.749	297.74	297.727	297.715	297.71	297.695	297.681	297.662	297.651	297.631	297.62	297.608
298.496	298.519	298.505	298.513	298.524	298.522	298.528	298.53	298.529	298.524	298.514	298.513	298.514	298.51	298.501	298.501	298.49	298.497	298.488	298.488	298.483	298.486	298.49	298.486	298.488	298.484	298.479	298.471	298.462	298.459	298.453	298.453	298.448	298.452	298.449	298.447	298.442	298.43	298.427	298.412	298.411	298.398	298.392	298.386	298.379	298.369	298.365	298.356	298.35	298.349	298.343	298.339	298.332	298.335	298.323	298.328	298.318	298.319	298.311	298.304	298.303	298.292	298.287	298.283	298.274	298.271	298.261	298.258	298.249	298.24	298.229	298.228	298.217	298.208	298.203	298.19	298.184	298.168	298.164	298.148	298.135	298.126	298.1	298.088	298.071	298.064	298.054	298.045	298.034	298.036	298.024	298.015	298.01	297.994	297.985	297.972	297.962	297.946	297.941	297.93	297.922	297.915	297.909	297.899	297.891	297.883	297.874	297.868	297.856	297.848	297.839	297.832	297.828	297.819	297.812	297.801	297.794	297.781	297.766	297.759	297.751	297.739	297.732	297.723	297.704	297.689	297.674	297.659	297.646	297.634	297.623	297.602	297.59	297.575	297.564	297.556	297.543
298.404	298.431	298.424	298.432	298.433	298.433	298.436	298.445	298.44	298.443	298.437	298.433	298.438	298.427	298.431	298.425	298.415	298.412	298.41	298.406	298.409	298.41	298.409	298.412	298.408	298.41	298.405	298.403	298.396	298.396	298.393	298.388	298.384	298.377	298.379	298.373	298.367	298.361	298.362	298.354	298.35	298.341	298.334	298.336	298.328	298.32	298.304	298.302	298.297	298.284	298.288	298.284	298.278	298.277	298.274	298.275	298.266	298.271	298.263	298.257	298.25	298.244	298.235	298.233	298.222	298.216	298.216	298.209	298.202	298.194	298.185	298.163	298.148	298.13	298.122	298.105	298.099	298.09	298.076	298.073	298.056	298.038	298.029	298.016	298.004	297.993	297.992	297.988	297.984	297.975	297.968	297.956	297.946	297.937	297.924	297.922	297.91	297.898	297.886	297.873	297.866	297.861	297.853	297.846	297.842	297.834	297.828	297.821	297.812	297.804	297.788	297.776	297.76	297.751	297.734	297.723	297.703	297.693	297.675	297.668	297.666	297.655	297.655	297.645	297.631	297.62	297.608	297.592	297.583	297.568	297.556	297.539	297.524	297.514	297.5	297.498	297.483
298.341	298.344	298.342	298.349	298.355	298.362	298.369	298.37	298.364	298.353	298.364	298.357	298.36	298.352	298.348	298.345	298.342	298.344	298.335	298.334	298.339	298.34	298.343	298.34	298.338	298.334	298.33	298.328	298.327	298.328	298.32	298.322	298.319	298.318	298.313	298.309	298.309	298.299	298.295	298.294	298.292	298.286	298.282	298.276	298.268	298.268	298.264	298.253	298.248	298.241	298.233	298.23	298.225	298.226	298.218	298.22	298.222	298.218	298.214	298.209	298.205	298.194	298.179	298.158	298.155	298.141	298.13	298.119	298.109	298.106	298.098	298.081	298.072	298.049	298.045	298.032	298.03	298.02	298.012	298.001	297.991	297.977	297.965	297.95	297.945	297.94	297.929	297.925	297.923	297.916	297.912	297.903	297.885	297.877	297.868	297.858	297.852	297.844	297.837	297.82	297.814	297.804	297.795	297.786	297.771	297.761	297.749	297.738	297.727	297.714	297.708	297.695	297.679	297.662	297.647	297.635	297.623	297.612	297.608	297.597	297.584	297.577	297.57	297.567	297.559	297.549	297.535	297.526	297.514	297.5	297.493	297.479	297.469	297.458	297.448	297.442	297.431
298.272	298.261	298.266	298.27	298.273	298.278	298.277	298.281	298.295	298.287	298.287	298.277	298.283	298.284	298.281	298.278	298.274	298.269	298.269	298.271	298.271	298.275	298.273	298.268	298.269	298.267	298.263	298.262	298.252	298.258	298.26	298.26	298.253	298.253	298.253	298.244	298.242	298.24	298.241	298.237	298.233	298.227	298.221	298.218	298.219	298.208	298.206	298.191	298.187	298.184	298.176	298.165	298.158	298.151	298.143	298.137	298.13	298.124	298.121	298.119	298.106	298.096	298.095	298.075	298.066	298.052	298.045	298.043	298.034	298.022	298.012	297.998	297.992	297.972	297.969	297.962	297.952	297.946	297.936	297.924	297.913	297.91	297.899	297.896	297.886	297.881	297.877	297.872	297.872	297.867	297.853	297.842	297.83	297.82	297.813	297.806	297.801	297.783	297.768	297.744	297.725	297.709	297.7	297.688	297.682	297.673	297.662	297.655	297.649	297.638	297.626	297.607	297.596	297.585	297.571	297.561	297.556	297.545	297.539	297.525	297.518	297.512	297.5	297.493	297.489	297.48	297.475	297.461	297.451	297.442	297.433	297.422	297.414	297.405	297.389	297.378	297.366
298.183	298.184	298.197	298.203	298.202	298.211	298.215	298.216	298.218	298.212	298.222	298.221	298.22	298.211	298.212	298.211	298.209	298.207	298.207	298.208	298.208	298.213	298.216	298.215	298.209	298.204	298.195	298.199	298.19	298.188	298.188	298.193	298.195	298.192	298.194	298.195	298.192	298.171	298.166	298.16	298.157	298.156	298.138	298.132	298.128	298.113	298.117	298.117	298.11	298.1	298.096	298.093	298.085	298.072	298.074	298.065	298.051	298.052	298.039	298.035	298.03	298.022	298.014	298.002	297.99	297.987	297.979	297.971	297.964	297.959	297.955	297.941	297.924	297.919	297.906	297.9	297.895	297.886	297.877	297.871	297.862	297.855	297.841	297.845	297.835	297.828	297.828	297.82	297.81	297.808	297.801	297.782	297.756	297.738	297.722	297.713	297.703	297.692	297.678	297.663	297.649	297.633	297.623	297.607	297.598	297.59	297.584	297.579	297.572	297.562	297.554	297.544	297.528	297.517	297.508	297.499	297.492	297.485	297.473	297.465	297.453	297.446	297.439	297.432	297.428	297.418	297.417	297.4	297.397	297.382	297.368	297.36	297.347	297.327	297.316	297.295	297.277
298.065	298.076	298.073	298.082	298.086	298.081	298.09	298.103	298.106	298.114	298.116	298.114	298.12	298.122	298.117	298.116	298.107	298.112	298.104	298.1	298.108	298.105	298.113	298.11	298.107	298.104	298.103	298.09	298.083	298.094	298.083	298.091	298.09	298.091	298.082	298.081	298.082	298.077	298.076	298.069	298.058	298.048	298.043	298.032	298.026	298.027	298.02	298.014	298.012	298.012	298.008	298.008	298.001	298.001	297.988	297.981	297.977	297.968	297.96	297.952	297.95	297.943	297.936	297.931	297.921	297.917	297.913	297.911	297.906	297.9	297.888	297.882	297.869	297.86	297.849	297.839	297.833	297.822	297.815	297.805	297.795	297.793	297.777	297.773	297.775	297.767	297.752	297.742	297.733	297.721	297.709	297.69	297.672	297.659	297.648	297.632	297.624	297.61	297.601	297.584	297.573	297.562	297.549	297.539	297.532	297.527	297.522	297.519	297.506	297.502	297.486	297.475	297.463	297.45	297.445	297.436	297.427	297.425	297.412	297.409	297.39	297.376	297.359	297.35	297.339	297.332	297.318	297.304	297.297	297.284	297.277	297.265	297.256	297.237	297.225	297.213	297.201
297.956	297.973	297.971	297.979	297.981	297.985	297.988	298.002	297.996	298.006	298.006	298.014	298.02	298.015	298.021	298.016	298.016	298.011	298.009	298.009	298.006	298.009	298.007	298.01	298.003	298.005	297.999	297.997	297.99	297.988	297.988	297.983	297.992	297.991	297.993	297.991	297.989	297.989	297.978	297.978	297.971	297.962	297.951	297.95	297.939	297.939	297.931	297.933	297.933	297.921	297.93	297.924	297.922	297.915	297.908	297.908	297.901	297.895	297.895	297.888	297.875	297.873	297.867	297.863	297.856	297.854	297.856	297.846	297.845	297.835	297.827	297.821	297.813	297.802	297.795	297.777	297.755	297.744	297.73	297.722	297.709	297.697	297.688	297.679	297.675	297.664	297.657	297.651	297.646	297.625	297.617	297.604	297.593	297.583	297.566	297.558	297.547	297.539	297.525	297.513	297.503	297.49	297.484	297.468	297.465	297.459	297.459	297.453	297.444	297.445	297.431	297.421	297.405	297.39	297.373	297.361	297.343	297.341	297.319	297.312	297.294	297.28	297.268	297.251	297.244	297.229	297.218	297.215	297.201	297.196	297.187	297.181	297.169	297.163	297.144	297.136	297.125
297.853	297.872	297.875	297.878	297.884	297.884	297.893	297.895	297.898	297.903	297.904	297.914	297.913	297.919	297.921	297.926	297.922	297.922	297.918	297.918	297.914	297.914	297.918	297.913	297.912	297.906	297.903	297.9	297.896	297.893	297.895	297.897	297.896	297.907	297.898	297.902	297.9	297.902	297.898	297.887	297.887	297.881	297.876	297.869	297.866	297.863	297.858	297.859	297.854	297.854	297.846	297.853	297.847	297.845	297.835	297.833	297.831	297.822	297.822	297.817	297.813	297.805	297.802	297.794	297.791	297.784	297.78	297.777	297.759	297.751	297.734	297.724	297.715	297.705	297.693	297.68	297.67	297.655	297.648	297.632	297.625	297.61	297.601	297.6	297.585	297.582	297.569	297.568	297.555	297.543	297.534	297.521	297.518	297.506	297.496	297.487	297.482	297.468	297.46	297.446	297.435	297.425	297.421	297.412	297.41	297.407	297.398	297.394	297.373	297.356	297.344	297.324	297.309	297.288	297.282	297.267	297.258	297.244	297.23	297.221	297.203	297.195	297.18	297.172	297.159	297.149	297.138	297.13	297.119	297.115	297.11	297.1	297.096	297.081	297.069	297.062	297.047
297.739	297.772	297.764	297.781	297.789	297.792	297.792	297.803	297.807	297.814	297.813	297.819	297.819	297.826	297.835	297.831	297.836	297.832	297.832	297.83	297.833	297.832	297.825	297.829	297.822	297.822	297.817	297.812	297.809	297.807	297.809	297.802	297.808	297.811	297.814	297.818	297.821	297.818	297.824	297.814	297.805	297.803	297.799	297.799	297.792	297.788	297.786	297.776	297.778	297.773	297.778	297.768	297.768	297.753	297.747	297.732	297.731	297.728	297.712	297.71	297.699	297.698	297.695	297.691	297.686	297.679	297.677	297.671	297.666	297.648	297.639	297.624	297.62	297.613	297.601	297.594	297.575	297.57	297.56	297.551	297.542	297.536	297.524	297.52	297.509	297.496	297.49	297.479	297.472	297.462	297.455	297.444	297.441	297.433	297.425	297.421	297.41	297.402	297.386	297.365	297.35	297.332	297.33	297.316	297.317	297.309	297.303	297.287	297.272	297.25	297.238	297.228	297.215	297.203	297.188	297.178	297.167	297.158	297.15	297.137	297.124	297.111	297.104	297.091	297.083	297.073	297.066	297.052	297.053	297.045	297.036	297.03	297.019	297.008	296.99	296.98	296.958
297.592	297.634	297.618	297.638	297.652	297.652	297.656	297.661	297.671	297.681	297.683	297.697	297.696	297.708	297.705	297.713	297.713	297.715	297.722	297.717	297.724	297.715	297.712	297.707	297.708	297.699	297.707	297.697	297.698	297.696	297.696	297.688	297.681	297.689	297.681	297.691	297.701	297.698	297.707	297.706	297.699	297.689	297.69	297.686	297.683	297.677	297.676	297.673	297.663	297.662	297.652	297.651	297.645	297.638	297.637	297.627	297.621	297.614	297.606	297.603	297.599	297.593	297.599	297.589	297.584	297.582	297.574	297.575	297.564	297.556	297.543	297.537	297.526	297.522	297.516	297.512	297.497	297.484	297.481	297.472	297.462	297.458	297.451	297.441	297.433	297.423	297.411	297.405	297.395	297.386	297.372	297.36	297.35	297.332	297.325	297.31	297.302	297.285	297.275	297.257	297.25	297.232	297.224	297.213	297.209	297.207	297.199	297.187	297.172	297.154	297.144	297.133	297.125	297.112	297.105	297.094	297.088	297.076	297.069	297.056	297.051	297.042	297.03	297.021	297.008	297	296.991	296.963	296.968	296.949	296.938	296.919	296.907	296.893	296.878	296.865	296.853
297.443	297.504	297.496	297.507	297.51	297.519	297.526	297.538	297.544	297.554	297.557	297.563	297.564	297.566	297.573	297.579	297.588	297.587	297.598	297.588	297.592	297.588	297.586	297.591	297.586	297.584	297.581	297.583	297.591	297.583	297.591	297.587	297.581	297.574	297.571	297.559	297.576	297.587	297.584	297.592	297.589	297.588	297.585	297.585	297.582	297.579	297.569	297.573	297.56	297.556	297.554	297.545	297.546	297.534	297.536	297.531	297.52	297.514	297.504	297.5	297.496	297.5	297.501	297.495	297.489	297.488	297.48	297.475	297.472	297.463	297.459	297.447	297.44	297.434	297.43	297.426	297.421	297.412	297.401	297.397	297.377	297.366	297.35	297.337	297.337	297.322	297.307	297.292	297.28	297.267	297.261	297.248	297.235	297.226	297.216	297.209	297.199	297.187	297.172	297.163	297.148	297.141	297.136	297.126	297.119	297.11	297.109	297.098	297.082	297.068	297.053	297.05	297.036	297.026	297.018	297.011	297.004	296.997	296.991	296.974	296.965	296.95	296.936	296.917	296.901	296.883	296.875	296.859	296.852	296.839	296.833	296.821	296.803	296.791	296.772	296.76	296.753
297.327	297.368	297.362	297.379	297.396	297.401	297.403	297.41	297.425	297.434	297.436	297.44	297.443	297.448	297.447	297.452	297.461	297.471	297.478	297.476	297.482	297.481	297.477	297.473	297.478	297.482	297.48	297.472	297.478	297.48	297.479	297.478	297.479	297.48	297.477	297.475	297.465	297.472	297.477	297.481	297.483	297.482	297.481	297.48	297.482	297.483	297.472	297.473	297.467	297.47	297.464	297.456	297.451	297.456	297.444	297.435	297.435	297.427	297.418	297.412	297.409	297.408	297.403	297.403	297.4	297.382	297.389	297.382	297.38	297.371	297.357	297.349	297.336	297.329	297.32	297.305	297.309	297.3	297.283	297.269	297.263	297.25	297.241	297.233	297.216	297.202	297.191	297.181	297.172	297.17	297.158	297.147	297.137	297.129	297.116	297.106	297.1	297.088	297.079	297.071	297.052	297.055	297.042	297.035	297.03	297.021	297.013	297.008	296.999	296.988	296.959	296.951	296.933	296.922	296.912	296.896	296.891	296.875	296.861	296.852	296.839	296.834	296.819	296.804	296.792	296.78	296.769	296.759	296.753	296.739	296.731	296.72	296.711	296.698	296.683	296.673	296.662
297.192	297.191	297.194	297.204	297.212	297.226	297.245	297.262	297.274	297.281	297.291	297.301	297.292	297.294	297.302	297.317	297.333	297.344	297.352	297.365	297.361	297.356	297.363	297.364	297.361	297.364	297.37	297.38	297.366	297.377	297.384	297.377	297.382	297.376	297.364	297.375	297.368	297.369	297.373	297.377	297.379	297.382	297.384	297.382	297.371	297.372	297.371	297.371	297.362	297.354	297.351	297.351	297.345	297.341	297.336	297.324	297.317	297.294	297.288	297.276	297.268	297.266	297.262	297.256	297.249	297.243	297.252	297.244	297.242	297.239	297.231	297.22	297.212	297.198	297.202	297.196	297.181	297.172	297.169	297.159	297.15	297.142	297.128	297.12	297.114	297.105	297.098	297.09	297.081	297.072	297.06	297.057	297.05	297.04	297.03	297.018	297.01	297.002	296.98	296.964	296.946	296.947	296.934	296.927	296.92	296.908	296.898	296.885	296.867	296.862	296.844	296.836	296.818	296.809	296.797	296.782	296.775	296.768	296.756	296.746	296.729	296.72	296.711	296.702	296.694	296.682	296.674	296.661	296.655	296.646	296.636	296.629	296.62	296.608	296.594	296.582	296.553
297.038	297.047	297.064	297.073	297.077	297.088	297.103	297.116	297.133	297.151	297.147	297.146	297.148	297.148	297.154	297.163	297.175	297.189	297.2	297.214	297.22	297.221	297.217	297.219	297.224	297.231	297.228	297.238	297.241	297.237	297.247	297.245	297.253	297.253	297.248	297.243	297.237	297.242	297.239	297.24	297.244	297.243	297.24	297.248	297.248	297.244	297.241	297.231	297.237	297.234	297.23	297.221	297.216	297.206	297.208	297.194	297.193	297.184	297.178	297.169	297.157	297.151	297.146	297.137	297.13	297.132	297.132	297.131	297.132	297.127	297.12	297.112	297.108	297.107	297.092	297.095	297.092	297.083	297.073	297.064	297.051	297.046	297.035	297.022	297.018	297.007	297.001	296.995	296.981	296.972	296.967	296.951	296.935	296.922	296.916	296.898	296.887	296.877	296.858	296.847	296.836	296.818	296.816	296.805	296.796	296.78	296.773	296.767	296.757	296.754	296.736	296.729	296.715	296.705	296.699	296.689	296.679	296.667	296.654	296.643	296.636	296.624	296.618	296.607	296.6	296.582	296.569	296.555	296.542	296.535	296.52	296.51	296.497	296.486	296.47	296.462	296.438
296.87	296.879	296.893	296.898	296.917	296.936	296.961	296.981	297.005	297.01	297.016	297.02	297.018	297.017	297.017	297.028	297.042	297.06	297.07	297.075	297.084	297.088	297.093	297.088	297.092	297.097	297.106	297.104	297.114	297.117	297.121	297.129	297.118	297.12	297.118	297.115	297.113	297.116	297.118	297.119	297.12	297.118	297.122	297.117	297.12	297.117	297.123	297.119	297.111	297.116	297.105	297.101	297.099	297.095	297.095	297.081	297.083	297.076	297.07	297.061	297.055	297.045	297.04	297.033	297.027	297.027	297.022	297.027	297.025	297.023	297.023	297.023	297.006	297.009	297.001	296.992	296.991	296.983	296.977	296.959	296.948	296.922	296.913	296.902	296.889	296.882	296.872	296.865	296.851	296.842	296.839	296.824	296.827	296.806	296.798	296.787	296.777	296.762	296.751	296.734	296.725	296.715	296.708	296.701	296.698	296.688	296.673	296.664	296.651	296.642	296.637	296.625	296.622	296.61	296.6	296.585	296.572	296.565	296.552	296.53	296.515	296.5	296.482	296.472	296.459	296.453	296.432	296.422	296.417	296.398	296.394	296.381	296.375	296.367	296.354	296.335	296.328
296.699	296.712	296.727	296.74	296.75	296.769	296.78	296.803	296.818	296.828	296.84	296.839	296.842	296.848	296.852	296.856	296.877	296.882	296.904	296.917	296.934	296.935	296.939	296.949	296.949	296.956	296.97	296.975	296.979	296.984	296.991	297	297.003	297.002	297.005	297	297.004	296.999	296.998	297.004	296.989	297.001	297.002	297.003	297.008	297.006	297	297.005	297.004	297.002	296.998	296.992	296.991	296.974	296.973	296.967	296.959	296.956	296.953	296.944	296.926	296.92	296.906	296.9	296.892	296.898	296.897	296.892	296.897	296.893	296.897	296.889	296.877	296.867	296.862	296.863	296.85	296.848	296.837	296.828	296.818	296.801	296.794	296.78	296.774	296.763	296.752	296.738	296.733	296.72	296.721	296.707	296.707	296.695	296.686	296.68	296.666	296.658	296.653	296.637	296.627	296.618	296.615	296.602	296.602	296.582	296.564	296.553	296.536	296.513	296.506	296.495	296.483	296.477	296.464	296.454	296.439	296.427	296.415	296.4	296.391	296.377	296.365	296.348	296.342	296.328	296.317	296.304	296.3	296.287	296.282	296.275	296.261	296.253	296.25	296.236	296.224
296.529	296.547	296.563	296.586	296.604	296.617	296.634	296.638	296.654	296.661	296.666	296.671	296.678	296.686	296.686	296.695	296.71	296.724	296.734	296.742	296.757	296.771	296.775	296.777	296.782	296.787	296.801	296.807	296.809	296.816	296.816	296.828	296.824	296.83	296.835	296.837	296.838	296.836	296.836	296.838	296.833	296.828	296.835	296.827	296.836	296.837	296.835	296.839	296.842	296.843	296.835	296.835	296.833	296.834	296.825	296.82	296.817	296.809	296.81	296.797	296.79	296.782	296.776	296.773	296.769	296.77	296.769	296.768	296.768	296.772	296.764	296.762	296.757	296.745	296.737	296.737	296.732	296.728	296.723	296.708	296.702	296.688	296.681	296.674	296.662	296.655	296.641	296.637	296.627	296.616	296.612	296.599	296.594	296.586	296.583	296.563	296.554	296.543	296.54	296.522	296.511	296.492	296.483	296.471	296.454	296.445	296.425	296.415	296.402	296.387	296.373	296.364	296.359	296.344	296.343	296.328	296.316	296.303	296.29	296.283	296.276	296.268	296.254	296.246	296.234	296.222	296.212	296.198	296.185	296.17	296.163	296.15	296.136	296.122	296.114	296.1	296.078
296.345	296.361	296.371	296.393	296.405	296.428	296.438	296.451	296.463	296.478	296.481	296.49	296.5	296.509	296.513	296.52	296.538	296.553	296.57	296.586	296.592	296.609	296.616	296.627	296.638	296.647	296.648	296.658	296.655	296.658	296.667	296.672	296.675	296.669	296.681	296.684	296.685	296.693	296.694	296.693	296.69	296.69	296.688	296.69	296.684	296.684	296.687	296.689	296.695	296.691	296.689	296.687	296.692	296.691	296.689	296.682	296.686	296.68	296.674	296.667	296.663	296.663	296.653	296.652	296.651	296.65	296.65	296.648	296.655	296.65	296.65	296.645	296.64	296.639	296.631	296.629	296.621	296.619	296.608	296.601	296.586	296.577	296.561	296.554	296.539	296.524	296.513	296.498	296.491	296.477	296.473	296.456	296.449	296.448	296.438	296.429	296.42	296.412	296.399	296.39	296.383	296.366	296.357	296.341	296.331	296.317	296.307	296.293	296.28	296.271	296.253	296.25	296.239	296.234	296.226	296.214	296.196	296.183	296.167	296.158	296.152	296.146	296.134	296.114	296.106	296.084	296.07	296.052	296.034	296.029	296.013	296.008	295.996	295.987	295.972	295.961	295.946
296.178	296.194	296.207	296.223	296.235	296.249	296.258	296.268	296.277	296.287	296.292	296.305	296.309	296.316	296.327	296.338	296.348	296.364	296.371	296.393	296.394	296.406	296.419	296.436	296.451	296.473	296.476	296.492	296.487	296.484	296.492	296.491	296.507	296.516	296.516	296.533	296.53	296.541	296.544	296.543	296.545	296.543	296.541	296.539	296.526	296.523	296.524	296.519	296.532	296.537	296.536	296.544	296.543	296.546	296.547	296.544	296.546	296.538	296.531	296.529	296.523	296.518	296.515	296.513	296.513	296.512	296.517	296.508	296.509	296.504	296.5	296.503	296.487	296.491	296.483	296.473	296.466	296.455	296.449	296.438	296.438	296.432	296.416	296.412	296.397	296.389	296.378	296.369	296.361	296.356	296.345	296.338	296.331	296.321	296.318	296.31	296.299	296.291	296.28	296.271	296.261	296.252	296.242	296.226	296.216	296.205	296.194	296.179	296.157	296.145	296.125	296.115	296.1	296.09	296.082	296.064	296.049	296.038	296.027	296.022	296.006	296.001	295.992	295.979	295.972	295.956	295.936	295.925	295.906	295.902	295.889	295.881	295.871	295.86	295.846	295.836	295.829
295.982	295.988	295.999	296.018	296.035	296.053	296.064	296.076	296.085	296.089	296.099	296.102	296.119	296.13	296.142	296.157	296.168	296.193	296.196	296.207	296.219	296.226	296.242	296.259	296.267	296.289	296.298	296.31	296.308	296.314	296.322	296.313	296.33	296.336	296.344	296.35	296.358	296.366	296.374	296.383	296.38	296.375	296.365	296.359	296.354	296.348	296.346	296.344	296.353	296.357	296.355	296.368	296.371	296.378	296.378	296.376	296.376	296.373	296.374	296.368	296.363	296.359	296.364	296.359	296.36	296.366	296.361	296.356	296.359	296.351	296.345	296.345	296.345	296.34	296.331	296.322	296.321	296.314	296.308	296.302	296.292	296.297	296.29	296.285	296.28	296.267	296.259	296.251	296.245	296.243	296.235	296.234	296.223	296.217	296.213	296.205	296.193	296.178	296.169	296.151	296.132	296.119	296.106	296.093	296.075	296.059	296.04	296.032	296.009	295.997	295.986	295.969	295.96	295.944	295.933	295.921	295.916	295.905	295.895	295.892	295.877	295.87	295.864	295.854	295.848	295.835	295.819	295.809	295.797	295.78	295.762	295.753	295.733	295.718	295.713	295.7	295.688
295.807	295.824	295.837	295.843	295.85	295.858	295.867	295.88	295.884	295.893	295.903	295.901	295.919	295.925	295.938	295.952	295.963	295.981	296.001	296.001	296.015	296.027	296.038	296.06	296.078	296.105	296.122	296.131	296.13	296.124	296.138	296.152	296.154	296.168	296.179	296.19	296.204	296.214	296.223	296.225	296.225	296.221	296.22	296.204	296.203	296.199	296.199	296.195	296.19	296.205	296.212	296.217	296.221	296.224	296.227	296.226	296.228	296.229	296.225	296.223	296.225	296.223	296.219	296.222	296.219	296.222	296.221	296.218	296.212	296.217	296.218	296.216	296.209	296.21	296.209	296.204	296.196	296.181	296.177	296.171	296.165	296.16	296.155	296.147	296.141	296.125	296.11	296.108	296.1	296.101	296.096	296.087	296.08	296.067	296.067	296.05	296.05	296.04	296.02	296.006	295.991	295.975	295.957	295.94	295.928	295.919	295.909	295.896	295.884	295.872	295.851	295.839	295.829	295.818	295.809	295.8	295.791	295.78	295.773	295.753	295.744	295.728	295.718	295.708	295.697	295.687	295.672	295.649	295.646	295.632	295.616	295.6	295.584	295.569	295.561	295.553	295.547
295.591	295.594	295.607	295.625	295.642	295.657	295.668	295.677	295.68	295.685	295.693	295.7	295.719	295.726	295.74	295.762	295.784	295.787	295.816	295.821	295.832	295.841	295.854	295.875	295.89	295.906	295.918	295.93	295.94	295.942	295.94	295.953	295.957	295.969	295.976	295.987	295.992	296.002	296.008	296.025	296.03	296.029	296.025	296.011	296.016	296.003	296.006	296.008	296.003	296.008	296.012	296.018	296.028	296.035	296.045	296.05	296.044	296.047	296.042	296.039	296.039	296.041	296.042	296.045	296.046	296.038	296.043	296.045	296.037	296.04	296.042	296.042	296.038	296.032	296.028	296.015	296.013	296.017	296.007	295.998	295.996	295.989	295.995	295.988	295.982	295.975	295.966	295.955	295.947	295.95	295.949	295.949	295.945	295.935	295.928	295.918	295.905	295.895	295.886	295.876	295.864	295.846	295.839	295.825	295.81	295.798	295.781	295.764	295.752	295.737	295.721	295.706	295.69	295.664	295.656	295.646	295.63	295.621	295.614	295.593	295.582	295.574	295.564	295.558	295.546	295.532	295.529	295.512	295.501	295.49	295.478	295.46	295.446	295.438	295.43	295.427	295.423
295.414	295.426	295.434	295.445	295.451	295.464	295.472	295.48	295.487	295.492	295.494	295.503	295.502	295.526	295.531	295.546	295.572	295.594	295.606	295.618	295.634	295.65	295.668	295.682	295.701	295.729	295.744	295.743	295.738	295.746	295.754	295.76	295.778	295.787	295.801	295.809	295.812	295.828	295.827	295.838	295.842	295.847	295.851	295.84	295.847	295.848	295.848	295.849	295.847	295.844	295.84	295.856	295.86	295.865	295.875	295.879	295.883	295.887	295.888	295.886	295.883	295.879	295.89	295.875	295.885	295.883	295.879	295.879	295.881	295.89	295.888	295.887	295.887	295.883	295.881	295.879	295.87	295.87	295.864	295.859	295.858	295.851	295.851	295.841	295.837	295.828	295.824	295.82	295.813	295.81	295.807	295.807	295.803	295.799	295.781	295.783	295.772	295.766	295.756	295.741	295.729	295.712	295.684	295.67	295.659	295.646	295.628	295.609	295.598	295.582	295.572	295.558	295.542	295.53	295.507	295.5	295.492	295.486	295.475	295.464	295.441	295.434	295.425	295.416	295.411	295.398	295.379	295.375	295.367	295.357	295.342	295.328	295.302	295.296	295.281	295.272	295.267
295.182	295.19	295.204	295.226	295.24	295.258	295.273	295.282	295.291	295.295	295.291	295.31	295.302	295.319	295.337	295.345	295.371	295.396	295.417	295.435	295.443	295.46	295.479	295.491	295.509	295.513	295.53	295.541	295.546	295.544	295.553	295.555	295.567	295.576	295.586	295.596	295.595	295.61	295.618	295.625	295.634	295.64	295.645	295.648	295.641	295.647	295.65	295.656	295.656	295.657	295.653	295.656	295.665	295.675	295.692	295.699	295.709	295.716	295.702	295.709	295.703	295.701	295.709	295.709	295.712	295.707	295.712	295.716	295.721	295.721	295.727	295.724	295.718	295.718	295.712	295.714	295.706	295.703	295.698	295.688	295.682	295.678	295.678	295.678	295.672	295.665	295.653	295.648	295.635	295.628	295.631	295.624	295.621	295.626	295.621	295.613	295.6	295.601	295.594	295.583	295.573	295.564	295.549	295.539	295.525	295.506	295.49	295.47	295.46	295.447	295.437	295.426	295.406	295.397	295.372	295.356	295.354	295.337	295.319	295.307	295.286	295.277	295.267	295.255	295.241	295.232	295.221	295.211	295.211	295.201	295.19	295.177	295.161	295.15	295.139	295.133	295.125
294.981	294.998	295.011	295.026	295.041	295.052	295.065	295.071	295.083	295.093	295.095	295.101	295.113	295.118	295.125	295.14	295.158	295.179	295.199	295.211	295.225	295.249	295.271	295.284	295.303	295.319	295.316	295.335	295.342	295.342	295.358	295.353	295.367	295.378	295.389	295.39	295.395	295.406	295.41	295.421	295.428	295.438	295.442	295.453	295.456	295.456	295.464	295.465	295.471	295.47	295.473	295.477	295.486	295.499	295.506	295.517	295.52	295.529	295.526	295.521	295.525	295.522	295.521	295.529	295.523	295.525	295.525	295.532	295.54	295.545	295.553	295.547	295.547	295.542	295.541	295.534	295.535	295.533	295.526	295.523	295.517	295.515	295.507	295.503	295.504	295.497	295.49	295.476	295.466	295.461	295.457	295.46	295.459	295.461	295.463	295.459	295.456	295.448	295.446	295.44	295.434	295.422	295.413	295.404	295.389	295.37	295.352	295.323	295.308	295.284	295.276	295.261	295.247	295.225	295.213	295.202	295.189	295.178	295.164	295.147	295.134	295.115	295.107	295.096	295.091	295.078	295.074	295.07	295.065	295.062	295.05	295.042	295.034	295.018	295.013	295.001	294.987
294.746	294.764	294.777	294.792	294.818	294.826	294.844	294.852	294.856	294.866	294.88	294.881	294.903	294.918	294.93	294.942	294.964	294.985	295	295.014	295.031	295.051	295.059	295.075	295.081	295.103	295.107	295.114	295.124	295.125	295.139	295.14	295.148	295.159	295.162	295.17	295.17	295.174	295.18	295.185	295.199	295.21	295.22	295.232	295.24	295.251	295.254	295.265	295.27	295.271	295.279	295.279	295.291	295.297	295.31	295.331	295.334	295.345	295.351	295.35	295.343	295.353	295.34	295.343	295.345	295.353	295.354	295.352	295.365	295.37	295.376	295.376	295.371	295.374	295.373	295.363	295.365	295.353	295.352	295.348	295.346	295.344	295.336	295.335	295.327	295.327	295.315	295.3	295.296	295.286	295.284	295.282	295.286	295.283	295.288	295.284	295.282	295.277	295.27	295.267	295.256	295.252	295.239	295.228	295.214	295.195	295.181	295.161	295.146	295.133	295.109	295.1	295.086	295.072	295.059	295.048	295.039	295.024	295.015	294.997	294.984	294.967	294.952	294.946	294.939	294.926	294.923	294.919	294.915	294.905	294.899	294.886	294.877	294.862	294.847	294.842	294.829
294.517	294.544	294.56	294.584	294.611	294.62	294.635	294.638	294.644	294.651	294.668	294.673	294.687	294.699	294.71	294.726	294.741	294.765	294.777	294.788	294.8	294.81	294.823	294.853	294.858	294.882	294.897	294.9	294.911	294.909	294.921	294.93	294.939	294.943	294.95	294.956	294.962	294.962	294.97	294.976	294.984	294.999	295.017	295.025	295.035	295.051	295.06	295.061	295.067	295.068	295.077	295.081	295.083	295.096	295.096	295.124	295.135	295.137	295.147	295.148	295.144	295.148	295.143	295.146	295.143	295.145	295.153	295.153	295.164	295.172	295.17	295.174	295.168	295.164	295.164	295.159	295.159	295.157	295.157	295.151	295.153	295.152	295.147	295.147	295.142	295.131	295.124	295.113	295.108	295.104	295.101	295.105	295.102	295.098	295.103	295.099	295.099	295.098	295.096	295.096	295.083	295.081	295.072	295.065	295.055	295.041	295.026	295.018	295.003	294.987	294.964	294.949	294.928	294.91	294.89	294.878	294.869	294.855	294.843	294.823	294.807	294.794	294.785	294.776	294.768	294.765	294.754	294.753	294.747	294.738	294.736	294.727	294.72	294.714	294.702	294.691	294.682
294.302	294.314	294.331	294.349	294.359	294.38	294.385	294.4	294.407	294.412	294.425	294.447	294.457	294.474	294.496	294.515	294.536	294.554	294.563	294.573	294.578	294.594	294.602	294.622	294.634	294.659	294.673	294.677	294.691	294.693	294.7	294.711	294.715	294.721	294.724	294.732	294.735	294.74	294.747	294.751	294.761	294.772	294.783	294.801	294.808	294.82	294.831	294.839	294.851	294.853	294.859	294.864	294.861	294.886	294.898	294.916	294.937	294.946	294.954	294.959	294.96	294.959	294.963	294.963	294.961	294.961	294.969	294.977	294.975	294.982	294.983	294.99	294.99	294.989	294.986	294.973	294.971	294.969	294.97	294.966	294.965	294.978	294.971	294.969	294.966	294.949	294.943	294.934	294.925	294.922	294.918	294.916	294.912	294.914	294.914	294.915	294.917	294.908	294.913	294.914	294.899	294.897	294.887	294.881	294.866	294.857	294.842	294.831	294.811	294.796	294.79	294.771	294.75	294.741	294.722	294.712	294.697	294.687	294.673	294.667	294.651	294.64	294.637	294.628	294.621	294.624	294.613	294.607	294.591	294.582	294.578	294.576	294.572	294.565	294.555	294.54	294.532
294.069	294.078	294.09	294.116	294.126	294.158	294.165	294.174	294.194	294.205	294.207	294.221	294.234	294.255	294.271	294.284	294.309	294.311	294.328	294.331	294.334	294.348	294.356	294.37	294.396	294.427	294.449	294.46	294.462	294.47	294.479	294.484	294.494	294.5	294.504	294.502	294.512	294.522	294.532	294.537	294.548	294.568	294.585	294.602	294.612	294.615	294.628	294.63	294.64	294.643	294.644	294.654	294.652	294.667	294.681	294.697	294.713	294.73	294.73	294.738	294.739	294.743	294.744	294.741	294.749	294.755	294.762	294.765	294.767	294.768	294.771	294.77	294.773	294.777	294.775	294.771	294.768	294.761	294.761	294.762	294.765	294.764	294.765	294.769	294.76	294.752	294.741	294.738	294.731	294.729	294.728	294.722	294.723	294.724	294.719	294.724	294.721	294.716	294.712	294.713	294.711	294.707	294.706	294.698	294.689	294.682	294.671	294.661	294.655	294.645	294.628	294.614	294.595	294.581	294.566	294.547	294.532	294.517	294.501	294.495	294.484	294.473	294.455	294.45	294.437	294.428	294.418	294.41	294.403	294.394	294.388	294.388	294.386	294.385	294.381	294.373	294.359
293.843	293.861	293.874	293.89	293.897	293.904	293.919	293.931	293.938	293.949	293.968	293.98	293.991	294.013	294.034	294.04	294.074	294.076	294.091	294.098	294.1	294.108	294.123	294.153	294.179	294.199	294.216	294.233	294.241	294.247	294.25	294.256	294.256	294.265	294.273	294.286	294.293	294.301	294.313	294.322	294.324	294.34	294.351	294.363	294.371	294.376	294.392	294.389	294.404	294.411	294.414	294.418	294.432	294.437	294.454	294.47	294.487	294.505	294.519	294.535	294.532	294.54	294.55	294.55	294.558	294.557	294.564	294.571	294.571	294.571	294.575	294.582	294.588	294.59	294.586	294.576	294.569	294.568	294.567	294.567	294.567	294.562	294.574	294.569	294.564	294.554	294.551	294.543	294.536	294.531	294.527	294.526	294.52	294.526	294.526	294.528	294.521	294.523	294.522	294.51	294.515	294.506	294.505	294.507	294.503	294.499	294.494	294.473	294.468	294.455	294.44	294.428	294.415	294.399	294.386	294.371	294.352	294.342	294.327	294.309	294.305	294.291	294.277	294.27	294.265	294.255	294.251	294.239	294.226	294.223	294.221	294.225	294.227	294.221	294.215	294.208	294.192
293.599	293.615	293.624	293.633	293.666	293.666	293.683	293.7	293.713	293.717	293.72	293.755	293.771	293.792	293.812	293.82	293.838	293.85	293.858	293.865	293.875	293.885	293.885	293.895	293.915	293.942	293.971	293.988	294	294.012	294.015	294.02	294.026	294.028	294.032	294.046	294.066	294.081	294.092	294.108	294.107	294.121	294.127	294.139	294.15	294.156	294.169	294.176	294.182	294.188	294.195	294.198	294.212	294.217	294.227	294.248	294.264	294.28	294.28	294.296	294.301	294.305	294.31	294.317	294.324	294.331	294.341	294.346	294.348	294.355	294.357	294.358	294.365	294.37	294.371	294.369	294.354	294.357	294.343	294.343	294.351	294.354	294.353	294.346	294.343	294.339	294.336	294.335	294.33	294.326	294.325	294.323	294.32	294.316	294.314	294.319	294.312	294.311	294.311	294.303	294.311	294.313	294.315	294.316	294.314	294.306	294.303	294.296	294.28	294.269	294.262	294.249	294.239	294.231	294.219	294.206	294.191	294.159	294.146	294.133	294.118	294.107	294.093	294.08	294.071	294.057	294.053	294.045	294.033	294.025	294.015	294.014	294.018	294.017	294.019	294.018	293.999
293.368	293.386	293.404	293.42	293.423	293.441	293.451	293.456	293.464	293.489	293.494	293.508	293.521	293.538	293.555	293.576	293.58	293.609	293.622	293.629	293.635	293.639	293.654	293.669	293.686	293.704	293.719	293.737	293.766	293.781	293.795	293.798	293.798	293.803	293.824	293.831	293.858	293.872	293.881	293.887	293.891	293.895	293.902	293.908	293.916	293.927	293.925	293.938	293.934	293.94	293.952	293.96	293.97	293.981	293.997	294.008	294.02	294.036	294.043	294.055	294.069	294.078	294.086	294.095	294.103	294.116	294.126	294.135	294.142	294.146	294.151	294.161	294.173	294.174	294.168	294.167	294.156	294.155	294.147	294.146	294.147	294.14	294.135	294.141	294.138	294.132	294.127	294.13	294.123	294.115	294.113	294.105	294.105	294.107	294.099	294.105	294.105	294.105	294.102	294.101	294.087	294.095	294.101	294.104	294.113	294.12	294.101	294.097	294.078	294.065	294.056	294.047	294.039	294.038	294.023	294.008	293.997	293.977	293.957	293.944	293.926	293.914	293.899	293.884	293.873	293.865	293.855	293.851	293.849	293.841	293.842	293.842	293.842	293.839	293.83	293.821	293.814
293.123	293.142	293.16	293.167	293.175	293.186	293.204	293.218	293.226	293.239	293.257	293.271	293.29	293.302	293.319	293.337	293.353	293.371	293.38	293.401	293.411	293.411	293.421	293.425	293.442	293.455	293.473	293.495	293.509	293.524	293.53	293.54	293.546	293.549	293.568	293.591	293.615	293.637	293.651	293.665	293.67	293.669	293.68	293.688	293.691	293.706	293.697	293.703	293.708	293.708	293.719	293.728	293.747	293.756	293.772	293.792	293.798	293.804	293.813	293.82	293.833	293.841	293.852	293.864	293.876	293.888	293.887	293.899	293.91	293.916	293.925	293.928	293.937	293.941	293.942	293.939	293.933	293.928	293.928	293.927	293.928	293.929	293.933	293.925	293.922	293.922	293.922	293.914	293.908	293.905	293.905	293.9	293.892	293.889	293.893	293.887	293.89	293.888	293.891	293.89	293.885	293.891	293.897	293.899	293.893	293.898	293.891	293.886	293.879	293.859	293.851	293.848	293.846	293.843	293.845	293.834	293.814	293.803	293.774	293.756	293.746	293.729	293.711	293.697	293.68	293.671	293.656	293.653	293.646	293.638	293.638	293.63	293.631	293.63	293.625	293.614	293.599
292.887	292.909	292.923	292.93	292.96	292.959	292.975	292.992	293.004	293.012	293.03	293.037	293.052	293.068	293.086	293.098	293.109	293.127	293.135	293.144	293.157	293.166	293.179	293.177	293.188	293.204	293.213	293.238	293.248	293.275	293.288	293.293	293.299	293.317	293.331	293.369	293.392	293.414	293.427	293.437	293.449	293.441	293.452	293.456	293.461	293.468	293.467	293.469	293.464	293.475	293.482	293.492	293.509	293.518	293.527	293.532	293.542	293.541	293.547	293.557	293.575	293.591	293.603	293.623	293.628	293.645	293.648	293.655	293.672	293.681	293.696	293.701	293.708	293.718	293.723	293.722	293.725	293.719	293.718	293.713	293.715	293.715	293.71	293.713	293.716	293.718	293.708	293.703	293.696	293.684	293.679	293.682	293.681	293.673	293.679	293.673	293.671	293.674	293.668	293.66	293.661	293.659	293.668	293.674	293.679	293.675	293.677	293.663	293.655	293.647	293.634	293.629	293.632	293.617	293.617	293.609	293.596	293.586	293.572	293.561	293.547	293.532	293.513	293.501	293.48	293.475	293.466	293.457	293.456	293.451	293.451	293.441	293.435	293.436	293.423	293.415	293.4
292.642	292.664	292.683	292.694	292.709	292.719	292.733	292.749	292.751	292.758	292.778	292.784	292.805	292.815	292.831	292.853	292.859	292.877	292.891	292.905	292.913	292.923	292.938	292.939	292.957	292.963	292.975	292.996	293.002	293.026	293.04	293.05	293.06	293.08	293.088	293.12	293.138	293.159	293.182	293.183	293.199	293.201	293.206	293.211	293.216	293.223	293.222	293.227	293.228	293.233	293.246	293.259	293.27	293.286	293.289	293.297	293.294	293.291	293.296	293.305	293.33	293.351	293.372	293.392	293.397	293.411	293.414	293.425	293.433	293.445	293.452	293.463	293.469	293.476	293.48	293.487	293.491	293.49	293.491	293.491	293.494	293.497	293.494	293.499	293.503	293.5	293.499	293.492	293.481	293.481	293.471	293.469	293.465	293.463	293.459	293.458	293.459	293.453	293.45	293.446	293.443	293.442	293.442	293.454	293.456	293.456	293.454	293.445	293.439	293.43	293.427	293.416	293.427	293.417	293.406	293.405	293.391	293.383	293.373	293.365	293.353	293.341	293.327	293.302	293.284	293.272	293.255	293.249	293.241	293.24	293.235	293.231	293.227	293.216	293.207	293.201	293.19
292.398	292.423	292.444	292.466	292.47	292.487	292.496	292.498	292.505	292.518	292.528	292.544	292.569	292.587	292.6	292.624	292.631	292.65	292.66	292.666	292.676	292.681	292.693	292.697	292.703	292.715	292.72	292.739	292.75	292.756	292.78	292.794	292.806	292.826	292.838	292.872	292.879	292.908	292.926	292.935	292.951	292.963	292.972	292.971	292.987	292.993	292.999	293.003	293.01	293.015	293.02	293.037	293.039	293.043	293.05	293.052	293.057	293.053	293.056	293.061	293.08	293.098	293.111	293.132	293.141	293.151	293.16	293.159	293.174	293.188	293.197	293.21	293.222	293.234	293.243	293.251	293.257	293.266	293.272	293.269	293.275	293.27	293.272	293.278	293.278	293.279	293.271	293.271	293.257	293.255	293.247	293.237	293.236	293.237	293.231	293.232	293.229	293.227	293.218	293.213	293.205	293.212	293.211	293.207	293.214	293.214	293.214	293.214	293.21	293.209	293.205	293.195	293.184	293.184	293.174	293.166	293.164	293.153	293.152	293.148	293.139	293.131	293.116	293.096	293.085	293.071	293.063	293.058	293.055	293.052	293.049	293.043	293.036	293.032	293.025	293.018	293.006
292.16	292.183	292.202	292.223	292.237	292.248	292.254	292.261	292.269	292.285	292.293	292.308	292.328	292.341	292.359	292.375	292.386	292.409	292.417	292.432	292.439	292.448	292.454	292.459	292.464	292.475	292.487	292.484	292.506	292.509	292.526	292.551	292.565	292.591	292.603	292.621	292.634	292.642	292.66	292.674	292.687	292.703	292.718	292.72	292.719	292.732	292.733	292.734	292.747	292.759	292.769	292.78	292.794	292.801	292.799	292.802	292.798	292.793	292.8	292.808	292.834	292.847	292.866	292.877	292.895	292.906	292.915	292.918	292.925	292.941	292.953	292.968	292.979	292.991	293.007	293.014	293.024	293.036	293.038	293.044	293.051	293.052	293.051	293.052	293.057	293.054	293.051	293.048	293.045	293.035	293.032	293.025	293.015	293.02	293.015	293.014	293.014	293.008	293.004	293.003	292.994	293.001	293	292.998	292.988	292.992	292.987	292.989	292.987	292.985	292.983	292.986	292.965	292.962	292.949	292.943	292.937	292.936	292.936	292.936	292.926	292.92	292.905	292.888	292.878	292.862	292.852	292.848	292.841	292.84	292.837	292.833	292.823	292.816	292.809	292.803	292.796
291.905	291.933	291.953	291.966	291.983	291.999	292.012	292.023	292.032	292.035	292.059	292.067	292.081	292.102	292.12	292.141	292.152	292.179	292.186	292.197	292.204	292.208	292.218	292.231	292.231	292.242	292.252	292.249	292.261	292.26	292.274	292.287	292.305	292.326	292.338	292.347	292.361	292.37	292.38	292.403	292.424	292.445	292.465	292.466	292.471	292.47	292.478	292.481	292.497	292.518	292.534	292.548	292.55	292.561	292.56	292.56	292.563	292.561	292.567	292.575	292.587	292.606	292.617	292.626	292.64	292.651	292.665	292.671	292.678	292.687	292.699	292.714	292.728	292.746	292.755	292.763	292.772	292.78	292.782	292.788	292.797	292.797	292.808	292.813	292.814	292.811	292.807	292.801	292.805	292.794	292.793	292.791	292.788	292.785	292.782	292.772	292.769	292.766	292.76	292.765	292.772	292.765	292.764	292.755	292.748	292.746	292.751	292.747	292.756	292.757	292.752	292.754	292.741	292.734	292.72	292.712	292.707	292.703	292.698	292.696	292.693	292.689	292.678	292.671	292.662	292.649	292.647	292.636	292.633	292.637	292.632	292.634	292.628	292.624	292.613	292.607	292.605
291.666	291.685	291.707	291.733	291.738	291.757	291.763	291.783	291.803	291.811	291.83	291.836	291.857	291.868	291.881	291.898	291.916	291.919	291.931	291.944	291.953	291.975	291.971	291.99	291.99	291.996	292.001	292.006	292.007	292.004	292.022	292.043	292.055	292.064	292.083	292.092	292.101	292.112	292.128	292.15	292.174	292.201	292.205	292.217	292.225	292.225	292.231	292.24	292.247	292.258	292.277	292.293	292.295	292.306	292.307	292.31	292.312	292.316	292.316	292.327	292.34	292.353	292.364	292.372	292.383	292.396	292.406	292.42	292.435	292.447	292.461	292.476	292.494	292.504	292.51	292.52	292.524	292.541	292.55	292.559	292.563	292.566	292.574	292.581	292.574	292.575	292.579	292.568	292.557	292.555	292.558	292.555	292.556	292.557	292.563	292.561	292.553	292.551	292.55	292.537	292.546	292.536	292.531	292.527	292.52	292.507	292.52	292.515	292.524	292.527	292.53	292.526	292.518	292.507	292.495	292.486	292.475	292.467	292.465	292.461	292.453	292.45	292.442	292.433	292.426	292.423	292.418	292.409	292.407	292.411	292.404	292.41	292.401	292.396	292.391	292.381	292.38
291.425	291.442	291.453	291.474	291.482	291.511	291.517	291.532	291.557	291.576	291.59	291.596	291.611	291.622	291.632	291.64	291.659	291.666	291.691	291.69	291.696	291.723	291.722	291.74	291.754	291.76	291.762	291.766	291.775	291.791	291.793	291.796	291.808	291.817	291.826	291.836	291.845	291.853	291.875	291.896	291.91	291.936	291.949	291.954	291.96	291.961	291.969	291.973	291.994	292.008	292.018	292.033	292.046	292.043	292.05	292.054	292.063	292.076	292.079	292.089	292.095	292.103	292.112	292.123	292.131	292.152	292.168	292.191	292.208	292.22	292.231	292.242	292.25	292.255	292.263	292.268	292.27	292.278	292.287	292.291	292.301	292.317	292.313	292.326	292.325	292.319	292.318	292.321	292.315	292.323	292.317	292.32	292.334	292.334	292.321	292.331	292.322	292.317	292.319	292.319	292.313	292.313	292.297	292.292	292.291	292.285	292.288	292.291	292.295	292.296	292.302	292.304	292.293	292.281	292.266	292.255	292.245	292.234	292.227	292.225	292.22	292.219	292.221	292.219	292.214	292.201	292.196	292.192	292.192	292.19	292.185	292.194	292.184	292.183	292.178	292.164	292.162
291.177	291.196	291.209	291.233	291.233	291.26	291.278	291.298	291.315	291.325	291.352	291.373	291.371	291.385	291.406	291.413	291.427	291.422	291.434	291.442	291.455	291.473	291.484	291.496	291.497	291.508	291.523	291.53	291.528	291.538	291.544	291.549	291.558	291.56	291.564	291.57	291.587	291.599	291.618	291.639	291.653	291.67	291.688	291.7	291.705	291.707	291.725	291.728	291.743	291.763	291.775	291.781	291.794	291.799	291.806	291.818	291.824	291.83	291.836	291.849	291.855	291.864	291.876	291.889	291.897	291.908	291.922	291.941	291.957	291.97	291.986	291.995	292.004	292.014	292.011	292.013	292.028	292.036	292.047	292.052	292.058	292.069	292.071	292.075	292.078	292.08	292.082	292.083	292.075	292.076	292.083	292.086	292.091	292.098	292.105	292.11	292.11	292.103	292.092	292.092	292.075	292.079	292.075	292.064	292.055	292.055	292.047	292.057	292.06	292.06	292.06	292.06	292.048	292.04	292.025	292.009	291.999	291.99	291.977	291.973	291.969	291.971	291.972	291.972	291.97	291.965	291.965	291.96	291.96	291.961	291.958	291.952	291.955	291.953	291.951	291.949	291.936
290.949	290.958	290.976	290.997	291.003	291.022	291.032	291.05	291.078	291.1	291.104	291.118	291.126	291.134	291.148	291.146	291.165	291.171	291.171	291.189	291.205	291.214	291.228	291.246	291.258	291.261	291.269	291.277	291.292	291.304	291.318	291.321	291.315	291.313	291.33	291.328	291.344	291.362	291.381	291.394	291.412	291.427	291.431	291.443	291.453	291.462	291.465	291.484	291.49	291.5	291.51	291.524	291.526	291.536	291.542	291.554	291.569	291.577	291.582	291.59	291.602	291.612	291.629	291.639	291.653	291.674	291.69	291.711	291.723	291.734	291.739	291.75	291.761	291.768	291.781	291.773	291.787	291.791	291.81	291.819	291.818	291.82	291.836	291.836	291.836	291.835	291.839	291.843	291.852	291.854	291.861	291.869	291.87	291.874	291.884	291.868	291.878	291.879	291.876	291.878	291.869	291.862	291.859	291.849	291.84	291.837	291.835	291.831	291.834	291.834	291.833	291.828	291.817	291.806	291.789	291.775	291.758	291.749	291.737	291.742	291.744	291.746	291.747	291.744	291.744	291.746	291.743	291.74	291.736	291.734	291.737	291.728	291.731	291.723	291.717	291.719	291.719
290.706	290.717	290.726	290.74	290.749	290.769	290.787	290.793	290.814	290.834	290.843	290.865	290.88	290.895	290.91	290.92	290.916	290.93	290.94	290.947	290.957	290.971	290.988	290.998	291.009	291.021	291.025	291.034	291.049	291.053	291.066	291.072	291.074	291.073	291.076	291.087	291.094	291.109	291.123	291.138	291.144	291.161	291.172	291.176	291.185	291.205	291.208	291.227	291.244	291.253	291.267	291.279	291.279	291.297	291.3	291.31	291.324	291.326	291.336	291.343	291.352	291.369	291.391	291.413	291.428	291.446	291.46	291.469	291.48	291.488	291.492	291.506	291.509	291.518	291.526	291.53	291.544	291.556	291.566	291.575	291.581	291.583	291.588	291.589	291.589	291.591	291.595	291.598	291.609	291.618	291.618	291.629	291.638	291.633	291.644	291.643	291.646	291.65	291.64	291.638	291.639	291.632	291.63	291.619	291.612	291.596	291.588	291.585	291.586	291.59	291.581	291.572	291.562	291.544	291.537	291.527	291.516	291.506	291.496	291.499	291.499	291.505	291.509	291.511	291.51	291.506	291.504	291.505	291.506	291.504	291.508	291.503	291.495	291.495	291.49	291.483	291.477
290.474	290.48	290.491	290.503	290.521	290.529	290.548	290.561	290.575	290.592	290.609	290.625	290.64	290.642	290.655	290.667	290.671	290.678	290.679	290.688	290.693	290.713	290.728	290.742	290.752	290.761	290.771	290.78	290.792	290.805	290.816	290.826	290.832	290.839	290.832	290.851	290.861	290.863	290.884	290.897	290.902	290.909	290.917	290.929	290.938	290.962	290.98	290.992	291.007	291.019	291.027	291.044	291.047	291.061	291.066	291.073	291.078	291.081	291.091	291.099	291.112	291.126	291.146	291.164	291.182	291.201	291.223	291.236	291.236	291.249	291.24	291.251	291.257	291.262	291.277	291.286	291.304	291.321	291.331	291.339	291.343	291.353	291.345	291.355	291.355	291.356	291.364	291.376	291.382	291.398	291.398	291.409	291.409	291.412	291.418	291.424	291.428	291.432	291.428	291.428	291.421	291.423	291.415	291.407	291.396	291.379	291.368	291.36	291.361	291.358	291.354	291.336	291.326	291.308	291.298	291.291	291.282	291.282	291.271	291.27	291.271	291.27	291.273	291.269	291.268	291.271	291.266	291.273	291.271	291.271	291.269	291.271	291.265	291.25	291.249	291.244	291.241
