298.691	298.692	298.694	298.692	298.692	298.69	298.686	298.69	298.688	298.686	298.683	298.684	298.689	298.686	298.686	298.684	298.687	298.685	298.687	298.682	298.685	298.685	298.683	298.68	298.672	298.674	298.674	298.667	298.666	298.665	298.668	298.666	298.664	298.664	298.668	298.665	298.663	298.655	298.66	298.658	298.659	298.656	298.655	298.653	298.651	298.651	298.646	298.649	298.655	298.655	298.652	298.649	298.653	298.646	298.645	298.638	298.642	298.642	298.644	298.648	298.65	298.651	298.651	298.646	298.638	298.64	298.642	298.64	298.638	298.63	298.629	298.623	298.621	298.615	298.618	298.619	298.618	298.615	298.614	298.613	298.608	298.604	298.597	298.589	298.583	298.567	298.555	298.537	298.521	298.505	298.495	298.484	298.484	298.487	298.497	298.495	298.489	298.486	298.469	298.453	298.443	298.437	298.434	298.436	298.434	298.433	298.424	298.431	298.428	298.422	298.424	298.423	298.425	298.421	298.42	298.421	298.414	298.402	298.394	298.389	298.386	298.378	298.364	298.359	298.35	298.347	298.339	298.33	298.334	298.327	298.325	298.321	298.313	298.302	298.297	298.287	298.281
298.694	298.691	298.698	298.694	298.697	298.691	298.689	298.689	298.69	298.687	298.684	298.689	298.689	298.691	298.688	298.686	298.686	298.688	298.687	298.68	298.683	298.685	298.68	298.677	298.678	298.675	298.674	298.668	298.664	298.665	298.666	298.669	298.663	298.665	298.666	298.662	298.659	298.654	298.655	298.656	298.658	298.656	298.657	298.654	298.653	298.648	298.646	298.648	298.652	298.653	298.65	298.651	298.649	298.648	298.646	298.636	298.64	298.641	298.642	298.645	298.647	298.648	298.649	298.643	298.638	298.639	298.637	298.638	298.633	298.63	298.628	298.622	298.616	298.612	298.615	298.614	298.611	298.608	298.606	298.605	298.604	298.6	298.57	298.562	298.553	298.546	298.53	298.522	298.511	298.509	298.505	298.485	298.487	298.482	298.485	298.481	298.471	298.468	298.456	298.448	298.433	298.432	298.434	298.428	298.43	298.428	298.428	298.425	298.426	298.418	298.416	298.415	298.411	298.407	298.402	298.407	298.405	298.393	298.386	298.381	298.379	298.37	298.363	298.349	298.345	298.337	298.333	298.326	298.325	298.319	298.312	298.311	298.301	298.295	298.288	298.279	298.269
298.697	298.689	298.689	298.696	298.696	298.696	298.693	298.69	298.692	298.691	298.686	298.687	298.689	298.687	298.692	298.688	298.684	298.692	298.686	298.681	298.681	298.683	298.676	298.679	298.679	298.676	298.673	298.668	298.663	298.666	298.665	298.663	298.666	298.667	298.664	298.66	298.656	298.655	298.653	298.656	298.653	298.655	298.657	298.654	298.65	298.646	298.644	298.647	298.647	298.649	298.65	298.648	298.65	298.649	298.645	298.638	298.637	298.639	298.639	298.641	298.642	298.641	298.64	298.64	298.635	298.636	298.632	298.632	298.631	298.625	298.622	298.616	298.616	298.609	298.607	298.608	298.604	298.601	298.601	298.584	298.588	298.575	298.553	298.544	298.531	298.514	298.516	298.509	298.504	298.509	298.496	298.48	298.481	298.48	298.475	298.457	298.448	298.442	298.442	298.43	298.421	298.42	298.422	298.418	298.417	298.421	298.419	298.419	298.413	298.407	298.406	298.409	298.399	298.395	298.399	298.386	298.39	298.383	298.369	298.37	298.362	298.357	298.349	298.342	298.329	298.327	298.319	298.316	298.31	298.311	298.303	298.297	298.286	298.277	298.273	298.267	298.261
298.687	298.685	298.688	298.688	298.689	298.69	298.691	298.69	298.687	298.682	298.68	298.683	298.685	298.684	298.686	298.691	298.69	298.689	298.681	298.68	298.677	298.674	298.68	298.675	298.674	298.671	298.671	298.669	298.659	298.662	298.66	298.66	298.661	298.662	298.657	298.657	298.652	298.651	298.651	298.65	298.649	298.648	298.649	298.647	298.641	298.644	298.639	298.638	298.639	298.643	298.643	298.644	298.645	298.641	298.636	298.633	298.631	298.629	298.633	298.633	298.635	298.635	298.63	298.633	298.625	298.627	298.624	298.622	298.62	298.618	298.614	298.61	298.607	298.601	298.602	298.593	298.595	298.573	298.554	298.549	298.545	298.527	298.516	298.503	298.499	298.49	298.488	298.488	298.499	298.482	298.474	298.471	298.466	298.464	298.453	298.436	298.426	298.421	298.414	298.412	298.414	298.413	298.407	298.41	298.406	298.407	298.411	298.405	298.404	298.398	298.391	298.393	298.388	298.383	298.378	298.371	298.363	298.364	298.352	298.348	298.344	298.339	298.333	298.325	298.321	298.311	298.303	298.299	298.293	298.292	298.286	298.279	298.268	298.263	298.251	298.249	298.241
298.687	298.675	298.675	298.681	298.687	298.69	298.69	298.691	298.688	298.679	298.679	298.673	298.677	298.675	298.678	298.683	298.684	298.689	298.683	298.671	298.67	298.673	298.668	298.667	298.668	298.672	298.667	298.661	298.666	298.659	298.658	298.653	298.654	298.652	298.653	298.652	298.647	298.643	298.644	298.645	298.646	298.645	298.643	298.639	298.637	298.633	298.629	298.631	298.636	298.637	298.638	298.638	298.637	298.637	298.631	298.624	298.626	298.625	298.624	298.624	298.626	298.622	298.617	298.619	298.613	298.616	298.613	298.611	298.609	298.606	298.602	298.593	298.57	298.578	298.578	298.564	298.557	298.539	298.527	298.518	298.504	298.488	298.479	298.469	298.471	298.464	298.462	298.461	298.46	298.451	298.449	298.441	298.432	298.436	298.426	298.417	298.41	298.398	298.393	298.389	298.382	298.388	298.393	298.386	298.383	298.386	298.383	298.379	298.372	298.374	298.373	298.367	298.366	298.362	298.357	298.353	298.346	298.332	298.326	298.326	298.323	298.317	298.316	298.314	298.304	298.297	298.285	298.281	298.279	298.272	298.272	298.263	298.254	298.248	298.24	298.23	298.227
298.677	298.672	298.675	298.675	298.679	298.679	298.682	298.683	298.68	298.672	298.669	298.668	298.671	298.673	298.677	298.68	298.685	298.681	298.678	298.666	298.669	298.667	298.666	298.663	298.66	298.661	298.662	298.66	298.653	298.649	298.652	298.651	298.65	298.65	298.645	298.643	298.642	298.637	298.639	298.638	298.638	298.639	298.636	298.635	298.633	298.63	298.631	298.626	298.628	298.632	298.635	298.634	298.628	298.621	298.619	298.614	298.618	298.616	298.614	298.616	298.614	298.612	298.609	298.603	298.597	298.587	298.596	298.601	298.6	298.581	298.566	298.559	298.552	298.522	298.52	298.523	298.503	298.499	298.496	298.482	298.467	298.463	298.435	298.443	298.442	298.436	298.431	298.43	298.421	298.43	298.43	298.422	298.43	298.422	298.414	298.403	298.393	298.385	298.384	298.377	298.372	298.369	298.375	298.373	298.367	298.363	298.361	298.363	298.364	298.357	298.366	298.357	298.351	298.346	298.336	298.327	298.322	298.317	298.313	298.307	298.309	298.302	298.3	298.296	298.292	298.285	298.275	298.26	298.26	298.256	298.253	298.246	298.242	298.235	298.227	298.214	298.211
298.687	298.672	298.673	298.676	298.682	298.685	298.686	298.686	298.683	298.679	298.669	298.676	298.677	298.675	298.677	298.681	298.685	298.683	298.678	298.673	298.668	298.667	298.663	298.665	298.666	298.664	298.668	298.659	298.654	298.658	298.656	298.652	298.649	298.647	298.644	298.641	298.638	298.635	298.636	298.639	298.638	298.637	298.633	298.631	298.632	298.632	298.627	298.627	298.633	298.631	298.628	298.63	298.629	298.624	298.621	298.614	298.615	298.615	298.612	298.611	298.608	298.605	298.603	298.584	298.573	298.566	298.568	298.558	298.553	298.558	298.547	298.522	298.512	298.495	298.495	298.5	298.496	298.492	298.469	298.461	298.452	298.437	298.424	298.43	298.425	298.417	298.416	298.409	298.407	298.408	298.404	298.402	298.399	298.398	298.4	298.391	298.382	298.376	298.368	298.357	298.36	298.358	298.365	298.361	298.355	298.351	298.351	298.351	298.346	298.341	298.342	298.343	298.338	298.334	298.328	298.318	298.312	298.304	298.296	298.295	298.293	298.291	298.289	298.287	298.284	298.275	298.265	298.26	298.251	298.248	298.241	298.236	298.231	298.224	298.215	298.209	298.202
298.683	298.675	298.673	298.674	298.679	298.678	298.678	298.68	298.675	298.678	298.669	298.675	298.675	298.682	298.685	298.687	298.683	298.679	298.673	298.668	298.666	298.667	298.665	298.665	298.663	298.664	298.66	298.659	298.655	298.654	298.652	298.652	298.65	298.645	298.642	298.64	298.635	298.633	298.633	298.63	298.631	298.632	298.629	298.628	298.626	298.628	298.623	298.626	298.619	298.623	298.624	298.623	298.619	298.616	298.616	298.613	298.611	298.612	298.608	298.604	298.603	298.596	298.571	298.559	298.54	298.532	298.528	298.53	298.527	298.529	298.519	298.5	298.491	298.472	298.474	298.458	298.459	298.454	298.442	298.431	298.42	298.41	298.403	298.398	298.397	298.399	298.393	298.392	298.394	298.387	298.386	298.379	298.377	298.377	298.377	298.375	298.372	298.365	298.353	298.357	298.346	298.349	298.348	298.347	298.343	298.344	298.341	298.339	298.333	298.332	298.327	298.327	298.32	298.311	298.306	298.299	298.294	298.29	298.286	298.287	298.278	298.278	298.271	298.269	298.27	298.265	298.256	298.248	298.24	298.234	298.23	298.222	298.217	298.208	298.201	298.182	298.152
298.678	298.672	298.673	298.671	298.675	298.676	298.678	298.677	298.671	298.672	298.668	298.675	298.676	298.673	298.679	298.683	298.676	298.675	298.67	298.664	298.664	298.665	298.666	298.664	298.66	298.655	298.656	298.655	298.649	298.649	298.651	298.644	298.642	298.641	298.637	298.636	298.631	298.627	298.622	298.623	298.622	298.625	298.621	298.62	298.622	298.62	298.613	298.616	298.613	298.612	298.614	298.613	298.609	298.611	298.607	298.608	298.607	298.605	298.602	298.599	298.573	298.55	298.531	298.518	298.501	298.499	298.501	298.493	298.497	298.487	298.473	298.469	298.454	298.44	298.444	298.434	298.427	298.422	298.413	298.407	298.396	298.384	298.373	298.372	298.372	298.369	298.371	298.365	298.366	298.362	298.361	298.348	298.35	298.353	298.351	298.356	298.357	298.35	298.343	298.34	298.326	298.329	298.331	298.328	298.324	298.32	298.316	298.316	298.31	298.306	298.3	298.298	298.293	298.287	298.284	298.279	298.271	298.271	298.263	298.264	298.261	298.258	298.256	298.253	298.252	298.246	298.239	298.229	298.226	298.218	298.21	298.207	298.2	298.184	298.15	298.121	298.104
298.668	298.664	298.666	298.667	298.67	298.668	298.672	298.666	298.66	298.661	298.659	298.664	298.671	298.672	298.669	298.673	298.668	298.664	298.663	298.658	298.663	298.66	298.66	298.657	298.652	298.65	298.649	298.645	298.64	298.644	298.641	298.639	298.636	298.632	298.631	298.63	298.625	298.616	298.617	298.613	298.615	298.613	298.613	298.612	298.612	298.61	298.607	298.606	298.608	298.608	298.604	298.604	298.597	298.597	298.586	298.585	298.578	298.576	298.564	298.54	298.53	298.505	298.484	298.471	298.456	298.459	298.457	298.455	298.443	298.44	298.425	298.421	298.414	298.409	298.402	298.397	298.392	298.384	298.38	298.37	298.359	298.353	298.342	298.345	298.346	298.346	298.343	298.344	298.34	298.337	298.328	298.323	298.327	298.322	298.328	298.319	298.324	298.33	298.327	298.32	298.31	298.309	298.308	298.308	298.305	298.301	298.295	298.292	298.286	298.279	298.276	298.27	298.269	298.261	298.26	298.258	298.253	298.249	298.246	298.245	298.241	298.24	298.236	298.234	298.229	298.222	298.219	298.211	298.209	298.201	298.187	298.159	298.146	298.116	298.101	298.073	298.058
298.654	298.651	298.657	298.661	298.662	298.66	298.657	298.653	298.648	298.647	298.65	298.652	298.66	298.662	298.664	298.661	298.657	298.651	298.652	298.646	298.652	298.649	298.65	298.647	298.644	298.644	298.64	298.636	298.631	298.632	298.629	298.63	298.63	298.625	298.623	298.62	298.616	298.609	298.611	298.606	298.605	298.606	298.601	298.599	298.596	298.592	298.594	298.555	298.584	298.569	298.561	298.554	298.542	298.54	298.537	298.517	298.521	298.513	298.503	298.492	298.472	298.457	298.444	298.433	298.421	298.416	298.416	298.411	298.406	298.394	298.387	298.377	298.37	298.369	298.362	298.359	298.354	298.347	298.34	298.334	298.33	298.327	298.32	298.322	298.322	298.322	298.319	298.314	298.315	298.31	298.306	298.299	298.3	298.298	298.298	298.294	298.294	298.303	298.3	298.294	298.286	298.28	298.28	298.279	298.279	298.276	298.276	298.269	298.265	298.253	298.252	298.248	298.245	298.241	298.235	298.234	298.229	298.227	298.225	298.225	298.222	298.22	298.217	298.212	298.211	298.201	298.189	298.179	298.167	298.154	298.131	298.114	298.091	298.067	298.041	298.028	298.008
298.637	298.638	298.645	298.651	298.65	298.65	298.651	298.645	298.641	298.635	298.637	298.641	298.644	298.647	298.646	298.645	298.639	298.636	298.636	298.632	298.633	298.632	298.636	298.632	298.632	298.63	298.63	298.626	298.619	298.62	298.621	298.622	298.617	298.613	298.609	298.609	298.607	298.602	298.6	298.595	298.591	298.572	298.563	298.55	298.559	298.528	298.528	298.519	298.512	298.503	298.495	298.495	298.484	298.485	298.478	298.464	298.464	298.462	298.453	298.437	298.425	298.41	298.403	298.392	298.386	298.378	298.375	298.374	298.37	298.36	298.346	298.345	298.333	298.321	298.324	298.319	298.314	298.314	298.31	298.305	298.303	298.299	298.298	298.296	298.295	298.297	298.291	298.29	298.288	298.288	298.283	298.274	298.272	298.27	298.27	298.267	298.27	298.267	298.263	298.258	298.253	298.249	298.249	298.248	298.251	298.25	298.246	298.244	298.24	298.23	298.229	298.224	298.224	298.218	298.214	298.208	298.204	298.203	298.194	298.193	298.191	298.189	298.182	298.177	298.152	298.135	298.113	298.116	298.099	298.095	298.078	298.055	298.044	298.012	297.997	297.976	297.957
298.623	298.627	298.632	298.637	298.639	298.638	298.634	298.631	298.628	298.626	298.618	298.625	298.63	298.632	298.633	298.629	298.626	298.62	298.619	298.617	298.617	298.615	298.618	298.619	298.618	298.617	298.615	298.615	298.606	298.611	298.606	298.607	298.605	298.602	298.601	298.577	298.583	298.562	298.552	298.554	298.537	298.525	298.507	298.501	298.494	298.485	298.471	298.47	298.468	298.46	298.443	298.436	298.437	298.43	298.417	298.419	298.413	298.406	298.4	298.387	298.374	298.365	298.36	298.351	298.346	298.346	298.342	298.34	298.337	298.33	298.318	298.306	298.3	298.288	298.287	298.281	298.281	298.282	298.28	298.281	298.28	298.277	298.274	298.269	298.269	298.265	298.265	298.263	298.263	298.258	298.261	298.25	298.249	298.243	298.236	298.236	298.234	298.234	298.231	298.228	298.217	298.22	298.213	298.218	298.221	298.22	298.224	298.22	298.218	298.208	298.203	298.191	298.183	298.166	298.156	298.141	298.12	298.125	298.106	298.106	298.101	298.094	298.092	298.087	298.084	298.069	298.045	298.039	298.029	298.033	298.021	298.006	297.986	297.968	297.947	297.94	297.922
298.61	298.62	298.623	298.625	298.626	298.623	298.624	298.622	298.616	298.615	298.608	298.61	298.614	298.615	298.615	298.615	298.611	298.611	298.608	298.595	298.598	298.602	298.602	298.602	298.605	298.606	298.601	298.598	298.579	298.59	298.586	298.591	298.579	298.56	298.545	298.541	298.512	298.506	298.503	298.503	298.489	298.475	298.472	298.458	298.442	298.438	298.427	298.423	298.413	298.411	298.412	298.407	298.4	298.39	298.377	298.378	298.365	298.368	298.359	298.352	298.343	298.331	298.327	298.318	298.315	298.312	298.314	298.311	298.305	298.301	298.292	298.282	298.268	298.264	298.252	298.254	298.254	298.255	298.256	298.258	298.257	298.252	298.246	298.241	298.238	298.231	298.229	298.23	298.231	298.232	298.229	298.224	298.219	298.215	298.214	298.211	298.208	298.205	298.202	298.189	298.159	298.158	298.149	298.16	298.16	298.161	298.167	298.164	298.151	298.131	298.108	298.105	298.098	298.082	298.076	298.07	298.057	298.049	298.032	298.023	298.024	298.026	298.025	298.023	298.009	298.003	297.991	297.981	297.979	297.975	297.966	297.95	297.94	297.928	297.916	297.897	297.886
298.588	298.591	298.601	298.609	298.611	298.605	298.598	298.6	298.585	298.584	298.572	298.601	298.598	298.596	298.603	298.602	298.601	298.592	298.583	298.565	298.57	298.541	298.543	298.538	298.536	298.536	298.533	298.527	298.518	298.523	298.531	298.523	298.52	298.514	298.51	298.498	298.469	298.452	298.449	298.444	298.45	298.434	298.425	298.422	298.412	298.396	298.378	298.377	298.375	298.368	298.36	298.358	298.356	298.356	298.342	298.333	298.33	298.329	298.319	298.315	298.31	298.301	298.297	298.29	298.285	298.28	298.279	298.276	298.275	298.272	298.266	298.256	298.244	298.236	298.23	298.228	298.225	298.224	298.23	298.232	298.228	298.226	298.22	298.216	298.208	298.206	298.205	298.205	298.204	298.205	298.202	298.198	298.191	298.181	298.184	298.164	298.161	298.158	298.131	298.127	298.101	298.086	298.085	298.077	298.075	298.079	298.087	298.081	298.068	298.048	298.04	298.023	298.016	298.006	297.999	297.992	297.988	297.981	297.982	297.974	297.969	297.964	297.96	297.961	297.958	297.948	297.939	297.929	297.926	297.92	297.911	297.904	297.891	297.881	297.873	297.865	297.858
298.556	298.553	298.575	298.58	298.583	298.584	298.585	298.578	298.576	298.56	298.553	298.547	298.56	298.57	298.578	298.58	298.593	298.572	298.559	298.535	298.541	298.534	298.529	298.522	298.514	298.508	298.483	298.47	298.468	298.47	298.487	298.484	298.488	298.488	298.472	298.456	298.458	298.427	298.425	298.415	298.41	298.403	298.392	298.386	298.374	298.364	298.357	298.346	298.345	298.34	298.335	298.334	298.334	298.326	298.319	298.314	298.309	298.3	298.292	298.291	298.283	298.273	298.275	298.267	298.265	298.262	298.259	298.252	298.254	298.252	298.244	298.236	298.226	298.217	298.214	298.212	298.21	298.211	298.208	298.211	298.211	298.207	298.202	298.185	298.168	298.15	298.152	298.148	298.145	298.14	298.141	298.121	298.125	298.119	298.118	298.103	298.088	298.08	298.074	298.058	298.043	298.047	298.044	298.031	298.028	298.017	298.014	298.013	298.008	297.988	297.985	297.976	297.961	297.957	297.948	297.941	297.936	297.932	297.924	297.923	297.919	297.916	297.914	297.908	297.903	297.899	297.895	297.89	297.887	297.883	297.874	297.864	297.854	297.848	297.84	297.839	297.827
298.525	298.498	298.509	298.516	298.525	298.535	298.538	298.525	298.524	298.513	298.522	298.546	298.533	298.55	298.551	298.571	298.564	298.547	298.537	298.513	298.516	298.503	298.504	298.491	298.491	298.471	298.462	298.44	298.432	298.43	298.433	298.449	298.443	298.449	298.45	298.442	298.425	298.396	298.396	298.389	298.386	298.383	298.373	298.357	298.345	298.331	298.325	298.324	298.318	298.318	298.313	298.309	298.302	298.299	298.297	298.283	298.281	298.276	298.27	298.261	298.255	298.25	298.246	298.244	298.245	298.237	298.238	298.235	298.23	298.228	298.221	298.215	298.208	298.202	298.195	298.183	298.183	298.167	298.161	298.158	298.163	298.138	298.141	298.125	298.119	298.12	298.1	298.095	298.088	298.083	298.085	298.069	298.078	298.068	298.065	298.055	298.042	298.024	298.021	298.009	297.998	297.995	297.986	297.985	297.977	297.975	297.972	297.967	297.956	297.942	297.934	297.925	297.915	297.904	297.901	297.897	297.892	297.891	297.881	297.883	297.87	297.869	297.864	297.861	297.857	297.85	297.85	297.848	297.848	297.846	297.844	297.833	297.827	297.817	297.812	297.806	297.802
298.477	298.46	298.45	298.464	298.476	298.494	298.497	298.499	298.488	298.488	298.482	298.493	298.502	298.497	298.514	298.512	298.515	298.499	298.492	298.479	298.476	298.472	298.455	298.453	298.443	298.433	298.419	298.404	298.387	298.395	298.398	298.403	298.411	298.407	298.414	298.398	298.385	298.377	298.366	298.362	298.353	298.355	298.341	298.333	298.32	298.314	298.304	298.303	298.3	298.294	298.294	298.287	298.285	298.274	298.267	298.257	298.254	298.252	298.243	298.24	298.235	298.233	298.224	298.222	298.221	298.217	298.217	298.21	298.208	298.202	298.195	298.173	298.164	298.162	298.143	298.135	298.112	298.115	298.101	298.099	298.081	298.076	298.072	298.068	298.058	298.052	298.053	298.036	298.032	298.021	298.016	298.003	298.003	298.008	298.002	298.001	297.989	297.977	297.967	297.955	297.951	297.947	297.945	297.939	297.935	297.921	297.921	297.91	297.9	297.896	297.888	297.882	297.875	297.87	297.86	297.858	297.845	297.843	297.835	297.836	297.832	297.825	297.824	297.819	297.817	297.81	297.809	297.806	297.806	297.803	297.8	297.801	297.786	297.769	297.753	297.738	297.722
298.435	298.42	298.41	298.408	298.428	298.436	298.447	298.445	298.441	298.443	298.443	298.451	298.461	298.466	298.461	298.471	298.457	298.453	298.437	298.436	298.436	298.432	298.425	298.401	298.402	298.389	298.372	298.364	298.347	298.357	298.351	298.369	298.366	298.374	298.372	298.367	298.35	298.345	298.331	298.33	298.33	298.323	298.321	298.308	298.299	298.291	298.285	298.281	298.275	298.27	298.26	298.26	298.256	298.254	298.246	298.24	298.234	298.227	298.223	298.217	298.216	298.21	298.211	298.203	298.193	298.189	298.173	298.157	298.14	298.136	298.12	298.111	298.097	298.093	298.086	298.085	298.071	298.05	298.048	298.026	298.019	298.016	298.003	298.006	297.999	298.003	297.999	297.996	297.981	297.974	297.959	297.958	297.949	297.945	297.948	297.939	297.937	297.929	297.923	297.916	297.91	297.909	297.907	297.905	297.897	297.892	297.878	297.873	297.864	297.853	297.851	297.842	297.842	297.834	297.829	297.82	297.811	297.804	297.792	297.791	297.778	297.766	297.76	297.758	297.733	297.725	297.715	297.702	297.704	297.695	297.699	297.69	297.688	297.682	297.67	297.653	297.644
298.386	298.367	298.371	298.368	298.372	298.391	298.392	298.4	298.4	298.406	298.405	298.409	298.419	298.411	298.423	298.406	298.401	298.394	298.381	298.382	298.383	298.386	298.38	298.371	298.356	298.353	298.332	298.331	298.316	298.319	298.323	298.321	298.334	298.331	298.339	298.329	298.318	298.302	298.299	298.299	298.289	298.293	298.288	298.288	298.278	298.273	298.262	298.255	298.249	298.239	298.235	298.227	298.233	298.229	298.226	298.222	298.215	298.209	298.193	298.192	298.178	298.177	298.157	298.149	298.129	298.123	298.113	298.103	298.098	298.079	298.073	298.057	298.046	298.042	298.038	298.036	298.021	298.01	297.995	297.987	297.967	297.962	297.951	297.949	297.95	297.948	297.951	297.941	297.94	297.928	297.917	297.911	297.903	297.9	297.895	297.894	297.887	297.888	297.88	297.879	297.87	297.866	297.868	297.861	297.862	297.854	297.848	297.842	297.837	297.821	297.824	297.817	297.809	297.804	297.776	297.768	297.733	297.725	297.706	297.7	297.693	297.691	297.683	297.672	297.666	297.648	297.638	297.621	297.613	297.61	297.602	297.604	297.604	297.603	297.593	297.585	297.577
298.333	298.328	298.331	298.325	298.331	298.332	298.346	298.346	298.364	298.364	298.364	298.366	298.369	298.37	298.359	298.357	298.339	298.335	298.328	298.33	298.335	298.335	298.34	298.327	298.325	298.312	298.301	298.291	298.287	298.286	298.287	298.29	298.287	298.297	298.289	298.289	298.279	298.268	298.27	298.26	298.256	298.257	298.257	298.252	298.258	298.249	298.239	298.233	298.222	298.213	298.207	298.205	298.202	298.203	298.201	298.184	298.179	298.161	298.137	298.117	298.119	298.112	298.104	298.094	298.077	298.065	298.056	298.054	298.033	298.03	298.015	298.014	297.999	297.989	297.99	297.979	297.973	297.959	297.952	297.938	297.925	297.91	297.907	297.9	297.903	297.903	297.9	297.897	297.892	297.888	297.88	297.869	297.861	297.852	297.85	297.848	297.849	297.841	297.837	297.83	297.828	297.829	297.823	297.819	297.812	297.811	297.807	297.806	297.792	297.776	297.773	297.76	297.751	297.729	297.708	297.676	297.662	297.637	297.626	297.626	297.619	297.624	297.616	297.617	297.602	297.594	297.571	297.554	297.54	297.529	297.53	297.527	297.533	297.529	297.53	297.523	297.516
298.289	298.294	298.288	298.284	298.284	298.292	298.293	298.302	298.301	298.312	298.319	298.326	298.332	298.326	298.316	298.305	298.302	298.288	298.29	298.28	298.287	298.292	298.288	298.287	298.275	298.271	298.267	298.259	298.258	298.257	298.253	298.248	298.25	298.247	298.252	298.247	298.25	298.242	298.234	298.23	298.227	298.23	298.228	298.225	298.22	298.219	298.216	298.205	298.191	298.167	298.163	298.145	298.143	298.128	298.122	298.11	298.098	298.082	298.069	298.065	298.058	298.057	298.041	298.033	298.011	298.004	297.997	297.991	297.986	297.98	297.974	297.96	297.959	297.938	297.935	297.931	297.923	297.914	297.905	297.894	297.882	297.87	297.863	297.853	297.858	297.853	297.856	297.856	297.854	297.845	297.846	297.837	297.824	297.817	297.806	297.806	297.801	297.801	297.802	297.788	297.772	297.758	297.75	297.752	297.735	297.724	297.73	297.715	297.705	297.689	297.677	297.681	297.67	297.654	297.629	297.613	297.591	297.582	297.564	297.558	297.561	297.558	297.555	297.55	297.548	297.534	297.516	297.496	297.481	297.475	297.468	297.469	297.467	297.473	297.471	297.465	297.458
298.246	298.252	298.26	298.266	298.255	298.252	298.261	298.261	298.267	298.27	298.271	298.278	298.275	298.278	298.274	298.268	298.256	298.247	298.243	298.241	298.249	298.25	298.245	298.245	298.241	298.235	298.237	298.226	298.228	298.222	298.221	298.222	298.217	298.212	298.206	298.206	298.207	298.204	298.208	298.205	298.191	298.172	298.181	298.191	298.181	298.173	298.178	298.151	298.128	298.117	298.1	298.089	298.084	298.082	298.064	298.042	298.035	298.019	298.012	298.008	298.005	297.997	297.998	297.98	297.963	297.954	297.943	297.943	297.939	297.935	297.93	297.927	297.915	297.9	297.898	297.891	297.882	297.88	297.875	297.863	297.853	297.832	297.824	297.817	297.812	297.809	297.808	297.81	297.813	297.813	297.804	297.804	297.786	297.757	297.733	297.717	297.708	297.696	297.695	297.677	297.665	297.668	297.656	297.65	297.647	297.637	297.632	297.624	297.61	297.601	297.613	297.604	297.599	297.584	297.567	297.545	297.527	297.514	297.504	297.501	297.498	297.495	297.491	297.489	297.479	297.474	297.458	297.44	297.428	297.421	297.421	297.419	297.422	297.423	297.422	297.416	297.409
298.212	298.224	298.216	298.217	298.221	298.221	298.223	298.223	298.226	298.234	298.224	298.239	298.233	298.235	298.23	298.224	298.219	298.211	298.206	298.196	298.195	298.208	298.211	298.209	298.207	298.208	298.204	298.196	298.185	298.182	298.168	298.166	298.16	298.151	298.139	298.137	298.122	298.13	298.114	298.107	298.111	298.111	298.101	298.09	298.095	298.102	298.085	298.084	298.07	298.053	298.041	298.041	298.035	298.02	298.01	297.985	297.972	297.96	297.948	297.946	297.949	297.945	297.933	297.926	297.914	297.911	297.895	297.894	297.89	297.886	297.884	297.881	297.868	297.867	297.856	297.855	297.849	297.839	297.832	297.823	297.812	297.805	297.779	297.757	297.738	297.739	297.741	297.736	297.738	297.75	297.736	297.724	297.696	297.687	297.669	297.652	297.643	297.632	297.613	297.609	297.587	297.584	297.592	297.58	297.575	297.575	297.571	297.563	297.552	297.533	297.539	297.53	297.531	297.524	297.507	297.491	297.484	297.467	297.457	297.452	297.445	297.44	297.436	297.43	297.424	297.415	297.404	297.4	297.379	297.36	297.342	297.338	297.342	297.336	297.331	297.324	297.296
298.125	298.173	298.175	298.188	298.178	298.18	298.184	298.2	298.195	298.201	298.188	298.184	298.188	298.191	298.187	298.173	298.166	298.155	298.142	298.139	298.13	298.141	298.154	298.153	298.142	298.142	298.128	298.128	298.098	298.095	298.099	298.087	298.095	298.088	298.085	298.077	298.067	298.055	298.048	298.051	298.036	298.032	298.029	298.032	298.033	298.033	298.025	298.015	298.016	298.011	298.003	297.994	297.988	297.981	297.974	297.954	297.928	297.917	297.908	297.907	297.903	297.903	297.901	297.898	297.876	297.872	297.868	297.858	297.857	297.854	297.852	297.847	297.836	297.834	297.824	297.82	297.814	297.813	297.807	297.801	297.784	297.757	297.723	297.706	297.694	297.672	297.672	297.668	297.672	297.667	297.661	297.657	297.644	297.633	297.613	297.597	297.587	297.578	297.566	297.554	297.548	297.539	297.54	297.53	297.527	297.515	297.513	297.504	297.494	297.489	297.482	297.482	297.483	297.479	297.469	297.459	297.446	297.436	297.427	297.417	297.411	297.402	297.391	297.362	297.358	297.337	297.31	297.288	297.277	297.276	297.276	297.266	297.26	297.252	297.235	297.226	297.211
298.062	298.09	298.089	298.084	298.095	298.093	298.112	298.111	298.114	298.113	298.118	298.103	298.097	298.097	298.087	298.089	298.083	298.08	298.075	298.07	298.069	298.057	298.072	298.071	298.069	298.065	298.059	298.044	298.031	298.034	298.027	298.033	298.034	298.037	298.027	298.028	298.011	298.004	297.988	297.98	297.974	297.963	297.969	297.965	297.969	297.968	297.965	297.958	297.947	297.953	297.948	297.947	297.94	297.935	297.915	297.9	297.892	297.872	297.866	297.858	297.857	297.856	297.855	297.851	297.848	297.84	297.832	297.827	297.818	297.819	297.813	297.813	297.801	297.785	297.78	297.755	297.754	297.736	297.728	297.708	297.696	297.687	297.671	297.653	297.635	297.625	297.607	297.609	297.607	297.602	297.6	297.588	297.584	297.571	297.565	297.555	297.549	297.529	297.523	297.501	297.493	297.491	297.483	297.481	297.477	297.473	297.468	297.465	297.451	297.443	297.438	297.435	297.433	297.431	297.43	297.42	297.411	297.402	297.378	297.368	297.355	297.333	297.306	297.291	297.259	297.23	297.224	297.211	297.212	297.199	297.204	297.194	297.186	297.171	297.161	297.148	297.137
297.997	298.004	298.011	298.021	298.026	298.04	298.032	298.044	298.045	298.042	298.035	298.021	298.022	298.006	298.012	298.006	298.01	298.003	298.008	297.996	298	298.003	297.989	298.004	297.993	297.995	297.99	297.983	297.977	297.976	297.972	297.96	297.969	297.968	297.978	297.962	297.957	297.946	297.933	297.924	297.913	297.911	297.902	297.906	297.908	297.91	297.905	297.905	297.903	297.891	297.894	297.892	297.891	297.88	297.873	297.854	297.849	297.84	297.83	297.828	297.823	297.821	297.815	297.816	297.815	297.807	297.805	297.786	297.771	297.751	297.75	297.73	297.714	297.694	297.682	297.668	297.663	297.665	297.649	297.638	297.629	297.616	297.604	297.591	297.578	297.564	297.555	297.538	297.54	297.536	297.539	297.526	297.52	297.517	297.509	297.509	297.498	297.488	297.474	297.463	297.453	297.45	297.444	297.435	297.434	297.428	297.427	297.419	297.408	297.396	297.38	297.383	297.371	297.372	297.357	297.338	297.333	297.325	297.299	297.286	297.276	297.249	297.227	297.207	297.185	297.166	297.155	297.147	297.148	297.149	297.143	297.138	297.122	297.112	297.097	297.09	297.08
297.929	297.932	297.942	297.951	297.96	297.958	297.967	297.96	297.975	297.962	297.96	297.954	297.944	297.95	297.935	297.942	297.933	297.938	297.935	297.93	297.929	297.928	297.934	297.929	297.933	297.927	297.931	297.923	297.92	297.919	297.914	297.916	297.908	297.92	297.911	297.909	297.896	297.883	297.88	297.868	297.864	297.853	297.853	297.853	297.86	297.855	297.852	297.85	297.846	297.846	297.835	297.843	297.838	297.835	297.829	297.82	297.815	297.804	297.801	297.783	297.784	297.775	297.785	297.764	297.749	297.741	297.729	297.718	297.683	297.678	297.657	297.642	297.628	297.619	297.61	297.604	297.598	297.585	297.587	297.573	297.568	297.552	297.533	297.528	297.515	297.508	297.495	297.488	297.486	297.485	297.479	297.475	297.471	297.467	297.462	297.453	297.454	297.446	297.437	297.428	297.424	297.419	297.411	297.407	297.389	297.376	297.354	297.344	297.319	297.303	297.298	297.282	297.28	297.27	297.258	297.253	297.253	297.239	297.23	297.221	297.2	297.187	297.163	297.149	297.13	297.112	297.103	297.096	297.095	297.093	297.088	297.077	297.07	297.054	297.047	297.036	297.031
297.865	297.868	297.867	297.879	297.877	297.893	297.888	297.894	297.89	297.892	297.888	297.885	297.88	297.878	297.881	297.867	297.869	297.862	297.861	297.868	297.866	297.865	297.859	297.866	297.863	297.873	297.869	297.869	297.865	297.862	297.864	297.86	297.862	297.851	297.855	297.846	297.845	297.833	297.829	297.821	297.816	297.811	297.8	297.813	297.809	297.809	297.808	297.8	297.794	297.781	297.792	297.764	297.783	297.773	297.768	297.767	297.748	297.738	297.72	297.727	297.712	297.719	297.705	297.698	297.683	297.666	297.652	297.629	297.618	297.589	297.58	297.564	297.555	297.546	297.542	297.541	297.53	297.528	297.519	297.519	297.504	297.499	297.476	297.469	297.461	297.452	297.444	297.435	297.443	297.438	297.434	297.431	297.423	297.42	297.415	297.415	297.404	297.405	297.387	297.371	297.362	297.346	297.341	297.311	297.306	297.276	297.268	297.251	297.235	297.22	297.216	297.206	297.194	297.19	297.175	297.175	297.17	297.163	297.157	297.149	297.139	297.127	297.11	297.093	297.08	297.067	297.059	297.051	297.046	297.045	297.035	297.03	297.015	297.01	297.001	296.98	296.955
297.787	297.809	297.802	297.809	297.818	297.815	297.821	297.821	297.824	297.826	297.822	297.819	297.817	297.818	297.814	297.815	297.805	297.809	297.803	297.806	297.804	297.806	297.804	297.795	297.803	297.802	297.805	297.803	297.797	297.807	297.805	297.808	297.801	297.804	297.788	297.784	297.767	297.752	297.747	297.728	297.742	297.729	297.722	297.711	297.72	297.71	297.707	297.689	297.677	297.678	297.668	297.665	297.655	297.665	297.654	297.664	297.656	297.653	297.653	297.645	297.649	297.633	297.63	297.615	297.605	297.597	297.575	297.568	297.549	297.536	297.517	297.511	297.491	297.48	297.478	297.472	297.474	297.466	297.467	297.459	297.454	297.448	297.427	297.416	297.409	297.405	297.396	297.386	297.372	297.384	297.371	297.362	297.349	297.333	297.33	297.318	297.311	297.292	297.294	297.276	297.264	297.251	297.237	297.223	297.205	297.196	297.179	297.177	297.16	297.153	297.147	297.14	297.128	297.112	297.105	297.095	297.092	297.088	297.08	297.079	297.075	297.065	297.06	297.05	297.039	297.034	297.022	297.011	297.005	296.983	296.966	296.945	296.936	296.911	296.888	296.873	296.85
297.644	297.68	297.677	297.686	297.69	297.693	297.693	297.712	297.703	297.715	297.709	297.699	297.707	297.694	297.704	297.7	297.694	297.693	297.696	297.69	297.689	297.689	297.685	297.689	297.68	297.69	297.681	297.686	297.676	297.68	297.683	297.682	297.679	297.664	297.674	297.658	297.653	297.637	297.643	297.638	297.63	297.623	297.615	297.624	297.614	297.615	297.594	297.59	297.589	297.573	297.58	297.572	297.575	297.571	297.572	297.574	297.565	297.574	297.565	297.561	297.552	297.554	297.539	297.536	297.524	297.514	297.513	297.498	297.489	297.479	297.471	297.456	297.445	297.431	297.428	297.419	297.419	297.416	297.405	297.406	297.387	297.379	297.365	297.342	297.314	297.294	297.296	297.292	297.296	297.282	297.281	297.264	297.259	297.25	297.231	297.225	297.214	297.205	297.19	297.178	297.17	297.162	297.155	297.142	297.132	297.118	297.11	297.097	297.095	297.089	297.078	297.076	297.063	297.058	297.047	297.043	297.03	297.029	297.02	297.017	297.016	297.009	297.009	297.002	296.98	296.955	296.944	296.921	296.91	296.887	296.871	296.849	296.83	296.808	296.782	296.778	296.762
297.544	297.547	297.552	297.563	297.572	297.579	297.59	297.591	297.589	297.578	297.595	297.593	297.592	297.583	297.574	297.571	297.575	297.586	297.578	297.579	297.584	297.582	297.588	297.583	297.587	297.581	297.582	297.582	297.581	297.582	297.572	297.58	297.574	297.568	297.559	297.56	297.556	297.542	297.538	297.538	297.538	297.534	297.536	297.531	297.524	297.521	297.519	297.512	297.51	297.501	297.496	297.495	297.49	297.497	297.489	297.49	297.494	297.489	297.486	297.482	297.482	297.475	297.469	297.456	297.454	297.45	297.442	297.436	297.43	297.423	297.413	297.4	297.386	297.349	297.362	297.344	297.344	297.327	297.316	297.3	297.292	297.272	297.262	297.238	297.224	297.215	297.202	297.2	297.201	297.194	297.192	297.186	297.17	297.163	297.153	297.139	297.132	297.12	297.11	297.095	297.089	297.078	297.07	297.059	297.047	297.041	297.036	297.033	297.026	297.019	297.016	297.012	297.007	296.995	296.973	296.952	296.942	296.922	296.921	296.91	296.889	296.875	296.867	296.86	296.852	296.839	296.819	296.812	296.8	296.783	296.778	296.765	296.747	296.729	296.71	296.704	296.692
297.454	297.447	297.452	297.459	297.46	297.468	297.471	297.479	297.499	297.494	297.494	297.489	297.497	297.493	297.488	297.485	297.484	297.479	297.482	297.484	297.481	297.487	297.492	297.492	297.492	297.494	297.493	297.487	297.477	297.484	297.488	297.486	297.481	297.481	297.484	297.471	297.471	297.469	297.473	297.467	297.46	297.455	297.452	297.454	297.456	297.45	297.446	297.435	297.433	297.432	297.428	297.426	297.424	297.424	297.425	297.419	297.417	297.418	297.415	297.41	297.403	297.398	297.402	297.376	297.374	297.357	297.354	297.355	297.337	297.318	297.307	297.287	297.272	297.248	297.25	297.244	297.232	297.22	297.215	297.203	297.193	297.182	297.166	297.161	297.148	297.142	297.133	297.127	297.127	297.124	297.111	297.101	297.094	297.086	297.081	297.076	297.068	297.058	297.043	297.025	297.018	297.007	297.005	296.978	296.97	296.963	296.961	296.94	296.923	296.91	296.901	296.882	296.872	296.866	296.851	296.836	296.829	296.818	296.806	296.788	296.774	296.766	296.751	296.744	296.739	296.732	296.726	296.71	296.708	296.699	296.691	296.679	296.667	296.655	296.643	296.632	296.625
297.317	297.321	297.336	297.347	297.354	297.373	297.381	297.395	297.401	297.405	297.414	297.418	297.418	297.412	297.416	297.415	297.409	297.406	297.412	297.409	297.413	297.417	297.42	297.426	297.428	297.423	297.417	297.415	297.409	297.404	297.401	297.405	297.407	297.408	297.411	297.413	297.411	297.392	297.39	297.391	297.39	297.384	297.374	297.367	297.36	297.345	297.346	297.343	297.335	297.324	297.32	297.323	297.327	297.312	297.314	297.308	297.302	297.304	297.299	297.302	297.294	297.287	297.274	297.268	297.257	297.252	297.247	297.238	297.232	297.228	297.216	297.199	297.185	297.185	297.173	297.167	297.163	297.154	297.141	297.137	297.127	297.122	297.101	297.104	297.093	297.08	297.074	297.062	297.053	297.049	297.042	297.031	297.026	297.019	297.011	297.008	297.003	296.996	296.98	296.942	296.918	296.894	296.885	296.863	296.856	296.844	296.837	296.832	296.825	296.817	296.807	296.797	296.779	296.767	296.756	296.749	296.738	296.728	296.717	296.709	296.694	296.684	296.676	296.671	296.667	296.656	296.654	296.643	296.64	296.63	296.624	296.62	296.611	296.599	296.584	296.557	296.536
297.172	297.183	297.189	297.194	297.205	297.202	297.216	297.229	297.243	297.254	297.265	297.263	297.277	297.279	297.286	297.286	297.277	297.287	297.281	297.279	297.282	297.28	297.292	297.285	297.294	297.297	297.305	297.29	297.276	297.276	297.263	297.277	297.274	297.277	297.271	297.274	297.268	297.263	297.267	297.257	297.256	297.243	297.244	297.232	297.228	297.221	297.209	297.205	297.207	297.206	297.201	297.203	297.2	297.204	297.194	297.187	297.185	297.185	297.186	297.176	297.175	297.17	297.169	297.169	297.165	297.165	297.151	297.152	297.146	297.143	297.127	297.12	297.106	297.104	297.096	297.086	297.084	297.071	297.068	297.06	297.054	297.052	297.044	297.038	297.034	297.033	297.019	297.012	296.993	296.979	296.959	296.936	296.92	296.913	296.909	296.892	296.884	296.867	296.852	296.828	296.807	296.789	296.775	296.77	296.767	296.763	296.76	296.756	296.743	296.735	296.718	296.711	296.698	296.683	296.675	296.666	296.657	296.653	296.639	296.635	296.62	296.614	296.606	296.602	296.59	296.585	296.564	296.549	296.545	296.53	296.522	296.505	296.492	296.47	296.46	296.444	296.43
297.052	297.066	297.068	297.075	297.078	297.083	297.087	297.106	297.103	297.116	297.122	297.133	297.144	297.142	297.155	297.154	297.159	297.151	297.152	297.154	297.154	297.16	297.158	297.162	297.156	297.164	297.157	297.157	297.15	297.147	297.147	297.137	297.147	297.149	297.156	297.153	297.153	297.152	297.143	297.145	297.137	297.134	297.124	297.125	297.108	297.11	297.1	297.103	297.1	297.091	297.1	297.101	297.106	297.098	297.089	297.092	297.09	297.094	297.094	297.095	297.082	297.086	297.081	297.082	297.076	297.07	297.072	297.058	297.063	297.053	297.052	297.043	297.037	297.031	297.029	297.021	297.01	297.003	296.993	296.99	296.976	296.975	296.976	296.964	296.958	296.936	296.929	296.906	296.901	296.865	296.852	296.829	296.822	296.813	296.791	296.784	296.772	296.765	296.751	296.739	296.722	296.709	296.699	296.682	296.683	296.678	296.678	296.672	296.66	296.656	296.647	296.64	296.628	296.619	296.609	296.605	296.582	296.573	296.542	296.541	296.519	296.507	296.497	296.471	296.459	296.442	296.424	296.422	296.411	296.412	296.4	296.388	296.378	296.374	296.359	296.349	296.336
296.885	296.92	296.928	296.934	296.938	296.939	296.954	296.967	296.986	297.005	297.007	297.021	297.023	297.029	297.032	297.038	297.045	297.048	297.046	297.045	297.047	297.048	297.056	297.049	297.054	297.052	297.054	297.05	297.048	297.043	297.041	297.045	297.04	297.05	297.043	297.045	297.042	297.044	297.044	297.033	297.037	297.03	297.034	297.029	297.028	297.022	297.013	297.01	297.003	297.004	297.004	297.016	297.013	297.014	297.009	297.007	297.006	296.994	297.002	296.994	297.002	297	297.003	297.002	296.997	296.993	296.979	296.981	296.958	296.962	296.944	296.946	296.934	296.925	296.916	296.911	296.902	296.882	296.872	296.859	296.855	296.843	296.834	296.836	296.823	296.822	296.806	296.805	296.786	296.77	296.759	296.738	296.73	296.717	296.708	296.696	296.69	296.676	296.675	296.66	296.648	296.64	296.631	296.622	296.617	296.614	296.601	296.599	296.587	296.573	296.565	296.551	296.527	296.493	296.487	296.467	296.454	296.445	296.435	296.426	296.412	296.401	296.385	296.372	296.352	296.342	296.323	296.316	296.311	296.307	296.303	296.291	296.284	296.271	296.259	296.254	296.245
296.732	296.76	296.75	296.764	296.771	296.781	296.78	296.801	296.809	296.83	296.834	296.848	296.855	296.87	296.889	296.883	296.901	296.903	296.914	296.911	296.917	296.927	296.93	296.933	296.92	296.922	296.917	296.917	296.92	296.915	296.912	296.902	296.908	296.905	296.908	296.902	296.905	296.906	296.917	296.902	296.895	296.895	296.884	296.891	296.883	296.882	296.88	296.868	296.861	296.856	296.868	296.867	296.879	296.872	296.868	296.858	296.857	296.851	296.831	296.838	296.83	296.839	296.842	296.846	296.847	296.848	296.85	296.841	296.84	296.823	296.817	296.804	296.803	296.799	296.788	296.787	296.775	296.772	296.757	296.756	296.75	296.745	296.735	296.733	296.727	296.715	296.713	296.704	296.698	296.682	296.672	296.658	296.653	296.643	296.634	296.629	296.616	296.612	296.602	296.575	296.554	296.533	296.529	296.512	296.515	296.497	296.493	296.477	296.469	296.449	296.435	296.421	296.403	296.389	296.37	296.359	296.348	296.34	296.329	296.322	296.317	296.305	296.294	296.277	296.263	296.248	296.24	296.226	296.223	296.219	296.212	296.209	296.187	296.17	296.16	296.158	296.134
296.592	296.629	296.618	296.63	296.638	296.636	296.642	296.648	296.663	296.674	296.686	296.707	296.712	296.727	296.729	296.737	296.738	296.742	296.754	296.754	296.762	296.763	296.767	296.77	296.776	296.769	296.777	296.772	296.776	296.772	296.777	296.773	296.764	296.768	296.758	296.763	296.768	296.765	296.769	296.763	296.755	296.75	296.754	296.752	296.755	296.75	296.753	296.744	296.733	296.737	296.725	296.731	296.727	296.73	296.731	296.728	296.729	296.723	296.716	296.709	296.709	296.703	296.718	296.716	296.717	296.726	296.722	296.727	296.72	296.714	296.701	296.702	296.694	296.69	296.686	296.682	296.672	296.666	296.666	296.655	296.656	296.654	296.651	296.646	296.641	296.636	296.629	296.627	296.617	296.607	296.589	296.574	296.567	296.543	296.537	296.512	296.492	296.468	296.458	296.436	296.427	296.409	296.403	296.395	296.385	296.382	296.373	296.366	296.351	296.339	296.325	296.314	296.305	296.293	296.281	296.268	296.262	296.249	296.246	296.235	296.232	296.222	296.213	296.197	296.158	296.146	296.124	296.094	296.1	296.088	296.076	296.06	296.055	296.031	296.021	296.008	295.994
296.381	296.443	296.429	296.437	296.439	296.453	296.465	296.488	296.5	296.52	296.533	296.549	296.56	296.575	296.596	296.607	296.611	296.61	296.621	296.621	296.634	296.64	296.644	296.65	296.647	296.648	296.644	296.646	296.654	296.648	296.653	296.65	296.647	296.638	296.636	296.629	296.635	296.64	296.632	296.636	296.63	296.627	296.624	296.627	296.631	296.633	296.633	296.634	296.625	296.618	296.614	296.609	296.613	296.603	296.607	296.611	296.613	296.612	296.608	296.608	296.601	296.606	296.606	296.603	296.605	296.611	296.617	296.62	296.619	296.614	296.612	296.603	296.592	296.598	296.586	296.587	296.576	296.559	296.542	296.535	296.529	296.526	296.52	296.515	296.521	296.506	296.5	296.486	296.474	296.456	296.451	296.435	296.419	296.412	296.395	296.38	296.367	296.359	296.341	296.333	296.312	296.306	296.306	296.3	296.295	296.287	296.284	296.268	296.25	296.239	296.229	296.223	296.212	296.2	296.188	296.183	296.154	296.139	296.126	296.115	296.1	296.083	296.069	296.044	296.026	296.001	295.994	295.981	295.977	295.964	295.958	295.943	295.927	295.915	295.902	295.893	295.889
296.26	296.277	296.271	296.28	296.287	296.291	296.294	296.305	296.328	296.339	296.347	296.361	296.372	296.39	296.403	296.411	296.426	296.436	296.442	296.444	296.457	296.458	296.463	296.47	296.483	296.493	296.492	296.487	296.498	296.508	296.504	296.492	296.495	296.497	296.49	296.485	296.465	296.467	296.462	296.465	296.458	296.457	296.458	296.456	296.456	296.463	296.46	296.466	296.461	296.464	296.457	296.445	296.442	296.451	296.447	296.441	296.446	296.443	296.444	296.436	296.438	296.438	296.43	296.426	296.433	296.426	296.444	296.45	296.451	296.449	296.44	296.436	296.429	296.428	296.42	296.417	296.419	296.415	296.405	296.391	296.39	296.377	296.373	296.369	296.363	296.361	296.36	296.356	296.347	296.345	296.335	296.319	296.307	296.298	296.288	296.272	296.263	296.254	296.244	296.239	296.22	296.221	296.207	296.209	296.202	296.189	296.166	296.155	296.13	296.119	296.095	296.085	296.064	296.057	296.044	296.022	296.013	295.998	295.985	295.976	295.96	295.955	295.938	295.919	295.908	295.894	295.883	295.878	295.878	295.865	295.854	295.843	295.829	295.82	295.81	295.802	295.789
296.093	296.089	296.093	296.097	296.097	296.107	296.131	296.15	296.167	296.187	296.202	296.207	296.205	296.214	296.229	296.246	296.264	296.275	296.273	296.288	296.284	296.284	296.296	296.305	296.306	296.308	296.317	296.331	296.325	296.342	296.346	296.338	296.34	296.334	296.323	296.323	296.31	296.311	296.306	296.308	296.303	296.298	296.303	296.304	296.302	296.312	296.306	296.303	296.294	296.288	296.29	296.297	296.296	296.295	296.299	296.298	296.3	296.289	296.293	296.291	296.289	296.287	296.284	296.281	296.283	296.284	296.296	296.29	296.295	296.298	296.295	296.293	296.291	296.281	296.29	296.286	296.278	296.276	296.277	296.269	296.259	296.255	296.25	296.248	296.249	296.25	296.249	296.241	296.238	296.232	296.223	296.221	296.22	296.215	296.205	296.191	296.16	296.145	296.124	296.113	296.089	296.086	296.069	296.055	296.048	296.038	296.024	296.004	295.984	295.975	295.957	295.949	295.935	295.928	295.916	295.899	295.891	295.89	295.882	295.873	295.855	295.843	295.832	295.823	295.813	295.802	295.788	295.757	295.75	295.739	295.718	295.704	295.695	295.677	295.653	295.647	295.614
295.889	295.897	295.915	295.921	295.924	295.929	295.941	295.96	295.977	295.997	296	296.006	296.021	296.03	296.047	296.057	296.081	296.1	296.115	296.122	296.118	296.119	296.124	296.131	296.142	296.168	296.17	296.187	296.194	296.202	296.211	296.205	296.207	296.207	296.195	296.183	296.178	296.183	296.175	296.171	296.157	296.145	296.144	296.145	296.142	296.136	296.152	296.149	296.162	296.162	296.155	296.15	296.155	296.147	296.153	296.142	296.147	296.15	296.155	296.157	296.15	296.149	296.147	296.139	296.135	296.141	296.147	296.151	296.166	296.161	296.16	296.162	296.166	296.165	296.149	296.153	296.165	296.163	296.154	296.142	296.132	296.129	296.117	296.109	296.106	296.091	296.091	296.079	296.074	296.073	296.07	296.062	296.063	296.053	296.043	296.028	296.015	296.003	295.982	295.97	295.958	295.941	295.936	295.922	295.912	295.898	295.889	295.878	295.866	295.857	295.839	295.831	295.824	295.814	295.809	295.804	295.792	295.784	295.771	295.752	295.736	295.708	295.687	295.664	295.65	295.631	295.617	295.602	295.582	295.572	295.564	295.558	295.546	295.536	295.518	295.514	295.499
295.709	295.717	295.731	295.74	295.763	295.78	295.803	295.811	295.823	295.824	295.83	295.835	295.841	295.85	295.864	295.882	295.9	295.919	295.926	295.921	295.925	295.926	295.933	295.934	295.942	295.954	295.967	295.974	295.988	295.993	296.008	296.014	296.007	296.005	295.999	295.991	295.984	295.983	295.982	295.982	295.979	295.978	295.975	295.965	295.966	295.96	295.97	295.965	295.958	295.966	295.965	295.971	295.974	295.98	295.977	295.965	295.968	295.97	295.97	295.971	295.969	295.962	295.954	295.956	295.959	295.966	295.967	295.974	295.971	295.974	295.981	295.988	295.976	295.986	295.987	295.984	295.984	295.977	295.977	295.971	295.971	295.957	295.952	295.953	295.945	295.945	295.937	295.932	295.928	295.923	295.922	295.912	295.922	295.914	295.91	295.905	295.897	295.885	295.87	295.858	295.848	295.838	295.831	295.821	295.818	295.803	295.766	295.755	295.727	295.709	295.696	295.674	295.662	295.648	295.638	295.627	295.621	295.612	295.608	295.592	295.572	295.559	295.538	295.528	295.514	295.508	295.492	295.473	295.467	295.448	295.441	295.429	295.42	295.412	295.401	295.376	295.367
295.486	295.504	295.521	295.536	295.549	295.565	295.577	295.597	295.614	295.622	295.639	295.64	295.649	295.659	295.672	295.683	295.716	295.72	295.746	295.755	295.764	295.759	295.756	295.769	295.767	295.786	295.802	295.811	295.818	295.831	295.835	295.846	295.85	295.848	295.849	295.837	295.835	295.83	295.823	295.828	295.816	295.82	295.819	295.813	295.813	295.812	295.808	295.818	295.817	295.82	295.821	295.819	295.826	295.818	295.818	295.821	295.818	295.817	295.815	295.818	295.815	295.817	295.816	295.813	295.811	295.82	295.816	295.815	295.82	295.824	295.831	295.833	295.839	295.838	295.84	295.848	295.841	295.846	295.838	295.832	295.831	295.825	295.826	295.824	295.824	295.818	295.816	295.812	295.815	295.807	295.808	295.791	295.798	295.787	295.791	295.796	295.778	295.761	295.744	295.722	295.708	295.682	295.667	295.645	295.637	295.62	295.603	295.592	295.573	295.555	295.542	295.525	295.509	295.502	295.493	295.488	295.475	295.467	295.464	295.456	295.448	295.438	295.429	295.416	295.404	295.381	295.359	295.333	295.323	295.295	295.275	295.264	295.244	295.231	295.224	295.209	295.199
295.288	295.303	295.328	295.353	295.373	295.407	295.418	295.419	295.431	295.438	295.445	295.452	295.461	295.47	295.476	295.491	295.503	295.518	295.528	295.531	295.539	295.544	295.546	295.547	295.554	295.561	295.576	295.589	295.594	295.605	295.612	295.63	295.631	295.639	295.64	295.638	295.627	295.625	295.619	295.62	295.618	295.617	295.619	295.607	295.609	295.604	295.604	295.613	295.615	295.625	295.624	295.627	295.63	295.635	295.636	295.628	295.627	295.624	295.634	295.629	295.626	295.626	295.627	295.625	295.625	295.626	295.628	295.631	295.635	295.639	295.639	295.644	295.652	295.658	295.655	295.66	295.661	295.658	295.663	295.653	295.656	295.648	295.646	295.645	295.637	295.637	295.628	295.631	295.621	295.616	295.617	295.614	295.613	295.605	295.6	295.592	295.589	295.579	295.575	295.56	295.548	295.53	295.517	295.502	295.494	295.486	295.469	295.455	295.437	295.423	295.414	295.403	295.388	295.359	295.345	295.322	295.319	295.305	295.3	295.296	295.296	295.282	295.256	295.236	295.214	295.192	295.179	295.16	295.147	295.13	295.121	295.109	295.095	295.077	295.07	295.061	295.049
295.084	295.097	295.114	295.138	295.151	295.175	295.188	295.193	295.202	295.217	295.217	295.234	295.24	295.249	295.258	295.268	295.288	295.304	295.318	295.329	295.334	295.354	295.36	295.363	295.378	295.389	295.389	295.409	295.412	295.419	295.426	295.425	295.431	295.436	295.445	295.445	295.442	295.442	295.439	295.437	295.436	295.443	295.438	295.435	295.431	295.429	295.435	295.438	295.446	295.446	295.452	295.454	295.459	295.461	295.459	295.457	295.469	295.463	295.464	295.462	295.46	295.462	295.454	295.458	295.457	295.457	295.465	295.468	295.474	295.469	295.471	295.47	295.479	295.486	295.482	295.489	295.484	295.49	295.49	295.491	295.489	295.483	295.485	295.485	295.483	295.481	295.477	295.47	295.474	295.468	295.47	295.465	295.465	295.467	295.461	295.454	295.451	295.449	295.435	295.428	295.42	295.405	295.395	295.363	295.355	295.333	295.316	295.295	295.28	295.258	295.24	295.225	295.203	295.185	295.167	295.155	295.141	295.135	295.13	295.127	295.122	295.121	295.111	295.092	295.075	295.054	295.036	295.022	295.005	294.997	294.97	294.961	294.942	294.93	294.908	294.895	294.882
294.879	294.902	294.919	294.95	294.967	294.991	294.998	295.005	295.011	295.018	295.022	295.034	295.043	295.048	295.058	295.073	295.085	295.098	295.099	295.115	295.111	295.119	295.128	295.139	295.145	295.166	295.171	295.191	295.192	295.192	295.2	295.201	295.216	295.223	295.218	295.233	295.228	295.231	295.23	295.221	295.22	295.213	295.21	295.207	295.203	295.202	295.218	295.222	295.237	295.241	295.25	295.263	295.264	295.268	295.273	295.267	295.277	295.279	295.28	295.285	295.282	295.279	295.276	295.275	295.269	295.279	295.286	295.282	295.288	295.283	295.282	295.293	295.287	295.304	295.304	295.298	295.3	295.298	295.305	295.308	295.323	295.332	295.333	295.33	295.318	295.321	295.31	295.307	295.303	295.308	295.3	295.297	295.301	295.292	295.289	295.282	295.275	295.258	295.25	295.241	295.228	295.217	295.197	295.176	295.165	295.156	295.139	295.13	295.112	295.101	295.082	295.074	295.058	295.045	295.036	295.014	294.996	294.986	294.983	294.977	294.968	294.968	294.955	294.934	294.913	294.888	294.857	294.843	294.822	294.814	294.792	294.781	294.764	294.751	294.739	294.73	294.722
294.68	294.696	294.708	294.73	294.742	294.755	294.76	294.773	294.78	294.783	294.79	294.8	294.811	294.827	294.837	294.846	294.862	294.888	294.887	294.895	294.894	294.901	294.92	294.943	294.947	294.971	294.978	294.994	295	295.009	295.02	295.015	295.027	295.028	295.031	295.033	295.038	295.039	295.038	295.037	295.03	295.029	295.021	295.023	295.018	295.026	295.028	295.038	295.052	295.06	295.063	295.081	295.086	295.094	295.101	295.104	295.106	295.108	295.111	295.107	295.1	295.095	295.1	295.095	295.095	295.102	295.098	295.099	295.105	295.105	295.102	295.109	295.117	295.116	295.116	295.111	295.115	295.116	295.123	295.127	295.124	295.137	295.135	295.142	295.141	295.138	295.136	295.138	295.134	295.132	295.128	295.132	295.125	295.121	295.126	295.12	295.113	295.105	295.099	295.089	295.076	295.069	295.059	295.047	295.036	295.02	295.001	294.994	294.966	294.953	294.943	294.923	294.906	294.88	294.862	294.843	294.832	294.819	294.804	294.804	294.79	294.784	294.78	294.764	294.742	294.72	294.703	294.693	294.677	294.657	294.643	294.631	294.613	294.598	294.599	294.589	294.582
294.472	294.5	294.525	294.535	294.546	294.558	294.56	294.566	294.57	294.577	294.595	294.592	294.613	294.625	294.637	294.65	294.661	294.675	294.685	294.68	294.686	294.692	294.698	294.71	294.725	294.748	294.756	294.761	294.766	294.761	294.772	294.783	294.783	294.792	294.799	294.805	294.812	294.815	294.812	294.81	294.804	294.791	294.796	294.789	294.801	294.804	294.819	294.834	294.842	294.858	294.869	294.876	294.895	294.909	294.917	294.921	294.924	294.929	294.926	294.926	294.922	294.921	294.913	294.916	294.914	294.909	294.917	294.915	294.915	294.93	294.933	294.946	294.936	294.931	294.942	294.945	294.942	294.945	294.948	294.95	294.971	294.976	294.99	294.992	294.987	294.977	294.976	294.983	294.978	294.979	294.982	294.993	294.992	294.98	294.977	294.956	294.959	294.951	294.938	294.927	294.915	294.903	294.872	294.846	294.833	294.819	294.806	294.797	294.778	294.769	294.755	294.745	294.733	294.718	294.71	294.696	294.684	294.673	294.66	294.643	294.639	294.628	294.621	294.614	294.606	294.581	294.557	294.53	294.519	294.501	294.474	294.457	294.439	294.423	294.42	294.411	294.406
294.262	294.277	294.295	294.31	294.33	294.334	294.334	294.351	294.357	294.359	294.365	294.367	294.386	294.396	294.409	294.428	294.443	294.445	294.478	294.473	294.468	294.47	294.477	294.495	294.518	294.52	294.536	294.551	294.566	294.568	294.556	294.564	294.575	294.586	294.589	294.599	294.596	294.602	294.598	294.61	294.608	294.604	294.603	294.599	294.611	294.609	294.623	294.637	294.648	294.665	294.679	294.686	294.694	294.706	294.716	294.725	294.726	294.727	294.726	294.724	294.717	294.712	294.707	294.713	294.716	294.707	294.714	294.725	294.721	294.726	294.732	294.74	294.742	294.741	294.739	294.733	294.74	294.752	294.748	294.749	294.758	294.756	294.768	294.766	294.767	294.77	294.775	294.769	294.771	294.78	294.783	294.785	294.79	294.784	294.777	294.774	294.768	294.761	294.759	294.749	294.732	294.712	294.706	294.689	294.677	294.663	294.651	294.643	294.634	294.626	294.616	294.603	294.584	294.561	294.548	294.532	294.51	294.497	294.482	294.459	294.451	294.444	294.426	294.414	294.402	294.383	294.375	294.356	294.339	294.324	294.31	294.294	294.276	294.265	294.254	294.255	294.255
294.038	294.062	294.078	294.107	294.115	294.139	294.145	294.156	294.166	294.172	294.169	294.173	294.182	294.209	294.212	294.221	294.238	294.251	294.251	294.259	294.27	294.277	294.286	294.292	294.3	294.315	294.324	294.325	294.32	294.334	294.335	294.337	294.344	294.345	294.347	294.352	294.352	294.365	294.364	294.364	294.367	294.365	294.373	294.371	294.383	294.394	294.411	294.424	294.438	294.452	294.453	294.472	294.48	294.494	294.515	294.522	294.528	294.537	294.545	294.539	294.53	294.522	294.536	294.52	294.532	294.534	294.53	294.53	294.534	294.553	294.552	294.566	294.568	294.563	294.562	294.563	294.565	294.582	294.589	294.595	294.602	294.596	294.607	294.604	294.61	294.606	294.603	294.602	294.604	294.606	294.606	294.609	294.615	294.619	294.615	294.623	294.619	294.617	294.614	294.604	294.594	294.572	294.54	294.524	294.502	294.484	294.469	294.455	294.443	294.422	294.415	294.399	294.382	294.374	294.353	294.347	294.338	294.327	294.312	294.3	294.277	294.269	294.258	294.252	294.244	294.233	294.22	294.213	294.204	294.182	294.157	294.145	294.114	294.102	294.092	294.092	294.089
293.831	293.839	293.858	293.884	293.896	293.912	293.93	293.94	293.95	293.953	293.944	293.957	293.945	293.96	293.973	293.985	294.008	294.02	294.034	294.047	294.054	294.068	294.072	294.079	294.102	294.096	294.107	294.118	294.122	294.116	294.127	294.124	294.137	294.14	294.14	294.147	294.137	294.132	294.134	294.137	294.146	294.146	294.158	294.162	294.176	294.197	294.207	294.218	294.227	294.244	294.25	294.261	294.273	294.283	294.296	294.298	294.311	294.321	294.317	294.317	294.314	294.31	294.315	294.308	294.316	294.317	294.323	294.334	294.335	294.341	294.344	294.349	294.35	294.353	294.355	294.36	294.363	294.371	294.378	294.387	294.392	294.398	294.406	294.405	294.402	294.398	294.39	294.39	294.387	294.387	294.395	294.391	294.399	294.409	294.408	294.412	294.41	294.406	294.397	294.389	294.38	294.374	294.361	294.346	294.327	294.311	294.302	294.287	294.277	294.264	294.26	294.245	294.228	294.219	294.208	294.19	294.186	294.16	294.138	294.118	294.094	294.081	294.073	294.066	294.046	294.041	294.03	294.017	294.008	293.989	293.972	293.957	293.943	293.932	293.92	293.916	293.913
293.598	293.616	293.634	293.657	293.681	293.69	293.711	293.725	293.736	293.744	293.736	293.74	293.751	293.757	293.769	293.792	293.805	293.815	293.818	293.828	293.841	293.854	293.867	293.865	293.873	293.882	293.878	293.891	293.898	293.895	293.904	293.899	293.905	293.906	293.908	293.905	293.905	293.902	293.898	293.904	293.909	293.919	293.919	293.93	293.938	293.948	293.966	293.976	293.991	293.997	294.011	294.025	294.036	294.063	294.074	294.09	294.093	294.106	294.11	294.109	294.113	294.106	294.103	294.109	294.105	294.114	294.123	294.136	294.149	294.145	294.156	294.149	294.158	294.172	294.18	294.182	294.19	294.196	294.202	294.212	294.215	294.228	294.226	294.224	294.225	294.222	294.223	294.214	294.209	294.211	294.217	294.221	294.222	294.224	294.23	294.237	294.237	294.234	294.231	294.228	294.217	294.207	294.195	294.177	294.156	294.136	294.119	294.097	294.094	294.079	294.072	294.059	294.042	294.017	294.004	293.994	293.98	293.97	293.953	293.933	293.918	293.899	293.888	293.881	293.876	293.871	293.862	293.853	293.852	293.836	293.823	293.814	293.802	293.784	293.766	293.764	293.757
293.402	293.413	293.427	293.446	293.473	293.478	293.489	293.499	293.493	293.5	293.508	293.505	293.521	293.525	293.533	293.542	293.557	293.572	293.584	293.592	293.598	293.617	293.624	293.637	293.635	293.653	293.656	293.657	293.662	293.656	293.662	293.664	293.671	293.68	293.672	293.672	293.672	293.67	293.665	293.664	293.67	293.686	293.693	293.707	293.714	293.729	293.738	293.757	293.764	293.781	293.81	293.821	293.838	293.847	293.856	293.876	293.884	293.889	293.898	293.895	293.892	293.892	293.884	293.883	293.886	293.895	293.905	293.908	293.922	293.924	293.925	293.932	293.935	293.944	293.955	293.957	293.975	293.978	293.986	293.996	293.999	294.004	294.008	294.012	293.999	294.002	293.996	293.989	293.991	293.987	293.993	293.996	294.004	294.003	294.01	294.011	294.019	294.016	294.011	294.01	294	293.992	293.975	293.966	293.952	293.935	293.923	293.911	293.906	293.896	293.882	293.87	293.86	293.849	293.841	293.831	293.821	293.808	293.795	293.76	293.737	293.717	293.699	293.694	293.683	293.68	293.674	293.673	293.663	293.656	293.638	293.623	293.608	293.595	293.583	293.577	293.568
293.164	293.186	293.2	293.218	293.235	293.243	293.254	293.265	293.27	293.271	293.285	293.274	293.284	293.299	293.318	293.326	293.332	293.351	293.353	293.365	293.374	293.374	293.388	293.412	293.409	293.424	293.429	293.432	293.44	293.437	293.442	293.442	293.447	293.451	293.446	293.442	293.44	293.442	293.446	293.449	293.454	293.463	293.477	293.482	293.487	293.496	293.502	293.513	293.529	293.534	293.553	293.571	293.588	293.615	293.619	293.649	293.658	293.668	293.675	293.674	293.667	293.669	293.663	293.668	293.671	293.679	293.687	293.69	293.709	293.715	293.717	293.721	293.728	293.737	293.748	293.759	293.771	293.782	293.794	293.807	293.813	293.82	293.827	293.828	293.821	293.812	293.813	293.807	293.807	293.806	293.808	293.818	293.815	293.815	293.828	293.831	293.835	293.832	293.827	293.825	293.815	293.816	293.798	293.788	293.776	293.757	293.74	293.726	293.711	293.702	293.691	293.676	293.661	293.648	293.635	293.622	293.606	293.592	293.573	293.555	293.539	293.524	293.513	293.504	293.499	293.496	293.491	293.491	293.486	293.474	293.467	293.455	293.453	293.447	293.438	293.433	293.424
292.965	292.975	292.996	293.01	293.022	293.034	293.03	293.042	293.043	293.038	293.044	293.055	293.056	293.069	293.081	293.09	293.101	293.116	293.116	293.117	293.106	293.107	293.112	293.133	293.141	293.159	293.167	293.173	293.185	293.185	293.188	293.196	293.197	293.199	293.201	293.202	293.203	293.209	293.206	293.208	293.214	293.223	293.237	293.249	293.25	293.264	293.271	293.28	293.297	293.314	293.333	293.351	293.36	293.394	293.414	293.435	293.448	293.457	293.461	293.464	293.466	293.462	293.461	293.461	293.462	293.464	293.471	293.478	293.48	293.487	293.487	293.494	293.5	293.514	293.527	293.53	293.543	293.553	293.566	293.572	293.578	293.596	293.588	293.593	293.594	293.588	293.588	293.584	293.579	293.586	293.593	293.592	293.592	293.602	293.607	293.609	293.614	293.605	293.603	293.598	293.586	293.583	293.578	293.575	293.563	293.552	293.539	293.535	293.519	293.509	293.509	293.495	293.481	293.474	293.458	293.448	293.434	293.42	293.402	293.38	293.355	293.334	293.321	293.309	293.3	293.308	293.296	293.289	293.281	293.272	293.273	293.27	293.254	293.25	293.238	293.226	293.219
292.725	292.734	292.74	292.764	292.763	292.777	292.774	292.772	292.78	292.783	292.778	292.787	292.797	292.813	292.827	292.84	292.866	292.859	292.868	292.86	292.854	292.855	292.854	292.866	292.892	292.918	292.949	292.967	292.974	292.976	292.974	292.97	292.978	292.983	292.986	292.978	292.983	292.987	292.996	293	293.012	293.02	293.021	293.03	293.036	293.036	293.048	293.055	293.068	293.084	293.094	293.12	293.123	293.143	293.166	293.184	293.202	293.22	293.213	293.218	293.217	293.22	293.225	293.224	293.233	293.242	293.247	293.251	293.255	293.26	293.266	293.271	293.281	293.299	293.31	293.317	293.326	293.331	293.347	293.362	293.382	293.384	293.39	293.396	293.4	293.401	293.389	293.397	293.4	293.406	293.403	293.404	293.406	293.407	293.408	293.419	293.419	293.417	293.412	293.409	293.406	293.403	293.401	293.39	293.377	293.37	293.368	293.349	293.353	293.337	293.317	293.3	293.279	293.264	293.254	293.233	293.219	293.205	293.183	293.174	293.158	293.142	293.124	293.116	293.105	293.107	293.1	293.096	293.093	293.081	293.078	293.072	293.069	293.072	293.067	293.062	293.043
292.499	292.511	292.525	292.529	292.532	292.532	292.533	292.538	292.529	292.53	292.543	292.556	292.565	292.581	292.594	292.604	292.63	292.623	292.63	292.626	292.617	292.612	292.615	292.634	292.647	292.662	292.682	292.699	292.708	292.717	292.72	292.718	292.719	292.718	292.721	292.733	292.737	292.742	292.747	292.751	292.749	292.766	292.772	292.783	292.793	292.8	292.81	292.811	292.828	292.841	292.852	292.87	292.894	292.911	292.94	292.964	292.978	293.001	293.006	293.009	293.003	293.004	293.011	293.013	293.021	293.021	293.027	293.034	293.039	293.038	293.043	293.056	293.067	293.074	293.079	293.093	293.101	293.112	293.117	293.127	293.133	293.137	293.149	293.147	293.15	293.151	293.15	293.153	293.154	293.163	293.163	293.168	293.172	293.18	293.185	293.185	293.183	293.184	293.182	293.17	293.173	293.158	293.158	293.16	293.154	293.151	293.147	293.135	293.134	293.124	293.115	293.111	293.096	293.085	293.072	293.057	293.038	293.028	293.015	292.986	292.962	292.935	292.917	292.91	292.903	292.898	292.905	292.894	292.883	292.88	292.876	292.877	292.876	292.871	292.858	292.844	292.828
292.263	292.269	292.266	292.27	292.293	292.284	292.293	292.298	292.298	292.295	292.29	292.307	292.314	292.322	292.334	292.342	292.357	292.363	292.361	292.357	292.355	292.357	292.349	292.359	292.375	292.399	292.426	292.444	292.456	292.467	292.469	292.476	292.477	292.48	292.479	292.484	292.512	292.521	292.53	292.545	292.528	292.538	292.543	292.553	292.56	292.559	292.565	292.577	292.585	292.606	292.624	292.627	292.655	292.667	292.684	292.705	292.726	292.737	292.732	292.74	292.741	292.747	292.753	292.762	292.776	292.781	292.797	292.796	292.803	292.811	292.813	292.819	292.833	292.849	292.861	292.873	292.866	292.889	292.885	292.892	292.912	292.92	292.926	292.931	292.93	292.928	292.922	292.934	292.937	292.946	292.953	292.967	292.972	292.987	292.986	292.996	292.99	292.978	292.972	292.962	292.975	292.974	292.972	292.964	292.96	292.951	292.955	292.957	292.944	292.933	292.931	292.91	292.906	292.894	292.871	292.852	292.829	292.804	292.796	292.772	292.754	292.744	292.731	292.72	292.708	292.697	292.696	292.69	292.684	292.68	292.677	292.673	292.676	292.669	292.668	292.661	292.643
292.005	292.014	292.028	292.032	292.028	292.038	292.045	292.043	292.045	292.068	292.066	292.076	292.078	292.086	292.095	292.111	292.109	292.125	292.13	292.13	292.132	292.129	292.141	292.155	292.165	292.175	292.188	292.207	292.229	292.233	292.235	292.235	292.234	292.238	292.254	292.256	292.278	292.287	292.295	292.302	292.303	292.309	292.31	292.317	292.321	292.329	292.327	292.342	292.343	292.351	292.365	292.384	292.4	292.423	292.442	292.461	292.476	292.497	292.499	292.507	292.518	292.527	292.537	292.539	292.56	292.573	292.585	292.596	292.603	292.609	292.607	292.615	292.623	292.634	292.639	292.651	292.649	292.662	292.671	292.677	292.685	292.692	292.7	292.709	292.708	292.705	292.707	292.711	292.708	292.706	292.712	292.717	292.729	292.739	292.743	292.755	292.763	292.762	292.758	292.758	292.74	292.736	292.734	292.731	292.733	292.74	292.73	292.73	292.722	292.718	292.711	292.7	292.692	292.69	292.673	292.662	292.645	292.62	292.608	292.597	292.576	292.559	292.542	292.509	292.496	292.494	292.489	292.48	292.478	292.468	292.468	292.461	292.461	292.449	292.433	292.424	292.413
291.758	291.768	291.78	291.788	291.791	291.799	291.811	291.82	291.823	291.827	291.831	291.836	291.837	291.845	291.856	291.866	291.869	291.879	291.884	291.885	291.883	291.879	291.881	291.884	291.894	291.904	291.922	291.943	291.958	291.966	291.968	291.971	291.975	291.974	291.985	292.005	292.025	292.047	292.055	292.065	292.065	292.065	292.084	292.093	292.094	292.096	292.084	292.087	292.101	292.116	292.135	292.149	292.169	292.181	292.202	292.222	292.238	292.244	292.248	292.254	292.263	292.268	292.282	292.296	292.307	292.323	292.331	292.347	292.356	292.362	292.374	292.378	292.396	292.405	292.416	292.419	292.428	292.435	292.446	292.457	292.467	292.478	292.491	292.488	292.49	292.485	292.486	292.483	292.483	292.485	292.495	292.5	292.498	292.506	292.532	292.536	292.555	292.556	292.555	292.546	292.532	292.532	292.536	292.538	292.523	292.528	292.519	292.516	292.511	292.495	292.488	292.487	292.484	292.479	292.469	292.442	292.416	292.402	292.381	292.367	292.353	292.342	292.328	292.314	292.297	292.292	292.284	292.277	292.274	292.268	292.269	292.25	292.253	292.247	292.242	292.232	292.224
291.504	291.519	291.526	291.531	291.549	291.538	291.546	291.558	291.566	291.565	291.581	291.583	291.591	291.602	291.601	291.611	291.616	291.634	291.636	291.631	291.639	291.64	291.646	291.648	291.66	291.674	291.678	291.706	291.717	291.736	291.733	291.714	291.717	291.737	291.751	291.786	291.804	291.825	291.835	291.837	291.839	291.838	291.85	291.856	291.859	291.868	291.866	291.871	291.877	291.884	291.894	291.912	291.927	291.942	291.958	291.968	291.981	291.983	291.99	291.999	292.022	292.036	292.048	292.072	292.08	292.098	292.111	292.119	292.131	292.144	292.16	292.163	292.171	292.187	292.198	292.206	292.216	292.224	292.235	292.237	292.246	292.257	292.267	292.272	292.276	292.279	292.274	292.271	292.27	292.266	292.269	292.277	292.281	292.287	292.303	292.311	292.322	292.329	292.321	292.317	292.317	292.303	292.298	292.302	292.303	292.299	292.296	292.29	292.28	292.272	292.265	292.259	292.261	292.247	292.247	292.236	292.221	292.209	292.189	292.181	292.177	292.156	292.13	292.111	292.082	292.074	292.069	292.056	292.048	292.039	292.036	292.029	292.018	292.017	292.006	291.997	291.985
291.243	291.262	291.271	291.28	291.288	291.296	291.307	291.317	291.324	291.328	291.338	291.341	291.358	291.366	291.37	291.383	291.393	291.401	291.408	291.406	291.404	291.403	291.408	291.414	291.428	291.436	291.442	291.453	291.456	291.468	291.477	291.471	291.473	291.488	291.498	291.53	291.551	291.567	291.58	291.582	291.596	291.596	291.598	291.606	291.607	291.612	291.612	291.625	291.633	291.647	291.662	291.684	291.689	291.707	291.715	291.734	291.739	291.751	291.755	291.767	291.795	291.808	291.821	291.837	291.847	291.86	291.868	291.876	291.889	291.898	291.905	291.918	291.922	291.931	291.941	291.953	291.961	291.972	291.989	292	292.01	292.023	292.028	292.038	292.043	292.04	292.04	292.036	292.027	292.031	292.028	292.036	292.039	292.052	292.071	292.091	292.103	292.105	292.101	292.097	292.097	292.093	292.081	292.083	292.08	292.069	292.065	292.059	292.046	292.042	292.04	292.025	292.027	292.01	291.99	291.975	291.969	291.96	291.95	291.946	291.935	291.922	291.906	291.892	291.879	291.872	291.86	291.857	291.853	291.846	291.838	291.833	291.823	291.817	291.815	291.811	291.804
291.011	291.027	291.036	291.047	291.043	291.053	291.061	291.061	291.066	291.073	291.074	291.086	291.1	291.107	291.111	291.131	291.128	291.144	291.149	291.146	291.148	291.145	291.158	291.163	291.176	291.186	291.19	291.202	291.206	291.208	291.221	291.224	291.232	291.246	291.266	291.305	291.317	291.333	291.349	291.343	291.358	291.36	291.369	291.37	291.384	291.392	291.389	291.406	291.413	291.429	291.442	291.459	291.471	291.478	291.488	291.494	291.499	291.502	291.511	291.518	291.54	291.558	291.569	291.595	291.602	291.61	291.615	291.62	291.63	291.65	291.655	291.672	291.683	291.694	291.709	291.732	291.748	291.751	291.769	291.781	291.79	291.797	291.808	291.82	291.83	291.833	291.83	291.83	291.829	291.828	291.83	291.831	291.836	291.842	291.85	291.87	291.874	291.878	291.877	291.871	291.865	291.865	291.86	291.854	291.847	291.843	291.841	291.838	291.836	291.829	291.827	291.825	291.813	291.809	291.789	291.775	291.763	291.745	291.741	291.728	291.719	291.71	291.698	291.673	291.663	291.649	291.643	291.633	291.623	291.619	291.606	291.594	291.587	291.582	291.577	291.575	291.568
290.746	290.757	290.77	290.784	290.785	290.791	290.797	290.802	290.81	290.824	290.834	290.844	290.863	290.869	290.881	290.884	290.883	290.908	290.906	290.914	290.923	290.925	290.935	290.942	290.958	290.981	290.992	290.991	291.001	290.981	290.982	290.989	290.999	291.013	291.028	291.048	291.062	291.072	291.086	291.097	291.11	291.119	291.13	291.126	291.125	291.133	291.138	291.147	291.167	291.184	291.198	291.214	291.232	291.245	291.245	291.255	291.261	291.256	291.264	291.271	291.298	291.324	291.348	291.364	291.374	291.381	291.389	291.397	291.405	291.419	291.43	291.443	291.453	291.463	291.477	291.489	291.497	291.513	291.525	291.537	291.55	291.554	291.566	291.573	291.581	291.58	291.574	291.57	291.575	291.569	291.577	291.584	291.589	291.608	291.616	291.63	291.641	291.643	291.633	291.638	291.631	291.631	291.621	291.608	291.597	291.598	291.587	291.585	291.587	291.584	291.587	291.581	291.558	291.548	291.531	291.522	291.514	291.508	291.504	291.498	291.49	291.481	291.473	291.461	291.462	291.451	291.439	291.428	291.414	291.407	291.406	291.406	291.394	291.388	291.382	291.375	291.381
290.486	290.512	290.524	290.534	290.545	290.552	290.555	290.565	290.582	290.586	290.608	290.617	290.62	290.627	290.634	290.638	290.644	290.654	290.657	290.665	290.671	290.671	290.677	290.701	290.705	290.714	290.725	290.722	290.73	290.725	290.723	290.736	290.745	290.757	290.774	290.783	290.793	290.805	290.816	290.836	290.856	290.872	290.892	290.903	290.902	290.899	290.909	290.919	290.939	290.96	290.983	291.001	291.012	291.02	291.023	291.03	291.036	291.037	291.045	291.054	291.068	291.085	291.096	291.11	291.124	291.131	291.144	291.151	291.155	291.162	291.171	291.178	291.19	291.21	291.228	291.239	291.261	291.277	291.288	291.303	291.326	291.33	291.35	291.349	291.354	291.355	291.359	291.359	291.379	291.371	291.385	291.385	291.396	291.41	291.419	291.422	291.424	291.426	291.421	291.419	291.426	291.425	291.421	291.414	291.403	291.384	291.384	291.378	291.385	291.379	291.367	291.372	291.344	291.326	291.299	291.294	291.282	291.281	291.271	291.269	291.26	291.248	291.245	291.232	291.223	291.212	291.204	291.195	291.187	291.184	291.166	291.166	291.155	291.15	291.147	291.143	291.143
290.257	290.261	290.278	290.289	290.287	290.3	290.303	290.317	290.326	290.332	290.342	290.346	290.365	290.373	290.379	290.39	290.408	290.392	290.405	290.413	290.421	290.443	290.436	290.463	290.467	290.47	290.483	290.484	290.482	290.473	290.483	290.496	290.503	290.513	290.525	290.531	290.544	290.561	290.58	290.601	290.623	290.647	290.652	290.664	290.669	290.67	290.674	290.69	290.703	290.716	290.741	290.755	290.763	290.771	290.776	290.779	290.787	290.793	290.793	290.812	290.83	290.848	290.862	290.872	290.891	290.907	290.913	290.921	290.929	290.948	290.956	290.958	290.969	290.987	291.002	291.021	291.036	291.053	291.066	291.075	291.079	291.083	291.096	291.108	291.105	291.104	291.105	291.101	291.104	291.118	291.128	291.134	291.145	291.155	291.17	291.178	291.177	291.175	291.179	291.171	291.179	291.175	291.166	291.162	291.15	291.132	291.135	291.127	291.132	291.138	291.14	291.13	291.114	291.088	291.073	291.063	291.055	291.051	291.047	291.039	291.031	291.028	291.024	291.019	291.013	291.008	291.001	290.989	290.974	290.972	290.957	290.962	290.945	290.94	290.935	290.928	290.934
290.001	290.006	290.008	290.021	290.021	290.045	290.048	290.057	290.081	290.097	290.11	290.114	290.128	290.136	290.146	290.152	290.16	290.156	290.179	290.174	290.186	290.207	290.203	290.227	290.234	290.239	290.241	290.24	290.249	290.258	290.256	290.257	290.255	290.261	290.264	290.275	290.28	290.297	290.324	290.347	290.366	290.396	290.405	290.412	290.424	290.427	290.441	290.446	290.467	290.484	290.496	290.511	290.533	290.535	290.542	290.557	290.576	290.6	290.601	290.611	290.613	290.62	290.633	290.644	290.65	290.672	290.687	290.701	290.705	290.712	290.718	290.724	290.734	290.744	290.756	290.774	290.784	290.802	290.815	290.824	290.83	290.845	290.846	290.855	290.854	290.849	290.85	290.863	290.877	290.893	290.902	290.917	290.936	290.954	290.953	290.968	290.976	290.984	290.992	290.992	290.982	290.991	290.971	290.954	290.941	290.924	290.924	290.919	290.917	290.916	290.913	290.912	290.893	290.867	290.842	290.823	290.813	290.805	290.796	290.787	290.784	290.784	290.784	290.78	290.777	290.769	290.76	290.752	290.743	290.738	290.729	290.731	290.719	290.713	290.704	290.694	290.692
289.768	289.771	289.783	289.798	289.799	289.823	289.828	289.838	289.846	289.847	289.868	289.881	289.88	289.892	289.904	289.897	289.902	289.891	289.894	289.901	289.912	289.931	289.943	289.958	289.964	289.975	289.986	289.991	289.988	289.999	290.005	290.008	290.014	290.02	290.021	290.027	290.04	290.053	290.074	290.103	290.127	290.141	290.166	290.186	290.2	290.211	290.228	290.231	290.248	290.262	290.275	290.282	290.294	290.297	290.309	290.319	290.326	290.337	290.348	290.355	290.362	290.368	290.38	290.4	290.419	290.432	290.447	290.464	290.483	290.494	290.51	290.516	290.522	290.535	290.542	290.551	290.577	290.582	290.604	290.61	290.616	290.631	290.625	290.63	290.632	290.628	290.629	290.633	290.641	290.651	290.67	290.684	290.695	290.714	290.729	290.737	290.748	290.742	290.74	290.739	290.725	290.73	290.723	290.712	290.701	290.693	290.684	290.694	290.696	290.695	290.69	290.681	290.664	290.648	290.629	290.61	290.601	290.593	290.572	290.56	290.556	290.557	290.555	290.56	290.554	290.546	290.545	290.532	290.524	290.523	290.516	290.506	290.495	290.488	290.477	290.475	290.464
289.502	289.504	289.506	289.521	289.521	289.544	289.547	289.564	289.584	289.6	289.601	289.626	289.636	289.646	289.654	289.641	289.65	289.647	289.642	289.652	289.673	289.684	289.697	289.722	289.731	289.737	289.745	289.753	289.771	289.775	289.781	289.788	289.781	289.775	289.796	289.794	289.81	289.828	289.846	289.867	289.882	289.898	289.91	289.927	289.941	289.951	289.956	289.979	289.993	290.013	290.031	290.045	290.052	290.056	290.064	290.082	290.099	290.111	290.125	290.133	290.143	290.153	290.167	290.175	290.199	290.217	290.232	290.253	290.268	290.276	290.278	290.288	290.291	290.291	290.302	290.307	290.323	290.334	290.349	290.359	290.365	290.366	290.38	290.381	290.383	290.384	290.39	290.399	290.414	290.426	290.448	290.468	290.473	290.482	290.503	290.502	290.522	290.523	290.519	290.518	290.516	290.514	290.511	290.501	290.485	290.475	290.47	290.467	290.471	290.476	290.466	290.444	290.415	290.386	290.364	290.348	290.337	290.324	290.307	290.308	290.303	290.302	290.308	290.312	290.314	290.31	290.307	290.302	290.292	290.292	290.291	290.283	290.278	290.261	290.252	290.251	290.247
289.258	289.261	289.258	289.269	289.274	289.298	289.317	289.317	289.329	289.35	289.36	289.386	289.401	289.406	289.412	289.415	289.413	289.413	289.408	289.412	289.429	289.448	289.456	289.47	289.483	289.491	289.497	289.503	289.517	289.513	289.526	289.536	289.529	289.534	289.542	289.55	289.559	289.574	289.593	289.613	289.626	289.647	289.666	289.676	289.695	289.716	289.726	289.757	289.782	289.797	289.81	289.82	289.818	289.833	289.84	289.854	289.87	289.875	289.888	289.888	289.896	289.909	289.925	289.942	289.952	289.969	289.992	290.011	290.032	290.044	290.041	290.049	290.052	290.061	290.08	290.089	290.112	290.126	290.133	290.132	290.142	290.15	290.152	290.151	290.15	290.165	290.167	290.175	290.196	290.217	290.235	290.256	290.274	290.271	290.284	290.284	290.29	290.29	290.279	290.28	290.28	290.279	290.279	290.27	290.264	290.252	290.252	290.251	290.25	290.247	290.236	290.216	290.188	290.153	290.128	290.105	290.091	290.084	290.071	290.072	290.072	290.073	290.074	290.074	290.076	290.071	290.07	290.071	290.067	290.057	290.056	290.038	290.03	290.026	290.014	290.009	290.006
289.03	289.024	289.022	289.027	289.04	289.046	289.059	289.061	289.064	289.079	289.095	289.108	289.118	289.123	289.134	289.144	289.139	289.144	289.145	289.155	289.166	289.183	289.201	289.218	289.227	289.234	289.245	289.247	289.265	289.275	289.289	289.294	289.3	289.305	289.303	289.323	289.336	289.347	289.367	289.385	289.409	289.415	289.429	289.442	289.456	289.473	289.486	289.501	289.521	289.535	289.555	289.577	289.583	289.6	289.603	289.619	289.63	289.641	289.66	289.663	289.67	289.677	289.699	289.725	289.744	289.766	289.787	289.811	289.817	289.823	289.82	289.829	289.831	289.832	289.847	289.855	289.869	289.891	289.904	289.913	289.918	289.925	289.921	289.926	289.928	289.931	289.94	289.956	289.966	289.994	290.009	290.023	290.03	290.034	290.043	290.054	290.063	290.064	290.054	290.05	290.041	290.049	290.038	290.035	290.03	290.017	290.006	290.003	290.006	290.005	289.988	289.963	289.939	289.911	289.896	289.878	289.865	289.862	289.846	289.842	289.839	289.837	289.846	289.849	289.851	289.852	289.845	289.854	289.851	289.854	289.847	289.839	289.823	289.808	289.804	289.804	289.801
