-5.62	-5.62	-5.62	-5.62	-5.619	-5.617	-5.618	-5.618	-5.618	-5.617	-5.616	-5.617	-5.617	-5.616	-5.617	-5.616	-5.616	-5.616	-5.615	-5.615	-5.614	-5.613	-5.612	-5.612	-5.611	-5.612	-5.613	-5.612	-5.614	-5.613	-5.613	-5.612	-5.612	-5.612	-5.612	-5.611	-5.611	-5.611	-5.61	-5.61	-5.609	-5.609	-5.609	-5.608	-5.609	-5.607	-5.608	-5.608	-5.607	-5.608	-5.608	-5.607	-5.607	-5.607	-5.607	-5.608	-5.607	-5.607	-5.608	-5.607	-5.608	-5.608	-5.609	-5.608	-5.608	-5.608	-5.607	-5.607	-5.605	-5.605	-5.605	-5.604	-5.604	-5.603	-5.603	-5.603	-5.601	-5.601	-5.599	-5.598	-5.598	-5.596	-5.596	-5.595	-5.594	-5.594	-5.593	-5.594	-5.594	-5.594	-5.595	-5.595	-5.595	-5.595	-5.595	-5.595	-5.595	-5.594	-5.594	-5.593	-5.593	-5.593	-5.593	-5.595	-5.594	-5.595	-5.596	-5.596	-5.597	-5.596	-5.598	-5.597	-5.597	-5.597	-5.596	-5.597	-5.595	-5.596	-5.596	-5.595	-5.595	-5.594	-5.594	-5.593	-5.593	-5.593	-5.593	-5.592	-5.592	-5.591	-5.591	-5.591	-5.589	-5.589	-5.588	-5.587	-5.586
-5.618	-5.62	-5.619	-5.618	-5.618	-5.617	-5.617	-5.617	-5.616	-5.617	-5.617	-5.617	-5.617	-5.617	-5.617	-5.617	-5.616	-5.616	-5.616	-5.615	-5.613	-5.614	-5.613	-5.612	-5.612	-5.613	-5.613	-5.612	-5.613	-5.613	-5.613	-5.612	-5.612	-5.612	-5.612	-5.611	-5.611	-5.611	-5.61	-5.611	-5.609	-5.609	-5.609	-5.608	-5.609	-5.608	-5.608	-5.607	-5.608	-5.608	-5.607	-5.608	-5.608	-5.608	-5.607	-5.607	-5.608	-5.607	-5.608	-5.608	-5.609	-5.608	-5.609	-5.608	-5.609	-5.608	-5.606	-5.607	-5.605	-5.605	-5.605	-5.603	-5.605	-5.603	-5.603	-5.603	-5.601	-5.601	-5.599	-5.598	-5.598	-5.596	-5.596	-5.595	-5.595	-5.594	-5.594	-5.595	-5.594	-5.596	-5.596	-5.595	-5.596	-5.595	-5.596	-5.595	-5.595	-5.595	-5.594	-5.595	-5.594	-5.595	-5.594	-5.596	-5.595	-5.596	-5.597	-5.596	-5.598	-5.597	-5.597	-5.598	-5.596	-5.597	-5.596	-5.596	-5.596	-5.595	-5.595	-5.595	-5.595	-5.594	-5.594	-5.593	-5.593	-5.593	-5.593	-5.592	-5.592	-5.591	-5.591	-5.591	-5.589	-5.589	-5.587	-5.587	-5.587
-5.618	-5.618	-5.617	-5.618	-5.618	-5.618	-5.616	-5.616	-5.617	-5.616	-5.617	-5.616	-5.617	-5.617	-5.616	-5.617	-5.616	-5.617	-5.616	-5.615	-5.615	-5.614	-5.613	-5.612	-5.613	-5.613	-5.613	-5.613	-5.613	-5.612	-5.612	-5.611	-5.612	-5.612	-5.612	-5.611	-5.61	-5.611	-5.61	-5.61	-5.609	-5.609	-5.609	-5.608	-5.608	-5.607	-5.608	-5.607	-5.608	-5.608	-5.607	-5.609	-5.607	-5.608	-5.608	-5.608	-5.608	-5.607	-5.608	-5.608	-5.608	-5.608	-5.609	-5.609	-5.608	-5.608	-5.606	-5.606	-5.606	-5.605	-5.604	-5.604	-5.604	-5.603	-5.603	-5.602	-5.602	-5.6	-5.599	-5.598	-5.598	-5.597	-5.596	-5.595	-5.596	-5.594	-5.595	-5.596	-5.595	-5.598	-5.596	-5.596	-5.597	-5.595	-5.597	-5.595	-5.596	-5.596	-5.595	-5.596	-5.594	-5.596	-5.595	-5.596	-5.597	-5.596	-5.598	-5.597	-5.598	-5.598	-5.597	-5.599	-5.597	-5.597	-5.597	-5.596	-5.596	-5.596	-5.595	-5.595	-5.594	-5.594	-5.593	-5.593	-5.593	-5.592	-5.593	-5.592	-5.591	-5.591	-5.59	-5.59	-5.589	-5.589	-5.588	-5.587	-5.586
-5.617	-5.617	-5.617	-5.618	-5.615	-5.616	-5.616	-5.616	-5.616	-5.615	-5.616	-5.616	-5.617	-5.616	-5.617	-5.617	-5.617	-5.617	-5.616	-5.616	-5.615	-5.614	-5.614	-5.614	-5.614	-5.613	-5.614	-5.613	-5.611	-5.612	-5.612	-5.612	-5.612	-5.611	-5.611	-5.611	-5.611	-5.612	-5.61	-5.61	-5.61	-5.609	-5.608	-5.609	-5.608	-5.608	-5.608	-5.607	-5.608	-5.608	-5.608	-5.608	-5.607	-5.609	-5.608	-5.607	-5.607	-5.607	-5.608	-5.607	-5.608	-5.609	-5.608	-5.609	-5.607	-5.607	-5.607	-5.605	-5.606	-5.605	-5.604	-5.605	-5.603	-5.603	-5.603	-5.601	-5.602	-5.6	-5.6	-5.599	-5.598	-5.597	-5.597	-5.596	-5.596	-5.597	-5.596	-5.597	-5.597	-5.597	-5.597	-5.598	-5.597	-5.596	-5.597	-5.596	-5.596	-5.597	-5.595	-5.597	-5.596	-5.597	-5.597	-5.596	-5.598	-5.596	-5.598	-5.598	-5.598	-5.598	-5.598	-5.598	-5.598	-5.597	-5.597	-5.597	-5.596	-5.596	-5.596	-5.595	-5.594	-5.594	-5.594	-5.593	-5.593	-5.592	-5.592	-5.592	-5.591	-5.592	-5.59	-5.59	-5.589	-5.588	-5.588	-5.587	-5.586
-5.617	-5.616	-5.615	-5.616	-5.615	-5.617	-5.616	-5.616	-5.616	-5.616	-5.617	-5.615	-5.616	-5.616	-5.617	-5.617	-5.617	-5.618	-5.617	-5.616	-5.615	-5.615	-5.614	-5.613	-5.614	-5.614	-5.613	-5.612	-5.613	-5.612	-5.612	-5.611	-5.611	-5.612	-5.611	-5.612	-5.611	-5.61	-5.61	-5.61	-5.61	-5.609	-5.609	-5.608	-5.608	-5.608	-5.608	-5.608	-5.608	-5.608	-5.608	-5.608	-5.608	-5.609	-5.607	-5.608	-5.608	-5.607	-5.608	-5.608	-5.608	-5.608	-5.607	-5.608	-5.607	-5.606	-5.606	-5.605	-5.604	-5.605	-5.603	-5.604	-5.603	-5.603	-5.602	-5.601	-5.601	-5.6	-5.6	-5.598	-5.598	-5.598	-5.597	-5.598	-5.596	-5.598	-5.596	-5.597	-5.598	-5.597	-5.599	-5.597	-5.597	-5.598	-5.597	-5.598	-5.597	-5.598	-5.597	-5.598	-5.598	-5.597	-5.598	-5.597	-5.598	-5.598	-5.598	-5.599	-5.598	-5.598	-5.598	-5.597	-5.598	-5.597	-5.597	-5.597	-5.596	-5.596	-5.596	-5.595	-5.595	-5.594	-5.594	-5.593	-5.593	-5.593	-5.592	-5.592	-5.591	-5.591	-5.59	-5.59	-5.589	-5.588	-5.588	-5.586	-5.587
-5.615	-5.616	-5.615	-5.616	-5.615	-5.615	-5.615	-5.616	-5.616	-5.616	-5.616	-5.615	-5.617	-5.616	-5.617	-5.618	-5.618	-5.618	-5.616	-5.617	-5.615	-5.615	-5.614	-5.614	-5.615	-5.614	-5.614	-5.613	-5.613	-5.611	-5.611	-5.612	-5.611	-5.612	-5.611	-5.611	-5.611	-5.611	-5.61	-5.61	-5.609	-5.609	-5.61	-5.608	-5.609	-5.609	-5.609	-5.609	-5.608	-5.608	-5.609	-5.609	-5.609	-5.608	-5.608	-5.608	-5.608	-5.607	-5.607	-5.608	-5.607	-5.607	-5.608	-5.606	-5.607	-5.605	-5.605	-5.606	-5.604	-5.605	-5.603	-5.603	-5.603	-5.602	-5.602	-5.601	-5.601	-5.6	-5.6	-5.598	-5.599	-5.598	-5.596	-5.598	-5.596	-5.598	-5.598	-5.598	-5.599	-5.598	-5.599	-5.597	-5.6	-5.599	-5.598	-5.6	-5.598	-5.599	-5.599	-5.598	-5.6	-5.598	-5.599	-5.599	-5.598	-5.599	-5.598	-5.599	-5.599	-5.598	-5.599	-5.598	-5.598	-5.597	-5.597	-5.597	-5.596	-5.597	-5.596	-5.596	-5.597	-5.594	-5.595	-5.594	-5.593	-5.593	-5.592	-5.592	-5.591	-5.591	-5.59	-5.59	-5.589	-5.589	-5.589	-5.587	-5.586
-5.616	-5.615	-5.615	-5.615	-5.615	-5.616	-5.617	-5.617	-5.616	-5.616	-5.617	-5.616	-5.617	-5.616	-5.617	-5.617	-5.618	-5.617	-5.616	-5.617	-5.614	-5.615	-5.614	-5.615	-5.614	-5.613	-5.614	-5.612	-5.613	-5.613	-5.612	-5.612	-5.611	-5.611	-5.611	-5.611	-5.611	-5.611	-5.61	-5.61	-5.611	-5.609	-5.609	-5.608	-5.609	-5.609	-5.609	-5.609	-5.609	-5.609	-5.609	-5.609	-5.609	-5.608	-5.609	-5.608	-5.607	-5.609	-5.607	-5.608	-5.608	-5.606	-5.607	-5.605	-5.606	-5.605	-5.604	-5.605	-5.604	-5.604	-5.603	-5.603	-5.603	-5.602	-5.602	-5.601	-5.601	-5.6	-5.6	-5.6	-5.599	-5.599	-5.598	-5.598	-5.597	-5.598	-5.598	-5.598	-5.599	-5.598	-5.599	-5.599	-5.6	-5.599	-5.599	-5.601	-5.599	-5.6	-5.6	-5.599	-5.601	-5.6	-5.6	-5.6	-5.599	-5.6	-5.599	-5.599	-5.599	-5.598	-5.599	-5.598	-5.598	-5.598	-5.597	-5.597	-5.597	-5.597	-5.597	-5.597	-5.596	-5.596	-5.596	-5.594	-5.594	-5.593	-5.593	-5.593	-5.591	-5.591	-5.591	-5.59	-5.59	-5.589	-5.588	-5.589	-5.587
-5.615	-5.614	-5.615	-5.615	-5.615	-5.616	-5.615	-5.616	-5.616	-5.617	-5.616	-5.616	-5.616	-5.616	-5.618	-5.616	-5.617	-5.617	-5.616	-5.616	-5.614	-5.615	-5.614	-5.614	-5.613	-5.613	-5.614	-5.612	-5.613	-5.612	-5.611	-5.611	-5.611	-5.611	-5.61	-5.611	-5.609	-5.611	-5.61	-5.609	-5.61	-5.609	-5.61	-5.609	-5.609	-5.609	-5.609	-5.609	-5.608	-5.609	-5.608	-5.609	-5.609	-5.609	-5.608	-5.609	-5.608	-5.608	-5.607	-5.607	-5.608	-5.606	-5.606	-5.606	-5.605	-5.605	-5.604	-5.605	-5.604	-5.604	-5.603	-5.603	-5.603	-5.602	-5.603	-5.601	-5.602	-5.601	-5.6	-5.601	-5.599	-5.599	-5.599	-5.598	-5.599	-5.599	-5.599	-5.599	-5.599	-5.599	-5.599	-5.6	-5.6	-5.6	-5.601	-5.6	-5.601	-5.601	-5.601	-5.602	-5.6	-5.601	-5.601	-5.6	-5.6	-5.599	-5.6	-5.599	-5.599	-5.6	-5.599	-5.599	-5.598	-5.598	-5.597	-5.598	-5.597	-5.597	-5.597	-5.597	-5.596	-5.596	-5.595	-5.595	-5.595	-5.594	-5.594	-5.593	-5.592	-5.591	-5.591	-5.59	-5.59	-5.591	-5.589	-5.589	-5.588
-5.615	-5.615	-5.615	-5.615	-5.615	-5.616	-5.616	-5.617	-5.616	-5.616	-5.616	-5.617	-5.617	-5.616	-5.617	-5.616	-5.617	-5.616	-5.615	-5.615	-5.614	-5.614	-5.613	-5.614	-5.613	-5.613	-5.612	-5.612	-5.613	-5.611	-5.613	-5.611	-5.611	-5.611	-5.61	-5.611	-5.61	-5.611	-5.61	-5.61	-5.61	-5.61	-5.609	-5.608	-5.609	-5.609	-5.609	-5.608	-5.608	-5.608	-5.608	-5.609	-5.608	-5.609	-5.608	-5.609	-5.608	-5.607	-5.609	-5.606	-5.607	-5.606	-5.605	-5.606	-5.604	-5.605	-5.604	-5.604	-5.603	-5.604	-5.603	-5.603	-5.603	-5.602	-5.603	-5.602	-5.601	-5.602	-5.6	-5.601	-5.599	-5.6	-5.599	-5.599	-5.6	-5.599	-5.6	-5.599	-5.599	-5.6	-5.599	-5.601	-5.6	-5.601	-5.602	-5.6	-5.603	-5.601	-5.601	-5.603	-5.6	-5.602	-5.601	-5.601	-5.601	-5.599	-5.6	-5.6	-5.599	-5.6	-5.599	-5.6	-5.599	-5.598	-5.598	-5.597	-5.598	-5.597	-5.597	-5.597	-5.596	-5.596	-5.595	-5.596	-5.595	-5.594	-5.595	-5.593	-5.593	-5.592	-5.591	-5.592	-5.59	-5.591	-5.59	-5.59	-5.59
-5.614	-5.614	-5.614	-5.614	-5.615	-5.615	-5.616	-5.617	-5.615	-5.617	-5.617	-5.617	-5.617	-5.617	-5.617	-5.616	-5.616	-5.615	-5.616	-5.614	-5.614	-5.614	-5.614	-5.614	-5.612	-5.613	-5.612	-5.612	-5.613	-5.612	-5.613	-5.611	-5.611	-5.612	-5.611	-5.611	-5.61	-5.611	-5.609	-5.61	-5.61	-5.61	-5.609	-5.608	-5.61	-5.608	-5.609	-5.608	-5.609	-5.609	-5.608	-5.609	-5.607	-5.609	-5.608	-5.608	-5.609	-5.607	-5.608	-5.606	-5.607	-5.606	-5.605	-5.606	-5.604	-5.605	-5.604	-5.604	-5.603	-5.603	-5.603	-5.602	-5.603	-5.603	-5.602	-5.603	-5.601	-5.602	-5.601	-5.601	-5.601	-5.601	-5.6	-5.601	-5.601	-5.6	-5.601	-5.601	-5.6	-5.601	-5.6	-5.601	-5.602	-5.601	-5.602	-5.601	-5.602	-5.602	-5.602	-5.603	-5.602	-5.603	-5.601	-5.602	-5.602	-5.601	-5.601	-5.6	-5.6	-5.6	-5.599	-5.6	-5.599	-5.599	-5.599	-5.598	-5.598	-5.598	-5.597	-5.597	-5.597	-5.596	-5.596	-5.596	-5.596	-5.596	-5.596	-5.594	-5.594	-5.593	-5.592	-5.593	-5.592	-5.592	-5.591	-5.59	-5.591
-5.614	-5.614	-5.615	-5.615	-5.615	-5.615	-5.616	-5.616	-5.616	-5.617	-5.617	-5.617	-5.618	-5.618	-5.617	-5.616	-5.616	-5.615	-5.615	-5.614	-5.615	-5.614	-5.613	-5.614	-5.612	-5.613	-5.612	-5.612	-5.612	-5.612	-5.612	-5.611	-5.613	-5.611	-5.611	-5.611	-5.611	-5.612	-5.61	-5.611	-5.61	-5.61	-5.609	-5.608	-5.609	-5.608	-5.61	-5.608	-5.609	-5.61	-5.608	-5.61	-5.608	-5.609	-5.609	-5.608	-5.609	-5.607	-5.607	-5.607	-5.607	-5.606	-5.606	-5.606	-5.605	-5.605	-5.604	-5.605	-5.604	-5.603	-5.604	-5.602	-5.603	-5.603	-5.602	-5.603	-5.602	-5.603	-5.602	-5.602	-5.602	-5.601	-5.602	-5.602	-5.602	-5.603	-5.602	-5.603	-5.602	-5.602	-5.602	-5.602	-5.603	-5.602	-5.602	-5.603	-5.602	-5.603	-5.603	-5.602	-5.603	-5.602	-5.602	-5.603	-5.602	-5.603	-5.602	-5.601	-5.602	-5.6	-5.601	-5.6	-5.6	-5.6	-5.599	-5.6	-5.599	-5.599	-5.599	-5.598	-5.598	-5.598	-5.598	-5.596	-5.597	-5.596	-5.596	-5.596	-5.595	-5.595	-5.594	-5.594	-5.594	-5.593	-5.593	-5.592	-5.592
-5.614	-5.614	-5.614	-5.615	-5.615	-5.616	-5.617	-5.616	-5.617	-5.616	-5.617	-5.619	-5.618	-5.618	-5.618	-5.617	-5.616	-5.615	-5.615	-5.614	-5.615	-5.614	-5.614	-5.614	-5.613	-5.613	-5.612	-5.613	-5.612	-5.613	-5.613	-5.612	-5.613	-5.611	-5.611	-5.612	-5.611	-5.612	-5.611	-5.611	-5.611	-5.61	-5.61	-5.609	-5.61	-5.608	-5.61	-5.609	-5.609	-5.61	-5.608	-5.61	-5.609	-5.609	-5.61	-5.609	-5.608	-5.608	-5.608	-5.607	-5.607	-5.606	-5.607	-5.606	-5.605	-5.606	-5.605	-5.604	-5.604	-5.604	-5.604	-5.603	-5.603	-5.603	-5.603	-5.603	-5.603	-5.603	-5.603	-5.603	-5.603	-5.602	-5.603	-5.603	-5.603	-5.605	-5.603	-5.604	-5.604	-5.603	-5.605	-5.603	-5.603	-5.603	-5.602	-5.603	-5.603	-5.603	-5.603	-5.602	-5.603	-5.602	-5.603	-5.603	-5.602	-5.604	-5.603	-5.603	-5.603	-5.601	-5.603	-5.601	-5.602	-5.601	-5.6	-5.602	-5.6	-5.601	-5.6	-5.599	-5.599	-5.598	-5.599	-5.598	-5.599	-5.598	-5.597	-5.599	-5.596	-5.597	-5.596	-5.595	-5.595	-5.594	-5.594	-5.594	-5.593
-5.613	-5.613	-5.615	-5.616	-5.616	-5.616	-5.616	-5.616	-5.616	-5.617	-5.618	-5.618	-5.618	-5.619	-5.619	-5.617	-5.617	-5.616	-5.615	-5.615	-5.614	-5.614	-5.615	-5.614	-5.613	-5.614	-5.613	-5.614	-5.612	-5.613	-5.613	-5.612	-5.612	-5.612	-5.612	-5.611	-5.612	-5.612	-5.611	-5.612	-5.611	-5.61	-5.61	-5.61	-5.611	-5.61	-5.609	-5.61	-5.61	-5.609	-5.609	-5.609	-5.61	-5.61	-5.609	-5.609	-5.609	-5.609	-5.608	-5.607	-5.608	-5.607	-5.606	-5.606	-5.607	-5.606	-5.606	-5.605	-5.605	-5.606	-5.603	-5.605	-5.603	-5.604	-5.604	-5.603	-5.604	-5.603	-5.604	-5.604	-5.604	-5.604	-5.603	-5.605	-5.604	-5.605	-5.605	-5.605	-5.606	-5.605	-5.606	-5.604	-5.604	-5.604	-5.603	-5.604	-5.603	-5.603	-5.603	-5.603	-5.602	-5.603	-5.603	-5.603	-5.603	-5.604	-5.603	-5.604	-5.604	-5.602	-5.603	-5.602	-5.602	-5.602	-5.602	-5.602	-5.601	-5.603	-5.601	-5.601	-5.601	-5.599	-5.601	-5.6	-5.599	-5.6	-5.599	-5.6	-5.598	-5.599	-5.597	-5.597	-5.596	-5.596	-5.595	-5.595	-5.595
-5.613	-5.614	-5.615	-5.614	-5.616	-5.616	-5.616	-5.618	-5.617	-5.618	-5.618	-5.618	-5.619	-5.619	-5.618	-5.618	-5.617	-5.617	-5.616	-5.615	-5.615	-5.615	-5.615	-5.614	-5.614	-5.614	-5.613	-5.613	-5.613	-5.614	-5.613	-5.613	-5.613	-5.613	-5.612	-5.612	-5.612	-5.612	-5.612	-5.612	-5.611	-5.611	-5.611	-5.611	-5.609	-5.611	-5.61	-5.61	-5.61	-5.609	-5.611	-5.61	-5.61	-5.61	-5.609	-5.61	-5.609	-5.609	-5.608	-5.609	-5.608	-5.607	-5.607	-5.607	-5.608	-5.606	-5.607	-5.607	-5.605	-5.607	-5.604	-5.606	-5.604	-5.604	-5.605	-5.604	-5.606	-5.604	-5.606	-5.605	-5.605	-5.606	-5.604	-5.606	-5.605	-5.605	-5.607	-5.606	-5.607	-5.607	-5.606	-5.607	-5.605	-5.604	-5.605	-5.604	-5.604	-5.604	-5.603	-5.604	-5.602	-5.604	-5.603	-5.603	-5.604	-5.603	-5.605	-5.604	-5.604	-5.605	-5.604	-5.604	-5.604	-5.603	-5.603	-5.603	-5.603	-5.603	-5.603	-5.602	-5.603	-5.601	-5.602	-5.601	-5.601	-5.601	-5.6	-5.6	-5.6	-5.6	-5.599	-5.599	-5.598	-5.598	-5.597	-5.596	-5.597
-5.612	-5.613	-5.614	-5.614	-5.616	-5.616	-5.616	-5.617	-5.616	-5.617	-5.618	-5.619	-5.619	-5.618	-5.619	-5.619	-5.618	-5.617	-5.617	-5.616	-5.617	-5.616	-5.615	-5.615	-5.614	-5.614	-5.615	-5.614	-5.614	-5.614	-5.613	-5.614	-5.613	-5.613	-5.614	-5.613	-5.612	-5.611	-5.613	-5.611	-5.612	-5.612	-5.61	-5.612	-5.611	-5.612	-5.611	-5.61	-5.612	-5.61	-5.611	-5.61	-5.611	-5.611	-5.61	-5.611	-5.609	-5.611	-5.609	-5.609	-5.608	-5.608	-5.609	-5.607	-5.609	-5.608	-5.608	-5.608	-5.607	-5.608	-5.606	-5.607	-5.606	-5.606	-5.606	-5.605	-5.607	-5.605	-5.607	-5.607	-5.606	-5.607	-5.606	-5.607	-5.606	-5.606	-5.607	-5.608	-5.608	-5.609	-5.608	-5.608	-5.607	-5.606	-5.607	-5.605	-5.605	-5.606	-5.604	-5.606	-5.604	-5.605	-5.604	-5.605	-5.606	-5.604	-5.607	-5.605	-5.606	-5.607	-5.605	-5.606	-5.604	-5.605	-5.604	-5.604	-5.605	-5.604	-5.606	-5.604	-5.604	-5.604	-5.603	-5.603	-5.603	-5.602	-5.603	-5.602	-5.602	-5.602	-5.601	-5.601	-5.6	-5.599	-5.599	-5.598	-5.599
-5.612	-5.613	-5.615	-5.615	-5.616	-5.616	-5.618	-5.617	-5.618	-5.619	-5.619	-5.619	-5.619	-5.62	-5.62	-5.619	-5.618	-5.619	-5.618	-5.617	-5.617	-5.617	-5.617	-5.616	-5.616	-5.615	-5.615	-5.614	-5.614	-5.615	-5.615	-5.615	-5.615	-5.615	-5.615	-5.613	-5.614	-5.613	-5.614	-5.612	-5.612	-5.613	-5.611	-5.613	-5.611	-5.611	-5.612	-5.611	-5.612	-5.611	-5.612	-5.611	-5.612	-5.611	-5.611	-5.612	-5.61	-5.612	-5.609	-5.61	-5.61	-5.608	-5.611	-5.608	-5.61	-5.609	-5.609	-5.61	-5.609	-5.609	-5.608	-5.609	-5.608	-5.608	-5.608	-5.607	-5.608	-5.608	-5.609	-5.608	-5.609	-5.608	-5.608	-5.608	-5.607	-5.609	-5.608	-5.61	-5.609	-5.609	-5.611	-5.608	-5.609	-5.608	-5.608	-5.608	-5.607	-5.607	-5.606	-5.607	-5.606	-5.608	-5.607	-5.607	-5.607	-5.606	-5.608	-5.607	-5.609	-5.607	-5.607	-5.608	-5.605	-5.607	-5.606	-5.606	-5.608	-5.606	-5.607	-5.607	-5.606	-5.607	-5.605	-5.605	-5.605	-5.604	-5.605	-5.604	-5.604	-5.604	-5.603	-5.603	-5.602	-5.602	-5.601	-5.601	-5.6
-5.611	-5.613	-5.612	-5.615	-5.616	-5.616	-5.618	-5.617	-5.619	-5.618	-5.619	-5.62	-5.619	-5.62	-5.619	-5.62	-5.621	-5.619	-5.619	-5.619	-5.619	-5.618	-5.618	-5.616	-5.617	-5.616	-5.615	-5.616	-5.615	-5.616	-5.615	-5.616	-5.616	-5.615	-5.616	-5.615	-5.616	-5.613	-5.614	-5.614	-5.613	-5.614	-5.613	-5.613	-5.612	-5.613	-5.612	-5.612	-5.613	-5.612	-5.613	-5.611	-5.612	-5.612	-5.611	-5.612	-5.611	-5.612	-5.611	-5.611	-5.611	-5.61	-5.611	-5.611	-5.611	-5.61	-5.611	-5.611	-5.61	-5.611	-5.61	-5.61	-5.61	-5.61	-5.61	-5.611	-5.61	-5.61	-5.611	-5.609	-5.611	-5.609	-5.611	-5.61	-5.609	-5.611	-5.609	-5.611	-5.611	-5.61	-5.612	-5.61	-5.612	-5.61	-5.61	-5.61	-5.61	-5.61	-5.609	-5.61	-5.609	-5.61	-5.61	-5.609	-5.61	-5.609	-5.61	-5.61	-5.611	-5.61	-5.61	-5.61	-5.608	-5.61	-5.608	-5.609	-5.609	-5.609	-5.609	-5.609	-5.609	-5.607	-5.608	-5.607	-5.606	-5.607	-5.606	-5.606	-5.606	-5.606	-5.606	-5.605	-5.605	-5.604	-5.603	-5.603	-5.602
-5.609	-5.613	-5.612	-5.615	-5.616	-5.617	-5.619	-5.618	-5.621	-5.62	-5.62	-5.621	-5.62	-5.621	-5.62	-5.621	-5.62	-5.62	-5.62	-5.62	-5.62	-5.618	-5.619	-5.618	-5.617	-5.616	-5.616	-5.617	-5.615	-5.617	-5.616	-5.618	-5.618	-5.616	-5.618	-5.616	-5.616	-5.615	-5.615	-5.615	-5.614	-5.615	-5.614	-5.614	-5.613	-5.614	-5.613	-5.613	-5.614	-5.613	-5.614	-5.613	-5.613	-5.614	-5.612	-5.613	-5.613	-5.613	-5.613	-5.612	-5.612	-5.613	-5.613	-5.612	-5.613	-5.612	-5.613	-5.612	-5.612	-5.612	-5.612	-5.612	-5.612	-5.613	-5.611	-5.613	-5.612	-5.612	-5.613	-5.612	-5.614	-5.612	-5.612	-5.613	-5.611	-5.613	-5.611	-5.612	-5.612	-5.612	-5.613	-5.612	-5.613	-5.612	-5.613	-5.613	-5.612	-5.613	-5.612	-5.612	-5.613	-5.612	-5.612	-5.612	-5.612	-5.612	-5.613	-5.613	-5.612	-5.613	-5.612	-5.612	-5.612	-5.612	-5.611	-5.613	-5.61	-5.613	-5.611	-5.611	-5.612	-5.609	-5.611	-5.61	-5.609	-5.61	-5.608	-5.609	-5.609	-5.608	-5.609	-5.608	-5.607	-5.607	-5.606	-5.606	-5.606
-5.61	-5.612	-5.611	-5.614	-5.614	-5.617	-5.618	-5.618	-5.62	-5.619	-5.621	-5.62	-5.621	-5.621	-5.619	-5.621	-5.619	-5.622	-5.621	-5.619	-5.621	-5.619	-5.62	-5.619	-5.618	-5.618	-5.616	-5.617	-5.616	-5.618	-5.617	-5.617	-5.619	-5.617	-5.619	-5.617	-5.616	-5.617	-5.615	-5.616	-5.615	-5.616	-5.615	-5.616	-5.615	-5.615	-5.615	-5.614	-5.615	-5.614	-5.615	-5.615	-5.614	-5.615	-5.615	-5.615	-5.615	-5.614	-5.615	-5.614	-5.614	-5.615	-5.614	-5.614	-5.614	-5.614	-5.614	-5.613	-5.614	-5.613	-5.613	-5.615	-5.613	-5.615	-5.614	-5.615	-5.615	-5.614	-5.615	-5.614	-5.615	-5.615	-5.614	-5.615	-5.614	-5.615	-5.614	-5.614	-5.614	-5.614	-5.614	-5.615	-5.615	-5.615	-5.615	-5.614	-5.615	-5.615	-5.614	-5.615	-5.615	-5.615	-5.615	-5.615	-5.615	-5.615	-5.615	-5.615	-5.615	-5.615	-5.616	-5.614	-5.615	-5.615	-5.614	-5.616	-5.613	-5.615	-5.614	-5.614	-5.615	-5.613	-5.614	-5.612	-5.612	-5.612	-5.611	-5.612	-5.61	-5.611	-5.611	-5.61	-5.611	-5.609	-5.61	-5.608	-5.609
-5.609	-5.61	-5.611	-5.613	-5.614	-5.617	-5.617	-5.618	-5.62	-5.619	-5.622	-5.62	-5.621	-5.621	-5.619	-5.622	-5.62	-5.621	-5.62	-5.62	-5.622	-5.619	-5.62	-5.619	-5.618	-5.619	-5.616	-5.618	-5.617	-5.618	-5.618	-5.618	-5.619	-5.618	-5.619	-5.618	-5.618	-5.617	-5.617	-5.617	-5.617	-5.617	-5.617	-5.617	-5.617	-5.616	-5.617	-5.616	-5.616	-5.616	-5.615	-5.616	-5.616	-5.617	-5.618	-5.616	-5.617	-5.616	-5.616	-5.617	-5.616	-5.617	-5.616	-5.616	-5.616	-5.615	-5.616	-5.615	-5.616	-5.616	-5.615	-5.617	-5.615	-5.617	-5.617	-5.616	-5.617	-5.616	-5.617	-5.617	-5.616	-5.617	-5.616	-5.616	-5.616	-5.616	-5.616	-5.617	-5.616	-5.617	-5.616	-5.617	-5.617	-5.617	-5.617	-5.617	-5.618	-5.616	-5.617	-5.618	-5.617	-5.618	-5.617	-5.618	-5.618	-5.618	-5.618	-5.617	-5.619	-5.617	-5.619	-5.618	-5.618	-5.619	-5.617	-5.618	-5.617	-5.617	-5.617	-5.618	-5.617	-5.617	-5.617	-5.615	-5.616	-5.614	-5.615	-5.614	-5.612	-5.614	-5.612	-5.613	-5.614	-5.612	-5.613	-5.612	-5.612
-5.609	-5.611	-5.612	-5.613	-5.614	-5.616	-5.617	-5.619	-5.62	-5.62	-5.621	-5.621	-5.621	-5.622	-5.62	-5.621	-5.62	-5.62	-5.621	-5.621	-5.62	-5.62	-5.621	-5.62	-5.619	-5.62	-5.618	-5.619	-5.618	-5.618	-5.619	-5.619	-5.619	-5.619	-5.619	-5.619	-5.619	-5.618	-5.619	-5.619	-5.617	-5.618	-5.619	-5.618	-5.62	-5.619	-5.618	-5.618	-5.617	-5.618	-5.617	-5.618	-5.619	-5.619	-5.619	-5.618	-5.619	-5.618	-5.618	-5.619	-5.618	-5.619	-5.618	-5.618	-5.618	-5.617	-5.618	-5.618	-5.618	-5.619	-5.617	-5.618	-5.618	-5.618	-5.618	-5.618	-5.619	-5.619	-5.618	-5.619	-5.618	-5.618	-5.619	-5.618	-5.619	-5.619	-5.619	-5.619	-5.619	-5.62	-5.619	-5.62	-5.619	-5.62	-5.62	-5.619	-5.621	-5.619	-5.62	-5.62	-5.62	-5.621	-5.619	-5.621	-5.62	-5.62	-5.621	-5.62	-5.622	-5.621	-5.622	-5.622	-5.621	-5.622	-5.621	-5.621	-5.621	-5.62	-5.62	-5.621	-5.62	-5.62	-5.621	-5.619	-5.62	-5.618	-5.618	-5.617	-5.616	-5.617	-5.615	-5.616	-5.616	-5.616	-5.617	-5.615	-5.615
-5.61	-5.611	-5.612	-5.612	-5.615	-5.616	-5.618	-5.619	-5.619	-5.621	-5.62	-5.622	-5.622	-5.621	-5.622	-5.62	-5.622	-5.622	-5.621	-5.621	-5.621	-5.622	-5.621	-5.62	-5.62	-5.619	-5.62	-5.619	-5.62	-5.619	-5.619	-5.619	-5.619	-5.62	-5.62	-5.619	-5.62	-5.62	-5.619	-5.619	-5.619	-5.62	-5.621	-5.62	-5.621	-5.621	-5.62	-5.621	-5.619	-5.619	-5.62	-5.62	-5.621	-5.62	-5.621	-5.621	-5.62	-5.62	-5.619	-5.62	-5.62	-5.621	-5.62	-5.62	-5.62	-5.619	-5.619	-5.621	-5.619	-5.62	-5.62	-5.62	-5.621	-5.619	-5.62	-5.62	-5.619	-5.621	-5.619	-5.62	-5.621	-5.619	-5.621	-5.62	-5.621	-5.621	-5.622	-5.622	-5.622	-5.622	-5.622	-5.623	-5.621	-5.622	-5.622	-5.622	-5.623	-5.622	-5.623	-5.622	-5.622	-5.623	-5.621	-5.623	-5.622	-5.622	-5.624	-5.623	-5.624	-5.624	-5.624	-5.625	-5.625	-5.625	-5.625	-5.625	-5.623	-5.624	-5.623	-5.623	-5.623	-5.624	-5.623	-5.623	-5.623	-5.622	-5.621	-5.62	-5.62	-5.619	-5.618	-5.62	-5.618	-5.62	-5.619	-5.619	-5.619
-5.61	-5.611	-5.614	-5.615	-5.616	-5.616	-5.618	-5.619	-5.62	-5.622	-5.62	-5.622	-5.621	-5.621	-5.623	-5.621	-5.622	-5.621	-5.622	-5.623	-5.622	-5.623	-5.621	-5.622	-5.621	-5.619	-5.621	-5.619	-5.62	-5.619	-5.619	-5.621	-5.62	-5.62	-5.62	-5.621	-5.62	-5.62	-5.621	-5.621	-5.621	-5.619	-5.621	-5.622	-5.622	-5.623	-5.622	-5.621	-5.621	-5.621	-5.622	-5.621	-5.622	-5.623	-5.622	-5.622	-5.621	-5.621	-5.621	-5.621	-5.622	-5.622	-5.623	-5.622	-5.621	-5.622	-5.621	-5.622	-5.622	-5.622	-5.623	-5.621	-5.623	-5.622	-5.622	-5.622	-5.621	-5.623	-5.622	-5.622	-5.622	-5.621	-5.623	-5.622	-5.623	-5.623	-5.624	-5.625	-5.624	-5.625	-5.624	-5.625	-5.624	-5.624	-5.625	-5.625	-5.625	-5.625	-5.625	-5.625	-5.625	-5.625	-5.625	-5.625	-5.625	-5.626	-5.625	-5.626	-5.627	-5.627	-5.628	-5.628	-5.629	-5.628	-5.628	-5.628	-5.626	-5.628	-5.626	-5.627	-5.628	-5.627	-5.627	-5.627	-5.626	-5.625	-5.625	-5.623	-5.624	-5.622	-5.622	-5.623	-5.622	-5.625	-5.622	-5.623	-5.623
-5.612	-5.613	-5.615	-5.613	-5.616	-5.617	-5.618	-5.62	-5.619	-5.621	-5.62	-5.622	-5.622	-5.622	-5.623	-5.621	-5.624	-5.623	-5.624	-5.624	-5.622	-5.624	-5.622	-5.623	-5.622	-5.621	-5.622	-5.62	-5.621	-5.62	-5.62	-5.62	-5.62	-5.622	-5.62	-5.622	-5.621	-5.622	-5.622	-5.62	-5.622	-5.622	-5.622	-5.623	-5.622	-5.624	-5.623	-5.623	-5.623	-5.621	-5.622	-5.623	-5.623	-5.623	-5.623	-5.623	-5.623	-5.623	-5.622	-5.622	-5.624	-5.623	-5.623	-5.624	-5.623	-5.625	-5.623	-5.623	-5.625	-5.624	-5.625	-5.624	-5.625	-5.625	-5.624	-5.625	-5.624	-5.624	-5.624	-5.624	-5.624	-5.624	-5.625	-5.624	-5.625	-5.625	-5.626	-5.627	-5.626	-5.628	-5.627	-5.627	-5.627	-5.627	-5.627	-5.627	-5.628	-5.628	-5.627	-5.628	-5.628	-5.627	-5.629	-5.628	-5.628	-5.629	-5.628	-5.63	-5.629	-5.629	-5.632	-5.63	-5.632	-5.631	-5.631	-5.631	-5.63	-5.631	-5.63	-5.631	-5.63	-5.63	-5.63	-5.63	-5.629	-5.628	-5.628	-5.626	-5.627	-5.626	-5.626	-5.627	-5.626	-5.627	-5.626	-5.627	-5.625
-5.61	-5.614	-5.617	-5.616	-5.618	-5.618	-5.618	-5.621	-5.621	-5.623	-5.623	-5.622	-5.622	-5.623	-5.623	-5.623	-5.625	-5.624	-5.624	-5.624	-5.624	-5.625	-5.623	-5.624	-5.623	-5.623	-5.622	-5.621	-5.622	-5.62	-5.622	-5.622	-5.621	-5.624	-5.621	-5.623	-5.622	-5.622	-5.623	-5.622	-5.622	-5.622	-5.622	-5.623	-5.623	-5.624	-5.624	-5.624	-5.624	-5.624	-5.624	-5.624	-5.624	-5.624	-5.625	-5.624	-5.624	-5.622	-5.624	-5.623	-5.624	-5.625	-5.624	-5.626	-5.624	-5.625	-5.625	-5.625	-5.626	-5.625	-5.626	-5.626	-5.626	-5.627	-5.626	-5.627	-5.626	-5.626	-5.626	-5.626	-5.626	-5.626	-5.626	-5.626	-5.627	-5.627	-5.628	-5.628	-5.629	-5.629	-5.629	-5.629	-5.629	-5.629	-5.63	-5.629	-5.629	-5.63	-5.63	-5.63	-5.631	-5.63	-5.631	-5.631	-5.631	-5.632	-5.631	-5.632	-5.632	-5.632	-5.633	-5.633	-5.634	-5.633	-5.634	-5.633	-5.634	-5.634	-5.633	-5.635	-5.633	-5.634	-5.633	-5.631	-5.633	-5.63	-5.631	-5.63	-5.63	-5.631	-5.63	-5.631	-5.63	-5.63	-5.63	-5.63	-5.629
-5.614	-5.616	-5.617	-5.618	-5.618	-5.619	-5.62	-5.622	-5.622	-5.623	-5.623	-5.623	-5.624	-5.624	-5.625	-5.625	-5.625	-5.625	-5.626	-5.626	-5.626	-5.624	-5.625	-5.626	-5.625	-5.625	-5.624	-5.623	-5.624	-5.622	-5.623	-5.623	-5.624	-5.624	-5.623	-5.624	-5.624	-5.623	-5.623	-5.623	-5.622	-5.623	-5.623	-5.623	-5.624	-5.623	-5.624	-5.625	-5.624	-5.625	-5.624	-5.625	-5.625	-5.625	-5.625	-5.624	-5.626	-5.623	-5.625	-5.624	-5.624	-5.627	-5.626	-5.627	-5.627	-5.626	-5.628	-5.626	-5.627	-5.627	-5.628	-5.628	-5.628	-5.629	-5.629	-5.628	-5.628	-5.628	-5.628	-5.628	-5.628	-5.628	-5.628	-5.629	-5.628	-5.629	-5.629	-5.629	-5.631	-5.631	-5.632	-5.632	-5.632	-5.632	-5.632	-5.633	-5.633	-5.632	-5.634	-5.632	-5.634	-5.633	-5.633	-5.635	-5.634	-5.635	-5.635	-5.635	-5.635	-5.636	-5.635	-5.636	-5.637	-5.636	-5.638	-5.637	-5.637	-5.637	-5.636	-5.638	-5.636	-5.637	-5.636	-5.635	-5.636	-5.633	-5.635	-5.634	-5.635	-5.636	-5.635	-5.635	-5.635	-5.635	-5.634	-5.633	-5.633
-5.617	-5.617	-5.618	-5.62	-5.62	-5.622	-5.622	-5.622	-5.624	-5.625	-5.624	-5.625	-5.625	-5.624	-5.625	-5.626	-5.626	-5.627	-5.627	-5.625	-5.626	-5.626	-5.626	-5.626	-5.625	-5.626	-5.625	-5.625	-5.624	-5.625	-5.625	-5.624	-5.626	-5.625	-5.627	-5.626	-5.625	-5.626	-5.624	-5.625	-5.624	-5.624	-5.625	-5.622	-5.624	-5.624	-5.625	-5.625	-5.624	-5.626	-5.624	-5.626	-5.625	-5.625	-5.627	-5.624	-5.627	-5.625	-5.625	-5.626	-5.625	-5.628	-5.627	-5.628	-5.629	-5.628	-5.629	-5.628	-5.629	-5.629	-5.629	-5.629	-5.63	-5.63	-5.63	-5.631	-5.631	-5.63	-5.63	-5.63	-5.63	-5.63	-5.63	-5.63	-5.63	-5.631	-5.631	-5.631	-5.633	-5.633	-5.634	-5.634	-5.634	-5.636	-5.634	-5.635	-5.636	-5.635	-5.637	-5.636	-5.636	-5.637	-5.637	-5.637	-5.637	-5.638	-5.638	-5.638	-5.638	-5.638	-5.639	-5.639	-5.64	-5.639	-5.64	-5.64	-5.64	-5.641	-5.639	-5.641	-5.64	-5.64	-5.639	-5.638	-5.638	-5.637	-5.639	-5.638	-5.639	-5.64	-5.639	-5.64	-5.638	-5.639	-5.638	-5.637	-5.638
-5.617	-5.618	-5.62	-5.621	-5.621	-5.623	-5.623	-5.624	-5.625	-5.625	-5.626	-5.625	-5.625	-5.626	-5.625	-5.626	-5.627	-5.627	-5.627	-5.627	-5.627	-5.627	-5.627	-5.627	-5.628	-5.627	-5.626	-5.627	-5.626	-5.626	-5.627	-5.626	-5.629	-5.626	-5.628	-5.627	-5.626	-5.628	-5.625	-5.627	-5.626	-5.625	-5.626	-5.624	-5.626	-5.625	-5.625	-5.626	-5.625	-5.627	-5.625	-5.627	-5.627	-5.626	-5.628	-5.626	-5.627	-5.627	-5.627	-5.628	-5.628	-5.629	-5.629	-5.63	-5.63	-5.63	-5.63	-5.63	-5.631	-5.63	-5.631	-5.632	-5.632	-5.632	-5.633	-5.633	-5.633	-5.633	-5.633	-5.633	-5.632	-5.633	-5.632	-5.632	-5.632	-5.632	-5.634	-5.634	-5.635	-5.636	-5.637	-5.637	-5.637	-5.638	-5.637	-5.638	-5.639	-5.638	-5.639	-5.639	-5.64	-5.64	-5.64	-5.641	-5.641	-5.642	-5.641	-5.642	-5.641	-5.641	-5.643	-5.641	-5.643	-5.643	-5.643	-5.644	-5.644	-5.644	-5.644	-5.644	-5.644	-5.644	-5.643	-5.642	-5.642	-5.642	-5.643	-5.642	-5.644	-5.644	-5.644	-5.644	-5.643	-5.643	-5.642	-5.642	-5.642
-5.618	-5.619	-5.62	-5.62	-5.622	-5.624	-5.624	-5.625	-5.625	-5.625	-5.626	-5.626	-5.626	-5.627	-5.626	-5.626	-5.627	-5.627	-5.628	-5.628	-5.627	-5.627	-5.628	-5.628	-5.628	-5.628	-5.627	-5.629	-5.628	-5.628	-5.629	-5.628	-5.63	-5.629	-5.63	-5.63	-5.629	-5.629	-5.628	-5.629	-5.628	-5.628	-5.628	-5.627	-5.628	-5.627	-5.627	-5.628	-5.626	-5.628	-5.627	-5.628	-5.629	-5.629	-5.629	-5.629	-5.629	-5.63	-5.629	-5.629	-5.631	-5.631	-5.631	-5.632	-5.632	-5.633	-5.632	-5.633	-5.633	-5.633	-5.633	-5.633	-5.634	-5.635	-5.635	-5.635	-5.635	-5.636	-5.635	-5.636	-5.635	-5.635	-5.634	-5.634	-5.635	-5.634	-5.636	-5.636	-5.637	-5.639	-5.639	-5.641	-5.64	-5.64	-5.641	-5.641	-5.641	-5.642	-5.642	-5.643	-5.644	-5.643	-5.644	-5.644	-5.644	-5.646	-5.645	-5.645	-5.645	-5.645	-5.646	-5.645	-5.647	-5.647	-5.646	-5.648	-5.647	-5.647	-5.648	-5.647	-5.648	-5.647	-5.647	-5.647	-5.647	-5.647	-5.647	-5.648	-5.648	-5.648	-5.649	-5.648	-5.648	-5.648	-5.646	-5.647	-5.646
-5.617	-5.619	-5.62	-5.621	-5.623	-5.623	-5.625	-5.625	-5.625	-5.627	-5.626	-5.627	-5.627	-5.626	-5.627	-5.627	-5.627	-5.628	-5.628	-5.628	-5.629	-5.629	-5.629	-5.629	-5.628	-5.63	-5.629	-5.629	-5.63	-5.629	-5.63	-5.63	-5.63	-5.631	-5.63	-5.631	-5.631	-5.63	-5.631	-5.63	-5.63	-5.631	-5.63	-5.63	-5.63	-5.629	-5.629	-5.628	-5.628	-5.628	-5.629	-5.629	-5.63	-5.631	-5.63	-5.632	-5.631	-5.631	-5.632	-5.631	-5.633	-5.633	-5.633	-5.634	-5.633	-5.634	-5.634	-5.635	-5.635	-5.635	-5.635	-5.635	-5.636	-5.635	-5.636	-5.637	-5.637	-5.638	-5.637	-5.638	-5.638	-5.637	-5.637	-5.636	-5.637	-5.636	-5.638	-5.639	-5.639	-5.642	-5.641	-5.642	-5.643	-5.643	-5.644	-5.644	-5.644	-5.645	-5.645	-5.645	-5.647	-5.646	-5.647	-5.647	-5.647	-5.648	-5.648	-5.648	-5.649	-5.649	-5.65	-5.65	-5.65	-5.65	-5.651	-5.651	-5.651	-5.651	-5.651	-5.651	-5.651	-5.651	-5.652	-5.652	-5.652	-5.651	-5.652	-5.652	-5.652	-5.652	-5.653	-5.651	-5.652	-5.652	-5.651	-5.652	-5.65
-5.617	-5.62	-5.62	-5.621	-5.622	-5.622	-5.625	-5.625	-5.626	-5.627	-5.625	-5.627	-5.627	-5.627	-5.628	-5.627	-5.628	-5.628	-5.629	-5.628	-5.629	-5.629	-5.628	-5.63	-5.629	-5.63	-5.63	-5.629	-5.632	-5.63	-5.631	-5.632	-5.63	-5.631	-5.631	-5.632	-5.632	-5.631	-5.633	-5.632	-5.633	-5.632	-5.631	-5.633	-5.632	-5.632	-5.63	-5.629	-5.631	-5.629	-5.63	-5.631	-5.63	-5.633	-5.632	-5.633	-5.633	-5.633	-5.635	-5.633	-5.635	-5.635	-5.635	-5.636	-5.635	-5.636	-5.636	-5.637	-5.636	-5.636	-5.638	-5.636	-5.638	-5.637	-5.638	-5.639	-5.638	-5.64	-5.639	-5.64	-5.64	-5.639	-5.64	-5.638	-5.639	-5.639	-5.64	-5.642	-5.642	-5.643	-5.644	-5.645	-5.645	-5.645	-5.646	-5.646	-5.648	-5.647	-5.648	-5.648	-5.648	-5.65	-5.649	-5.65	-5.651	-5.65	-5.652	-5.651	-5.652	-5.652	-5.652	-5.653	-5.653	-5.653	-5.654	-5.653	-5.654	-5.655	-5.654	-5.655	-5.654	-5.654	-5.656	-5.656	-5.656	-5.656	-5.656	-5.656	-5.656	-5.656	-5.656	-5.656	-5.656	-5.656	-5.655	-5.656	-5.654
-5.617	-5.619	-5.62	-5.621	-5.623	-5.624	-5.625	-5.625	-5.626	-5.626	-5.627	-5.628	-5.627	-5.628	-5.627	-5.627	-5.629	-5.627	-5.629	-5.629	-5.629	-5.631	-5.63	-5.631	-5.63	-5.63	-5.631	-5.631	-5.632	-5.631	-5.632	-5.632	-5.631	-5.633	-5.632	-5.633	-5.633	-5.632	-5.634	-5.633	-5.634	-5.634	-5.634	-5.635	-5.632	-5.633	-5.634	-5.631	-5.633	-5.631	-5.632	-5.633	-5.632	-5.635	-5.634	-5.635	-5.635	-5.635	-5.636	-5.635	-5.637	-5.637	-5.637	-5.637	-5.637	-5.638	-5.637	-5.638	-5.639	-5.638	-5.64	-5.638	-5.64	-5.639	-5.64	-5.64	-5.64	-5.642	-5.641	-5.642	-5.642	-5.641	-5.642	-5.641	-5.642	-5.642	-5.642	-5.644	-5.645	-5.645	-5.646	-5.647	-5.647	-5.649	-5.648	-5.649	-5.65	-5.649	-5.651	-5.651	-5.651	-5.653	-5.652	-5.653	-5.653	-5.653	-5.655	-5.655	-5.656	-5.656	-5.656	-5.657	-5.657	-5.656	-5.657	-5.657	-5.658	-5.658	-5.658	-5.658	-5.658	-5.658	-5.659	-5.659	-5.66	-5.66	-5.66	-5.659	-5.66	-5.66	-5.66	-5.661	-5.659	-5.66	-5.66	-5.66	-5.66
-5.619	-5.618	-5.621	-5.621	-5.622	-5.623	-5.624	-5.625	-5.627	-5.626	-5.627	-5.627	-5.627	-5.628	-5.628	-5.628	-5.629	-5.628	-5.629	-5.63	-5.629	-5.632	-5.63	-5.63	-5.631	-5.631	-5.632	-5.631	-5.631	-5.633	-5.632	-5.632	-5.633	-5.633	-5.633	-5.632	-5.634	-5.634	-5.635	-5.634	-5.634	-5.635	-5.634	-5.635	-5.636	-5.635	-5.635	-5.634	-5.634	-5.634	-5.634	-5.634	-5.635	-5.636	-5.636	-5.637	-5.636	-5.636	-5.638	-5.638	-5.638	-5.638	-5.639	-5.639	-5.639	-5.64	-5.639	-5.641	-5.641	-5.641	-5.642	-5.641	-5.642	-5.641	-5.642	-5.642	-5.643	-5.643	-5.643	-5.644	-5.644	-5.644	-5.644	-5.644	-5.644	-5.645	-5.646	-5.646	-5.647	-5.649	-5.648	-5.65	-5.649	-5.65	-5.651	-5.651	-5.652	-5.652	-5.653	-5.654	-5.654	-5.655	-5.655	-5.656	-5.656	-5.657	-5.658	-5.658	-5.659	-5.66	-5.66	-5.659	-5.659	-5.659	-5.66	-5.66	-5.661	-5.661	-5.662	-5.661	-5.661	-5.662	-5.662	-5.663	-5.664	-5.663	-5.664	-5.663	-5.664	-5.664	-5.664	-5.665	-5.664	-5.665	-5.664	-5.664	-5.665
-5.618	-5.617	-5.62	-5.621	-5.622	-5.624	-5.625	-5.626	-5.626	-5.626	-5.627	-5.628	-5.629	-5.627	-5.628	-5.628	-5.628	-5.629	-5.629	-5.63	-5.63	-5.631	-5.632	-5.631	-5.632	-5.631	-5.631	-5.633	-5.632	-5.633	-5.632	-5.633	-5.634	-5.633	-5.635	-5.634	-5.635	-5.635	-5.634	-5.635	-5.635	-5.636	-5.636	-5.635	-5.637	-5.635	-5.636	-5.637	-5.635	-5.637	-5.636	-5.636	-5.638	-5.637	-5.638	-5.638	-5.638	-5.639	-5.639	-5.639	-5.64	-5.64	-5.641	-5.641	-5.641	-5.642	-5.642	-5.642	-5.642	-5.643	-5.643	-5.643	-5.643	-5.644	-5.644	-5.644	-5.644	-5.645	-5.645	-5.646	-5.645	-5.647	-5.646	-5.647	-5.647	-5.647	-5.649	-5.649	-5.649	-5.651	-5.65	-5.652	-5.652	-5.652	-5.653	-5.654	-5.654	-5.655	-5.655	-5.655	-5.657	-5.656	-5.658	-5.658	-5.658	-5.66	-5.66	-5.662	-5.662	-5.662	-5.663	-5.662	-5.662	-5.662	-5.663	-5.663	-5.664	-5.665	-5.665	-5.665	-5.665	-5.665	-5.665	-5.666	-5.667	-5.666	-5.668	-5.667	-5.668	-5.668	-5.668	-5.669	-5.669	-5.668	-5.669	-5.669	-5.669
-5.617	-5.618	-5.62	-5.621	-5.622	-5.622	-5.622	-5.625	-5.624	-5.627	-5.627	-5.626	-5.628	-5.627	-5.629	-5.629	-5.628	-5.631	-5.629	-5.63	-5.632	-5.63	-5.632	-5.631	-5.631	-5.632	-5.631	-5.632	-5.631	-5.633	-5.633	-5.633	-5.634	-5.633	-5.635	-5.634	-5.634	-5.636	-5.634	-5.637	-5.635	-5.635	-5.637	-5.636	-5.637	-5.637	-5.637	-5.638	-5.637	-5.639	-5.638	-5.639	-5.639	-5.638	-5.64	-5.639	-5.64	-5.64	-5.64	-5.641	-5.641	-5.642	-5.641	-5.642	-5.643	-5.642	-5.644	-5.644	-5.644	-5.645	-5.645	-5.646	-5.645	-5.646	-5.646	-5.645	-5.647	-5.646	-5.647	-5.647	-5.647	-5.649	-5.648	-5.649	-5.651	-5.65	-5.651	-5.651	-5.652	-5.652	-5.653	-5.653	-5.654	-5.655	-5.655	-5.657	-5.656	-5.657	-5.658	-5.657	-5.659	-5.659	-5.66	-5.66	-5.661	-5.663	-5.663	-5.665	-5.665	-5.665	-5.666	-5.665	-5.665	-5.665	-5.665	-5.666	-5.666	-5.668	-5.667	-5.668	-5.668	-5.668	-5.669	-5.668	-5.67	-5.67	-5.67	-5.671	-5.671	-5.672	-5.672	-5.673	-5.673	-5.673	-5.673	-5.673	-5.673
-5.616	-5.619	-5.619	-5.62	-5.621	-5.621	-5.622	-5.624	-5.624	-5.625	-5.626	-5.626	-5.628	-5.627	-5.628	-5.628	-5.628	-5.63	-5.629	-5.63	-5.631	-5.629	-5.631	-5.63	-5.63	-5.632	-5.63	-5.632	-5.632	-5.632	-5.633	-5.632	-5.634	-5.633	-5.634	-5.635	-5.634	-5.636	-5.634	-5.636	-5.636	-5.636	-5.637	-5.637	-5.637	-5.638	-5.638	-5.639	-5.639	-5.639	-5.639	-5.64	-5.64	-5.64	-5.641	-5.64	-5.641	-5.641	-5.641	-5.643	-5.641	-5.643	-5.643	-5.643	-5.644	-5.644	-5.645	-5.645	-5.646	-5.646	-5.646	-5.647	-5.646	-5.647	-5.648	-5.647	-5.648	-5.647	-5.647	-5.649	-5.648	-5.649	-5.65	-5.651	-5.651	-5.652	-5.652	-5.652	-5.654	-5.653	-5.655	-5.655	-5.656	-5.657	-5.656	-5.658	-5.658	-5.658	-5.66	-5.659	-5.661	-5.661	-5.662	-5.662	-5.663	-5.665	-5.665	-5.667	-5.666	-5.668	-5.667	-5.666	-5.668	-5.666	-5.668	-5.669	-5.668	-5.671	-5.67	-5.671	-5.671	-5.671	-5.672	-5.671	-5.672	-5.673	-5.673	-5.675	-5.674	-5.675	-5.676	-5.676	-5.676	-5.677	-5.677	-5.676	-5.677
-5.615	-5.617	-5.618	-5.619	-5.619	-5.621	-5.621	-5.621	-5.623	-5.623	-5.625	-5.626	-5.625	-5.627	-5.626	-5.628	-5.628	-5.628	-5.629	-5.629	-5.63	-5.63	-5.63	-5.631	-5.63	-5.631	-5.63	-5.632	-5.632	-5.631	-5.633	-5.632	-5.633	-5.633	-5.633	-5.635	-5.634	-5.635	-5.636	-5.635	-5.636	-5.636	-5.636	-5.637	-5.638	-5.638	-5.639	-5.639	-5.639	-5.64	-5.64	-5.641	-5.641	-5.641	-5.641	-5.641	-5.642	-5.641	-5.642	-5.643	-5.642	-5.644	-5.644	-5.644	-5.645	-5.645	-5.646	-5.646	-5.647	-5.647	-5.647	-5.648	-5.648	-5.649	-5.649	-5.649	-5.649	-5.649	-5.65	-5.649	-5.65	-5.65	-5.651	-5.652	-5.651	-5.653	-5.654	-5.654	-5.656	-5.655	-5.657	-5.657	-5.657	-5.659	-5.658	-5.66	-5.66	-5.66	-5.661	-5.661	-5.663	-5.663	-5.664	-5.665	-5.665	-5.666	-5.667	-5.668	-5.668	-5.669	-5.669	-5.669	-5.67	-5.669	-5.67	-5.671	-5.671	-5.673	-5.673	-5.674	-5.675	-5.674	-5.675	-5.675	-5.675	-5.676	-5.676	-5.678	-5.678	-5.679	-5.679	-5.68	-5.68	-5.68	-5.68	-5.68	-5.68
-5.613	-5.618	-5.617	-5.618	-5.618	-5.619	-5.62	-5.62	-5.623	-5.622	-5.623	-5.625	-5.623	-5.626	-5.626	-5.626	-5.628	-5.627	-5.629	-5.628	-5.629	-5.63	-5.629	-5.63	-5.63	-5.631	-5.631	-5.631	-5.632	-5.632	-5.633	-5.632	-5.632	-5.634	-5.633	-5.635	-5.635	-5.635	-5.637	-5.636	-5.636	-5.637	-5.637	-5.638	-5.638	-5.639	-5.64	-5.64	-5.64	-5.64	-5.641	-5.641	-5.642	-5.642	-5.642	-5.642	-5.642	-5.642	-5.643	-5.643	-5.644	-5.644	-5.644	-5.646	-5.646	-5.646	-5.647	-5.647	-5.648	-5.648	-5.648	-5.649	-5.649	-5.65	-5.65	-5.651	-5.65	-5.65	-5.651	-5.65	-5.652	-5.652	-5.651	-5.654	-5.653	-5.654	-5.655	-5.655	-5.657	-5.657	-5.658	-5.659	-5.659	-5.66	-5.661	-5.662	-5.662	-5.663	-5.663	-5.663	-5.664	-5.665	-5.666	-5.666	-5.667	-5.669	-5.669	-5.67	-5.67	-5.67	-5.671	-5.671	-5.672	-5.672	-5.673	-5.674	-5.675	-5.675	-5.676	-5.677	-5.676	-5.677	-5.677	-5.678	-5.678	-5.678	-5.68	-5.68	-5.681	-5.683	-5.682	-5.683	-5.683	-5.683	-5.683	-5.684	-5.683
-5.611	-5.617	-5.615	-5.617	-5.618	-5.618	-5.62	-5.619	-5.621	-5.622	-5.622	-5.624	-5.623	-5.624	-5.625	-5.625	-5.626	-5.626	-5.628	-5.627	-5.629	-5.629	-5.629	-5.631	-5.629	-5.63	-5.632	-5.63	-5.633	-5.632	-5.632	-5.633	-5.632	-5.634	-5.634	-5.634	-5.637	-5.636	-5.636	-5.637	-5.637	-5.637	-5.637	-5.638	-5.638	-5.64	-5.64	-5.641	-5.641	-5.641	-5.642	-5.642	-5.643	-5.643	-5.643	-5.644	-5.643	-5.643	-5.644	-5.643	-5.645	-5.644	-5.646	-5.647	-5.646	-5.647	-5.647	-5.648	-5.649	-5.648	-5.65	-5.65	-5.65	-5.651	-5.65	-5.652	-5.652	-5.651	-5.653	-5.653	-5.653	-5.654	-5.653	-5.655	-5.655	-5.655	-5.656	-5.657	-5.657	-5.659	-5.659	-5.66	-5.661	-5.661	-5.662	-5.663	-5.663	-5.664	-5.664	-5.665	-5.666	-5.666	-5.668	-5.668	-5.669	-5.67	-5.671	-5.671	-5.672	-5.672	-5.673	-5.674	-5.674	-5.675	-5.675	-5.676	-5.678	-5.677	-5.679	-5.68	-5.679	-5.681	-5.68	-5.68	-5.681	-5.681	-5.683	-5.683	-5.685	-5.685	-5.685	-5.686	-5.686	-5.687	-5.686	-5.686	-5.688
-5.608	-5.615	-5.614	-5.615	-5.617	-5.615	-5.618	-5.619	-5.62	-5.622	-5.621	-5.623	-5.622	-5.622	-5.624	-5.624	-5.626	-5.625	-5.627	-5.627	-5.628	-5.629	-5.628	-5.63	-5.629	-5.63	-5.631	-5.63	-5.633	-5.631	-5.632	-5.634	-5.632	-5.634	-5.634	-5.634	-5.636	-5.636	-5.637	-5.637	-5.637	-5.637	-5.638	-5.639	-5.639	-5.641	-5.64	-5.641	-5.642	-5.641	-5.643	-5.643	-5.643	-5.643	-5.643	-5.645	-5.644	-5.644	-5.644	-5.644	-5.645	-5.645	-5.647	-5.646	-5.647	-5.649	-5.647	-5.649	-5.65	-5.649	-5.651	-5.651	-5.651	-5.652	-5.652	-5.652	-5.653	-5.653	-5.653	-5.654	-5.654	-5.655	-5.656	-5.655	-5.657	-5.657	-5.658	-5.659	-5.659	-5.661	-5.661	-5.661	-5.663	-5.663	-5.664	-5.664	-5.665	-5.666	-5.666	-5.667	-5.667	-5.668	-5.669	-5.67	-5.671	-5.671	-5.673	-5.674	-5.674	-5.674	-5.674	-5.676	-5.675	-5.676	-5.678	-5.678	-5.68	-5.679	-5.681	-5.681	-5.682	-5.683	-5.683	-5.684	-5.684	-5.684	-5.685	-5.685	-5.687	-5.687	-5.689	-5.689	-5.688	-5.69	-5.689	-5.689	-5.691
-5.608	-5.612	-5.613	-5.612	-5.615	-5.615	-5.617	-5.619	-5.619	-5.621	-5.62	-5.622	-5.622	-5.622	-5.623	-5.622	-5.624	-5.625	-5.626	-5.627	-5.627	-5.628	-5.628	-5.628	-5.63	-5.63	-5.631	-5.631	-5.631	-5.633	-5.633	-5.633	-5.633	-5.635	-5.635	-5.636	-5.636	-5.637	-5.637	-5.637	-5.637	-5.638	-5.638	-5.639	-5.639	-5.64	-5.641	-5.641	-5.642	-5.643	-5.643	-5.643	-5.643	-5.645	-5.644	-5.644	-5.644	-5.645	-5.645	-5.645	-5.645	-5.646	-5.647	-5.647	-5.648	-5.648	-5.648	-5.65	-5.65	-5.65	-5.651	-5.651	-5.652	-5.652	-5.653	-5.653	-5.654	-5.655	-5.654	-5.656	-5.656	-5.656	-5.658	-5.657	-5.658	-5.659	-5.658	-5.661	-5.661	-5.662	-5.662	-5.663	-5.664	-5.664	-5.665	-5.665	-5.666	-5.667	-5.667	-5.669	-5.668	-5.671	-5.67	-5.671	-5.673	-5.673	-5.675	-5.675	-5.675	-5.677	-5.676	-5.677	-5.678	-5.678	-5.68	-5.68	-5.681	-5.682	-5.683	-5.683	-5.684	-5.685	-5.685	-5.686	-5.686	-5.687	-5.688	-5.688	-5.69	-5.69	-5.69	-5.691	-5.691	-5.692	-5.692	-5.693	-5.693
-5.609	-5.609	-5.611	-5.61	-5.613	-5.614	-5.614	-5.617	-5.617	-5.62	-5.62	-5.62	-5.62	-5.62	-5.622	-5.622	-5.624	-5.625	-5.624	-5.627	-5.625	-5.627	-5.628	-5.628	-5.629	-5.629	-5.63	-5.632	-5.631	-5.633	-5.633	-5.632	-5.634	-5.634	-5.633	-5.635	-5.635	-5.636	-5.637	-5.637	-5.638	-5.638	-5.638	-5.64	-5.64	-5.641	-5.641	-5.642	-5.642	-5.642	-5.643	-5.644	-5.644	-5.644	-5.644	-5.644	-5.645	-5.645	-5.645	-5.645	-5.646	-5.646	-5.647	-5.647	-5.648	-5.648	-5.649	-5.65	-5.649	-5.651	-5.651	-5.651	-5.653	-5.651	-5.654	-5.654	-5.653	-5.656	-5.655	-5.656	-5.657	-5.657	-5.659	-5.658	-5.66	-5.66	-5.661	-5.662	-5.662	-5.663	-5.663	-5.664	-5.665	-5.665	-5.666	-5.666	-5.668	-5.668	-5.668	-5.671	-5.669	-5.671	-5.672	-5.672	-5.674	-5.674	-5.676	-5.676	-5.676	-5.678	-5.677	-5.679	-5.679	-5.679	-5.681	-5.681	-5.683	-5.683	-5.684	-5.685	-5.685	-5.686	-5.687	-5.688	-5.688	-5.689	-5.69	-5.69	-5.691	-5.692	-5.692	-5.693	-5.694	-5.694	-5.694	-5.696	-5.694
-5.607	-5.606	-5.609	-5.609	-5.611	-5.612	-5.614	-5.617	-5.617	-5.618	-5.618	-5.618	-5.62	-5.619	-5.621	-5.621	-5.622	-5.623	-5.623	-5.626	-5.626	-5.626	-5.627	-5.627	-5.629	-5.63	-5.63	-5.631	-5.631	-5.632	-5.632	-5.633	-5.633	-5.634	-5.636	-5.635	-5.636	-5.636	-5.636	-5.637	-5.637	-5.638	-5.639	-5.639	-5.64	-5.64	-5.641	-5.641	-5.642	-5.643	-5.643	-5.644	-5.644	-5.644	-5.645	-5.645	-5.645	-5.645	-5.646	-5.646	-5.646	-5.646	-5.646	-5.646	-5.648	-5.648	-5.649	-5.65	-5.65	-5.652	-5.651	-5.652	-5.654	-5.653	-5.653	-5.655	-5.655	-5.656	-5.656	-5.657	-5.658	-5.658	-5.659	-5.66	-5.661	-5.661	-5.662	-5.663	-5.663	-5.665	-5.665	-5.665	-5.666	-5.666	-5.667	-5.667	-5.668	-5.669	-5.669	-5.671	-5.671	-5.672	-5.673	-5.673	-5.674	-5.675	-5.676	-5.677	-5.678	-5.678	-5.679	-5.68	-5.68	-5.681	-5.682	-5.683	-5.684	-5.684	-5.685	-5.686	-5.686	-5.688	-5.688	-5.689	-5.69	-5.69	-5.691	-5.692	-5.692	-5.693	-5.695	-5.694	-5.695	-5.696	-5.697	-5.698	-5.697
-5.606	-5.605	-5.606	-5.608	-5.608	-5.611	-5.612	-5.614	-5.615	-5.616	-5.617	-5.617	-5.619	-5.618	-5.619	-5.62	-5.621	-5.623	-5.623	-5.624	-5.625	-5.626	-5.627	-5.627	-5.628	-5.629	-5.63	-5.63	-5.631	-5.632	-5.631	-5.633	-5.632	-5.633	-5.635	-5.633	-5.636	-5.636	-5.635	-5.637	-5.637	-5.638	-5.639	-5.638	-5.641	-5.64	-5.641	-5.642	-5.642	-5.643	-5.643	-5.643	-5.644	-5.645	-5.645	-5.645	-5.646	-5.646	-5.646	-5.646	-5.646	-5.646	-5.647	-5.647	-5.647	-5.649	-5.649	-5.65	-5.651	-5.651	-5.653	-5.654	-5.652	-5.655	-5.654	-5.655	-5.656	-5.656	-5.657	-5.658	-5.658	-5.659	-5.659	-5.661	-5.662	-5.662	-5.663	-5.664	-5.665	-5.665	-5.665	-5.666	-5.667	-5.667	-5.668	-5.669	-5.669	-5.67	-5.671	-5.671	-5.673	-5.673	-5.673	-5.675	-5.675	-5.677	-5.677	-5.677	-5.679	-5.678	-5.68	-5.68	-5.681	-5.682	-5.682	-5.683	-5.684	-5.685	-5.687	-5.687	-5.688	-5.689	-5.689	-5.69	-5.691	-5.692	-5.692	-5.694	-5.694	-5.694	-5.696	-5.696	-5.697	-5.698	-5.699	-5.699	-5.7
-5.603	-5.603	-5.605	-5.606	-5.607	-5.61	-5.611	-5.613	-5.615	-5.614	-5.616	-5.615	-5.616	-5.617	-5.617	-5.619	-5.619	-5.621	-5.622	-5.623	-5.625	-5.625	-5.626	-5.627	-5.627	-5.628	-5.629	-5.63	-5.63	-5.631	-5.631	-5.632	-5.633	-5.633	-5.634	-5.634	-5.636	-5.635	-5.635	-5.637	-5.636	-5.637	-5.638	-5.638	-5.641	-5.64	-5.641	-5.642	-5.642	-5.642	-5.642	-5.643	-5.643	-5.644	-5.644	-5.645	-5.645	-5.646	-5.646	-5.646	-5.647	-5.647	-5.646	-5.648	-5.647	-5.649	-5.65	-5.65	-5.652	-5.651	-5.653	-5.654	-5.653	-5.655	-5.655	-5.655	-5.656	-5.656	-5.658	-5.658	-5.658	-5.66	-5.66	-5.662	-5.662	-5.663	-5.664	-5.664	-5.665	-5.665	-5.667	-5.667	-5.668	-5.669	-5.669	-5.67	-5.67	-5.67	-5.672	-5.672	-5.673	-5.674	-5.674	-5.676	-5.676	-5.677	-5.678	-5.678	-5.679	-5.678	-5.68	-5.68	-5.681	-5.682	-5.683	-5.685	-5.685	-5.686	-5.687	-5.687	-5.69	-5.689	-5.691	-5.692	-5.691	-5.693	-5.694	-5.694	-5.696	-5.697	-5.697	-5.698	-5.699	-5.699	-5.701	-5.701	-5.701
-5.6	-5.602	-5.603	-5.605	-5.606	-5.609	-5.609	-5.611	-5.612	-5.611	-5.614	-5.613	-5.614	-5.616	-5.615	-5.616	-5.618	-5.619	-5.621	-5.622	-5.623	-5.624	-5.625	-5.626	-5.627	-5.627	-5.628	-5.629	-5.629	-5.63	-5.63	-5.63	-5.631	-5.632	-5.633	-5.634	-5.634	-5.635	-5.636	-5.636	-5.636	-5.637	-5.637	-5.639	-5.639	-5.64	-5.641	-5.641	-5.642	-5.642	-5.642	-5.643	-5.643	-5.643	-5.644	-5.645	-5.645	-5.645	-5.647	-5.646	-5.646	-5.648	-5.646	-5.649	-5.648	-5.649	-5.651	-5.65	-5.652	-5.653	-5.653	-5.654	-5.654	-5.655	-5.654	-5.656	-5.656	-5.656	-5.658	-5.658	-5.66	-5.66	-5.661	-5.663	-5.662	-5.664	-5.665	-5.664	-5.666	-5.665	-5.667	-5.667	-5.668	-5.67	-5.669	-5.671	-5.672	-5.671	-5.673	-5.673	-5.674	-5.675	-5.675	-5.677	-5.677	-5.678	-5.678	-5.678	-5.679	-5.679	-5.68	-5.681	-5.682	-5.683	-5.684	-5.685	-5.685	-5.687	-5.688	-5.689	-5.691	-5.691	-5.692	-5.693	-5.693	-5.695	-5.695	-5.696	-5.697	-5.698	-5.699	-5.7	-5.701	-5.701	-5.702	-5.703	-5.702
-5.599	-5.6	-5.601	-5.604	-5.605	-5.606	-5.608	-5.609	-5.609	-5.61	-5.611	-5.611	-5.611	-5.613	-5.613	-5.615	-5.617	-5.618	-5.619	-5.62	-5.621	-5.622	-5.624	-5.624	-5.625	-5.627	-5.626	-5.629	-5.628	-5.629	-5.629	-5.629	-5.63	-5.631	-5.631	-5.633	-5.633	-5.634	-5.635	-5.634	-5.636	-5.636	-5.636	-5.638	-5.638	-5.639	-5.64	-5.639	-5.641	-5.641	-5.64	-5.642	-5.641	-5.643	-5.643	-5.643	-5.645	-5.644	-5.646	-5.645	-5.645	-5.648	-5.646	-5.648	-5.649	-5.649	-5.651	-5.651	-5.652	-5.653	-5.653	-5.653	-5.654	-5.654	-5.655	-5.656	-5.656	-5.657	-5.658	-5.658	-5.66	-5.66	-5.661	-5.663	-5.663	-5.664	-5.664	-5.665	-5.667	-5.665	-5.668	-5.669	-5.669	-5.671	-5.67	-5.671	-5.672	-5.672	-5.673	-5.673	-5.675	-5.675	-5.676	-5.677	-5.678	-5.679	-5.679	-5.679	-5.68	-5.68	-5.68	-5.681	-5.682	-5.683	-5.684	-5.686	-5.686	-5.687	-5.688	-5.689	-5.691	-5.692	-5.694	-5.694	-5.695	-5.696	-5.696	-5.698	-5.698	-5.699	-5.701	-5.701	-5.702	-5.703	-5.703	-5.704	-5.704
-5.595	-5.598	-5.599	-5.602	-5.603	-5.604	-5.606	-5.606	-5.607	-5.608	-5.607	-5.609	-5.61	-5.61	-5.611	-5.613	-5.613	-5.616	-5.617	-5.619	-5.619	-5.619	-5.621	-5.622	-5.623	-5.626	-5.625	-5.627	-5.627	-5.627	-5.628	-5.628	-5.629	-5.629	-5.63	-5.632	-5.632	-5.633	-5.633	-5.634	-5.635	-5.634	-5.635	-5.636	-5.636	-5.637	-5.638	-5.638	-5.639	-5.638	-5.639	-5.641	-5.64	-5.641	-5.642	-5.641	-5.644	-5.643	-5.644	-5.645	-5.645	-5.646	-5.646	-5.647	-5.648	-5.649	-5.65	-5.65	-5.651	-5.651	-5.652	-5.653	-5.653	-5.654	-5.654	-5.655	-5.656	-5.657	-5.657	-5.658	-5.659	-5.66	-5.661	-5.662	-5.662	-5.664	-5.665	-5.665	-5.666	-5.667	-5.668	-5.669	-5.67	-5.671	-5.672	-5.672	-5.672	-5.673	-5.674	-5.674	-5.675	-5.675	-5.677	-5.677	-5.678	-5.679	-5.679	-5.68	-5.68	-5.68	-5.681	-5.682	-5.683	-5.684	-5.684	-5.686	-5.687	-5.688	-5.688	-5.69	-5.691	-5.692	-5.694	-5.693	-5.696	-5.697	-5.697	-5.699	-5.699	-5.7	-5.701	-5.701	-5.703	-5.703	-5.704	-5.705	-5.705
-5.593	-5.596	-5.597	-5.599	-5.601	-5.602	-5.603	-5.604	-5.605	-5.605	-5.605	-5.607	-5.608	-5.608	-5.61	-5.611	-5.612	-5.615	-5.614	-5.615	-5.617	-5.617	-5.618	-5.621	-5.621	-5.623	-5.624	-5.625	-5.626	-5.627	-5.627	-5.627	-5.627	-5.628	-5.629	-5.63	-5.631	-5.632	-5.633	-5.634	-5.633	-5.634	-5.635	-5.634	-5.635	-5.635	-5.635	-5.636	-5.636	-5.637	-5.638	-5.638	-5.639	-5.64	-5.641	-5.64	-5.641	-5.642	-5.643	-5.644	-5.644	-5.644	-5.647	-5.646	-5.647	-5.648	-5.649	-5.649	-5.651	-5.651	-5.651	-5.652	-5.653	-5.654	-5.654	-5.654	-5.656	-5.656	-5.657	-5.658	-5.659	-5.66	-5.661	-5.661	-5.663	-5.664	-5.665	-5.666	-5.666	-5.669	-5.669	-5.669	-5.672	-5.671	-5.672	-5.672	-5.672	-5.674	-5.673	-5.675	-5.675	-5.676	-5.677	-5.677	-5.678	-5.679	-5.679	-5.68	-5.68	-5.681	-5.681	-5.682	-5.683	-5.684	-5.685	-5.686	-5.687	-5.688	-5.688	-5.69	-5.691	-5.692	-5.694	-5.695	-5.696	-5.697	-5.698	-5.699	-5.7	-5.701	-5.701	-5.702	-5.703	-5.703	-5.705	-5.706	-5.707
-5.59	-5.593	-5.595	-5.597	-5.599	-5.6	-5.601	-5.602	-5.602	-5.603	-5.604	-5.604	-5.605	-5.607	-5.608	-5.609	-5.61	-5.611	-5.612	-5.613	-5.614	-5.615	-5.616	-5.618	-5.62	-5.621	-5.623	-5.624	-5.625	-5.625	-5.625	-5.626	-5.627	-5.627	-5.628	-5.629	-5.63	-5.632	-5.632	-5.632	-5.632	-5.632	-5.633	-5.631	-5.634	-5.633	-5.633	-5.634	-5.634	-5.636	-5.636	-5.636	-5.638	-5.637	-5.638	-5.64	-5.639	-5.641	-5.641	-5.641	-5.643	-5.643	-5.644	-5.645	-5.646	-5.647	-5.648	-5.648	-5.649	-5.65	-5.651	-5.651	-5.652	-5.652	-5.653	-5.654	-5.654	-5.655	-5.656	-5.658	-5.658	-5.66	-5.661	-5.661	-5.663	-5.662	-5.664	-5.667	-5.666	-5.669	-5.67	-5.671	-5.672	-5.671	-5.673	-5.673	-5.673	-5.674	-5.674	-5.675	-5.675	-5.676	-5.677	-5.677	-5.678	-5.678	-5.679	-5.68	-5.68	-5.682	-5.682	-5.683	-5.683	-5.683	-5.686	-5.686	-5.687	-5.689	-5.689	-5.69	-5.691	-5.692	-5.693	-5.695	-5.696	-5.696	-5.699	-5.698	-5.7	-5.701	-5.701	-5.703	-5.703	-5.705	-5.706	-5.707	-5.708
-5.588	-5.591	-5.592	-5.595	-5.596	-5.597	-5.599	-5.599	-5.6	-5.6	-5.601	-5.602	-5.603	-5.605	-5.605	-5.607	-5.609	-5.608	-5.611	-5.611	-5.611	-5.613	-5.614	-5.616	-5.618	-5.619	-5.621	-5.622	-5.623	-5.624	-5.624	-5.624	-5.624	-5.625	-5.627	-5.628	-5.628	-5.63	-5.63	-5.631	-5.632	-5.631	-5.632	-5.631	-5.632	-5.631	-5.632	-5.633	-5.632	-5.634	-5.634	-5.634	-5.636	-5.636	-5.637	-5.638	-5.637	-5.639	-5.639	-5.64	-5.642	-5.641	-5.643	-5.644	-5.645	-5.645	-5.646	-5.648	-5.648	-5.65	-5.65	-5.65	-5.652	-5.651	-5.653	-5.653	-5.654	-5.655	-5.656	-5.657	-5.658	-5.659	-5.66	-5.66	-5.662	-5.663	-5.664	-5.666	-5.666	-5.669	-5.67	-5.671	-5.672	-5.672	-5.674	-5.673	-5.674	-5.674	-5.675	-5.676	-5.675	-5.677	-5.677	-5.677	-5.678	-5.678	-5.679	-5.681	-5.681	-5.683	-5.682	-5.683	-5.684	-5.684	-5.686	-5.687	-5.688	-5.689	-5.69	-5.691	-5.691	-5.693	-5.693	-5.695	-5.697	-5.697	-5.699	-5.699	-5.7	-5.701	-5.702	-5.704	-5.703	-5.705	-5.707	-5.707	-5.71
-5.586	-5.588	-5.589	-5.592	-5.593	-5.596	-5.596	-5.596	-5.598	-5.598	-5.599	-5.6	-5.6	-5.602	-5.603	-5.604	-5.606	-5.607	-5.608	-5.608	-5.61	-5.612	-5.612	-5.615	-5.616	-5.618	-5.62	-5.621	-5.621	-5.621	-5.623	-5.623	-5.624	-5.625	-5.625	-5.627	-5.627	-5.629	-5.63	-5.63	-5.63	-5.629	-5.63	-5.63	-5.629	-5.631	-5.63	-5.631	-5.631	-5.631	-5.633	-5.633	-5.633	-5.635	-5.635	-5.635	-5.636	-5.637	-5.637	-5.638	-5.638	-5.64	-5.642	-5.641	-5.643	-5.644	-5.644	-5.646	-5.646	-5.648	-5.649	-5.649	-5.651	-5.65	-5.651	-5.652	-5.652	-5.654	-5.654	-5.656	-5.658	-5.657	-5.659	-5.66	-5.66	-5.662	-5.663	-5.664	-5.666	-5.668	-5.669	-5.671	-5.671	-5.672	-5.672	-5.672	-5.674	-5.674	-5.674	-5.676	-5.676	-5.677	-5.677	-5.677	-5.678	-5.678	-5.68	-5.68	-5.681	-5.683	-5.683	-5.684	-5.684	-5.685	-5.686	-5.687	-5.689	-5.689	-5.69	-5.692	-5.691	-5.693	-5.693	-5.694	-5.696	-5.696	-5.698	-5.699	-5.7	-5.701	-5.702	-5.704	-5.704	-5.706	-5.706	-5.708	-5.71
-5.582	-5.585	-5.586	-5.589	-5.589	-5.591	-5.593	-5.593	-5.595	-5.595	-5.596	-5.598	-5.598	-5.6	-5.601	-5.601	-5.602	-5.605	-5.606	-5.607	-5.609	-5.609	-5.611	-5.613	-5.614	-5.617	-5.618	-5.618	-5.62	-5.619	-5.621	-5.62	-5.621	-5.622	-5.623	-5.625	-5.625	-5.626	-5.627	-5.627	-5.628	-5.627	-5.628	-5.628	-5.627	-5.629	-5.628	-5.628	-5.63	-5.629	-5.631	-5.631	-5.631	-5.633	-5.632	-5.633	-5.635	-5.634	-5.635	-5.636	-5.636	-5.637	-5.639	-5.639	-5.641	-5.641	-5.642	-5.644	-5.645	-5.646	-5.648	-5.648	-5.649	-5.649	-5.65	-5.651	-5.651	-5.653	-5.653	-5.654	-5.656	-5.656	-5.658	-5.659	-5.659	-5.661	-5.662	-5.663	-5.665	-5.666	-5.667	-5.669	-5.669	-5.671	-5.672	-5.672	-5.673	-5.673	-5.674	-5.675	-5.675	-5.676	-5.677	-5.677	-5.678	-5.678	-5.679	-5.679	-5.681	-5.682	-5.682	-5.685	-5.684	-5.685	-5.686	-5.686	-5.689	-5.689	-5.69	-5.691	-5.691	-5.693	-5.693	-5.694	-5.695	-5.696	-5.698	-5.699	-5.7	-5.701	-5.702	-5.703	-5.704	-5.706	-5.706	-5.708	-5.709
-5.578	-5.58	-5.582	-5.584	-5.586	-5.588	-5.59	-5.591	-5.592	-5.593	-5.594	-5.594	-5.596	-5.596	-5.596	-5.599	-5.6	-5.602	-5.603	-5.604	-5.606	-5.607	-5.609	-5.611	-5.611	-5.615	-5.615	-5.616	-5.618	-5.617	-5.619	-5.619	-5.619	-5.621	-5.621	-5.623	-5.623	-5.624	-5.625	-5.624	-5.625	-5.625	-5.624	-5.626	-5.625	-5.626	-5.626	-5.626	-5.627	-5.627	-5.628	-5.628	-5.629	-5.63	-5.63	-5.631	-5.631	-5.633	-5.633	-5.633	-5.634	-5.635	-5.635	-5.637	-5.637	-5.638	-5.64	-5.642	-5.643	-5.644	-5.645	-5.646	-5.646	-5.647	-5.647	-5.649	-5.65	-5.651	-5.652	-5.652	-5.654	-5.656	-5.656	-5.657	-5.659	-5.659	-5.66	-5.662	-5.662	-5.664	-5.665	-5.666	-5.667	-5.669	-5.67	-5.671	-5.671	-5.672	-5.673	-5.673	-5.674	-5.676	-5.676	-5.677	-5.677	-5.678	-5.679	-5.678	-5.681	-5.681	-5.681	-5.683	-5.683	-5.684	-5.686	-5.687	-5.688	-5.688	-5.689	-5.69	-5.691	-5.691	-5.692	-5.694	-5.695	-5.696	-5.697	-5.698	-5.7	-5.701	-5.702	-5.704	-5.704	-5.705	-5.706	-5.707	-5.709
-5.574	-5.576	-5.579	-5.58	-5.582	-5.584	-5.585	-5.587	-5.588	-5.589	-5.591	-5.59	-5.592	-5.593	-5.593	-5.596	-5.597	-5.598	-5.601	-5.602	-5.603	-5.605	-5.606	-5.608	-5.609	-5.612	-5.612	-5.614	-5.615	-5.614	-5.616	-5.617	-5.617	-5.619	-5.619	-5.62	-5.621	-5.621	-5.622	-5.621	-5.622	-5.622	-5.622	-5.623	-5.623	-5.623	-5.624	-5.624	-5.624	-5.625	-5.626	-5.625	-5.627	-5.627	-5.627	-5.629	-5.628	-5.63	-5.631	-5.63	-5.632	-5.632	-5.632	-5.634	-5.634	-5.636	-5.638	-5.638	-5.641	-5.641	-5.643	-5.644	-5.644	-5.645	-5.645	-5.646	-5.648	-5.648	-5.65	-5.651	-5.651	-5.654	-5.654	-5.655	-5.657	-5.657	-5.659	-5.659	-5.66	-5.662	-5.663	-5.664	-5.666	-5.667	-5.668	-5.67	-5.67	-5.671	-5.672	-5.672	-5.674	-5.675	-5.675	-5.676	-5.677	-5.677	-5.678	-5.678	-5.679	-5.68	-5.68	-5.681	-5.682	-5.684	-5.684	-5.686	-5.687	-5.688	-5.69	-5.689	-5.69	-5.691	-5.691	-5.693	-5.693	-5.695	-5.697	-5.698	-5.7	-5.7	-5.702	-5.703	-5.704	-5.705	-5.706	-5.707	-5.709
-5.569	-5.571	-5.574	-5.575	-5.578	-5.58	-5.581	-5.583	-5.584	-5.584	-5.586	-5.587	-5.588	-5.589	-5.591	-5.592	-5.593	-5.595	-5.597	-5.598	-5.6	-5.601	-5.602	-5.605	-5.606	-5.607	-5.609	-5.61	-5.612	-5.613	-5.614	-5.614	-5.615	-5.616	-5.616	-5.617	-5.618	-5.617	-5.618	-5.618	-5.618	-5.619	-5.62	-5.62	-5.621	-5.621	-5.621	-5.622	-5.622	-5.622	-5.622	-5.622	-5.623	-5.624	-5.624	-5.626	-5.626	-5.627	-5.628	-5.628	-5.629	-5.629	-5.63	-5.631	-5.631	-5.633	-5.635	-5.635	-5.638	-5.638	-5.639	-5.641	-5.641	-5.642	-5.643	-5.643	-5.645	-5.646	-5.647	-5.649	-5.65	-5.651	-5.652	-5.654	-5.655	-5.656	-5.657	-5.657	-5.659	-5.659	-5.661	-5.663	-5.664	-5.665	-5.667	-5.668	-5.669	-5.669	-5.67	-5.671	-5.672	-5.673	-5.674	-5.675	-5.675	-5.676	-5.676	-5.677	-5.678	-5.677	-5.679	-5.679	-5.681	-5.683	-5.683	-5.685	-5.686	-5.686	-5.688	-5.687	-5.689	-5.69	-5.69	-5.692	-5.693	-5.695	-5.696	-5.697	-5.699	-5.7	-5.702	-5.702	-5.704	-5.705	-5.706	-5.708	-5.709
-5.565	-5.566	-5.569	-5.571	-5.574	-5.575	-5.577	-5.579	-5.58	-5.581	-5.582	-5.584	-5.584	-5.585	-5.588	-5.588	-5.591	-5.592	-5.593	-5.595	-5.595	-5.597	-5.598	-5.6	-5.602	-5.603	-5.606	-5.607	-5.608	-5.61	-5.61	-5.612	-5.613	-5.613	-5.615	-5.614	-5.614	-5.615	-5.614	-5.616	-5.615	-5.616	-5.617	-5.617	-5.617	-5.618	-5.617	-5.619	-5.619	-5.618	-5.619	-5.62	-5.619	-5.621	-5.622	-5.622	-5.624	-5.624	-5.625	-5.626	-5.626	-5.627	-5.628	-5.628	-5.629	-5.63	-5.631	-5.633	-5.634	-5.634	-5.636	-5.638	-5.638	-5.639	-5.64	-5.641	-5.642	-5.644	-5.645	-5.646	-5.647	-5.649	-5.65	-5.652	-5.653	-5.654	-5.654	-5.655	-5.657	-5.657	-5.659	-5.661	-5.661	-5.664	-5.665	-5.665	-5.667	-5.668	-5.668	-5.67	-5.67	-5.672	-5.673	-5.673	-5.674	-5.675	-5.674	-5.676	-5.677	-5.676	-5.678	-5.678	-5.679	-5.681	-5.682	-5.683	-5.684	-5.685	-5.686	-5.686	-5.688	-5.688	-5.689	-5.691	-5.692	-5.694	-5.695	-5.696	-5.698	-5.698	-5.701	-5.702	-5.704	-5.705	-5.706	-5.709	-5.709
-5.56	-5.563	-5.564	-5.567	-5.569	-5.57	-5.573	-5.573	-5.574	-5.577	-5.576	-5.578	-5.58	-5.581	-5.584	-5.584	-5.587	-5.587	-5.589	-5.591	-5.59	-5.592	-5.593	-5.595	-5.598	-5.6	-5.602	-5.604	-5.605	-5.607	-5.606	-5.609	-5.609	-5.609	-5.611	-5.61	-5.611	-5.612	-5.61	-5.612	-5.613	-5.613	-5.614	-5.614	-5.614	-5.614	-5.615	-5.615	-5.615	-5.616	-5.615	-5.616	-5.615	-5.617	-5.618	-5.618	-5.621	-5.622	-5.622	-5.623	-5.623	-5.624	-5.625	-5.624	-5.627	-5.626	-5.628	-5.629	-5.629	-5.631	-5.632	-5.633	-5.635	-5.636	-5.637	-5.639	-5.639	-5.641	-5.643	-5.643	-5.645	-5.646	-5.647	-5.65	-5.65	-5.651	-5.652	-5.653	-5.654	-5.655	-5.656	-5.658	-5.659	-5.662	-5.662	-5.663	-5.665	-5.665	-5.666	-5.667	-5.669	-5.67	-5.671	-5.672	-5.672	-5.673	-5.673	-5.674	-5.675	-5.675	-5.676	-5.677	-5.678	-5.679	-5.68	-5.681	-5.681	-5.683	-5.684	-5.685	-5.686	-5.686	-5.688	-5.689	-5.691	-5.693	-5.693	-5.695	-5.696	-5.696	-5.699	-5.7	-5.702	-5.705	-5.705	-5.709	-5.709
-5.555	-5.558	-5.559	-5.561	-5.564	-5.564	-5.568	-5.569	-5.569	-5.571	-5.571	-5.574	-5.574	-5.575	-5.578	-5.578	-5.582	-5.582	-5.583	-5.585	-5.584	-5.587	-5.588	-5.59	-5.594	-5.595	-5.598	-5.6	-5.601	-5.604	-5.603	-5.605	-5.606	-5.606	-5.608	-5.607	-5.607	-5.608	-5.608	-5.609	-5.609	-5.61	-5.61	-5.61	-5.611	-5.61	-5.612	-5.611	-5.611	-5.612	-5.61	-5.612	-5.613	-5.612	-5.614	-5.615	-5.617	-5.617	-5.618	-5.62	-5.619	-5.62	-5.621	-5.621	-5.623	-5.622	-5.624	-5.626	-5.625	-5.628	-5.628	-5.629	-5.632	-5.632	-5.634	-5.635	-5.636	-5.637	-5.639	-5.64	-5.642	-5.643	-5.645	-5.646	-5.647	-5.648	-5.649	-5.65	-5.651	-5.652	-5.654	-5.655	-5.657	-5.658	-5.659	-5.661	-5.662	-5.662	-5.664	-5.664	-5.666	-5.667	-5.667	-5.67	-5.67	-5.67	-5.672	-5.672	-5.673	-5.674	-5.674	-5.675	-5.676	-5.677	-5.678	-5.679	-5.68	-5.681	-5.682	-5.682	-5.683	-5.684	-5.686	-5.687	-5.688	-5.691	-5.691	-5.693	-5.694	-5.695	-5.697	-5.699	-5.7	-5.703	-5.704	-5.707	-5.708
-5.549	-5.552	-5.553	-5.555	-5.559	-5.559	-5.561	-5.562	-5.563	-5.565	-5.565	-5.568	-5.569	-5.571	-5.573	-5.573	-5.575	-5.577	-5.578	-5.58	-5.581	-5.582	-5.583	-5.585	-5.589	-5.59	-5.594	-5.597	-5.597	-5.6	-5.6	-5.601	-5.602	-5.603	-5.603	-5.603	-5.604	-5.603	-5.605	-5.606	-5.605	-5.608	-5.607	-5.607	-5.608	-5.606	-5.608	-5.607	-5.606	-5.608	-5.606	-5.608	-5.608	-5.608	-5.61	-5.611	-5.612	-5.614	-5.614	-5.616	-5.616	-5.617	-5.618	-5.618	-5.619	-5.62	-5.622	-5.622	-5.623	-5.624	-5.624	-5.627	-5.627	-5.629	-5.631	-5.631	-5.633	-5.635	-5.635	-5.638	-5.639	-5.64	-5.642	-5.642	-5.644	-5.645	-5.645	-5.647	-5.648	-5.649	-5.651	-5.652	-5.654	-5.655	-5.656	-5.658	-5.659	-5.66	-5.661	-5.661	-5.663	-5.665	-5.665	-5.667	-5.668	-5.668	-5.67	-5.67	-5.671	-5.672	-5.673	-5.674	-5.675	-5.676	-5.677	-5.677	-5.678	-5.679	-5.68	-5.68	-5.681	-5.682	-5.683	-5.685	-5.686	-5.688	-5.69	-5.691	-5.692	-5.693	-5.694	-5.696	-5.698	-5.701	-5.703	-5.705	-5.706
-5.544	-5.546	-5.549	-5.549	-5.551	-5.553	-5.555	-5.556	-5.557	-5.559	-5.56	-5.562	-5.563	-5.564	-5.566	-5.568	-5.569	-5.572	-5.573	-5.574	-5.575	-5.576	-5.579	-5.581	-5.584	-5.586	-5.589	-5.591	-5.594	-5.596	-5.596	-5.597	-5.598	-5.599	-5.6	-5.599	-5.601	-5.601	-5.602	-5.603	-5.602	-5.604	-5.603	-5.603	-5.604	-5.603	-5.603	-5.603	-5.602	-5.602	-5.602	-5.603	-5.603	-5.605	-5.607	-5.607	-5.608	-5.61	-5.61	-5.611	-5.612	-5.613	-5.613	-5.615	-5.615	-5.617	-5.618	-5.618	-5.62	-5.621	-5.621	-5.623	-5.623	-5.626	-5.628	-5.627	-5.63	-5.631	-5.632	-5.635	-5.635	-5.637	-5.639	-5.639	-5.641	-5.641	-5.642	-5.643	-5.644	-5.645	-5.647	-5.649	-5.65	-5.652	-5.653	-5.654	-5.656	-5.657	-5.657	-5.659	-5.659	-5.661	-5.662	-5.663	-5.664	-5.666	-5.667	-5.668	-5.669	-5.669	-5.67	-5.672	-5.672	-5.675	-5.675	-5.676	-5.677	-5.677	-5.678	-5.678	-5.679	-5.68	-5.68	-5.682	-5.684	-5.685	-5.687	-5.687	-5.689	-5.691	-5.692	-5.694	-5.697	-5.697	-5.701	-5.703	-5.704
-5.539	-5.539	-5.542	-5.544	-5.546	-5.546	-5.548	-5.55	-5.551	-5.552	-5.555	-5.555	-5.558	-5.558	-5.56	-5.562	-5.563	-5.566	-5.567	-5.569	-5.571	-5.572	-5.574	-5.576	-5.578	-5.582	-5.584	-5.586	-5.589	-5.59	-5.591	-5.593	-5.593	-5.594	-5.595	-5.594	-5.597	-5.598	-5.598	-5.599	-5.599	-5.599	-5.6	-5.601	-5.6	-5.6	-5.599	-5.598	-5.598	-5.597	-5.598	-5.598	-5.599	-5.6	-5.601	-5.603	-5.604	-5.604	-5.606	-5.607	-5.607	-5.609	-5.609	-5.611	-5.612	-5.613	-5.615	-5.615	-5.617	-5.617	-5.618	-5.62	-5.621	-5.623	-5.623	-5.624	-5.627	-5.627	-5.63	-5.632	-5.633	-5.635	-5.636	-5.637	-5.638	-5.638	-5.64	-5.64	-5.641	-5.642	-5.643	-5.646	-5.647	-5.648	-5.65	-5.65	-5.653	-5.654	-5.654	-5.656	-5.656	-5.656	-5.659	-5.66	-5.661	-5.663	-5.664	-5.665	-5.666	-5.667	-5.668	-5.669	-5.67	-5.672	-5.673	-5.674	-5.675	-5.675	-5.676	-5.677	-5.677	-5.678	-5.678	-5.679	-5.681	-5.682	-5.684	-5.685	-5.686	-5.688	-5.689	-5.691	-5.694	-5.695	-5.697	-5.7	-5.701
-5.534	-5.535	-5.537	-5.538	-5.54	-5.541	-5.541	-5.544	-5.545	-5.546	-5.549	-5.549	-5.551	-5.552	-5.554	-5.556	-5.557	-5.56	-5.562	-5.563	-5.566	-5.567	-5.569	-5.571	-5.574	-5.576	-5.578	-5.581	-5.583	-5.586	-5.587	-5.588	-5.588	-5.589	-5.59	-5.591	-5.592	-5.594	-5.594	-5.594	-5.596	-5.595	-5.596	-5.596	-5.594	-5.596	-5.595	-5.594	-5.594	-5.592	-5.593	-5.594	-5.594	-5.597	-5.597	-5.599	-5.599	-5.599	-5.601	-5.602	-5.602	-5.605	-5.605	-5.607	-5.608	-5.608	-5.611	-5.612	-5.612	-5.614	-5.615	-5.616	-5.617	-5.618	-5.619	-5.621	-5.623	-5.624	-5.627	-5.628	-5.63	-5.632	-5.632	-5.634	-5.635	-5.635	-5.637	-5.636	-5.638	-5.639	-5.639	-5.642	-5.644	-5.644	-5.647	-5.647	-5.649	-5.65	-5.651	-5.651	-5.652	-5.653	-5.654	-5.656	-5.658	-5.659	-5.661	-5.661	-5.662	-5.664	-5.664	-5.666	-5.668	-5.669	-5.67	-5.671	-5.672	-5.672	-5.673	-5.674	-5.674	-5.675	-5.676	-5.677	-5.678	-5.679	-5.681	-5.682	-5.683	-5.685	-5.687	-5.689	-5.69	-5.693	-5.694	-5.696	-5.698
-5.527	-5.529	-5.532	-5.532	-5.533	-5.536	-5.535	-5.537	-5.538	-5.54	-5.542	-5.543	-5.545	-5.546	-5.547	-5.55	-5.551	-5.554	-5.556	-5.557	-5.56	-5.561	-5.564	-5.566	-5.568	-5.569	-5.572	-5.575	-5.576	-5.579	-5.581	-5.58	-5.583	-5.584	-5.584	-5.587	-5.587	-5.589	-5.59	-5.589	-5.591	-5.59	-5.59	-5.591	-5.59	-5.591	-5.59	-5.589	-5.589	-5.588	-5.589	-5.59	-5.591	-5.593	-5.592	-5.593	-5.594	-5.594	-5.596	-5.596	-5.598	-5.6	-5.6	-5.602	-5.603	-5.605	-5.606	-5.607	-5.608	-5.609	-5.61	-5.612	-5.613	-5.614	-5.615	-5.617	-5.619	-5.62	-5.623	-5.624	-5.627	-5.629	-5.629	-5.631	-5.632	-5.632	-5.634	-5.633	-5.634	-5.635	-5.636	-5.639	-5.64	-5.641	-5.642	-5.644	-5.645	-5.646	-5.647	-5.647	-5.648	-5.649	-5.649	-5.651	-5.654	-5.654	-5.656	-5.658	-5.658	-5.66	-5.66	-5.662	-5.664	-5.665	-5.667	-5.668	-5.668	-5.67	-5.67	-5.67	-5.672	-5.672	-5.673	-5.674	-5.674	-5.677	-5.677	-5.679	-5.681	-5.682	-5.684	-5.686	-5.687	-5.69	-5.691	-5.692	-5.694
-5.522	-5.524	-5.527	-5.528	-5.528	-5.53	-5.53	-5.531	-5.532	-5.533	-5.535	-5.537	-5.539	-5.54	-5.542	-5.544	-5.546	-5.548	-5.55	-5.553	-5.555	-5.556	-5.559	-5.559	-5.562	-5.565	-5.565	-5.569	-5.57	-5.572	-5.575	-5.575	-5.577	-5.578	-5.578	-5.581	-5.582	-5.583	-5.585	-5.583	-5.585	-5.585	-5.585	-5.585	-5.585	-5.585	-5.585	-5.585	-5.585	-5.585	-5.585	-5.586	-5.587	-5.588	-5.588	-5.589	-5.589	-5.59	-5.59	-5.592	-5.593	-5.594	-5.596	-5.598	-5.598	-5.6	-5.601	-5.601	-5.604	-5.604	-5.605	-5.607	-5.608	-5.61	-5.611	-5.613	-5.615	-5.616	-5.618	-5.621	-5.622	-5.624	-5.626	-5.628	-5.628	-5.63	-5.63	-5.63	-5.631	-5.631	-5.633	-5.634	-5.635	-5.638	-5.638	-5.64	-5.641	-5.641	-5.642	-5.643	-5.643	-5.644	-5.645	-5.647	-5.648	-5.649	-5.651	-5.652	-5.653	-5.655	-5.656	-5.658	-5.659	-5.66	-5.662	-5.662	-5.663	-5.665	-5.666	-5.666	-5.668	-5.668	-5.669	-5.67	-5.671	-5.673	-5.674	-5.675	-5.678	-5.678	-5.68	-5.682	-5.684	-5.685	-5.687	-5.689	-5.691
-5.517	-5.519	-5.521	-5.523	-5.524	-5.524	-5.525	-5.526	-5.526	-5.528	-5.529	-5.531	-5.532	-5.535	-5.536	-5.538	-5.54	-5.543	-5.545	-5.547	-5.549	-5.551	-5.554	-5.555	-5.557	-5.56	-5.559	-5.563	-5.565	-5.565	-5.568	-5.569	-5.57	-5.572	-5.573	-5.575	-5.576	-5.577	-5.577	-5.578	-5.579	-5.579	-5.579	-5.579	-5.578	-5.579	-5.58	-5.579	-5.58	-5.581	-5.581	-5.582	-5.584	-5.583	-5.585	-5.585	-5.585	-5.586	-5.586	-5.587	-5.589	-5.589	-5.592	-5.593	-5.593	-5.595	-5.596	-5.596	-5.598	-5.599	-5.601	-5.602	-5.603	-5.605	-5.607	-5.608	-5.61	-5.612	-5.613	-5.616	-5.618	-5.619	-5.622	-5.623	-5.624	-5.626	-5.625	-5.627	-5.628	-5.627	-5.63	-5.63	-5.631	-5.634	-5.633	-5.635	-5.637	-5.637	-5.638	-5.638	-5.639	-5.64	-5.64	-5.642	-5.643	-5.645	-5.646	-5.647	-5.649	-5.65	-5.651	-5.653	-5.654	-5.656	-5.656	-5.658	-5.66	-5.66	-5.662	-5.663	-5.663	-5.664	-5.665	-5.666	-5.667	-5.668	-5.67	-5.672	-5.673	-5.675	-5.677	-5.678	-5.68	-5.682	-5.683	-5.686	-5.687
-5.511	-5.514	-5.516	-5.518	-5.519	-5.52	-5.52	-5.52	-5.521	-5.522	-5.524	-5.526	-5.528	-5.529	-5.532	-5.534	-5.535	-5.538	-5.539	-5.542	-5.545	-5.546	-5.549	-5.551	-5.551	-5.553	-5.555	-5.556	-5.558	-5.559	-5.561	-5.563	-5.564	-5.566	-5.567	-5.567	-5.569	-5.57	-5.57	-5.572	-5.572	-5.572	-5.574	-5.573	-5.573	-5.574	-5.573	-5.574	-5.575	-5.577	-5.577	-5.578	-5.58	-5.579	-5.58	-5.58	-5.58	-5.582	-5.582	-5.582	-5.584	-5.585	-5.586	-5.587	-5.589	-5.59	-5.59	-5.592	-5.593	-5.594	-5.596	-5.597	-5.599	-5.6	-5.602	-5.604	-5.604	-5.607	-5.609	-5.61	-5.613	-5.615	-5.617	-5.619	-5.62	-5.621	-5.621	-5.623	-5.623	-5.623	-5.625	-5.625	-5.627	-5.628	-5.629	-5.631	-5.631	-5.632	-5.633	-5.632	-5.635	-5.634	-5.635	-5.637	-5.637	-5.639	-5.64	-5.642	-5.644	-5.644	-5.647	-5.648	-5.649	-5.651	-5.65	-5.652	-5.654	-5.654	-5.657	-5.658	-5.658	-5.661	-5.66	-5.662	-5.664	-5.664	-5.665	-5.668	-5.669	-5.671	-5.673	-5.674	-5.676	-5.678	-5.68	-5.682	-5.683
-5.507	-5.509	-5.511	-5.513	-5.514	-5.515	-5.515	-5.516	-5.517	-5.518	-5.519	-5.521	-5.523	-5.525	-5.527	-5.529	-5.53	-5.532	-5.534	-5.536	-5.539	-5.541	-5.543	-5.546	-5.547	-5.548	-5.55	-5.55	-5.552	-5.554	-5.554	-5.557	-5.558	-5.558	-5.56	-5.561	-5.562	-5.563	-5.563	-5.565	-5.565	-5.566	-5.567	-5.566	-5.567	-5.567	-5.567	-5.57	-5.57	-5.571	-5.573	-5.574	-5.574	-5.575	-5.575	-5.577	-5.577	-5.577	-5.577	-5.579	-5.579	-5.58	-5.582	-5.582	-5.584	-5.584	-5.585	-5.587	-5.588	-5.589	-5.591	-5.591	-5.594	-5.595	-5.596	-5.599	-5.599	-5.601	-5.604	-5.605	-5.608	-5.609	-5.611	-5.613	-5.614	-5.615	-5.616	-5.617	-5.617	-5.619	-5.619	-5.62	-5.623	-5.623	-5.624	-5.627	-5.625	-5.627	-5.628	-5.627	-5.63	-5.629	-5.63	-5.631	-5.631	-5.634	-5.634	-5.636	-5.639	-5.639	-5.642	-5.643	-5.643	-5.646	-5.646	-5.647	-5.649	-5.649	-5.652	-5.652	-5.653	-5.656	-5.656	-5.657	-5.658	-5.66	-5.661	-5.663	-5.665	-5.666	-5.669	-5.671	-5.672	-5.674	-5.676	-5.678	-5.679
-5.503	-5.505	-5.507	-5.509	-5.509	-5.511	-5.511	-5.512	-5.512	-5.513	-5.516	-5.517	-5.519	-5.521	-5.522	-5.524	-5.525	-5.527	-5.53	-5.531	-5.533	-5.537	-5.538	-5.54	-5.542	-5.542	-5.544	-5.545	-5.546	-5.548	-5.548	-5.55	-5.551	-5.551	-5.553	-5.554	-5.554	-5.555	-5.556	-5.558	-5.558	-5.56	-5.561	-5.56	-5.562	-5.562	-5.562	-5.564	-5.565	-5.566	-5.568	-5.568	-5.57	-5.57	-5.57	-5.571	-5.572	-5.573	-5.574	-5.575	-5.575	-5.575	-5.577	-5.578	-5.579	-5.58	-5.581	-5.582	-5.583	-5.585	-5.586	-5.586	-5.589	-5.59	-5.591	-5.593	-5.593	-5.596	-5.598	-5.599	-5.602	-5.604	-5.605	-5.608	-5.608	-5.609	-5.61	-5.611	-5.612	-5.613	-5.614	-5.615	-5.617	-5.618	-5.618	-5.621	-5.621	-5.623	-5.623	-5.622	-5.624	-5.623	-5.625	-5.625	-5.625	-5.628	-5.628	-5.63	-5.633	-5.634	-5.637	-5.638	-5.639	-5.64	-5.64	-5.641	-5.642	-5.644	-5.645	-5.646	-5.649	-5.649	-5.651	-5.653	-5.653	-5.655	-5.657	-5.657	-5.66	-5.661	-5.664	-5.666	-5.668	-5.67	-5.672	-5.674	-5.675
-5.498	-5.501	-5.503	-5.505	-5.505	-5.507	-5.507	-5.508	-5.509	-5.509	-5.512	-5.513	-5.514	-5.517	-5.518	-5.519	-5.522	-5.521	-5.524	-5.527	-5.528	-5.532	-5.533	-5.534	-5.537	-5.537	-5.538	-5.54	-5.54	-5.541	-5.543	-5.544	-5.545	-5.545	-5.547	-5.547	-5.548	-5.549	-5.549	-5.551	-5.552	-5.552	-5.555	-5.555	-5.555	-5.556	-5.558	-5.559	-5.56	-5.561	-5.562	-5.562	-5.564	-5.564	-5.566	-5.566	-5.567	-5.569	-5.569	-5.57	-5.571	-5.571	-5.572	-5.572	-5.574	-5.575	-5.575	-5.577	-5.578	-5.579	-5.581	-5.582	-5.583	-5.584	-5.585	-5.586	-5.588	-5.59	-5.591	-5.593	-5.595	-5.597	-5.599	-5.6	-5.601	-5.603	-5.602	-5.605	-5.605	-5.605	-5.608	-5.609	-5.61	-5.612	-5.613	-5.614	-5.615	-5.616	-5.616	-5.617	-5.618	-5.618	-5.619	-5.619	-5.619	-5.621	-5.622	-5.624	-5.627	-5.628	-5.631	-5.632	-5.634	-5.634	-5.634	-5.636	-5.636	-5.638	-5.639	-5.639	-5.643	-5.643	-5.645	-5.648	-5.647	-5.65	-5.651	-5.652	-5.655	-5.656	-5.659	-5.661	-5.662	-5.666	-5.666	-5.669	-5.671
-5.494	-5.496	-5.498	-5.5	-5.501	-5.503	-5.503	-5.504	-5.506	-5.507	-5.508	-5.51	-5.511	-5.513	-5.515	-5.515	-5.518	-5.518	-5.519	-5.522	-5.523	-5.526	-5.529	-5.529	-5.531	-5.532	-5.532	-5.534	-5.534	-5.536	-5.537	-5.537	-5.538	-5.539	-5.54	-5.541	-5.541	-5.542	-5.543	-5.544	-5.546	-5.547	-5.548	-5.549	-5.55	-5.551	-5.552	-5.553	-5.554	-5.556	-5.556	-5.558	-5.558	-5.558	-5.56	-5.561	-5.562	-5.564	-5.565	-5.566	-5.567	-5.566	-5.567	-5.568	-5.569	-5.57	-5.571	-5.572	-5.574	-5.574	-5.575	-5.577	-5.577	-5.579	-5.58	-5.581	-5.583	-5.584	-5.585	-5.588	-5.59	-5.59	-5.593	-5.593	-5.594	-5.596	-5.595	-5.597	-5.599	-5.599	-5.602	-5.602	-5.604	-5.606	-5.606	-5.607	-5.609	-5.609	-5.61	-5.611	-5.611	-5.612	-5.612	-5.612	-5.613	-5.614	-5.616	-5.619	-5.62	-5.623	-5.626	-5.626	-5.628	-5.628	-5.628	-5.63	-5.629	-5.631	-5.633	-5.632	-5.636	-5.637	-5.639	-5.642	-5.642	-5.645	-5.645	-5.647	-5.65	-5.649	-5.654	-5.655	-5.656	-5.66	-5.66	-5.663	-5.666
-5.491	-5.492	-5.494	-5.496	-5.497	-5.498	-5.5	-5.5	-5.501	-5.504	-5.505	-5.507	-5.508	-5.509	-5.512	-5.512	-5.513	-5.515	-5.515	-5.518	-5.52	-5.521	-5.524	-5.524	-5.525	-5.527	-5.527	-5.528	-5.529	-5.53	-5.531	-5.532	-5.533	-5.533	-5.534	-5.535	-5.535	-5.536	-5.538	-5.538	-5.539	-5.541	-5.541	-5.542	-5.544	-5.545	-5.546	-5.547	-5.548	-5.55	-5.55	-5.551	-5.552	-5.553	-5.554	-5.556	-5.557	-5.559	-5.56	-5.561	-5.561	-5.561	-5.562	-5.563	-5.563	-5.565	-5.566	-5.567	-5.568	-5.569	-5.57	-5.571	-5.572	-5.573	-5.574	-5.575	-5.577	-5.579	-5.58	-5.582	-5.583	-5.584	-5.586	-5.587	-5.588	-5.589	-5.59	-5.591	-5.592	-5.593	-5.595	-5.595	-5.598	-5.598	-5.599	-5.601	-5.602	-5.602	-5.603	-5.604	-5.604	-5.606	-5.606	-5.606	-5.607	-5.607	-5.608	-5.612	-5.613	-5.616	-5.618	-5.618	-5.621	-5.621	-5.62	-5.622	-5.623	-5.624	-5.625	-5.627	-5.629	-5.63	-5.633	-5.635	-5.636	-5.639	-5.639	-5.641	-5.644	-5.644	-5.647	-5.649	-5.65	-5.654	-5.655	-5.657	-5.66
-5.488	-5.489	-5.49	-5.492	-5.493	-5.494	-5.496	-5.498	-5.498	-5.502	-5.501	-5.503	-5.506	-5.505	-5.508	-5.51	-5.509	-5.513	-5.512	-5.514	-5.516	-5.516	-5.518	-5.52	-5.52	-5.522	-5.522	-5.523	-5.524	-5.524	-5.526	-5.526	-5.526	-5.528	-5.528	-5.53	-5.53	-5.53	-5.532	-5.532	-5.534	-5.535	-5.536	-5.536	-5.538	-5.539	-5.54	-5.542	-5.543	-5.544	-5.546	-5.546	-5.547	-5.549	-5.549	-5.55	-5.552	-5.553	-5.555	-5.555	-5.556	-5.557	-5.557	-5.558	-5.56	-5.56	-5.561	-5.562	-5.563	-5.564	-5.565	-5.565	-5.567	-5.568	-5.569	-5.571	-5.572	-5.573	-5.575	-5.576	-5.578	-5.58	-5.579	-5.582	-5.582	-5.582	-5.584	-5.585	-5.586	-5.588	-5.588	-5.589	-5.59	-5.591	-5.593	-5.594	-5.594	-5.597	-5.597	-5.598	-5.599	-5.599	-5.599	-5.599	-5.6	-5.601	-5.602	-5.604	-5.607	-5.608	-5.61	-5.611	-5.612	-5.613	-5.613	-5.615	-5.616	-5.617	-5.619	-5.621	-5.622	-5.624	-5.627	-5.628	-5.63	-5.632	-5.633	-5.635	-5.636	-5.639	-5.641	-5.643	-5.646	-5.647	-5.649	-5.651	-5.652
