10 20 30 40 50 60 70 80 90
-9.01 -8.37 -8.05 -7.92 -7.92 -7.96 -7.91 -7.79 -7.74
1.59  0.95  0.92  0.92  0.87  0.87  0.82  0.86  0.81
-2.9  -2.5  -2.12 -1.99 -1.9  -1.85 -1.69 -1.46 -1.32
1.34  1.18  1.08  1.06  1.05  1.06  1.14  1.16  1.3
-3.33 -0.74  0.08  0.32  0.53  0.33  0.55  0.45  0.4
6.22  4.22  3.02  2.45  1.63  2.08  1.58  2.01  2.19
-0.88 -0.07  0.75  0.72  0.95  0.97  1.1  0.97  1.35
3.26   3.29  1.92  1.92  1.45  1.62  1.43  1.88  0.62
-4.92 -4.06 -2.33 -2.24 -2.24 -2.22 -2.19 -2.41 -2.45
3.96   4.07  1.7   2.01  2   1.82  1.66  2.58  2.52
0.32  0.19  0.23  0.25  0.15  0.08  0.13  0.15  0.64
0.3   0.32  0.32  0.4   0.45  0.39  0.51  0.27  0.05
0.02  0    0    0.01  0.02  0.02  0.04  0.01  0.06
0.45  0.52  0.54  0.53  0.55  0.56  0.56  0.58  0.47
-0.36 -0.39 -0.41 -0.37 -0.4  -0.41 -0.4  -0.46 -0.3
0.45  0.12  0.07  0.22  0.16  0.14  0.2  -0.04 -0.11
N/A   N/A   N/A   N/A   N/A   N/A   N/A   N/A   N/A
N/A   N/A   N/A   N/A   N/A   N/A   N/A   N/A   N/A
N/A   N/A   N/A   N/A   N/A   N/A   N/A   N/A   N/A
N/A   N/A   N/A   N/A   N/A   N/A   N/A   N/A   N/A
-0.06 -0.04 -0.04 -0.05 -0.06 -0.07 -0.11 -0.05 -0.1
-0.07 -0.17 -0.19 -0.17 -0.19 -0.2  -0.19 -0.23 -0.13
N/A   N/A   N/A   N/A   N/A   N/A   N/A   N/A   N/A
N/A   N/A   N/A   N/A   N/A   N/A   N/A   N/A   N/A
0.58  0.67  0.65  0.73  0.79  0.81  0.79  0.7   0.42
0.06  0.03  0 -0.09 -0.2  -0.22 -0.32 -0.41 -0.35
0.6  0.41  0.37  0.32  0.19  0.16  0.2  0.15  0.28
0.21 -0.02 -0.09 -0.1 -0.12 -0.11 -0.1 -0.14 -0.25
0.33  0.35  0.31  0.37  0.46  0.44  0.49  0.27  0.07
0.1  0.21  0.22  0.07 -0.04 -0.12 -0.29 -0.26 -0.36
0.01 -0.02 -0.12 -0.21 -0.27 -0.27 -0.38 -0.35 -0.36
1.7   1.7   1.7   1.7   1.7   1.7   1.7   1.7   1.7
7     7     7     7     7     7     7     7     7
3     3     3     3     3     3     3     3     3
3    3    2    2    2    2    2    2    2
20   20   20   20   20   20   20   20   20
N/A  N/A  N/A  N/A  N/A  N/A  N/A  N/A  N/A
0.03 0.05 0.07 0.1 0.15 0.22 0.5 1.04 2.11
18.16 26.82 21.99 22.86 25.93 27.79 28.5 37.53 29.23
2.32  7.34  8.28  8.76  9.68  9.94  8.9 13.74 12.16
3    3    3    3    3    3    3    3    3
36   36   36   36   36   36   36   36   36
30   30   30   30   30   30   30   30   30
40   40   40   40   40   40   40   40   40
120  120  120  120  120  120  120  120  120
N/A  N/A  N/A  N/A  N/A  N/A  N/A  N/A  N/A
50   50   50   50   50   50   50   50   50
50   50   50   50   50   50   50   50   50

