10 20 30 40 50 60 70 80 90
-7.91  -8.39  -8.69  -8.59  -8.64  -8.74  -8.98  -9.28  -9.28
 1.42   1.46   1.46   1.21   1.18   1.13   1.37   1.50   1.50
-3.54  -3.63  -3.66  -3.66  -3.66  -3.57  -3.18  -2.71  -2.71
 1.80   1.43   1.68   1.48   1.55   1.38   1.62   1.63   1.63
 0.91   0.70   0.38   0.30   0.28   0.23   0.10   0.04   0.04
 1.70   1.33   1.52   1.46   1.44   1.44   1.24   1.04   1.04
-1.90  -1.70  -1.75  -1.80  -1.80  -1.85  -1.45  -1.19  -1.19
 1.63   1.24   1.54   1.25   1.21   1.20   1.38   1.58   1.58
-2.01  -1.67  -1.75  -1.49  -1.53  -1.57  -1.48  -1.62  -1.62
 1.79   1.31   1.42   1.28   1.40   1.24   0.98   0.88   0.88
0.4    0.4    0.4    0.4    0.4    0.4    0.4    0.4    0.4
0.6    0.6    0.6    0.6    0.6    0.6    0.6    0.6    0.6
0      0      0      0      0      0      0      0      0
-0.6   -0.6   -0.6   -0.6   -0.6   -0.6   -0.6   -0.6   -0.6
-0.4   -0.4   -0.4   -0.4   -0.4   -0.4   -0.4   -0.4   -0.4
0.4    0.4    0.4    0.4    0.4    0.4    0.4    0.4    0.4
N/A    N/A    N/A    N/A    N/A    N/A    N/A    N/A    N/A
N/A    N/A    N/A    N/A    N/A    N/A    N/A    N/A    N/A
N/A    N/A    N/A    N/A    N/A    N/A    N/A    N/A    N/A
N/A    N/A    N/A    N/A    N/A    N/A    N/A    N/A    N/A
0      0      0      0      0      0      0      0      0
-0.4   -0.4   -0.4   -0.4   -0.4   -0.4   -0.4   -0.4   -0.4
N/A    N/A    N/A    N/A    N/A    N/A    N/A    N/A    N/A
N/A    N/A    N/A    N/A    N/A    N/A    N/A    N/A    N/A
-0.5   -0.5   -0.5   -0.5   -0.5   -0.5   -0.5   -0.5   -0.5
0      0      0      0      0      0      0      0      0
0.5    0.5    0.5    0.5    0.5    0.5    0.5    0.5    0.5
-0.1   -0.1   -0.1   -0.1   -0.1   -0.1   -0.1   -0.1   -0.1
0      0      0      0      0      0      0      0      0
0      0      0      0      0      0      0      0      0
0      0      0      0      0      0      0      0      0
2.28  2.33  2.43  2.26  2.71  2.10  2.19  2.06  2.06
20.6  16.7  13.2  11.3   9.6   7.5   9.1  11.7  11.7
 8.5  12.0  12.8  13.8  12.5  11.2  10.1  13.1  13.1
4    4    4    4    4    3    3    3    3
20   20   20   20   20   20   20   20   20
1.6  1.6  1.6  1.6  1.6  1.6  1.6  1.6  1.6
0    0    0    0    0    0    0    0    0
15   15   15   15   15   15   15   15   15
7    7    7    7    7    7    7    7    7
3    3    3    3    3    3    3    3    3
40   40   40   40   40   40   40   40   40
50   50   50   50   50   50   50   50   50
50   50   50   50   50   50   50   50   50
50   50   50   50   50   50   50   50   50
N/A  N/A  N/A  N/A  N/A  N/A  N/A  N/A  N/A
50   50   50   50   50   50   50   50   50
50   50   50   50   50   50   50   50   50