10 20 30 40 50 60 70 80 90
-7.24 -7.7 -7.82 -8.04 -8.08 -8.1 -8.16 -8.03 -8.33
1.26 0.99 0.86 0.75 0.77 0.76 0.73 0.79 0.7
-1.58 -1.67 -1.84 -2.02 -2.06 -1.99 -2.19 -1.88 -2
0.89 0.89 1.3 1.15 1.23 1.02 1.78 1.55 1.4
0.13 0.19 0.44 0.48 0.56 0.55 0.48 0.53 0.32
2.99 3.12 2.69 2.45 2.17 1.93 1.72 1.51 1.2
-1.13 0.49 0.95 1.15 1.14 1.13 1.16 1.28 1.42
2.66 2.03 1.54 1.02 1.61 1.84 1.81 1.35 0.6
-2.87 -2.68 -2.12 -2.27 -2.5 -2.47 -2.83 -2.82 -4.55
2.76 2.76 1.54 1.77 2.36 2.33 2.84 2.87 4.27
0.55 0.47 0.55 0.52 0.55 0.57 0.61 0.59 0.65
0.38 0.37 0.29 0.3 0.23 0.21 0.23 0.23 0.36
-0.05 -0.04 -0.04 -0.04 -0.03 -0.05 -0.03 -0.01 -0.03
-0.48 -0.52 -0.52 -0.53 -0.57 -0.53 -0.5 -0.49 -0.38
-0.21 -0.25 -0.21 -0.26 -0.25 -0.2 -0.19 -0.2 -0.19
0.41 0.42 0.34 0.38 0.28 0.2 0.26 0.23 0.31
N/A N/A N/A N/A N/A N/A N/A N/A N/A
N/A N/A N/A N/A N/A N/A N/A N/A N/A
N/A N/A N/A N/A N/A N/A N/A N/A N/A
N/A N/A N/A N/A N/A N/A N/A N/A N/A
-0.02 0 0.01 0.01 0.03 0.03 -0.02 -0.05 -0.12
-0.31 -0.32 -0.33 -0.33 -0.41 -0.4 -0.36 -0.37 -0.33
N/A N/A N/A N/A N/A N/A N/A N/A N/A
N/A N/A N/A N/A N/A N/A N/A N/A N/A
0.68 0.72 0.68 0.67 0.65 0.67 0.63 0.61 0.54
0.06 0.1 0.11 0.13 -0.04 -0.14 -0.11 -0.24 -0.19
0.52 0.48 0.59 0.55 0.54 0.6 0.64 0.6 0.6
0.06 0.12 0.14 0.18 0.01 -0.1 -0.11 -0.24 -0.2
0.4 0.41 0.34 0.38 0.31 0.25 0.23 0.22 0.29
0.05 0.13 0.16 0.16 0.18 0.21 0.02 -0.13 -0.35
-0.02 0.04 0.09 0.11 0 -0.09 -0.15 -0.29 -0.33
2.3 2.3 2.3 2.3 2.3 2.3 2.3 2.3 2.3
7 7 7 7 7 7 7 7 7
3 3 3 3 3 3 3 3 3
3 3 3 3 3 3 2 2 2
20 20 20 20 20 20 20 20 20
1.6 1.6 1.6 1.6 1.6 1.6 1.6 1.6 1.6
0.08 0.1 0.14 0.22 0.31 0.49 0.97 1.52 5.36
14.72 14.62 16.4 17.86 19.74 19.73 20.5 26.16 25.83
1.57 4.3 6.64 9.21 10.32 10.3 10.2 12.27 12.75
3 3 3 3 3 3 3 3 3 
40 40 40 40 40 40 40 40 40 
50 50 50 50 50 50 50 50 50 
50 50 50 50 50 50 50 50 50 
50 50 50 50 50 50 50 50 50 
N/A N/A N/A N/A N/A N/A N/A N/A N/A
50 50 50 50 50 50 50 50 50 
50 50 50 50 50 50 50 50 50 