10 20 30 40 50 60 70 80 90
-7.21 -7.63 -7.75 -7.97 -7.99 -8.01 -8.09 -7.97 -8.17
1.19 0.98 0.84 0.73 0.73 0.72 0.71 0.78 0.67
-1.55 -1.61 -1.73 -1.95 -1.94 -1.88 -2.1 -1.8 -1.77
0.87 0.88 1.15 1.13 1.21 0.99 1.77 1.54 1.4
0.17 0.32 0.52 0.61 0.68 0.64 0.58 0.71 0.49
2.97 2.99 2.71 2.26 2.08 1.93 1.71 0.96 1.16
-0.97 0.49 1.03 1.12 1.3 1.32 1.35 1.31 1.5
2.35 2.11 1.29 1.45 1.07 1.2 1.1 1.35 0.56
-2.86 -2.64 -2.05 -2.18 -2.24 -2.21 -2.69 -2.81 -4.29
2.77 2.79 1.53 1.67 1.95 1.87 2.72 2.98 4.37
0.54 0.46 0.56 0.52 0.6 0.59 0.6 0.57 0.64
0.38 0.36 0.27 0.29 0.21 0.24 0.22 0.24 0.24
-0.05 -0.04 -0.04 -0.04 -0.03 -0.05 -0.02 -0.01 0
-0.48 -0.53 -0.52 -0.52 -0.54 -0.51 -0.5 -0.48 -0.43
-0.22 -0.26 -0.21 -0.25 -0.21 -0.19 -0.19 -0.2 -0.2
0.41 0.4 0.33 0.37 0.23 0.23 0.22 0.23 0.21
N/A N/A N/A N/A N/A N/A N/A N/A N/A
N/A N/A N/A N/A N/A N/A N/A N/A N/A
N/A N/A N/A N/A N/A N/A N/A N/A N/A
N/A N/A N/A N/A N/A N/A N/A N/A N/A
-0.02 0 0.01 0 0.01 0.01 -0.02 -0.08 -0.12
-0.31 -0.33 -0.33 -0.33 -0.38 -0.39 -0.37 -0.37 -0.36
N/A N/A N/A N/A N/A N/A N/A N/A N/A
N/A N/A N/A N/A N/A N/A N/A N/A N/A
0.69 0.72 0.68 0.68 0.64 0.65 0.64 0.61 0.53
0.05 0.09 0.09 0.09 -0.03 -0.15 -0.13 -0.29 -0.19
0.52 0.48 0.6 0.56 0.62 0.6 0.65 0.59 0.64
0.05 0.11 0.13 0.14 -0.02 -0.11 -0.13 -0.26 -0.22
0.4 0.39 0.34 0.37 0.31 0.28 0.23 0.21 0.28
0.04 0.13 0.16 0.13 0.13 0.14 -0.02 -0.2 -0.46
-0.03 0.04 0.07 0.07 -0.01 -0.12 -0.15 -0.34 -0.36
2.3 2.3 2.3 2.3 2.3 2.3 2.3 2.3 2.3
7 7 7 7 7 7 7 7 7
3 3 3 3 3 3 3 3 3
3 3 3 3 3 3 2 2 2
20 20 20 20 20 20 20 20 20
3.9 3.9 3.9 3.9 3.9 3.9 3.9 3.9 3.9
0.08 0.1 0.14 0.23 0.33 0.53 1 1.4 6.63
15.07 16.2 18.14 19.96 21.53 22.44 23.59 26.57 32.7
1.66 4.71 7.33 9.82 11.52 11.75 10.93 12.19 16.68
3 3 3 3 3 3 3 3 3
40 40 40 40 40 40 40 40 40
50 50 50 50 50 50 50 50 50
50 50 50 50 50 50 50 50 50
50 50 50 50 50 50 50 50 50
N/A N/A N/A N/A N/A N/A N/A N/A N/A
50 50 50 50 50 50 50 50 50
50 50 50 50 50 50 50 50 50
