10 20 30 40 50 60 70 80 90
-8.16  -8.56  -8.72  -8.71  -8.72  -8.66  -8.38  -8.34  -8.34
 0.99   0.96   0.79   0.81   1.12   1.23   0.55   0.63   0.63
-3.57  -3.80  -3.77  -3.57  -3.42  -3.27  -3.08  -2.75  -2.75
 1.62   1.74   1.72   1.60   1.49   1.43   1.36   1.26   1.26
 0.05  -0.38  -0.56  -0.59  -0.58  -0.55  -0.28  -0.17  -0.17
 1.84   1.94   1.75   1.82   1.87   1.92   1.16   1.09   1.09
-1.78  -1.84  -1.67  -1.59  -1.55  -1.51  -1.27  -1.28  -1.28
 0.62   0.81   0.57   0.86   1.05   1.23   0.54   0.67   0.67
-1.06  -1.21  -1.28  -1.32  -1.39  -1.36  -1.08  -1.31  -1.31
 0.96   0.95   0.49   0.79   0.97   1.17   0.62   0.76   0.76
11.40  19.45  20.80  21.20  21.60  19.75  12.00  12.85  12.85
 6.26  10.32  16.34  15.63  14.22  14.19   5.70   9.91   9.91
 0.4    0.4    0.4    0.4    0.4    0.4    0.4    0.4    0.4
 0.8    0.8    0.8    0.8    0.8    0.8    0.8    0.8    0.8
-0.5   -0.5   -0.5   -0.5   -0.5   -0.5   -0.5   -0.5   -0.5
-0.5   -0.5   -0.5   -0.5   -0.5   -0.5   -0.5   -0.5   -0.5
-0.4   -0.4   -0.4   -0.4   -0.4   -0.4   -0.4   -0.4   -0.4
 0.0    0.0    0.0    0.0    0.0    0.0    0.0    0.0    0.0
 0.0    0.0    0.0    0.0    0.0    0.0    0.0    0.0    0.0
-0.2   -0.2   -0.2   -0.2   -0.2   -0.2   -0.2   -0.2   -0.2
-0.4   -0.4   -0.4   -0.4   -0.4   -0.4   -0.4   -0.4   -0.4
 0.0    0.0    0.0    0.0    0.0    0.0    0.0    0.0    0.0
 0.0    0.0    0.0    0.0    0.0    0.0    0.0    0.0    0.0
-0.8  -0.8  -0.8  -0.8  -0.8  -0.8  -0.8  -0.8  -0.8
 0     0     0     0     0     0     0     0     0
 0     0     0     0     0     0     0     0     0
-0.2  -0.2  -0.2  -0.2  -0.2  -0.2  -0.2  -0.2  -0.2
 0     0     0     0     0     0     0     0     0
 0.5   0.5   0.5   0.5   0.5   0.5   0.5   0.5   0.5
 0     0     0     0     0     0     0     0     0
-0.3  -0.3  -0.3  -0.3  -0.3  -0.3  -0.3  -0.3  -0.3
 0.4   0.4   0.4   0.4   0.4   0.4   0.4   0.4   0.4
 0     0     0     0     0     0     0     0     0
 2.20  3.36  3.50  2.81  2.39  2.73  2.07  2.04  2.04
21.3  21.0  21.2  21.1  20.7  20.6  20.3  19.8  19.1
 7.6   8.9   8.5   8.4   9.2   9.8  10.8  12.2  13.0
 3     3     3     3     3     3     2     2     2
20    20    20    20    20    20    20    20    20
 1.6   1.6   1.6   1.6   1.6   1.6   1.6   1.6   1.6
 0     0     0     0     0     0     0     0     0
11    11    11    11    11    11    11    11    11
 7     7     7     7     7     7     7     7     7
 3     3     3     3     3     3     3     3     3
30    30    30    30    30    30    30    30    30
18    18    18    18    18    18    18    18    18
15    15    15    15    15    15    15    15    15
37    37    37    37    37    37    37    37    37
12    12    12    12    12    12    12    12    12
15    15    15    15    15    15    15    15    15
15    15    15    15    15    15    15    15    15