10 20 30 40 50 60 70 80 90
-7.12 -7.28 -7.45 -7.73 -7.91 -8.14 -8.23 -8.28 -8.36
0.80 0.67 0.68 0.66 0.62 0.51 0.45 0.31 0.08
-3.06 -2.68 -2.51 -2.40 -2.31 -2.20 -2.00 -1.64 -0.63
0.48 0.36 0.38 0.32 0.33 0.39 0.40 0.32 0.53
0.94 0.87 0.92 0.79 0.72 0.60 0.55 0.71 0.81
0.70 0.66 0.68 0.64 0.63 0.54 0.52 0.53 0.62
0.82 0.50 0.82 1.23 1.43 1.56 1.66 1.73 1.79
0.03 0.09 0.05 0.03 0.06 0.05 0.05 0.02 0.01
-2.52 -2.29 -2.19 -2.24 -2.30 -2.48 -2.64 -2.68 -2.61
0.50 0.53 0.58 0.51 0.46 0.35 0.31 0.39 0.28
4.4 9.0 9.3 7.9 7.4 7.0 6.9 6.5 6.8
3.3 6.6 6.1 4.0 3.0 2.6 2.2 2.1 1.9
0.4 0.4 0.4 0.4 0.4 0.4 0.4 0.4 0.4
0.8 0.8 0.8 0.8 0.8 0.8 0.8 0.8 0.8
-0.5 -0.5 -0.5 -0.5 -0.5 -0.5 -0.5 -0.5 -0.5
-0.5 -0.5 -0.5 -0.5 -0.5 -0.5 -0.5 -0.5 -0.5
-0.4 -0.4 -0.4 -0.4 -0.4 -0.4 -0.4 -0.4 -0.4
0 0 0 0 0 0 0 0 0
0 0 0 0 0 0 0 0 0
-0.2 -0.2 -0.2 -0.2 -0.2 -0.2 -0.2 -0.2 -0.2
-0.4 -0.4 -0.4 -0.4 -0.4 -0.4 -0.4 -0.4 -0.4
0 0 0 0 0 0 0 0 0
0 0 0 0 0 0 0 0 0
-0.8 -0.8 -0.8 -0.8 -0.8 -0.8 -0.8 -0.8 -0.8
0 0 0 0 0 0 0 0 0
0 0 0 0 0 0 0 0 0
-0.2 -0.2 -0.2 -0.2 -0.2 -0.2 -0.2 -0.2 -0.2
0 0 0 0 0 0 0 0 0
0.5 0.5 0.5 0.5 0.5 0.5 0.5 0.5 0.5
0 0 0 0 0 0 0 0 0
-0.3 -0.3 -0.3 -0.3 -0.3 -0.3 -0.3 -0.3 -0.3
0.4 0.4 0.4 0.4 0.4 0.4 0.4 0.4 0.4
0 0 0 0 0 0 0 0 0
2.5 2.5 2.5 2.5 2.5 2.5 2.5 2.5 2.5
24.4 23.6 23.2 22.6 21.8 20.5 19.3 17.4 12.3
3.8 4.7 4.6 4.9 5.7 6.9 8.1 10.3 15.2
3 3 3 3 3 3 3 3 3
20 20 20 20 20 20 20 20 20
3.9 3.9 3.9 3.9 3.9 3.9 3.9 3.9 3.9
0 0 0 0 0 0 0 0 0
11 11 11 11 11 11 11 11 11
7 7 7 7 7 7 7 7 7
3 3 3 3 3 3 3 3 3
30 30 30 30 30 30 30 30 30
18 18 18 18 18 18 18 18 18
15 15 15 15 15 15 15 15 15
37 37 37 37 37 37 37 37 37
12 12 12 12 12 12 12 12 12
15 15 15 15 15 15 15 15 15
15 15 15 15 15 15 15 15 15
