10 20 30 40 50 60 70 80 90
-7.97 -8.12 -8.21 -8.31 -8.37 -8.39 -8.38 -8.35 -8.34
1 0.83 0.68 0.48 0.38 0.24 0.18 0.13 0.09
-2.6 -2.48 -2.44 -2.6 -2.71 -2.76 -2.78 -2.65 -2.27
0.79 0.8 0.91 1.02 1.17 1.17 1.2 1.45 1.85
0.18 0.42 0.41 0.18 -0.07 -0.43 -0.64 -0.91 -0.54
0.74 0.9 1.3 1.69 2.04 2.54 2.47 2.69 1.66
-0.63 -0.15 0.54 0.35 0.27 0.26 -0.12 -0.21 -0.07
2.6 3.31 1.1 1.59 1.62 0.97 1.99 1.82 1.43
-2.54 -2.67 -2.03 -2.28 -2.48 -2.56 -2.96 -3.08 -3
2.62 2.96 0.86 1.19 1.4 0.85 1.61 1.49 1.09
31.83 18.78 10.49 7.46 6.52 5.47 4.54 4.03 3.68
13.84 13.78 10.42 8.01 8.27 7.26 5.53 4.49 3.14
0.4 0.4 0.4 0.4 0.4 0.4 0.4 0.4 0.4
0.8 0.8 0.8 0.8 0.8 0.8 0.8 0.8 0.8
-0.5 -0.5 -0.5 -0.5 -0.5 -0.5 -0.5 -0.5 -0.5
-0.5 -0.5 -0.5 -0.5 -0.5 -0.5 -0.5 -0.5 -0.5
-0.4 -0.4 -0.4 -0.4 -0.4 -0.4 -0.4 -0.4 -0.4
0 0 0 0 0 0 0 0 0
0 0 0 0 0 0 0 0 0
-0.2 -0.2 -0.2 -0.2 -0.2 -0.2 -0.2 -0.2 -0.2
-0.4 -0.4 -0.4 -0.4 -0.4 -0.4 -0.4 -0.4 -0.4
0 0 0 0 0 0 0 0 0
0 0 0 0 0 0 0 0 0
-0.8 -0.8 -0.8 -0.8 -0.8 -0.8 -0.8 -0.8 -0.8
0 0 0 0 0 0 0 0 0
0 0 0 0 0 0 0 0 0
-0.2 -0.2 -0.2 -0.2 -0.2 -0.2 -0.2 -0.2 -0.2
0 0 0 0 0 0 0 0 0
0.5 0.5 0.5 0.5 0.5 0.5 0.5 0.5 0.5
0 0 0 0 0 0 0 0 0
-0.3 -0.3 -0.3 -0.3 -0.3 -0.3 -0.3 -0.3 -0.3
0.4 0.4 0.4 0.4 0.4 0.4 0.4 0.4 0.4
0 0 0 0 0 0 0 0 0
2.5 2.5 2.5 2.5 2.5 2.5 2.5 2.5 2.5
8 8 8 8 8 8 8 8 8
4 4 4 4 4 4 4 4 4
4 3 3 3 3 3 3 3 3
20 20 20 20 20 20 20 20 20
3.9 3.9 3.9 3.9 3.9 3.9 3.9 3.9 3.9
0.09 0.09 0.12 0.16 0.2 0.28 0.44 0.9 2.87
12.55 12.76 14.36 16.42 17.13 19.01 19.31 22.39 27.8
1.25 3.23 4.39 5.72 6.17 7.36 7.3 7.7 9.25
3 3 3 3 3 3 3 3 3
30 30 30 30 30 30 30 30 30
18 18 18 18 18 18 18 18 18
15 15 15 15 15 15 15 15 15
37 37 37 37 37 37 37 37 37
12 12 12 12 12 12 12 12 12
15 15 15 15 15 15 15 15 15
15 15 15 15 15 15 15 15 15