10 20 30 40 50 60 70 80 90
-6.86 -6.84 -7.00 -7.21 -7.42 -7.86 -7.76 -8.07 -7.95
0.81 0.61 0.56 0.56 0.57 0.55 0.47 0.42 0.59
-2.12 -1.74 -1.56 -1.54 -1.45 -1.64 -1.37 -1.29 -0.41
0.94 0.79 0.66 0.63 0.56 0.78 0.56 0.76 0.59
1.02 1.44 1.48 1.46 1.40 0.97 1.33 1.12 1.04
1.44 0.77 0.70 0.60 0.59 1.27 0.56 1.04 0.63
1.01 0.96 1.13 1.30 1.40 1.41 1.63 1.68 1.70
0.56 0.55 0.43 0.37 0.32 0.45 0.17 0.14 0.17
-2.11 -1.69 -1.52 -1.51 -1.54 -1.84 -1.86 -2.16 -2.21
0.59 0.51 0.46 0.43 0.45 0.63 0.51 0.74 0.61
0.4 0.4 0.4 0.4 0.4 0.4 0.4 0.4 0.4
0.6 0.6 0.6 0.6 0.6 0.6 0.6 0.6 0.6
0 0 0 0 0 0 0 0 0
-0.6 -0.6 -0.6 -0.6 -0.6 -0.6 -0.6 -0.6 -0.6
-0.4 -0.4 -0.4 -0.4 -0.4 -0.4 -0.4 -0.4 -0.4
0.4 0.4 0.4 0.4 0.4 0.4 0.4 0.4 0.4
N/A N/A N/A N/A N/A N/A N/A N/A N/A
N/A N/A N/A N/A N/A N/A N/A N/A N/A
N/A N/A N/A N/A N/A N/A N/A N/A N/A
N/A N/A N/A N/A N/A N/A N/A N/A N/A
0 0 0 0 0 0 0 0 0
-0.4 -0.4 -0.4 -0.4 -0.4 -0.4 -0.4 -0.4 -0.4
N/A N/A N/A N/A N/A N/A N/A N/A N/A
N/A N/A N/A N/A N/A N/A N/A N/A N/A
-0.5 -0.5 -0.5 -0.5 -0.5 -0.5 -0.5 -0.5 -0.5
0 0 0 0 0 0 0 0 0
0.5 0.5 0.5 0.5 0.5 0.5 0.5 0.5 0.5
-0.1 -0.1 -0.1 -0.1 -0.1 -0.1 -0.1 -0.1 -0.1
0 0 0 0 0 0 0 0 0
0 0 0 0 0 0 0 0 0
0 0 0 0 0 0 0 0 0
2.3 2.3 2.3 2.3 2.3 2.3 2.3 2.3 2.3
23.7 21.8 19.6 18.0 16.3 15.9 12.3 10.5 10.5
4.5 6.3 8.2 9.4 11.5 12.4 15.0 15.7 15.7
4 4 4 4 4 4 4 4 4
20 20 20 20 20 20 20 20 20
3.9 3.9 3.9 3.9 3.9 3.9 3.9 3.9 3.9
0 0 0 0 0 0 0 0 0
15 15 15 15 15 15 15 15 15
7 7 7 7 7 7 7 7 7
3 3 3 3 3 3 3 3 3
40 40 40 40 40 40 40 40 40
50 50 50 50 50 50 50 50 50
50 50 50 50 50 50 50 50 50
50 50 50 50 50 50 50 50 50
N/A N/A N/A N/A N/A N/A N/A N/A N/A
50 50 50 50 50 50 50 50 50
50 50 50 50 50 50 50 50 50
