23.608	23.625	23.612	23.612	23.609	23.591	23.584	23.588	23.592	23.598	23.592	23.582	23.575	23.577	23.566	23.574	23.567	23.565	23.567	23.576	23.576	23.563	23.553	23.541	23.538	23.527	23.535	23.526	23.53	23.521	23.503	23.497	23.501	23.513	23.515	23.522	23.521	23.522	23.523	23.508	23.491	23.477	23.472	23.479	23.472	23.466	23.449	23.423	23.417	23.412	23.41	23.403	23.395	23.386	23.384	23.389	23.379	23.37	23.37	23.37	23.391	23.381	23.377	23.385	23.376	23.373	23.357	23.347	23.336	23.333	23.339	23.355	23.368	23.375	23.367	23.375	23.369	23.369	23.362	23.348	23.344	23.354	23.347	23.346	23.341	23.328	23.307	23.3	23.288	23.28	23.295	23.299	23.294	23.29	23.293	23.29	23.288	23.28	23.275	23.274	23.274	23.27	23.269	23.257	23.253	23.247	23.238	23.236	23.225	23.217	23.203	23.2	23.2	23.207	23.192	23.188	23.188	23.193	23.199	23.186	23.176	23.167	23.168	23.164	23.151	23.138	23.13	23.136	23.136	23.125	23.119	23.115	23.114	23.122	23.113	23.106	23.108
23.615	23.622	23.618	23.626	23.615	23.603	23.597	23.595	23.598	23.605	23.6	23.596	23.585	23.568	23.566	23.558	23.555	23.563	23.566	23.567	23.558	23.554	23.544	23.543	23.524	23.52	23.518	23.507	23.514	23.515	23.512	23.498	23.505	23.515	23.517	23.52	23.525	23.523	23.517	23.509	23.497	23.478	23.476	23.48	23.479	23.473	23.458	23.438	23.426	23.419	23.42	23.414	23.4	23.4	23.394	23.39	23.383	23.376	23.369	23.374	23.359	23.365	23.368	23.369	23.383	23.371	23.365	23.343	23.335	23.336	23.341	23.354	23.365	23.372	23.361	23.353	23.334	23.342	23.328	23.326	23.332	23.336	23.328	23.318	23.313	23.298	23.282	23.276	23.268	23.268	23.279	23.289	23.277	23.278	23.276	23.279	23.276	23.268	23.27	23.255	23.269	23.258	23.255	23.248	23.247	23.237	23.225	23.225	23.218	23.221	23.203	23.199	23.199	23.2	23.2	23.188	23.185	23.177	23.184	23.167	23.164	23.161	23.161	23.149	23.139	23.13	23.125	23.132	23.121	23.121	23.095	23.101	23.099	23.109	23.102	23.097	23.098
23.612	23.612	23.613	23.607	23.6	23.602	23.597	23.598	23.588	23.595	23.6	23.587	23.571	23.575	23.559	23.552	23.557	23.556	23.57	23.572	23.562	23.552	23.551	23.538	23.528	23.519	23.516	23.515	23.521	23.516	23.496	23.506	23.503	23.512	23.528	23.525	23.527	23.521	23.519	23.495	23.488	23.478	23.479	23.475	23.46	23.465	23.461	23.444	23.439	23.437	23.413	23.408	23.402	23.401	23.405	23.4	23.397	23.386	23.38	23.364	23.358	23.356	23.354	23.359	23.368	23.358	23.343	23.341	23.331	23.339	23.342	23.349	23.35	23.361	23.362	23.343	23.337	23.331	23.328	23.337	23.335	23.332	23.334	23.317	23.302	23.293	23.272	23.266	23.266	23.265	23.277	23.288	23.289	23.282	23.281	23.269	23.267	23.26	23.262	23.252	23.262	23.252	23.235	23.229	23.227	23.229	23.233	23.227	23.218	23.225	23.221	23.205	23.203	23.196	23.199	23.191	23.172	23.168	23.175	23.16	23.156	23.164	23.148	23.145	23.142	23.13	23.122	23.118	23.112	23.104	23.091	23.082	23.089	23.096	23.09	23.088	23.083
23.626	23.635	23.618	23.624	23.62	23.615	23.615	23.616	23.613	23.597	23.602	23.586	23.576	23.565	23.556	23.552	23.552	23.564	23.575	23.577	23.564	23.551	23.537	23.534	23.529	23.532	23.535	23.526	23.527	23.514	23.503	23.491	23.505	23.501	23.514	23.523	23.525	23.522	23.514	23.499	23.482	23.488	23.481	23.467	23.467	23.463	23.463	23.46	23.459	23.446	23.425	23.414	23.412	23.408	23.408	23.412	23.401	23.396	23.385	23.372	23.364	23.36	23.36	23.366	23.364	23.365	23.354	23.342	23.339	23.342	23.338	23.338	23.351	23.368	23.364	23.352	23.341	23.332	23.334	23.337	23.335	23.331	23.333	23.316	23.31	23.285	23.27	23.262	23.261	23.267	23.274	23.282	23.287	23.288	23.279	23.27	23.26	23.259	23.267	23.262	23.266	23.25	23.228	23.222	23.233	23.233	23.241	23.235	23.218	23.222	23.214	23.22	23.202	23.2	23.189	23.173	23.17	23.173	23.169	23.153	23.15	23.135	23.14	23.136	23.134	23.134	23.124	23.115	23.097	23.101	23.089	23.087	23.089	23.089	23.093	23.085	23.079
23.642	23.642	23.636	23.629	23.635	23.637	23.633	23.629	23.618	23.613	23.616	23.613	23.603	23.588	23.572	23.556	23.558	23.567	23.577	23.584	23.574	23.55	23.537	23.536	23.534	23.537	23.533	23.531	23.544	23.531	23.509	23.503	23.508	23.509	23.512	23.519	23.524	23.523	23.526	23.514	23.494	23.474	23.472	23.478	23.483	23.484	23.476	23.474	23.451	23.452	23.445	23.439	23.426	23.417	23.411	23.423	23.416	23.4	23.39	23.381	23.379	23.387	23.385	23.384	23.385	23.38	23.376	23.374	23.363	23.351	23.349	23.354	23.366	23.378	23.367	23.357	23.349	23.345	23.347	23.344	23.335	23.334	23.344	23.333	23.315	23.289	23.282	23.275	23.262	23.26	23.281	23.284	23.282	23.283	23.278	23.27	23.262	23.252	23.26	23.268	23.276	23.253	23.234	23.23	23.227	23.236	23.236	23.223	23.219	23.223	23.219	23.198	23.191	23.189	23.178	23.169	23.163	23.162	23.154	23.148	23.139	23.131	23.127	23.126	23.126	23.124	23.133	23.127	23.12	23.11	23.102	23.092	23.091	23.101	23.101	23.105	23.091
23.66	23.669	23.669	23.666	23.658	23.642	23.637	23.636	23.624	23.627	23.631	23.62	23.614	23.598	23.577	23.567	23.56	23.569	23.57	23.586	23.571	23.555	23.548	23.546	23.544	23.536	23.54	23.546	23.553	23.54	23.523	23.513	23.508	23.509	23.518	23.523	23.521	23.532	23.522	23.514	23.501	23.484	23.47	23.477	23.484	23.489	23.487	23.47	23.456	23.448	23.446	23.432	23.419	23.416	23.417	23.424	23.423	23.419	23.412	23.401	23.397	23.398	23.395	23.407	23.408	23.392	23.381	23.383	23.373	23.359	23.356	23.366	23.377	23.38	23.373	23.379	23.372	23.355	23.351	23.339	23.337	23.343	23.345	23.327	23.314	23.294	23.285	23.284	23.281	23.277	23.276	23.285	23.275	23.271	23.273	23.264	23.256	23.257	23.263	23.263	23.273	23.246	23.233	23.224	23.224	23.224	23.224	23.216	23.203	23.211	23.199	23.19	23.189	23.174	23.172	23.178	23.174	23.167	23.151	23.137	23.129	23.14	23.13	23.129	23.121	23.124	23.134	23.138	23.125	23.118	23.105	23.099	23.091	23.086	23.087	23.099	23.111
23.674	23.667	23.658	23.648	23.635	23.623	23.613	23.613	23.607	23.619	23.626	23.621	23.604	23.599	23.579	23.573	23.567	23.569	23.575	23.585	23.558	23.55	23.539	23.54	23.539	23.53	23.518	23.521	23.534	23.532	23.511	23.51	23.513	23.503	23.514	23.521	23.522	23.499	23.505	23.498	23.492	23.465	23.461	23.469	23.482	23.492	23.489	23.47	23.458	23.442	23.43	23.428	23.425	23.417	23.419	23.414	23.419	23.406	23.395	23.386	23.388	23.401	23.403	23.418	23.4	23.384	23.378	23.373	23.362	23.358	23.359	23.359	23.369	23.362	23.361	23.354	23.357	23.358	23.358	23.337	23.32	23.328	23.314	23.295	23.287	23.275	23.271	23.266	23.259	23.259	23.268	23.267	23.253	23.257	23.254	23.252	23.241	23.247	23.233	23.243	23.242	23.247	23.228	23.216	23.208	23.204	23.202	23.196	23.199	23.195	23.178	23.164	23.149	23.14	23.134	23.14	23.14	23.144	23.133	23.126	23.124	23.12	23.126	23.118	23.121	23.11	23.111	23.108	23.09	23.083	23.096	23.093	23.08	23.082	23.077	23.093	23.09
23.67	23.665	23.659	23.652	23.634	23.623	23.612	23.611	23.622	23.619	23.632	23.621	23.616	23.6	23.592	23.584	23.576	23.581	23.571	23.573	23.554	23.548	23.539	23.545	23.545	23.531	23.528	23.529	23.518	23.503	23.501	23.496	23.5	23.511	23.507	23.523	23.504	23.51	23.509	23.486	23.471	23.477	23.472	23.468	23.494	23.48	23.484	23.465	23.441	23.422	23.414	23.42	23.42	23.413	23.414	23.409	23.402	23.4	23.395	23.39	23.384	23.381	23.386	23.388	23.386	23.369	23.361	23.35	23.345	23.354	23.356	23.372	23.36	23.349	23.341	23.338	23.331	23.341	23.336	23.313	23.314	23.296	23.289	23.277	23.268	23.269	23.265	23.26	23.255	23.259	23.264	23.265	23.252	23.25	23.247	23.233	23.225	23.227	23.221	23.222	23.228	23.216	23.224	23.206	23.202	23.196	23.188	23.188	23.186	23.183	23.159	23.148	23.133	23.129	23.131	23.125	23.135	23.132	23.126	23.125	23.121	23.123	23.115	23.106	23.108	23.105	23.087	23.085	23.077	23.067	23.067	23.076	23.075	23.076	23.091	23.086	23.078
23.665	23.671	23.659	23.656	23.654	23.637	23.62	23.63	23.623	23.622	23.63	23.627	23.612	23.613	23.609	23.598	23.585	23.581	23.577	23.579	23.573	23.561	23.565	23.568	23.552	23.543	23.533	23.53	23.538	23.525	23.51	23.512	23.507	23.505	23.512	23.5	23.506	23.511	23.497	23.486	23.483	23.482	23.472	23.479	23.471	23.469	23.48	23.47	23.44	23.437	23.428	23.42	23.425	23.412	23.41	23.406	23.391	23.393	23.391	23.394	23.395	23.386	23.381	23.376	23.376	23.362	23.359	23.352	23.352	23.336	23.346	23.352	23.348	23.348	23.339	23.324	23.329	23.331	23.322	23.325	23.302	23.297	23.283	23.27	23.271	23.275	23.27	23.263	23.267	23.272	23.267	23.258	23.251	23.247	23.253	23.241	23.232	23.234	23.221	23.226	23.218	23.208	23.203	23.211	23.205	23.191	23.191	23.179	23.184	23.179	23.153	23.142	23.134	23.115	23.106	23.109	23.122	23.13	23.138	23.13	23.115	23.114	23.102	23.094	23.097	23.085	23.089	23.082	23.067	23.054	23.059	23.064	23.067	23.078	23.078	23.067	23.064
23.655	23.67	23.66	23.655	23.648	23.64	23.643	23.633	23.631	23.629	23.63	23.622	23.611	23.609	23.61	23.607	23.592	23.588	23.582	23.59	23.588	23.575	23.573	23.572	23.569	23.553	23.546	23.546	23.548	23.533	23.522	23.513	23.52	23.518	23.509	23.516	23.501	23.488	23.492	23.493	23.485	23.481	23.48	23.467	23.47	23.466	23.474	23.466	23.45	23.447	23.431	23.431	23.421	23.419	23.411	23.409	23.389	23.389	23.391	23.397	23.406	23.394	23.401	23.382	23.374	23.354	23.347	23.342	23.341	23.328	23.318	23.329	23.336	23.345	23.325	23.32	23.328	23.316	23.308	23.294	23.298	23.288	23.279	23.262	23.269	23.272	23.271	23.263	23.27	23.276	23.27	23.269	23.256	23.251	23.256	23.251	23.245	23.242	23.227	23.22	23.217	23.21	23.195	23.207	23.2	23.193	23.182	23.181	23.176	23.173	23.149	23.148	23.138	23.129	23.116	23.109	23.116	23.118	23.125	23.117	23.111	23.107	23.104	23.091	23.084	23.073	23.077	23.074	23.062	23.057	23.057	23.054	23.071	23.061	23.066	23.058	23.056
23.656	23.669	23.658	23.648	23.638	23.635	23.635	23.631	23.641	23.639	23.64	23.633	23.624	23.605	23.614	23.603	23.594	23.59	23.592	23.59	23.596	23.579	23.569	23.566	23.56	23.552	23.546	23.552	23.554	23.538	23.531	23.517	23.535	23.52	23.518	23.509	23.507	23.496	23.491	23.491	23.475	23.475	23.476	23.472	23.471	23.474	23.478	23.469	23.461	23.455	23.443	23.43	23.428	23.423	23.419	23.416	23.409	23.408	23.409	23.41	23.407	23.411	23.411	23.405	23.382	23.37	23.358	23.34	23.341	23.329	23.318	23.325	23.324	23.336	23.317	23.317	23.309	23.3	23.295	23.295	23.302	23.294	23.285	23.274	23.276	23.266	23.268	23.268	23.264	23.263	23.26	23.262	23.247	23.25	23.244	23.245	23.242	23.241	23.237	23.224	23.22	23.215	23.21	23.196	23.195	23.192	23.177	23.178	23.175	23.17	23.157	23.153	23.145	23.14	23.12	23.114	23.11	23.112	23.118	23.111	23.104	23.101	23.103	23.099	23.073	23.074	23.066	23.073	23.068	23.065	23.052	23.055	23.059	23.058	23.048	23.035	23.048
23.667	23.676	23.669	23.658	23.645	23.633	23.629	23.626	23.633	23.655	23.656	23.647	23.634	23.63	23.623	23.612	23.607	23.598	23.593	23.588	23.583	23.574	23.573	23.568	23.565	23.57	23.554	23.559	23.555	23.553	23.542	23.533	23.522	23.527	23.526	23.521	23.523	23.517	23.503	23.487	23.488	23.471	23.482	23.495	23.495	23.497	23.502	23.487	23.483	23.48	23.454	23.446	23.442	23.429	23.429	23.431	23.426	23.422	23.426	23.422	23.425	23.43	23.423	23.415	23.393	23.375	23.371	23.36	23.34	23.336	23.342	23.33	23.335	23.333	23.321	23.313	23.312	23.301	23.298	23.302	23.305	23.307	23.303	23.289	23.281	23.287	23.273	23.266	23.274	23.268	23.267	23.268	23.259	23.248	23.25	23.245	23.247	23.246	23.23	23.228	23.228	23.22	23.198	23.191	23.189	23.18	23.172	23.167	23.171	23.175	23.165	23.156	23.151	23.128	23.108	23.105	23.101	23.111	23.107	23.104	23.098	23.1	23.087	23.086	23.078	23.069	23.071	23.086	23.07	23.066	23.071	23.065	23.058	23.051	23.043	23.04	23.045
23.695	23.698	23.681	23.677	23.663	23.65	23.64	23.631	23.64	23.656	23.666	23.662	23.66	23.649	23.647	23.64	23.621	23.61	23.608	23.611	23.586	23.584	23.576	23.575	23.574	23.575	23.581	23.571	23.567	23.56	23.566	23.553	23.545	23.548	23.548	23.548	23.553	23.539	23.517	23.521	23.508	23.495	23.506	23.501	23.508	23.5	23.508	23.501	23.511	23.484	23.465	23.452	23.44	23.452	23.439	23.447	23.433	23.442	23.435	23.443	23.44	23.437	23.435	23.414	23.414	23.395	23.387	23.374	23.362	23.358	23.36	23.368	23.363	23.364	23.33	23.323	23.31	23.312	23.315	23.315	23.318	23.315	23.308	23.298	23.302	23.283	23.275	23.274	23.275	23.291	23.289	23.285	23.264	23.256	23.237	23.245	23.246	23.233	23.243	23.237	23.249	23.223	23.204	23.191	23.184	23.183	23.179	23.174	23.169	23.173	23.175	23.175	23.151	23.143	23.13	23.119	23.116	23.107	23.112	23.113	23.106	23.086	23.076	23.062	23.065	23.07	23.074	23.074	23.064	23.085	23.068	23.071	23.063	23.05	23.052	23.051	23.05
23.721	23.723	23.7	23.682	23.674	23.658	23.655	23.66	23.652	23.67	23.681	23.68	23.676	23.684	23.669	23.665	23.656	23.641	23.627	23.611	23.603	23.592	23.589	23.592	23.589	23.579	23.574	23.582	23.584	23.588	23.585	23.583	23.562	23.559	23.557	23.553	23.557	23.546	23.546	23.529	23.519	23.517	23.516	23.513	23.517	23.515	23.513	23.508	23.497	23.495	23.49	23.475	23.461	23.452	23.464	23.47	23.465	23.457	23.454	23.447	23.439	23.441	23.429	23.432	23.431	23.426	23.411	23.395	23.39	23.384	23.378	23.383	23.379	23.385	23.362	23.346	23.329	23.328	23.329	23.334	23.337	23.335	23.338	23.318	23.296	23.287	23.286	23.304	23.306	23.309	23.311	23.293	23.272	23.258	23.25	23.25	23.241	23.255	23.25	23.255	23.246	23.243	23.223	23.21	23.202	23.2	23.197	23.193	23.191	23.181	23.171	23.165	23.16	23.158	23.15	23.134	23.136	23.131	23.134	23.133	23.116	23.094	23.075	23.06	23.059	23.063	23.074	23.075	23.08	23.081	23.077	23.059	23.053	23.047	23.046	23.051	23.059
23.735	23.741	23.72	23.712	23.694	23.684	23.679	23.671	23.672	23.675	23.692	23.694	23.7	23.688	23.676	23.664	23.653	23.643	23.639	23.632	23.622	23.612	23.61	23.613	23.617	23.61	23.608	23.617	23.613	23.606	23.598	23.597	23.593	23.589	23.595	23.588	23.569	23.566	23.568	23.551	23.541	23.522	23.523	23.528	23.53	23.529	23.526	23.527	23.511	23.501	23.492	23.481	23.47	23.473	23.481	23.487	23.467	23.465	23.449	23.435	23.422	23.424	23.433	23.442	23.447	23.432	23.416	23.399	23.394	23.39	23.391	23.396	23.394	23.394	23.379	23.38	23.361	23.349	23.345	23.341	23.347	23.349	23.352	23.329	23.315	23.31	23.309	23.322	23.322	23.313	23.309	23.315	23.29	23.276	23.268	23.268	23.262	23.251	23.259	23.27	23.254	23.233	23.23	23.226	23.214	23.204	23.202	23.19	23.197	23.207	23.184	23.17	23.169	23.171	23.171	23.16	23.156	23.153	23.151	23.135	23.126	23.099	23.088	23.078	23.071	23.072	23.084	23.082	23.07	23.068	23.063	23.05	23.044	23.037	23.044	23.048	23.044
23.747	23.737	23.726	23.7	23.682	23.674	23.672	23.676	23.684	23.689	23.701	23.695	23.687	23.689	23.674	23.653	23.647	23.639	23.647	23.633	23.613	23.601	23.604	23.599	23.595	23.593	23.593	23.597	23.596	23.6	23.593	23.592	23.594	23.587	23.574	23.568	23.56	23.565	23.561	23.54	23.539	23.521	23.519	23.528	23.521	23.532	23.523	23.515	23.504	23.497	23.478	23.467	23.46	23.449	23.45	23.458	23.448	23.445	23.439	23.424	23.423	23.422	23.419	23.431	23.438	23.421	23.403	23.392	23.384	23.371	23.377	23.378	23.378	23.391	23.383	23.369	23.354	23.349	23.331	23.33	23.334	23.337	23.348	23.336	23.306	23.293	23.294	23.298	23.31	23.307	23.308	23.312	23.288	23.272	23.261	23.249	23.238	23.241	23.252	23.251	23.241	23.234	23.222	23.213	23.208	23.183	23.175	23.182	23.191	23.185	23.179	23.172	23.164	23.161	23.149	23.134	23.134	23.131	23.124	23.105	23.094	23.094	23.073	23.058	23.053	23.052	23.059	23.06	23.06	23.053	23.05	23.035	23.026	23.033	23.022	23.02	23.025
23.754	23.744	23.731	23.717	23.694	23.695	23.69	23.692	23.696	23.693	23.706	23.697	23.691	23.681	23.669	23.653	23.652	23.655	23.649	23.636	23.617	23.612	23.596	23.589	23.587	23.584	23.595	23.593	23.604	23.595	23.608	23.59	23.588	23.584	23.581	23.582	23.577	23.568	23.556	23.539	23.534	23.524	23.523	23.523	23.519	23.516	23.514	23.506	23.505	23.48	23.47	23.459	23.453	23.446	23.441	23.45	23.445	23.439	23.432	23.423	23.423	23.418	23.421	23.413	23.417	23.404	23.397	23.379	23.384	23.375	23.374	23.382	23.365	23.36	23.353	23.361	23.355	23.346	23.346	23.332	23.339	23.348	23.344	23.335	23.321	23.298	23.297	23.295	23.293	23.315	23.3	23.298	23.287	23.267	23.254	23.251	23.247	23.24	23.24	23.236	23.232	23.218	23.226	23.217	23.21	23.204	23.188	23.185	23.189	23.192	23.173	23.162	23.142	23.141	23.133	23.123	23.125	23.115	23.101	23.083	23.088	23.078	23.07	23.065	23.054	23.049	23.044	23.056	23.05	23.058	23.049	23.021	23.018	23.015	23.015	23.011	23.012
23.763	23.744	23.732	23.717	23.725	23.712	23.714	23.721	23.712	23.714	23.715	23.703	23.694	23.696	23.676	23.666	23.668	23.653	23.652	23.637	23.63	23.608	23.606	23.596	23.594	23.598	23.596	23.601	23.615	23.611	23.607	23.611	23.605	23.594	23.597	23.576	23.577	23.568	23.554	23.533	23.528	23.512	23.511	23.51	23.503	23.495	23.507	23.502	23.498	23.5	23.48	23.474	23.463	23.442	23.453	23.461	23.453	23.446	23.442	23.437	23.419	23.422	23.41	23.412	23.413	23.407	23.404	23.398	23.389	23.382	23.39	23.385	23.38	23.376	23.362	23.365	23.357	23.348	23.346	23.344	23.344	23.357	23.351	23.33	23.319	23.334	23.32	23.306	23.312	23.296	23.292	23.286	23.287	23.268	23.259	23.248	23.247	23.252	23.235	23.238	23.242	23.236	23.229	23.221	23.212	23.213	23.206	23.187	23.187	23.188	23.167	23.154	23.143	23.124	23.129	23.128	23.12	23.114	23.113	23.1	23.08	23.071	23.058	23.053	23.053	23.05	23.056	23.065	23.061	23.053	23.047	23.028	23.009	23.01	23.009	23.007	23.023
23.777	23.76	23.751	23.743	23.736	23.727	23.729	23.723	23.717	23.715	23.719	23.716	23.709	23.702	23.688	23.674	23.675	23.67	23.66	23.656	23.628	23.628	23.621	23.621	23.621	23.608	23.612	23.617	23.629	23.617	23.602	23.602	23.605	23.605	23.585	23.575	23.562	23.56	23.54	23.526	23.516	23.514	23.512	23.509	23.506	23.518	23.522	23.515	23.505	23.492	23.481	23.484	23.476	23.463	23.47	23.479	23.464	23.456	23.445	23.443	23.437	23.426	23.419	23.419	23.418	23.416	23.41	23.396	23.397	23.402	23.399	23.392	23.382	23.379	23.376	23.368	23.363	23.362	23.353	23.346	23.356	23.357	23.362	23.348	23.334	23.342	23.335	23.326	23.315	23.306	23.298	23.29	23.276	23.276	23.267	23.269	23.27	23.251	23.251	23.252	23.256	23.248	23.238	23.228	23.225	23.22	23.203	23.196	23.188	23.191	23.177	23.159	23.156	23.156	23.155	23.144	23.133	23.118	23.11	23.096	23.091	23.08	23.081	23.065	23.056	23.053	23.063	23.072	23.06	23.043	23.036	23.026	23.019	23.019	23.021	23.02	23.029
23.801	23.79	23.77	23.757	23.746	23.74	23.737	23.735	23.735	23.731	23.73	23.741	23.724	23.713	23.709	23.695	23.689	23.689	23.687	23.683	23.653	23.652	23.643	23.638	23.63	23.619	23.615	23.617	23.631	23.623	23.608	23.596	23.602	23.597	23.585	23.586	23.575	23.562	23.546	23.537	23.537	23.536	23.526	23.533	23.532	23.535	23.544	23.525	23.513	23.487	23.486	23.498	23.488	23.495	23.491	23.498	23.482	23.465	23.451	23.454	23.445	23.433	23.443	23.44	23.447	23.435	23.427	23.419	23.414	23.411	23.402	23.399	23.39	23.387	23.38	23.376	23.374	23.369	23.365	23.349	23.354	23.369	23.371	23.357	23.343	23.328	23.329	23.315	23.315	23.323	23.311	23.31	23.296	23.29	23.284	23.29	23.283	23.264	23.268	23.266	23.271	23.264	23.257	23.239	23.226	23.226	23.215	23.206	23.2	23.2	23.19	23.181	23.163	23.162	23.158	23.146	23.141	23.13	23.121	23.097	23.101	23.105	23.093	23.08	23.07	23.065	23.068	23.069	23.06	23.055	23.036	23.03	23.03	23.034	23.02	23.022	23.039
23.826	23.817	23.789	23.773	23.766	23.754	23.754	23.759	23.753	23.758	23.754	23.754	23.739	23.734	23.73	23.719	23.71	23.698	23.712	23.715	23.682	23.659	23.655	23.641	23.635	23.639	23.634	23.637	23.634	23.624	23.622	23.611	23.594	23.596	23.6	23.588	23.591	23.583	23.569	23.562	23.574	23.563	23.552	23.561	23.559	23.561	23.559	23.543	23.526	23.514	23.499	23.505	23.508	23.511	23.508	23.517	23.51	23.484	23.476	23.458	23.455	23.462	23.463	23.477	23.468	23.449	23.439	23.44	23.425	23.426	23.422	23.405	23.4	23.401	23.403	23.388	23.379	23.367	23.365	23.373	23.377	23.375	23.376	23.355	23.345	23.34	23.33	23.313	23.327	23.324	23.323	23.323	23.312	23.31	23.319	23.304	23.292	23.285	23.277	23.283	23.285	23.273	23.251	23.25	23.245	23.239	23.235	23.227	23.216	23.215	23.205	23.197	23.184	23.156	23.142	23.144	23.144	23.14	23.129	23.117	23.115	23.116	23.11	23.093	23.1	23.09	23.096	23.091	23.072	23.059	23.043	23.031	23.028	23.03	23.022	23.028	23.038
23.849	23.847	23.817	23.807	23.793	23.788	23.784	23.783	23.781	23.772	23.77	23.76	23.747	23.744	23.737	23.734	23.718	23.725	23.73	23.735	23.7	23.684	23.666	23.656	23.656	23.654	23.655	23.642	23.642	23.627	23.634	23.61	23.606	23.604	23.59	23.596	23.601	23.597	23.583	23.582	23.565	23.562	23.558	23.567	23.575	23.581	23.585	23.572	23.562	23.543	23.534	23.52	23.518	23.528	23.533	23.541	23.518	23.502	23.479	23.474	23.468	23.471	23.479	23.475	23.467	23.462	23.453	23.443	23.435	23.432	23.427	23.43	23.428	23.433	23.418	23.406	23.392	23.393	23.39	23.393	23.385	23.379	23.377	23.353	23.361	23.344	23.346	23.35	23.362	23.363	23.362	23.361	23.334	23.337	23.326	23.317	23.301	23.293	23.299	23.303	23.296	23.284	23.276	23.259	23.25	23.241	23.25	23.231	23.225	23.226	23.213	23.209	23.198	23.178	23.167	23.159	23.158	23.152	23.134	23.132	23.14	23.12	23.118	23.131	23.12	23.135	23.121	23.118	23.091	23.075	23.058	23.032	23.022	23.018	23.026	23.026	23.02
23.86	23.852	23.834	23.829	23.806	23.796	23.793	23.796	23.792	23.799	23.788	23.77	23.747	23.76	23.768	23.755	23.746	23.741	23.742	23.743	23.711	23.682	23.675	23.675	23.677	23.665	23.664	23.659	23.659	23.645	23.643	23.636	23.628	23.63	23.622	23.627	23.621	23.623	23.606	23.596	23.572	23.559	23.56	23.57	23.582	23.609	23.6	23.595	23.576	23.565	23.558	23.544	23.542	23.548	23.552	23.562	23.545	23.523	23.51	23.492	23.491	23.499	23.488	23.493	23.475	23.463	23.46	23.46	23.46	23.463	23.448	23.447	23.457	23.464	23.456	23.427	23.423	23.424	23.416	23.406	23.403	23.399	23.389	23.364	23.37	23.361	23.367	23.381	23.387	23.389	23.385	23.384	23.364	23.351	23.345	23.328	23.312	23.303	23.307	23.313	23.307	23.302	23.282	23.276	23.272	23.266	23.256	23.243	23.236	23.237	23.229	23.224	23.219	23.214	23.212	23.215	23.195	23.179	23.183	23.176	23.162	23.149	23.131	23.139	23.147	23.141	23.15	23.136	23.125	23.102	23.08	23.061	23.044	23.022	23.025	23.035	23.03
23.874	23.884	23.846	23.842	23.829	23.822	23.82	23.815	23.812	23.803	23.807	23.797	23.781	23.778	23.772	23.76	23.754	23.752	23.758	23.748	23.714	23.699	23.689	23.685	23.677	23.673	23.679	23.669	23.674	23.661	23.655	23.648	23.645	23.649	23.65	23.647	23.639	23.638	23.616	23.611	23.592	23.58	23.576	23.599	23.607	23.624	23.627	23.623	23.603	23.581	23.569	23.554	23.552	23.554	23.569	23.575	23.565	23.554	23.535	23.513	23.507	23.504	23.505	23.502	23.495	23.476	23.471	23.475	23.472	23.471	23.475	23.477	23.466	23.464	23.468	23.455	23.436	23.435	23.42	23.409	23.415	23.408	23.403	23.372	23.381	23.371	23.377	23.383	23.385	23.389	23.397	23.394	23.367	23.367	23.353	23.35	23.343	23.335	23.322	23.321	23.314	23.295	23.287	23.291	23.279	23.266	23.254	23.244	23.244	23.232	23.224	23.21	23.206	23.208	23.216	23.218	23.21	23.201	23.201	23.186	23.173	23.151	23.147	23.143	23.134	23.143	23.133	23.129	23.109	23.1	23.082	23.077	23.073	23.067	23.053	23.053	23.052
23.881	23.889	23.873	23.851	23.842	23.829	23.836	23.834	23.832	23.839	23.825	23.811	23.784	23.772	23.758	23.752	23.752	23.737	23.742	23.741	23.72	23.697	23.689	23.69	23.687	23.685	23.666	23.665	23.656	23.663	23.658	23.655	23.655	23.648	23.642	23.627	23.626	23.608	23.605	23.61	23.608	23.593	23.575	23.579	23.588	23.604	23.615	23.624	23.604	23.601	23.575	23.56	23.554	23.563	23.579	23.574	23.566	23.545	23.538	23.518	23.501	23.496	23.493	23.495	23.486	23.478	23.459	23.455	23.459	23.453	23.461	23.454	23.458	23.461	23.46	23.456	23.439	23.423	23.419	23.414	23.398	23.401	23.393	23.382	23.374	23.37	23.375	23.364	23.363	23.371	23.373	23.367	23.36	23.339	23.34	23.333	23.324	23.327	23.322	23.323	23.32	23.307	23.291	23.288	23.278	23.27	23.245	23.232	23.224	23.215	23.204	23.19	23.193	23.187	23.19	23.191	23.192	23.197	23.194	23.18	23.154	23.137	23.121	23.112	23.11	23.105	23.108	23.09	23.088	23.07	23.049	23.038	23.06	23.063	23.045	23.033	23.011
23.886	23.902	23.875	23.878	23.861	23.846	23.852	23.847	23.852	23.846	23.83	23.809	23.796	23.771	23.755	23.759	23.748	23.741	23.743	23.747	23.732	23.711	23.698	23.688	23.688	23.674	23.671	23.667	23.674	23.668	23.676	23.663	23.655	23.658	23.655	23.645	23.616	23.611	23.59	23.6	23.586	23.582	23.574	23.578	23.591	23.607	23.615	23.623	23.607	23.589	23.566	23.553	23.559	23.565	23.566	23.571	23.558	23.561	23.551	23.537	23.52	23.489	23.494	23.475	23.474	23.476	23.48	23.459	23.459	23.452	23.446	23.457	23.452	23.462	23.449	23.439	23.425	23.421	23.41	23.404	23.404	23.401	23.403	23.394	23.381	23.366	23.358	23.355	23.353	23.365	23.365	23.352	23.346	23.351	23.33	23.326	23.323	23.326	23.331	23.307	23.299	23.29	23.286	23.275	23.271	23.261	23.244	23.23	23.215	23.219	23.199	23.196	23.19	23.191	23.18	23.174	23.184	23.187	23.172	23.161	23.161	23.144	23.126	23.122	23.107	23.094	23.103	23.079	23.059	23.052	23.033	23.036	23.039	23.045	23.037	23.012	23.004
23.917	23.916	23.905	23.892	23.886	23.863	23.865	23.864	23.866	23.859	23.839	23.813	23.791	23.784	23.769	23.755	23.764	23.758	23.751	23.75	23.742	23.73	23.724	23.709	23.689	23.683	23.669	23.68	23.685	23.672	23.667	23.666	23.656	23.654	23.655	23.647	23.641	23.626	23.605	23.596	23.593	23.585	23.578	23.586	23.587	23.6	23.599	23.595	23.596	23.594	23.578	23.572	23.573	23.558	23.566	23.568	23.561	23.557	23.567	23.559	23.536	23.51	23.493	23.482	23.487	23.483	23.496	23.495	23.484	23.478	23.473	23.467	23.465	23.47	23.457	23.443	23.435	23.419	23.401	23.398	23.391	23.396	23.401	23.395	23.377	23.367	23.363	23.361	23.351	23.331	23.338	23.345	23.348	23.353	23.342	23.329	23.33	23.326	23.309	23.294	23.294	23.282	23.266	23.271	23.264	23.259	23.25	23.234	23.221	23.198	23.194	23.194	23.191	23.185	23.181	23.191	23.183	23.188	23.175	23.149	23.136	23.13	23.126	23.118	23.099	23.103	23.098	23.086	23.068	23.042	23.028	23.012	23.024	23.032	23.023	22.997	22.98
23.944	23.947	23.931	23.916	23.906	23.898	23.882	23.864	23.871	23.853	23.841	23.819	23.805	23.792	23.775	23.759	23.749	23.76	23.76	23.76	23.759	23.751	23.742	23.733	23.712	23.692	23.694	23.692	23.691	23.673	23.658	23.657	23.655	23.655	23.657	23.647	23.65	23.646	23.627	23.603	23.599	23.603	23.592	23.59	23.591	23.595	23.602	23.585	23.576	23.582	23.588	23.591	23.568	23.565	23.567	23.573	23.566	23.552	23.558	23.549	23.542	23.524	23.517	23.497	23.516	23.509	23.5	23.505	23.506	23.504	23.492	23.486	23.476	23.477	23.472	23.45	23.437	23.416	23.397	23.385	23.39	23.396	23.389	23.388	23.374	23.361	23.366	23.351	23.339	23.322	23.327	23.329	23.334	23.338	23.33	23.33	23.328	23.301	23.286	23.284	23.282	23.277	23.267	23.255	23.245	23.241	23.228	23.229	23.2	23.185	23.174	23.176	23.171	23.174	23.185	23.181	23.176	23.177	23.167	23.146	23.14	23.132	23.119	23.113	23.111	23.107	23.104	23.096	23.067	23.042	23.016	23.006	23.011	23.017	23.017	23.01	22.996
23.976	23.977	23.953	23.939	23.92	23.911	23.892	23.881	23.875	23.871	23.861	23.828	23.811	23.791	23.784	23.761	23.747	23.767	23.767	23.779	23.768	23.762	23.752	23.75	23.725	23.71	23.7	23.694	23.696	23.681	23.668	23.659	23.654	23.653	23.652	23.653	23.656	23.652	23.64	23.628	23.618	23.621	23.608	23.603	23.606	23.613	23.617	23.588	23.583	23.579	23.588	23.58	23.571	23.572	23.582	23.598	23.568	23.553	23.54	23.545	23.537	23.528	23.513	23.505	23.522	23.524	23.525	23.526	23.521	23.514	23.489	23.475	23.471	23.462	23.454	23.45	23.433	23.42	23.414	23.395	23.391	23.388	23.39	23.381	23.369	23.362	23.355	23.362	23.35	23.342	23.344	23.34	23.328	23.331	23.327	23.321	23.309	23.292	23.282	23.28	23.279	23.261	23.253	23.237	23.235	23.223	23.211	23.191	23.177	23.175	23.156	23.15	23.147	23.159	23.178	23.179	23.173	23.168	23.165	23.146	23.134	23.129	23.117	23.115	23.104	23.103	23.106	23.091	23.065	23.039	23.021	23.019	23.015	23.009	23.021	23.022	23.005
24.002	24.001	23.986	23.971	23.951	23.936	23.924	23.913	23.905	23.896	23.88	23.851	23.822	23.812	23.792	23.777	23.771	23.78	23.784	23.793	23.782	23.769	23.77	23.768	23.75	23.727	23.713	23.705	23.703	23.689	23.684	23.675	23.67	23.675	23.674	23.669	23.669	23.667	23.653	23.634	23.633	23.627	23.614	23.625	23.617	23.621	23.624	23.599	23.582	23.576	23.566	23.575	23.583	23.593	23.598	23.616	23.571	23.549	23.547	23.542	23.544	23.533	23.525	23.524	23.539	23.532	23.522	23.53	23.523	23.512	23.503	23.491	23.489	23.481	23.463	23.448	23.443	23.436	23.432	23.416	23.394	23.392	23.386	23.376	23.369	23.36	23.35	23.355	23.366	23.361	23.356	23.347	23.334	23.317	23.321	23.312	23.302	23.299	23.282	23.27	23.276	23.259	23.239	23.237	23.228	23.214	23.198	23.172	23.157	23.151	23.145	23.132	23.136	23.148	23.165	23.169	23.155	23.151	23.153	23.141	23.118	23.112	23.102	23.095	23.103	23.098	23.103	23.096	23.057	23.04	23.029	23.017	23.01	23.019	23.011	23.022	23.008
24.028	24.031	24.013	24	23.985	23.973	23.955	23.934	23.926	23.906	23.898	23.88	23.861	23.843	23.822	23.804	23.792	23.803	23.796	23.805	23.796	23.796	23.795	23.796	23.776	23.75	23.742	23.737	23.732	23.71	23.705	23.706	23.699	23.69	23.695	23.685	23.68	23.681	23.67	23.657	23.647	23.639	23.635	23.639	23.638	23.625	23.627	23.627	23.616	23.588	23.587	23.58	23.586	23.6	23.602	23.609	23.581	23.576	23.561	23.562	23.551	23.536	23.538	23.537	23.555	23.55	23.542	23.525	23.526	23.52	23.511	23.516	23.508	23.506	23.48	23.466	23.461	23.445	23.435	23.418	23.408	23.402	23.41	23.394	23.386	23.356	23.346	23.341	23.347	23.364	23.359	23.352	23.334	23.318	23.301	23.302	23.302	23.302	23.304	23.277	23.269	23.258	23.254	23.223	23.211	23.193	23.184	23.176	23.161	23.17	23.15	23.146	23.144	23.152	23.154	23.151	23.155	23.141	23.143	23.126	23.114	23.093	23.085	23.076	23.065	23.082	23.076	23.07	23.054	23.048	23.041	23.03	23.019	23.014	23.02	23.015	23.009
24.064	24.061	24.047	24.035	24.011	23.994	23.971	23.958	23.935	23.931	23.928	23.917	23.899	23.877	23.854	23.838	23.831	23.826	23.837	23.828	23.824	23.823	23.831	23.818	23.812	23.791	23.768	23.777	23.762	23.741	23.732	23.749	23.74	23.729	23.718	23.72	23.709	23.7	23.685	23.673	23.67	23.665	23.66	23.667	23.654	23.666	23.672	23.658	23.635	23.627	23.616	23.596	23.597	23.604	23.625	23.627	23.602	23.588	23.585	23.576	23.56	23.548	23.542	23.55	23.56	23.555	23.538	23.538	23.526	23.53	23.526	23.52	23.521	23.506	23.491	23.46	23.448	23.438	23.424	23.422	23.403	23.4	23.411	23.411	23.4	23.366	23.362	23.355	23.364	23.364	23.361	23.366	23.347	23.329	23.313	23.298	23.294	23.294	23.298	23.301	23.286	23.268	23.238	23.226	23.208	23.187	23.186	23.172	23.17	23.175	23.175	23.162	23.144	23.142	23.135	23.135	23.135	23.144	23.12	23.107	23.078	23.069	23.063	23.054	23.05	23.043	23.07	23.074	23.057	23.051	23.044	23.037	23.032	23.027	23.023	23.024	23.018
24.092	24.081	24.074	24.058	24.026	24.008	23.984	23.968	23.963	23.955	23.965	23.935	23.916	23.907	23.89	23.878	23.873	23.867	23.864	23.869	23.861	23.858	23.846	23.84	23.833	23.81	23.794	23.78	23.764	23.755	23.765	23.764	23.757	23.742	23.731	23.725	23.733	23.725	23.699	23.684	23.699	23.697	23.704	23.708	23.707	23.706	23.702	23.671	23.655	23.647	23.63	23.625	23.622	23.623	23.635	23.629	23.618	23.614	23.611	23.594	23.57	23.561	23.558	23.567	23.561	23.539	23.537	23.534	23.53	23.538	23.54	23.542	23.541	23.531	23.5	23.479	23.456	23.445	23.427	23.421	23.43	23.423	23.434	23.425	23.412	23.394	23.374	23.366	23.367	23.372	23.376	23.365	23.363	23.339	23.323	23.304	23.294	23.299	23.307	23.294	23.287	23.264	23.248	23.232	23.217	23.208	23.197	23.175	23.165	23.164	23.144	23.126	23.128	23.125	23.127	23.114	23.101	23.104	23.097	23.084	23.077	23.07	23.067	23.064	23.06	23.046	23.055	23.058	23.053	23.046	23.032	23.031	23.025	23.018	23.012	22.995	23.002
24.097	24.075	24.078	24.054	24.033	24.01	23.983	23.978	23.972	23.976	23.979	23.951	23.93	23.901	23.886	23.89	23.886	23.89	23.887	23.882	23.867	23.854	23.855	23.834	23.824	23.811	23.803	23.801	23.775	23.765	23.762	23.762	23.747	23.754	23.747	23.739	23.736	23.712	23.698	23.687	23.689	23.691	23.685	23.683	23.689	23.676	23.68	23.669	23.66	23.652	23.634	23.633	23.638	23.617	23.617	23.623	23.616	23.596	23.575	23.559	23.544	23.545	23.544	23.538	23.55	23.542	23.53	23.524	23.526	23.531	23.537	23.537	23.53	23.527	23.501	23.475	23.455	23.434	23.417	23.407	23.401	23.396	23.402	23.404	23.394	23.38	23.366	23.356	23.354	23.347	23.347	23.339	23.339	23.319	23.309	23.285	23.259	23.253	23.26	23.263	23.259	23.259	23.224	23.215	23.197	23.183	23.169	23.146	23.14	23.134	23.122	23.097	23.088	23.088	23.088	23.082	23.068	23.07	23.049	23.04	23.027	23.021	23.027	23.015	23.005	23.017	23.027	23.016	23.021	22.996	23.014	23.002	22.988	22.98	22.992	22.98	22.972
24.082	24.086	24.073	24.068	24.046	24.03	24.007	23.987	23.993	23.993	23.984	23.949	23.933	23.91	23.899	23.902	23.899	23.898	23.891	23.887	23.878	23.87	23.857	23.841	23.832	23.814	23.819	23.807	23.784	23.774	23.774	23.769	23.765	23.754	23.735	23.726	23.718	23.72	23.697	23.696	23.69	23.686	23.682	23.675	23.681	23.669	23.682	23.667	23.662	23.648	23.627	23.616	23.621	23.601	23.602	23.618	23.606	23.591	23.556	23.562	23.557	23.554	23.549	23.541	23.543	23.523	23.526	23.517	23.525	23.524	23.514	23.528	23.518	23.513	23.485	23.482	23.449	23.437	23.419	23.402	23.387	23.385	23.396	23.396	23.391	23.365	23.349	23.34	23.332	23.334	23.329	23.327	23.315	23.309	23.295	23.272	23.261	23.242	23.233	23.24	23.242	23.23	23.218	23.19	23.178	23.161	23.138	23.137	23.121	23.118	23.111	23.099	23.078	23.068	23.059	23.054	23.052	23.048	23.045	23.031	23.023	23.002	23.005	23.009	23.001	23.016	23.004	23.005	22.979	22.977	22.961	22.957	22.936	22.936	22.932	22.938	22.951
24.093	24.097	24.088	24.075	24.071	24.036	24.023	24.02	24.004	24.01	23.984	23.961	23.928	23.923	23.918	23.916	23.917	23.898	23.891	23.89	23.871	23.86	23.858	23.832	23.828	23.819	23.821	23.813	23.799	23.784	23.779	23.778	23.763	23.749	23.729	23.728	23.72	23.722	23.704	23.695	23.698	23.693	23.683	23.683	23.673	23.681	23.692	23.686	23.674	23.661	23.632	23.614	23.607	23.604	23.614	23.625	23.6	23.58	23.589	23.58	23.571	23.568	23.562	23.557	23.551	23.527	23.511	23.496	23.498	23.507	23.515	23.511	23.508	23.497	23.479	23.455	23.438	23.425	23.416	23.403	23.384	23.382	23.382	23.392	23.389	23.367	23.329	23.328	23.331	23.317	23.324	23.331	23.313	23.297	23.305	23.278	23.255	23.25	23.222	23.228	23.222	23.209	23.19	23.191	23.166	23.154	23.145	23.145	23.126	23.124	23.11	23.093	23.08	23.073	23.064	23.062	23.038	23.045	23.041	23.023	23	23.006	22.999	22.992	22.98	22.966	22.967	22.97	22.961	22.954	22.95	22.928	22.904	22.913	22.905	22.903	22.914
24.119	24.115	24.092	24.092	24.074	24.058	24.04	24.029	24.02	24.018	24.008	23.965	23.938	23.933	23.924	23.92	23.902	23.895	23.887	23.886	23.87	23.861	23.858	23.853	23.851	23.834	23.828	23.82	23.81	23.793	23.785	23.781	23.776	23.764	23.737	23.739	23.729	23.719	23.701	23.7	23.697	23.694	23.691	23.685	23.677	23.683	23.693	23.692	23.671	23.65	23.646	23.622	23.613	23.611	23.608	23.614	23.587	23.567	23.557	23.565	23.573	23.579	23.571	23.568	23.559	23.53	23.507	23.49	23.48	23.486	23.502	23.499	23.502	23.493	23.474	23.451	23.435	23.414	23.404	23.402	23.382	23.382	23.378	23.379	23.377	23.347	23.327	23.319	23.313	23.308	23.313	23.316	23.305	23.284	23.262	23.269	23.247	23.247	23.22	23.219	23.209	23.191	23.18	23.167	23.162	23.138	23.135	23.13	23.111	23.111	23.089	23.076	23.066	23.054	23.058	23.046	23.031	23.029	23.022	23.001	23.008	23.004	22.982	22.972	22.951	22.935	22.937	22.957	22.948	22.944	22.943	22.946	22.92	22.908	22.9	22.893	22.904
24.149	24.138	24.112	24.097	24.089	24.068	24.06	24.041	24.034	24.035	24.024	23.991	23.959	23.944	23.933	23.915	23.893	23.889	23.889	23.891	23.878	23.871	23.86	23.865	23.865	23.848	23.842	23.83	23.824	23.806	23.8	23.789	23.778	23.76	23.744	23.747	23.74	23.725	23.714	23.702	23.694	23.686	23.698	23.71	23.688	23.688	23.689	23.694	23.664	23.647	23.632	23.622	23.606	23.601	23.597	23.6	23.58	23.564	23.553	23.563	23.561	23.561	23.557	23.555	23.557	23.53	23.508	23.476	23.474	23.486	23.491	23.485	23.484	23.479	23.451	23.443	23.423	23.411	23.397	23.383	23.375	23.373	23.367	23.368	23.357	23.347	23.31	23.298	23.288	23.285	23.292	23.301	23.285	23.261	23.254	23.239	23.23	23.216	23.207	23.193	23.193	23.183	23.168	23.153	23.147	23.14	23.121	23.122	23.106	23.1	23.068	23.058	23.059	23.051	23.045	23.025	23.019	23.012	23.005	22.982	22.983	22.983	22.959	22.957	22.942	22.932	22.931	22.941	22.935	22.928	22.925	22.921	22.914	22.894	22.9	22.903	22.879
24.16	24.15	24.125	24.107	24.103	24.089	24.072	24.07	24.052	24.051	24.04	24.001	23.979	23.964	23.943	23.917	23.905	23.898	23.908	23.902	23.889	23.878	23.875	23.868	23.863	23.858	23.843	23.833	23.843	23.828	23.817	23.809	23.793	23.775	23.765	23.763	23.755	23.749	23.725	23.702	23.702	23.704	23.715	23.711	23.687	23.677	23.678	23.679	23.661	23.629	23.615	23.605	23.606	23.599	23.608	23.593	23.568	23.553	23.547	23.547	23.55	23.548	23.543	23.539	23.53	23.514	23.492	23.479	23.466	23.472	23.473	23.48	23.477	23.47	23.442	23.424	23.41	23.391	23.385	23.37	23.357	23.359	23.361	23.356	23.332	23.336	23.315	23.311	23.298	23.289	23.276	23.281	23.262	23.257	23.241	23.211	23.197	23.191	23.179	23.179	23.191	23.181	23.159	23.141	23.117	23.113	23.102	23.098	23.09	23.077	23.06	23.047	23.05	23.045	23.031	23.031	23.016	22.998	22.996	22.972	22.961	22.961	22.944	22.942	22.956	22.928	22.926	22.932	22.909	22.894	22.906	22.888	22.879	22.87	22.852	22.852	22.835
24.161	24.169	24.139	24.137	24.117	24.107	24.095	24.089	24.087	24.076	24.06	24.019	23.994	23.983	23.965	23.956	23.94	23.94	23.928	23.915	23.897	23.896	23.891	23.884	23.879	23.864	23.866	23.85	23.852	23.824	23.827	23.822	23.807	23.798	23.773	23.774	23.771	23.768	23.742	23.734	23.71	23.717	23.709	23.703	23.694	23.68	23.672	23.658	23.645	23.632	23.617	23.611	23.609	23.605	23.592	23.583	23.564	23.555	23.537	23.537	23.53	23.525	23.542	23.541	23.534	23.522	23.501	23.485	23.467	23.468	23.455	23.471	23.464	23.467	23.438	23.423	23.401	23.388	23.376	23.356	23.354	23.353	23.356	23.355	23.345	23.324	23.311	23.32	23.316	23.308	23.282	23.279	23.255	23.261	23.225	23.197	23.179	23.167	23.165	23.172	23.182	23.163	23.143	23.117	23.087	23.086	23.069	23.059	23.055	23.055	23.053	23.039	23.026	23.028	23.033	23.024	23.012	23.001	22.997	22.974	22.959	22.941	22.94	22.94	22.957	22.958	22.928	22.916	22.887	22.88	22.863	22.85	22.832	22.819	22.817	22.807	22.805
24.183	24.179	24.165	24.148	24.135	24.114	24.118	24.108	24.09	24.077	24.061	24.03	24.014	24.002	23.984	23.979	23.962	23.948	23.951	23.942	23.927	23.918	23.909	23.892	23.89	23.877	23.861	23.862	23.867	23.849	23.827	23.816	23.812	23.803	23.798	23.788	23.78	23.771	23.755	23.739	23.739	23.734	23.729	23.723	23.702	23.687	23.671	23.66	23.642	23.645	23.622	23.605	23.601	23.595	23.591	23.582	23.568	23.548	23.551	23.53	23.516	23.518	23.516	23.525	23.529	23.53	23.505	23.494	23.488	23.479	23.469	23.464	23.478	23.469	23.451	23.424	23.414	23.391	23.371	23.354	23.346	23.355	23.355	23.357	23.333	23.314	23.315	23.322	23.325	23.321	23.31	23.295	23.283	23.246	23.219	23.192	23.175	23.174	23.175	23.185	23.178	23.162	23.143	23.129	23.102	23.083	23.065	23.059	23.055	23.047	23.044	23.032	23.034	23.022	23.011	23.005	22.998	23.004	22.994	22.979	22.954	22.945	22.919	22.915	22.921	22.943	22.935	22.924	22.885	22.851	22.845	22.827	22.816	22.805	22.794	22.796	22.805
24.226	24.2	24.178	24.164	24.139	24.115	24.129	24.126	24.099	24.084	24.084	24.052	24.03	24.011	23.987	23.981	23.978	23.959	23.962	23.966	23.939	23.929	23.926	23.923	23.914	23.897	23.886	23.892	23.895	23.882	23.855	23.834	23.815	23.806	23.796	23.783	23.786	23.779	23.757	23.753	23.751	23.745	23.732	23.72	23.7	23.695	23.67	23.667	23.661	23.651	23.638	23.616	23.602	23.59	23.588	23.587	23.591	23.565	23.544	23.536	23.517	23.514	23.513	23.515	23.524	23.519	23.498	23.483	23.476	23.463	23.462	23.469	23.468	23.477	23.446	23.418	23.398	23.382	23.365	23.355	23.339	23.352	23.351	23.347	23.333	23.303	23.317	23.324	23.333	23.323	23.315	23.304	23.269	23.243	23.234	23.222	23.206	23.202	23.19	23.192	23.187	23.166	23.145	23.117	23.11	23.108	23.087	23.054	23.033	23.03	23.018	23.009	23.011	23.01	23.001	22.996	22.998	22.994	22.997	22.984	22.957	22.936	22.925	22.93	22.924	22.937	22.939	22.925	22.862	22.834	22.821	22.822	22.834	22.82	22.804	22.792	22.788
24.216	24.192	24.162	24.151	24.142	24.129	24.133	24.127	24.113	24.105	24.089	24.066	24.038	24.013	23.991	23.977	23.962	23.96	23.978	23.969	23.954	23.945	23.937	23.917	23.909	23.899	23.886	23.897	23.895	23.885	23.861	23.841	23.81	23.793	23.781	23.777	23.764	23.769	23.751	23.741	23.751	23.738	23.736	23.714	23.684	23.672	23.655	23.648	23.637	23.625	23.609	23.601	23.589	23.571	23.57	23.564	23.554	23.54	23.536	23.526	23.512	23.492	23.468	23.476	23.49	23.495	23.48	23.466	23.451	23.454	23.439	23.424	23.426	23.42	23.407	23.374	23.379	23.354	23.341	23.327	23.322	23.342	23.324	23.317	23.297	23.277	23.281	23.285	23.285	23.275	23.285	23.283	23.25	23.223	23.235	23.217	23.208	23.186	23.171	23.169	23.16	23.132	23.114	23.09	23.084	23.077	23.063	23.047	23.038	23.025	23.005	22.99	22.989	22.994	22.98	22.969	22.968	22.989	22.988	22.952	22.924	22.909	22.913	22.915	22.917	22.926	22.935	22.903	22.859	22.829	22.794	22.799	22.797	22.773	22.764	22.765	22.76
24.218	24.203	24.161	24.145	24.136	24.132	24.12	24.105	24.107	24.12	24.103	24.078	24.069	24.039	24.013	23.993	23.99	23.992	23.983	23.974	23.957	23.949	23.932	23.922	23.901	23.896	23.896	23.888	23.891	23.883	23.868	23.841	23.817	23.8	23.784	23.768	23.76	23.758	23.732	23.74	23.733	23.719	23.717	23.701	23.681	23.653	23.648	23.631	23.62	23.601	23.592	23.583	23.58	23.569	23.552	23.56	23.553	23.534	23.526	23.516	23.506	23.485	23.482	23.471	23.498	23.483	23.484	23.457	23.44	23.426	23.416	23.41	23.401	23.393	23.36	23.341	23.319	23.319	23.32	23.309	23.309	23.301	23.303	23.281	23.28	23.253	23.255	23.256	23.256	23.249	23.233	23.229	23.218	23.221	23.207	23.197	23.183	23.18	23.158	23.143	23.147	23.101	23.077	23.049	23.048	23.036	23.018	23.012	22.994	22.996	22.982	22.989	22.973	22.974	22.956	22.942	22.939	22.932	22.932	22.914	22.902	22.876	22.876	22.889	22.896	22.911	22.916	22.892	22.88	22.849	22.818	22.804	22.796	22.764	22.746	22.741	22.74
24.231	24.208	24.183	24.149	24.155	24.131	24.123	24.111	24.105	24.106	24.102	24.083	24.064	24.059	24.04	24.018	24.013	23.988	23.982	23.981	23.967	23.954	23.95	23.941	23.923	23.913	23.903	23.89	23.9	23.889	23.875	23.858	23.825	23.815	23.799	23.775	23.77	23.754	23.738	23.714	23.709	23.698	23.691	23.675	23.666	23.64	23.646	23.639	23.618	23.604	23.584	23.568	23.561	23.55	23.544	23.547	23.535	23.522	23.52	23.517	23.51	23.495	23.481	23.491	23.485	23.47	23.455	23.46	23.431	23.407	23.398	23.374	23.378	23.364	23.347	23.316	23.311	23.297	23.302	23.304	23.297	23.286	23.282	23.26	23.249	23.226	23.223	23.234	23.245	23.22	23.206	23.195	23.19	23.179	23.182	23.172	23.162	23.152	23.143	23.143	23.129	23.084	23.066	23.044	23.03	23.011	23.004	22.984	22.985	22.97	22.968	22.963	22.969	22.961	22.941	22.929	22.934	22.921	22.917	22.902	22.876	22.89	22.882	22.874	22.882	22.901	22.928	22.877	22.884	22.857	22.836	22.815	22.786	22.769	22.752	22.748	22.733
24.248	24.218	24.185	24.157	24.144	24.156	24.134	24.129	24.117	24.119	24.113	24.089	24.067	24.058	24.054	24.037	24.019	24.002	23.989	23.985	23.961	23.961	23.958	23.964	23.934	23.911	23.907	23.894	23.896	23.891	23.877	23.861	23.849	23.821	23.805	23.779	23.771	23.751	23.734	23.716	23.696	23.689	23.678	23.675	23.665	23.651	23.648	23.641	23.615	23.599	23.593	23.576	23.56	23.557	23.546	23.534	23.526	23.529	23.516	23.503	23.495	23.484	23.48	23.484	23.468	23.443	23.43	23.431	23.422	23.411	23.387	23.369	23.356	23.347	23.318	23.296	23.276	23.278	23.291	23.293	23.284	23.292	23.283	23.26	23.242	23.228	23.221	23.222	23.216	23.197	23.195	23.186	23.167	23.158	23.165	23.174	23.155	23.147	23.134	23.121	23.113	23.068	23.041	23.022	23.014	23.01	22.971	22.962	22.953	22.947	22.942	22.936	22.937	22.944	22.938	22.933	22.929	22.918	22.914	22.9	22.879	22.873	22.883	22.871	22.884	22.876	22.909	22.868	22.841	22.824	22.815	22.792	22.764	22.751	22.734	22.736	22.742
24.236	24.222	24.189	24.166	24.152	24.156	24.156	24.136	24.141	24.131	24.121	24.089	24.074	24.072	24.063	24.05	24.031	24.014	23.995	23.994	23.971	23.973	23.964	23.965	23.951	23.923	23.907	23.905	23.899	23.899	23.867	23.865	23.843	23.814	23.792	23.786	23.766	23.772	23.754	23.723	23.698	23.687	23.671	23.657	23.66	23.651	23.642	23.626	23.611	23.608	23.6	23.579	23.569	23.55	23.527	23.526	23.522	23.529	23.511	23.495	23.482	23.466	23.468	23.462	23.447	23.435	23.417	23.405	23.394	23.392	23.375	23.359	23.356	23.344	23.327	23.299	23.277	23.275	23.279	23.281	23.273	23.278	23.272	23.249	23.225	23.217	23.209	23.203	23.199	23.188	23.173	23.177	23.163	23.141	23.133	23.137	23.141	23.123	23.122	23.102	23.114	23.073	23.044	23.032	23.018	22.993	22.96	22.952	22.944	22.939	22.931	22.929	22.916	22.925	22.92	22.919	22.91	22.906	22.905	22.877	22.865	22.863	22.884	22.884	22.866	22.881	22.883	22.857	22.82	22.788	22.777	22.765	22.749	22.735	22.727	22.726	22.719
24.24	24.213	24.199	24.194	24.183	24.179	24.173	24.16	24.167	24.157	24.138	24.107	24.098	24.101	24.093	24.074	24.048	24.034	24.014	24.011	23.988	23.986	23.98	23.973	23.957	23.936	23.917	23.926	23.904	23.896	23.874	23.848	23.83	23.814	23.8	23.79	23.772	23.782	23.761	23.735	23.714	23.684	23.661	23.653	23.654	23.639	23.623	23.618	23.625	23.605	23.592	23.589	23.57	23.557	23.534	23.535	23.526	23.525	23.51	23.494	23.476	23.48	23.478	23.469	23.451	23.443	23.434	23.404	23.386	23.377	23.369	23.364	23.356	23.343	23.34	23.316	23.295	23.284	23.283	23.272	23.269	23.268	23.258	23.233	23.211	23.189	23.186	23.189	23.186	23.184	23.161	23.156	23.14	23.128	23.119	23.121	23.133	23.131	23.137	23.108	23.093	23.069	23.039	23.027	23.014	22.995	22.972	22.961	22.958	22.939	22.922	22.93	22.906	22.888	22.896	22.893	22.888	22.892	22.874	22.872	22.855	22.863	22.876	22.876	22.869	22.87	22.87	22.846	22.815	22.782	22.76	22.761	22.734	22.726	22.704	22.7	22.681
24.234	24.209	24.205	24.2	24.221	24.221	24.215	24.195	24.185	24.163	24.142	24.129	24.113	24.115	24.096	24.086	24.076	24.069	24.042	24.015	24.005	23.979	23.967	23.973	23.978	23.943	23.921	23.913	23.916	23.898	23.883	23.867	23.835	23.826	23.811	23.798	23.781	23.783	23.769	23.756	23.721	23.697	23.678	23.674	23.669	23.64	23.618	23.615	23.611	23.623	23.604	23.589	23.555	23.543	23.532	23.53	23.543	23.537	23.53	23.509	23.5	23.506	23.495	23.485	23.45	23.432	23.422	23.392	23.384	23.39	23.398	23.381	23.365	23.344	23.335	23.341	23.321	23.305	23.288	23.278	23.276	23.276	23.261	23.225	23.193	23.179	23.18	23.186	23.179	23.174	23.158	23.153	23.157	23.146	23.118	23.122	23.136	23.123	23.111	23.093	23.076	23.065	23.044	23.043	23.01	22.989	22.978	22.965	22.954	22.937	22.919	22.902	22.888	22.871	22.879	22.859	22.846	22.846	22.838	22.852	22.848	22.853	22.858	22.871	22.862	22.879	22.857	22.837	22.798	22.761	22.757	22.759	22.728	22.699	22.686	22.677	22.672
24.245	24.227	24.224	24.225	24.238	24.246	24.248	24.241	24.231	24.21	24.188	24.156	24.157	24.137	24.119	24.109	24.087	24.085	24.047	24.019	24.003	23.988	23.962	23.962	23.962	23.957	23.936	23.922	23.915	23.907	23.887	23.878	23.852	23.827	23.813	23.803	23.805	23.801	23.786	23.763	23.741	23.72	23.689	23.685	23.671	23.644	23.637	23.625	23.617	23.627	23.61	23.591	23.57	23.553	23.536	23.534	23.538	23.541	23.512	23.485	23.483	23.49	23.511	23.488	23.46	23.431	23.417	23.406	23.402	23.402	23.373	23.377	23.367	23.344	23.347	23.343	23.332	23.304	23.297	23.291	23.292	23.291	23.269	23.243	23.212	23.193	23.188	23.178	23.173	23.16	23.165	23.166	23.158	23.143	23.126	23.116	23.118	23.109	23.085	23.058	23.054	23.046	23.032	23.021	23.015	22.99	22.983	22.96	22.933	22.926	22.918	22.916	22.903	22.884	22.87	22.843	22.831	22.833	22.818	22.804	22.817	22.821	22.833	22.826	22.826	22.835	22.835	22.812	22.773	22.75	22.738	22.721	22.698	22.681	22.671	22.669	22.666
24.267	24.245	24.238	24.246	24.246	24.27	24.264	24.26	24.239	24.203	24.203	24.183	24.176	24.154	24.133	24.125	24.115	24.104	24.073	24.041	24.019	24.002	23.975	23.964	23.976	23.956	23.941	23.931	23.931	23.927	23.906	23.875	23.855	23.839	23.821	23.805	23.808	23.821	23.788	23.785	23.766	23.737	23.718	23.693	23.69	23.662	23.652	23.643	23.629	23.626	23.611	23.588	23.568	23.552	23.551	23.547	23.55	23.533	23.5	23.484	23.48	23.503	23.513	23.507	23.468	23.445	23.43	23.421	23.407	23.396	23.373	23.368	23.362	23.352	23.346	23.338	23.313	23.296	23.274	23.267	23.284	23.287	23.284	23.256	23.23	23.208	23.184	23.168	23.167	23.162	23.163	23.155	23.151	23.145	23.142	23.143	23.124	23.101	23.077	23.062	23.053	23.049	23.018	22.991	22.977	22.95	22.94	22.94	22.921	22.915	22.908	22.903	22.893	22.876	22.855	22.841	22.821	22.813	22.811	22.809	22.833	22.815	22.811	22.816	22.818	22.821	22.83	22.813	22.799	22.756	22.725	22.701	22.692	22.699	22.687	22.69	22.681
24.28	24.255	24.237	24.243	24.247	24.268	24.253	24.253	24.239	24.227	24.22	24.193	24.174	24.158	24.128	24.108	24.102	24.08	24.062	24.037	24.021	24.007	23.989	23.978	23.986	23.954	23.946	23.931	23.928	23.917	23.898	23.868	23.853	23.84	23.817	23.81	23.814	23.815	23.786	23.773	23.75	23.724	23.694	23.684	23.674	23.649	23.637	23.631	23.618	23.604	23.616	23.587	23.564	23.549	23.554	23.561	23.54	23.518	23.488	23.462	23.466	23.477	23.477	23.463	23.424	23.406	23.412	23.409	23.404	23.385	23.351	23.338	23.327	23.318	23.305	23.304	23.293	23.274	23.258	23.244	23.248	23.256	23.253	23.216	23.206	23.188	23.18	23.17	23.172	23.153	23.144	23.13	23.105	23.122	23.114	23.127	23.095	23.09	23.077	23.065	23.069	23.041	23.007	22.995	22.974	22.937	22.914	22.918	22.898	22.887	22.875	22.884	22.887	22.862	22.834	22.798	22.781	22.777	22.768	22.776	22.772	22.771	22.756	22.774	22.788	22.788	22.791	22.789	22.772	22.738	22.717	22.703	22.71	22.721	22.69	22.68	22.666
24.277	24.268	24.243	24.237	24.244	24.258	24.25	24.252	24.241	24.221	24.202	24.189	24.164	24.146	24.118	24.098	24.082	24.083	24.071	24.042	24.013	23.998	24.002	23.987	23.994	23.96	23.934	23.928	23.919	23.909	23.896	23.874	23.875	23.841	23.811	23.801	23.801	23.797	23.767	23.751	23.744	23.724	23.692	23.677	23.667	23.65	23.635	23.619	23.606	23.593	23.593	23.585	23.556	23.546	23.54	23.539	23.524	23.499	23.487	23.463	23.449	23.448	23.442	23.445	23.41	23.405	23.393	23.374	23.38	23.361	23.347	23.324	23.303	23.292	23.278	23.267	23.257	23.25	23.239	23.233	23.231	23.23	23.235	23.206	23.203	23.187	23.181	23.183	23.169	23.153	23.138	23.121	23.112	23.102	23.097	23.086	23.081	23.076	23.077	23.071	23.062	23.033	23.001	22.984	22.968	22.955	22.923	22.918	22.898	22.865	22.861	22.874	22.855	22.842	22.828	22.812	22.774	22.755	22.737	22.751	22.734	22.729	22.727	22.726	22.72	22.731	22.74	22.755	22.732	22.722	22.701	22.694	22.69	22.702	22.67	22.646	22.649
24.277	24.258	24.245	24.235	24.24	24.256	24.256	24.251	24.235	24.201	24.181	24.165	24.158	24.127	24.111	24.089	24.062	24.056	24.061	24.047	24.019	24.002	23.994	23.977	23.973	23.94	23.919	23.903	23.911	23.904	23.898	23.897	23.883	23.862	23.832	23.803	23.799	23.791	23.77	23.739	23.721	23.704	23.686	23.672	23.667	23.656	23.654	23.641	23.629	23.62	23.608	23.579	23.552	23.525	23.514	23.509	23.526	23.491	23.466	23.449	23.439	23.437	23.435	23.435	23.424	23.398	23.386	23.369	23.359	23.349	23.323	23.305	23.281	23.267	23.247	23.251	23.242	23.223	23.218	23.217	23.212	23.214	23.209	23.204	23.19	23.174	23.156	23.179	23.176	23.14	23.128	23.115	23.094	23.077	23.058	23.063	23.07	23.072	23.069	23.054	23.034	23.019	23.019	22.986	22.969	22.946	22.92	22.897	22.883	22.856	22.845	22.833	22.829	22.824	22.803	22.778	22.777	22.736	22.711	22.709	22.706	22.699	22.687	22.681	22.678	22.671	22.679	22.673	22.677	22.653	22.65	22.653	22.666	22.656	22.633	22.639	22.62
24.268	24.264	24.248	24.242	24.256	24.26	24.243	24.23	24.224	24.193	24.169	24.153	24.146	24.116	24.087	24.064	24.047	24.035	24.038	24.028	24.024	24.006	23.982	23.975	23.972	23.936	23.911	23.908	23.899	23.893	23.893	23.891	23.879	23.861	23.843	23.817	23.806	23.797	23.763	23.755	23.719	23.695	23.667	23.67	23.666	23.663	23.644	23.629	23.633	23.631	23.603	23.587	23.552	23.534	23.515	23.508	23.504	23.467	23.446	23.418	23.408	23.398	23.405	23.403	23.406	23.397	23.38	23.356	23.347	23.313	23.304	23.275	23.267	23.25	23.246	23.241	23.22	23.205	23.193	23.182	23.18	23.188	23.193	23.178	23.17	23.157	23.159	23.171	23.176	23.141	23.117	23.111	23.095	23.067	23.04	23.04	23.043	23.047	23.051	23.023	23.006	22.995	22.989	22.974	22.962	22.94	22.915	22.902	22.89	22.864	22.846	22.837	22.822	22.811	22.776	22.754	22.732	22.715	22.688	22.694	22.688	22.677	22.655	22.65	22.653	22.652	22.671	22.649	22.635	22.635	22.626	22.627	22.633	22.622	22.61	22.605	22.594
24.279	24.262	24.238	24.242	24.244	24.249	24.237	24.226	24.193	24.178	24.169	24.153	24.139	24.112	24.093	24.07	24.046	24.022	24.027	24.03	24.02	23.993	23.98	23.981	23.949	23.925	23.917	23.913	23.902	23.891	23.88	23.882	23.88	23.88	23.853	23.839	23.811	23.782	23.767	23.748	23.717	23.704	23.68	23.661	23.654	23.648	23.639	23.629	23.627	23.627	23.598	23.583	23.556	23.549	23.542	23.515	23.505	23.478	23.454	23.428	23.42	23.398	23.393	23.399	23.386	23.378	23.37	23.34	23.312	23.285	23.284	23.256	23.25	23.246	23.232	23.215	23.208	23.197	23.183	23.172	23.151	23.15	23.161	23.155	23.146	23.141	23.131	23.153	23.154	23.13	23.095	23.087	23.069	23.045	23.02	23.021	23.021	23.045	23.03	23.014	23.002	22.978	22.961	22.957	22.94	22.915	22.903	22.89	22.877	22.875	22.858	22.834	22.807	22.795	22.759	22.731	22.73	22.696	22.678	22.679	22.67	22.659	22.652	22.654	22.648	22.646	22.642	22.634	22.633	22.618	22.625	22.618	22.603	22.589	22.584	22.59	22.571
24.284	24.261	24.249	24.254	24.249	24.241	24.216	24.191	24.194	24.168	24.159	24.142	24.125	24.121	24.097	24.08	24.067	24.024	24.012	24.009	24.002	23.987	23.965	23.95	23.932	23.924	23.924	23.916	23.908	23.887	23.879	23.88	23.875	23.87	23.854	23.832	23.803	23.781	23.751	23.738	23.729	23.712	23.681	23.663	23.656	23.651	23.648	23.642	23.628	23.616	23.594	23.588	23.564	23.545	23.518	23.498	23.487	23.459	23.472	23.431	23.416	23.406	23.391	23.376	23.37	23.355	23.344	23.325	23.299	23.278	23.268	23.249	23.221	23.218	23.207	23.198	23.186	23.179	23.169	23.146	23.14	23.119	23.133	23.124	23.104	23.104	23.096	23.106	23.141	23.109	23.091	23.054	23.053	23.042	23.02	23.009	23.012	23.007	23.009	23.017	22.988	22.967	22.951	22.943	22.913	22.905	22.892	22.857	22.852	22.841	22.847	22.839	22.797	22.791	22.767	22.741	22.732	22.701	22.675	22.656	22.645	22.637	22.631	22.646	22.63	22.618	22.624	22.626	22.638	22.621	22.62	22.593	22.579	22.564	22.572	22.566	22.548
24.29	24.269	24.256	24.255	24.258	24.244	24.219	24.192	24.186	24.194	24.159	24.136	24.116	24.112	24.101	24.077	24.078	24.033	24.024	24.006	23.997	23.996	23.966	23.944	23.937	23.929	23.925	23.916	23.908	23.886	23.88	23.879	23.886	23.872	23.849	23.823	23.812	23.784	23.766	23.741	23.731	23.711	23.689	23.656	23.636	23.647	23.636	23.633	23.619	23.598	23.599	23.591	23.568	23.538	23.508	23.477	23.464	23.441	23.445	23.426	23.404	23.397	23.393	23.386	23.372	23.339	23.329	23.323	23.286	23.264	23.259	23.22	23.209	23.201	23.205	23.197	23.186	23.15	23.149	23.149	23.128	23.12	23.1	23.093	23.079	23.086	23.085	23.081	23.113	23.099	23.087	23.052	23.036	23.033	23.017	23.004	22.988	22.985	23.002	22.997	22.986	22.969	22.969	22.955	22.931	22.879	22.868	22.844	22.835	22.828	22.838	22.835	22.804	22.773	22.767	22.747	22.714	22.701	22.68	22.631	22.615	22.608	22.625	22.627	22.619	22.601	22.6	22.606	22.612	22.612	22.605	22.589	22.571	22.551	22.546	22.549	22.516
24.304	24.284	24.271	24.268	24.256	24.247	24.225	24.2	24.191	24.195	24.176	24.146	24.125	24.104	24.098	24.093	24.081	24.049	24.024	24.017	24.002	23.983	23.959	23.943	23.949	23.933	23.916	23.937	23.919	23.9	23.884	23.873	23.872	23.862	23.857	23.835	23.815	23.795	23.782	23.765	23.743	23.701	23.674	23.647	23.634	23.63	23.628	23.618	23.593	23.583	23.576	23.572	23.552	23.531	23.515	23.488	23.475	23.444	23.44	23.395	23.386	23.381	23.378	23.356	23.342	23.321	23.324	23.307	23.286	23.274	23.254	23.219	23.212	23.212	23.205	23.214	23.19	23.169	23.15	23.146	23.146	23.129	23.126	23.11	23.089	23.064	23.054	23.061	23.076	23.076	23.065	23.046	23.007	22.996	22.992	22.979	22.983	22.973	22.972	22.974	22.974	22.969	22.965	22.95	22.914	22.884	22.852	22.817	22.808	22.802	22.809	22.817	22.805	22.763	22.727	22.706	22.694	22.702	22.706	22.66	22.626	22.619	22.626	22.637	22.617	22.595	22.594	22.6	22.587	22.571	22.571	22.555	22.545	22.523	22.502	22.509	22.482
24.307	24.289	24.281	24.273	24.267	24.248	24.231	24.208	24.195	24.189	24.17	24.146	24.128	24.112	24.104	24.094	24.084	24.067	24.04	24.024	24.009	23.988	23.974	23.948	23.93	23.935	23.941	23.932	23.92	23.909	23.905	23.897	23.89	23.88	23.878	23.851	23.818	23.787	23.78	23.76	23.738	23.707	23.678	23.65	23.641	23.637	23.639	23.617	23.594	23.578	23.57	23.546	23.523	23.515	23.508	23.48	23.471	23.454	23.435	23.409	23.385	23.366	23.358	23.339	23.321	23.313	23.297	23.287	23.266	23.26	23.24	23.211	23.191	23.178	23.176	23.196	23.186	23.157	23.145	23.135	23.126	23.125	23.133	23.118	23.091	23.07	23.064	23.068	23.081	23.071	23.057	23.036	23.01	22.977	22.986	22.973	22.958	22.952	22.948	22.937	22.931	22.912	22.91	22.882	22.875	22.845	22.85	22.838	22.8	22.78	22.783	22.766	22.779	22.75	22.721	22.699	22.68	22.697	22.7	22.664	22.641	22.631	22.62	22.621	22.631	22.612	22.618	22.611	22.601	22.579	22.563	22.537	22.519	22.501	22.471	22.459	22.458
24.313	24.293	24.277	24.272	24.263	24.25	24.226	24.196	24.181	24.162	24.148	24.114	24.111	24.103	24.094	24.093	24.069	24.049	24.023	24.026	24.007	23.979	23.973	23.945	23.918	23.917	23.913	23.904	23.912	23.904	23.89	23.891	23.893	23.882	23.874	23.845	23.817	23.789	23.765	23.746	23.706	23.685	23.658	23.632	23.621	23.617	23.624	23.605	23.581	23.556	23.534	23.506	23.504	23.494	23.475	23.453	23.436	23.429	23.413	23.388	23.354	23.334	23.335	23.341	23.325	23.302	23.284	23.271	23.253	23.245	23.224	23.199	23.178	23.156	23.153	23.151	23.158	23.151	23.132	23.113	23.103	23.104	23.108	23.089	23.069	23.05	23.032	23.034	23.032	23.035	23.018	23	22.981	22.955	22.948	22.938	22.933	22.923	22.906	22.895	22.874	22.866	22.861	22.85	22.826	22.81	22.798	22.775	22.744	22.756	22.768	22.759	22.768	22.753	22.717	22.684	22.666	22.674	22.671	22.632	22.63	22.611	22.606	22.608	22.615	22.59	22.573	22.571	22.568	22.541	22.538	22.508	22.484	22.454	22.457	22.457	22.445
24.31	24.296	24.277	24.265	24.252	24.221	24.213	24.18	24.168	24.161	24.13	24.113	24.097	24.088	24.075	24.065	24.055	24.023	24.013	24.022	24.018	23.995	23.984	23.952	23.938	23.924	23.917	23.919	23.909	23.901	23.886	23.881	23.876	23.876	23.872	23.854	23.813	23.781	23.753	23.723	23.683	23.658	23.65	23.62	23.624	23.598	23.587	23.585	23.547	23.52	23.493	23.484	23.492	23.468	23.455	23.424	23.397	23.395	23.397	23.355	23.311	23.319	23.321	23.32	23.306	23.286	23.273	23.247	23.228	23.205	23.189	23.169	23.129	23.119	23.116	23.129	23.134	23.122	23.124	23.095	23.071	23.079	23.08	23.061	23.05	23.05	23.041	23.028	23.013	23.001	22.976	22.948	22.93	22.917	22.923	22.905	22.892	22.893	22.876	22.844	22.83	22.819	22.806	22.794	22.795	22.781	22.763	22.74	22.723	22.719	22.734	22.737	22.734	22.702	22.675	22.639	22.634	22.653	22.646	22.614	22.596	22.576	22.562	22.58	22.585	22.566	22.549	22.527	22.514	22.497	22.487	22.472	22.449	22.431	22.421	22.409	22.411
24.311	24.29	24.271	24.257	24.242	24.216	24.194	24.183	24.175	24.144	24.115	24.086	24.083	24.073	24.064	24.06	24.055	24.013	24.006	24.02	24.021	24.023	24.008	23.99	23.965	23.942	23.924	23.924	23.913	23.895	23.87	23.866	23.868	23.855	23.857	23.834	23.804	23.77	23.732	23.697	23.67	23.645	23.64	23.629	23.605	23.596	23.578	23.555	23.529	23.492	23.452	23.45	23.457	23.431	23.411	23.386	23.368	23.353	23.35	23.325	23.312	23.308	23.308	23.303	23.292	23.275	23.235	23.225	23.216	23.18	23.173	23.138	23.109	23.089	23.099	23.109	23.113	23.09	23.081	23.08	23.058	23.036	23.036	23.013	23.016	23.007	23.009	22.999	22.992	22.99	22.959	22.939	22.906	22.891	22.888	22.873	22.872	22.858	22.841	22.827	22.801	22.785	22.777	22.784	22.783	22.761	22.731	22.698	22.677	22.666	22.678	22.691	22.685	22.659	22.63	22.61	22.58	22.592	22.604	22.579	22.567	22.549	22.537	22.549	22.552	22.537	22.502	22.471	22.462	22.455	22.44	22.414	22.406	22.391	22.388	22.378	22.38
24.3	24.297	24.275	24.25	24.251	24.209	24.205	24.177	24.157	24.145	24.118	24.097	24.085	24.065	24.062	24.04	24.044	24.01	24.004	24.012	24.012	24.021	24.023	23.994	23.973	23.951	23.929	23.92	23.897	23.869	23.844	23.835	23.835	23.827	23.841	23.815	23.784	23.752	23.712	23.68	23.662	23.641	23.637	23.624	23.602	23.588	23.572	23.546	23.498	23.461	23.43	23.418	23.416	23.405	23.4	23.371	23.353	23.352	23.34	23.321	23.312	23.314	23.302	23.291	23.283	23.251	23.211	23.203	23.192	23.169	23.148	23.131	23.102	23.101	23.086	23.091	23.095	23.065	23.048	23.03	23.038	23.023	23.014	22.999	22.992	22.982	22.992	22.984	22.977	22.961	22.952	22.918	22.908	22.894	22.878	22.851	22.835	22.831	22.803	22.782	22.764	22.748	22.749	22.753	22.73	22.716	22.697	22.684	22.662	22.659	22.652	22.661	22.657	22.613	22.575	22.546	22.533	22.537	22.556	22.531	22.526	22.522	22.518	22.496	22.492	22.473	22.453	22.419	22.406	22.404	22.407	22.396	22.365	22.365	22.365	22.343	22.33
24.299	24.284	24.28	24.263	24.25	24.202	24.183	24.165	24.138	24.119	24.102	24.097	24.083	24.062	24.039	24.02	24.025	23.991	23.993	23.998	24.009	24.011	24.008	23.97	23.964	23.953	23.936	23.922	23.894	23.865	23.822	23.816	23.806	23.808	23.811	23.792	23.758	23.731	23.699	23.665	23.648	23.624	23.624	23.606	23.577	23.57	23.552	23.52	23.485	23.439	23.408	23.396	23.395	23.376	23.377	23.384	23.362	23.355	23.347	23.34	23.336	23.309	23.294	23.286	23.273	23.24	23.2	23.183	23.164	23.158	23.133	23.112	23.094	23.068	23.072	23.076	23.074	23.055	23.021	23.025	23.025	23.033	23.022	22.999	22.996	22.985	22.985	22.958	22.956	22.937	22.927	22.912	22.889	22.88	22.871	22.854	22.813	22.787	22.776	22.749	22.739	22.728	22.725	22.726	22.701	22.688	22.672	22.666	22.657	22.633	22.615	22.629	22.623	22.577	22.553	22.519	22.491	22.481	22.485	22.497	22.493	22.494	22.482	22.469	22.46	22.445	22.422	22.373	22.355	22.35	22.367	22.354	22.359	22.34	22.327	22.308	22.291
24.301	24.288	24.278	24.255	24.248	24.194	24.161	24.133	24.114	24.103	24.091	24.082	24.068	24.056	24.016	24.005	23.998	23.993	23.992	23.982	23.989	23.992	24.004	23.964	23.954	23.939	23.926	23.911	23.879	23.841	23.808	23.79	23.784	23.781	23.773	23.764	23.739	23.707	23.679	23.646	23.632	23.608	23.606	23.579	23.559	23.541	23.52	23.498	23.474	23.438	23.417	23.397	23.391	23.381	23.375	23.372	23.36	23.35	23.359	23.34	23.323	23.316	23.29	23.29	23.284	23.234	23.193	23.168	23.161	23.147	23.134	23.104	23.076	23.06	23.056	23.064	23.064	23.038	23.018	23.01	23.034	23.042	23.038	23.005	22.993	22.983	22.972	22.973	22.957	22.925	22.915	22.894	22.894	22.867	22.851	22.834	22.797	22.787	22.781	22.747	22.721	22.7	22.694	22.698	22.668	22.649	22.632	22.626	22.629	22.627	22.622	22.617	22.6	22.549	22.533	22.49	22.464	22.443	22.453	22.451	22.456	22.456	22.454	22.446	22.425	22.4	22.376	22.339	22.319	22.304	22.329	22.341	22.334	22.337	22.318	22.29	22.262
24.281	24.265	24.251	24.247	24.226	24.18	24.155	24.123	24.097	24.088	24.094	24.07	24.063	24.045	24.034	24.015	23.998	23.986	23.979	23.979	23.979	23.971	23.964	23.938	23.934	23.916	23.907	23.896	23.86	23.832	23.798	23.775	23.758	23.747	23.746	23.741	23.735	23.693	23.664	23.643	23.618	23.608	23.578	23.561	23.542	23.53	23.497	23.485	23.462	23.437	23.421	23.405	23.405	23.394	23.367	23.347	23.34	23.339	23.341	23.324	23.318	23.307	23.291	23.28	23.27	23.232	23.196	23.167	23.147	23.126	23.124	23.094	23.073	23.056	23.053	23.043	23.052	23.041	23.008	22.997	23.018	23.038	23.042	23.01	22.995	22.977	22.973	22.967	22.953	22.93	22.924	22.904	22.886	22.866	22.835	22.811	22.796	22.784	22.771	22.744	22.714	22.684	22.672	22.658	22.63	22.615	22.598	22.585	22.594	22.59	22.588	22.58	22.564	22.529	22.515	22.492	22.451	22.443	22.444	22.439	22.443	22.439	22.439	22.41	22.396	22.373	22.347	22.322	22.302	22.301	22.297	22.294	22.29	22.284	22.275	22.245	22.233
24.267	24.243	24.236	24.238	24.213	24.18	24.15	24.123	24.102	24.077	24.08	24.056	24.055	24.051	24.035	24.018	23.994	23.984	23.972	23.976	23.961	23.946	23.939	23.928	23.917	23.898	23.886	23.877	23.838	23.808	23.787	23.754	23.731	23.722	23.725	23.717	23.7	23.679	23.656	23.625	23.609	23.583	23.568	23.554	23.543	23.519	23.51	23.486	23.483	23.453	23.435	23.415	23.408	23.395	23.361	23.325	23.318	23.317	23.301	23.292	23.278	23.277	23.261	23.254	23.253	23.213	23.185	23.156	23.141	23.112	23.116	23.087	23.056	23.047	23.038	23.044	23.042	23.031	23.017	23.004	23.017	23.021	23.025	22.997	22.982	22.975	22.957	22.946	22.943	22.915	22.904	22.899	22.892	22.881	22.847	22.813	22.784	22.765	22.746	22.736	22.715	22.67	22.64	22.631	22.607	22.595	22.589	22.573	22.568	22.563	22.555	22.566	22.55	22.512	22.489	22.471	22.471	22.451	22.436	22.41	22.424	22.429	22.421	22.421	22.382	22.374	22.347	22.337	22.322	22.293	22.287	22.26	22.254	22.24	22.226	22.206	22.193
24.238	24.226	24.211	24.214	24.206	24.19	24.157	24.131	24.1	24.077	24.076	24.079	24.069	24.062	24.047	24.021	23.992	23.968	23.978	23.979	23.976	23.957	23.946	23.925	23.9	23.88	23.862	23.851	23.842	23.805	23.764	23.737	23.723	23.727	23.729	23.703	23.676	23.655	23.637	23.628	23.601	23.566	23.55	23.548	23.54	23.529	23.517	23.492	23.474	23.445	23.425	23.415	23.41	23.372	23.343	23.314	23.3	23.297	23.292	23.276	23.266	23.249	23.232	23.214	23.213	23.181	23.147	23.131	23.124	23.101	23.101	23.09	23.069	23.059	23.047	23.043	23.028	23.018	23.01	23.008	23.01	22.989	22.994	22.985	22.962	22.936	22.925	22.92	22.932	22.908	22.896	22.896	22.895	22.868	22.846	22.797	22.769	22.744	22.738	22.729	22.7	22.666	22.635	22.607	22.576	22.58	22.574	22.571	22.567	22.541	22.548	22.537	22.539	22.494	22.467	22.448	22.439	22.441	22.447	22.429	22.422	22.42	22.404	22.391	22.365	22.352	22.354	22.353	22.32	22.29	22.281	22.247	22.227	22.207	22.189	22.178	22.172
24.215	24.19	24.184	24.177	24.169	24.174	24.141	24.126	24.098	24.073	24.08	24.063	24.054	24.05	24.021	24.013	23.986	23.96	23.957	23.968	23.957	23.951	23.927	23.892	23.875	23.85	23.84	23.832	23.816	23.775	23.742	23.719	23.712	23.695	23.694	23.679	23.668	23.652	23.63	23.61	23.58	23.557	23.539	23.53	23.537	23.524	23.509	23.482	23.447	23.425	23.409	23.398	23.386	23.353	23.316	23.293	23.271	23.255	23.245	23.22	23.228	23.216	23.194	23.186	23.168	23.148	23.114	23.114	23.11	23.107	23.104	23.089	23.066	23.049	23.041	23.039	23.021	22.998	22.978	22.977	22.98	22.975	22.96	22.961	22.948	22.934	22.912	22.914	22.906	22.889	22.863	22.871	22.869	22.854	22.837	22.8	22.777	22.744	22.733	22.708	22.683	22.621	22.59	22.565	22.547	22.538	22.538	22.532	22.522	22.5	22.479	22.455	22.451	22.458	22.438	22.429	22.423	22.429	22.424	22.411	22.401	22.385	22.384	22.382	22.356	22.353	22.361	22.336	22.295	22.26	22.263	22.233	22.224	22.196	22.174	22.165	22.142
24.174	24.152	24.144	24.161	24.162	24.155	24.149	24.119	24.082	24.074	24.06	24.041	24.041	24.014	23.998	23.981	23.992	23.968	23.969	23.967	23.956	23.936	23.915	23.881	23.846	23.832	23.826	23.802	23.778	23.751	23.734	23.71	23.689	23.681	23.682	23.677	23.657	23.638	23.624	23.589	23.559	23.544	23.532	23.505	23.51	23.507	23.486	23.463	23.429	23.42	23.417	23.412	23.387	23.363	23.309	23.277	23.255	23.227	23.226	23.206	23.192	23.181	23.162	23.157	23.135	23.124	23.095	23.074	23.087	23.105	23.108	23.085	23.057	23.041	23.023	23.014	23.005	22.983	22.972	22.95	22.956	22.955	22.944	22.939	22.924	22.915	22.886	22.881	22.887	22.865	22.857	22.833	22.83	22.822	22.809	22.781	22.755	22.723	22.705	22.697	22.667	22.612	22.571	22.527	22.506	22.485	22.496	22.481	22.467	22.472	22.459	22.413	22.393	22.405	22.424	22.402	22.407	22.413	22.438	22.42	22.384	22.366	22.343	22.326	22.312	22.321	22.341	22.317	22.297	22.249	22.232	22.215	22.185	22.153	22.143	22.116	22.105
24.161	24.123	24.134	24.15	24.15	24.133	24.128	24.103	24.073	24.054	24.047	24.025	24.039	23.995	23.974	23.976	23.977	23.962	23.958	23.947	23.927	23.912	23.882	23.855	23.836	23.81	23.792	23.771	23.75	23.731	23.709	23.69	23.661	23.647	23.643	23.639	23.634	23.621	23.611	23.594	23.566	23.531	23.501	23.494	23.488	23.472	23.451	23.426	23.419	23.405	23.408	23.401	23.385	23.342	23.293	23.262	23.243	23.206	23.203	23.17	23.169	23.15	23.14	23.132	23.124	23.097	23.074	23.061	23.051	23.056	23.062	23.038	23.031	23.01	23.003	22.997	22.999	22.978	22.954	22.943	22.929	22.932	22.943	22.922	22.907	22.896	22.87	22.87	22.869	22.85	22.829	22.821	22.811	22.798	22.798	22.76	22.726	22.707	22.688	22.666	22.634	22.59	22.54	22.517	22.491	22.472	22.467	22.455	22.458	22.435	22.416	22.394	22.37	22.363	22.373	22.39	22.389	22.404	22.411	22.386	22.383	22.352	22.336	22.304	22.31	22.298	22.291	22.295	22.266	22.252	22.23	22.186	22.149	22.099	22.103	22.085	22.073
24.151	24.138	24.133	24.146	24.14	24.112	24.102	24.088	24.063	24.053	24.061	24.045	24.025	24.004	23.976	23.96	23.972	23.967	23.942	23.932	23.921	23.895	23.865	23.836	23.817	23.782	23.761	23.739	23.722	23.714	23.707	23.671	23.635	23.615	23.628	23.624	23.626	23.614	23.604	23.565	23.544	23.505	23.476	23.468	23.461	23.448	23.417	23.396	23.388	23.383	23.385	23.378	23.348	23.309	23.258	23.224	23.198	23.168	23.172	23.161	23.135	23.137	23.118	23.126	23.101	23.084	23.066	23.047	23.034	23.03	23.022	23.019	23.001	22.996	22.974	22.96	22.968	22.947	22.94	22.928	22.935	22.928	22.929	22.911	22.88	22.885	22.859	22.861	22.842	22.826	22.825	22.81	22.794	22.796	22.775	22.751	22.716	22.711	22.682	22.655	22.608	22.565	22.555	22.516	22.489	22.476	22.459	22.449	22.43	22.415	22.391	22.367	22.36	22.347	22.352	22.353	22.352	22.368	22.372	22.369	22.344	22.336	22.306	22.279	22.282	22.268	22.266	22.258	22.238	22.228	22.214	22.156	22.11	22.079	22.051	22.032	22.032
