23.909	23.937	23.921	23.934	23.945	23.934	23.928	23.922	23.932	23.935	23.918	23.922	23.928	23.949	23.931	23.943	23.972	24.001	23.975	23.985	23.99	24.027	24.015	23.962	23.922	23.934	23.931	23.91	23.908	23.881	23.893	23.891	23.876	23.844	23.866	23.894	23.932	23.946	23.934	23.942	23.941	23.938	23.927	23.906	23.902	23.867	23.859	23.813	23.798	23.793	23.784	23.764	23.721	23.717	23.716	23.725	23.704	23.704	23.73	23.753	23.727	23.728	23.738	23.768	23.758	23.748	23.715	23.692	23.68	23.706	23.698	23.719	23.714	23.727	23.731	23.706	23.708	23.69	23.693	23.696	23.697	23.712	23.711	23.748	23.744	23.686	23.632	23.626	23.616	23.621	23.635	23.638	23.647	23.643	23.66	23.661	23.653	23.637	23.623	23.621	23.602	23.611	23.588	23.594	23.64	23.604	23.611	23.58	23.563	23.554	23.539	23.53	23.537	23.541	23.528	23.514	23.488	23.503	23.501	23.523	23.501	23.485	23.473	23.485	23.494	23.517	23.488	23.496	23.495	23.48	23.459	23.467	23.483	23.515	23.522	23.505	23.49
23.953	23.966	23.963	23.958	23.954	23.948	23.927	23.913	23.923	23.922	23.946	23.941	23.93	23.913	23.923	23.923	23.943	23.989	23.99	24.012	24.024	24.035	23.994	23.957	23.952	23.972	23.971	23.919	23.912	23.89	23.892	23.898	23.884	23.863	23.89	23.9	23.919	23.941	23.922	23.903	23.916	23.924	23.945	23.871	23.87	23.845	23.831	23.815	23.804	23.774	23.77	23.741	23.707	23.724	23.724	23.711	23.715	23.728	23.689	23.706	23.713	23.706	23.708	23.732	23.748	23.715	23.704	23.711	23.703	23.68	23.694	23.7	23.711	23.724	23.708	23.701	23.689	23.682	23.653	23.665	23.648	23.667	23.703	23.716	23.714	23.663	23.638	23.586	23.577	23.585	23.613	23.631	23.614	23.615	23.633	23.637	23.618	23.589	23.594	23.597	23.575	23.597	23.569	23.562	23.583	23.594	23.581	23.594	23.561	23.551	23.527	23.525	23.516	23.517	23.515	23.508	23.515	23.499	23.501	23.501	23.47	23.485	23.475	23.481	23.491	23.491	23.471	23.464	23.467	23.492	23.48	23.456	23.47	23.501	23.51	23.495	23.468
23.978	23.962	23.959	23.955	23.948	23.93	23.917	23.915	23.947	23.94	23.958	23.952	23.924	23.92	23.899	23.903	23.937	23.956	24.008	24.001	24.003	24.008	23.958	23.951	23.975	23.953	23.931	23.921	23.938	23.908	23.91	23.92	23.919	23.923	23.9	23.899	23.941	23.925	23.894	23.876	23.887	23.962	23.943	23.916	23.881	23.884	23.884	23.834	23.806	23.769	23.735	23.717	23.704	23.705	23.724	23.717	23.718	23.706	23.711	23.696	23.708	23.696	23.696	23.7	23.722	23.697	23.677	23.679	23.664	23.661	23.679	23.689	23.731	23.729	23.696	23.669	23.691	23.675	23.661	23.638	23.653	23.667	23.688	23.687	23.663	23.65	23.609	23.571	23.555	23.589	23.611	23.626	23.626	23.604	23.607	23.575	23.557	23.578	23.599	23.616	23.579	23.562	23.541	23.566	23.58	23.581	23.575	23.563	23.562	23.531	23.515	23.511	23.525	23.51	23.497	23.48	23.469	23.479	23.496	23.482	23.475	23.501	23.512	23.512	23.512	23.481	23.466	23.479	23.492	23.518	23.491	23.475	23.492	23.498	23.488	23.474	23.479
23.976	23.978	23.961	23.966	23.968	23.966	23.964	23.948	23.955	23.955	23.974	23.962	23.923	23.897	23.881	23.884	23.901	23.944	23.966	23.993	24.001	24.007	24.009	23.998	23.991	23.965	23.935	23.923	23.921	23.902	23.903	23.911	23.921	23.917	23.91	23.918	23.916	23.916	23.885	23.897	23.907	23.935	23.95	23.924	23.908	23.897	23.889	23.838	23.82	23.774	23.753	23.748	23.731	23.709	23.724	23.746	23.731	23.743	23.714	23.698	23.686	23.676	23.678	23.679	23.686	23.654	23.669	23.652	23.661	23.659	23.671	23.693	23.711	23.698	23.693	23.664	23.651	23.645	23.642	23.651	23.657	23.647	23.661	23.649	23.662	23.617	23.587	23.561	23.569	23.59	23.594	23.621	23.621	23.604	23.588	23.558	23.563	23.566	23.589	23.596	23.576	23.57	23.54	23.54	23.547	23.556	23.552	23.567	23.553	23.535	23.516	23.527	23.531	23.534	23.524	23.504	23.492	23.477	23.494	23.476	23.483	23.488	23.523	23.541	23.518	23.498	23.485	23.495	23.518	23.544	23.506	23.533	23.501	23.49	23.469	23.46	23.463
23.991	23.969	23.96	23.99	24.001	23.987	23.982	23.975	23.96	23.985	23.992	23.972	23.954	23.919	23.905	23.898	23.929	23.948	23.991	24.021	24.011	23.98	23.98	24.001	23.956	23.934	23.91	23.894	23.905	23.924	23.918	23.896	23.887	23.898	23.906	23.908	23.933	23.979	23.972	23.978	23.95	23.946	23.944	23.946	23.941	23.907	23.908	23.873	23.848	23.803	23.775	23.761	23.752	23.74	23.716	23.751	23.746	23.748	23.761	23.739	23.698	23.693	23.69	23.682	23.692	23.693	23.687	23.679	23.665	23.671	23.693	23.689	23.718	23.731	23.733	23.693	23.682	23.664	23.663	23.653	23.655	23.661	23.658	23.661	23.641	23.627	23.592	23.574	23.582	23.568	23.613	23.634	23.632	23.626	23.605	23.579	23.569	23.567	23.564	23.575	23.563	23.537	23.528	23.544	23.548	23.544	23.558	23.578	23.548	23.544	23.547	23.514	23.514	23.526	23.523	23.526	23.514	23.494	23.507	23.495	23.48	23.503	23.524	23.534	23.538	23.525	23.519	23.538	23.532	23.527	23.516	23.518	23.488	23.475	23.481	23.472	23.463
24.006	23.969	23.992	23.991	23.999	23.972	23.956	23.977	23.962	23.962	23.992	23.987	23.992	23.949	23.933	23.941	23.957	23.966	24.01	24.028	24.015	24.001	23.989	23.971	23.982	23.937	23.911	23.899	23.893	23.902	23.898	23.907	23.94	23.925	23.915	23.922	23.945	23.986	23.992	23.988	23.957	23.952	23.964	23.943	23.919	23.887	23.902	23.888	23.861	23.843	23.788	23.783	23.795	23.789	23.778	23.798	23.789	23.805	23.796	23.763	23.736	23.734	23.723	23.746	23.725	23.7	23.695	23.713	23.716	23.716	23.712	23.708	23.706	23.712	23.719	23.711	23.698	23.7	23.673	23.663	23.67	23.657	23.655	23.637	23.622	23.612	23.608	23.593	23.593	23.62	23.604	23.626	23.634	23.642	23.618	23.595	23.576	23.58	23.572	23.55	23.574	23.549	23.535	23.55	23.551	23.553	23.558	23.58	23.556	23.53	23.515	23.508	23.501	23.513	23.524	23.539	23.546	23.511	23.501	23.498	23.468	23.51	23.545	23.517	23.516	23.52	23.527	23.539	23.517	23.515	23.527	23.513	23.505	23.453	23.449	23.457	23.46
23.986	23.989	23.971	23.943	23.95	23.929	23.947	23.964	23.973	23.966	23.985	23.995	23.991	23.953	23.956	23.941	23.962	23.975	23.965	23.967	23.968	23.948	23.952	23.949	23.94	23.921	23.91	23.902	23.888	23.889	23.889	23.949	23.938	23.923	23.94	23.935	23.932	23.955	23.982	23.982	23.96	23.972	23.945	23.909	23.884	23.87	23.852	23.836	23.836	23.814	23.792	23.783	23.791	23.781	23.766	23.775	23.781	23.778	23.772	23.751	23.76	23.739	23.756	23.739	23.74	23.724	23.715	23.722	23.725	23.713	23.692	23.694	23.689	23.69	23.685	23.699	23.714	23.706	23.692	23.673	23.643	23.612	23.609	23.591	23.563	23.573	23.585	23.567	23.596	23.587	23.57	23.588	23.607	23.626	23.594	23.583	23.561	23.546	23.537	23.538	23.55	23.531	23.531	23.528	23.54	23.57	23.56	23.565	23.571	23.521	23.492	23.467	23.482	23.481	23.509	23.523	23.507	23.482	23.495	23.469	23.456	23.466	23.484	23.522	23.528	23.523	23.49	23.485	23.495	23.472	23.478	23.491	23.471	23.442	23.466	23.455	23.473
24.005	24.008	23.987	23.959	23.947	23.955	23.951	23.96	23.964	23.959	23.974	23.981	23.998	23.975	23.992	23.981	23.961	23.962	23.945	23.962	23.939	23.953	23.941	23.946	23.946	23.936	23.903	23.89	23.888	23.899	23.925	23.936	23.941	23.93	23.934	23.952	23.927	23.947	23.951	23.955	23.951	23.929	23.913	23.882	23.859	23.863	23.851	23.82	23.808	23.805	23.797	23.807	23.798	23.777	23.762	23.746	23.762	23.756	23.729	23.713	23.722	23.7	23.71	23.706	23.714	23.721	23.72	23.682	23.716	23.723	23.7	23.722	23.702	23.697	23.688	23.681	23.678	23.678	23.674	23.66	23.635	23.603	23.578	23.555	23.549	23.557	23.584	23.604	23.59	23.584	23.6	23.606	23.615	23.619	23.6	23.598	23.568	23.539	23.545	23.522	23.544	23.537	23.556	23.558	23.557	23.565	23.571	23.568	23.554	23.51	23.481	23.472	23.462	23.451	23.455	23.465	23.486	23.495	23.504	23.474	23.443	23.475	23.492	23.491	23.482	23.501	23.49	23.498	23.49	23.468	23.447	23.466	23.456	23.473	23.461	23.455	23.445
24.001	24.03	24.025	24.009	24.02	23.968	23.959	23.959	23.97	23.98	23.992	24.001	24.014	24.007	24.006	23.978	23.944	23.938	23.934	23.971	23.953	23.958	23.949	23.947	23.943	23.913	23.9	23.908	23.904	23.917	23.94	23.944	23.957	23.946	23.966	23.946	23.923	23.929	23.914	23.918	23.911	23.892	23.882	23.886	23.842	23.86	23.852	23.814	23.799	23.819	23.803	23.801	23.766	23.749	23.746	23.735	23.743	23.742	23.719	23.728	23.716	23.699	23.692	23.713	23.71	23.698	23.696	23.68	23.693	23.664	23.674	23.673	23.711	23.674	23.673	23.663	23.669	23.663	23.672	23.672	23.639	23.613	23.606	23.579	23.552	23.581	23.61	23.611	23.591	23.586	23.586	23.585	23.57	23.595	23.602	23.588	23.57	23.582	23.554	23.535	23.563	23.584	23.574	23.613	23.581	23.581	23.604	23.571	23.546	23.521	23.494	23.483	23.469	23.475	23.447	23.466	23.473	23.495	23.503	23.501	23.477	23.483	23.498	23.477	23.466	23.455	23.461	23.474	23.473	23.439	23.429	23.449	23.449	23.469	23.449	23.45	23.448
24.02	24.044	24.018	24.011	24.001	23.998	23.981	23.97	23.962	23.978	23.983	24.003	23.98	23.978	23.993	23.946	23.936	23.949	23.956	23.965	23.986	23.962	23.963	23.924	23.916	23.905	23.903	23.899	23.902	23.918	23.963	23.973	23.973	23.978	23.942	23.935	23.903	23.906	23.887	23.88	23.86	23.847	23.857	23.828	23.8	23.826	23.82	23.818	23.803	23.814	23.816	23.794	23.749	23.732	23.751	23.743	23.759	23.775	23.748	23.741	23.755	23.724	23.756	23.74	23.725	23.714	23.684	23.679	23.663	23.654	23.663	23.677	23.667	23.661	23.638	23.645	23.651	23.634	23.648	23.646	23.621	23.593	23.591	23.594	23.601	23.604	23.609	23.579	23.607	23.585	23.586	23.572	23.575	23.612	23.599	23.602	23.592	23.592	23.556	23.529	23.567	23.606	23.607	23.601	23.598	23.619	23.571	23.543	23.52	23.532	23.519	23.516	23.506	23.473	23.474	23.476	23.503	23.506	23.501	23.49	23.484	23.489	23.495	23.457	23.423	23.434	23.45	23.463	23.457	23.426	23.418	23.416	23.441	23.436	23.435	23.419	23.433
24.02	24.035	23.994	23.972	23.956	23.968	23.982	23.974	23.97	23.986	23.979	23.984	23.981	23.957	23.987	23.99	23.965	23.966	23.96	23.943	23.945	23.943	23.935	23.926	23.91	23.911	23.916	23.911	23.898	23.897	23.917	23.946	23.943	23.951	23.933	23.922	23.896	23.891	23.822	23.817	23.815	23.821	23.83	23.809	23.828	23.859	23.851	23.847	23.85	23.849	23.809	23.798	23.749	23.721	23.737	23.744	23.756	23.776	23.76	23.768	23.772	23.803	23.792	23.744	23.725	23.713	23.701	23.673	23.668	23.672	23.683	23.684	23.667	23.67	23.64	23.658	23.67	23.658	23.639	23.626	23.631	23.628	23.598	23.598	23.609	23.598	23.609	23.636	23.642	23.644	23.623	23.598	23.586	23.59	23.638	23.631	23.6	23.577	23.578	23.569	23.588	23.582	23.607	23.6	23.606	23.623	23.561	23.524	23.53	23.554	23.559	23.532	23.536	23.501	23.447	23.461	23.466	23.48	23.489	23.475	23.492	23.49	23.485	23.468	23.446	23.454	23.471	23.505	23.478	23.447	23.423	23.432	23.433	23.445	23.421	23.431	23.417
24.03	24.028	23.975	23.961	23.983	23.968	23.944	23.961	23.967	23.98	23.994	24.011	23.998	24.003	23.99	23.989	23.993	24.001	23.954	23.949	23.926	23.914	23.926	23.923	23.912	23.904	23.898	23.918	23.927	23.916	23.918	23.941	23.927	23.922	23.928	23.902	23.9	23.893	23.838	23.817	23.822	23.818	23.837	23.862	23.853	23.873	23.908	23.886	23.855	23.867	23.836	23.806	23.79	23.763	23.758	23.761	23.767	23.767	23.8	23.771	23.782	23.81	23.808	23.788	23.735	23.699	23.695	23.668	23.657	23.661	23.672	23.681	23.684	23.679	23.664	23.657	23.694	23.671	23.65	23.648	23.658	23.667	23.652	23.626	23.636	23.626	23.602	23.628	23.663	23.69	23.663	23.642	23.587	23.602	23.632	23.615	23.588	23.596	23.586	23.592	23.628	23.635	23.628	23.619	23.565	23.577	23.56	23.55	23.568	23.577	23.57	23.541	23.548	23.492	23.452	23.447	23.451	23.457	23.454	23.469	23.448	23.46	23.458	23.459	23.482	23.477	23.473	23.484	23.483	23.47	23.453	23.428	23.439	23.448	23.445	23.429	23.428
24.037	24.037	24.005	24.007	23.982	23.96	23.979	23.974	23.975	23.989	24.012	24.01	24.001	23.981	23.987	23.971	23.982	23.975	23.933	23.934	23.938	23.928	23.935	23.919	23.911	23.925	23.935	23.927	23.93	23.927	23.916	23.923	23.931	23.931	23.91	23.912	23.908	23.905	23.857	23.854	23.845	23.853	23.878	23.873	23.868	23.879	23.907	23.866	23.876	23.853	23.824	23.826	23.82	23.797	23.784	23.776	23.801	23.807	23.824	23.806	23.797	23.808	23.835	23.813	23.777	23.731	23.738	23.727	23.722	23.7	23.684	23.71	23.714	23.704	23.683	23.679	23.685	23.7	23.71	23.703	23.698	23.708	23.736	23.67	23.659	23.635	23.616	23.633	23.644	23.666	23.661	23.665	23.649	23.61	23.611	23.626	23.597	23.588	23.604	23.623	23.656	23.666	23.648	23.596	23.571	23.561	23.566	23.571	23.585	23.596	23.592	23.584	23.544	23.511	23.495	23.492	23.487	23.488	23.471	23.47	23.463	23.461	23.459	23.434	23.445	23.479	23.466	23.486	23.475	23.489	23.46	23.459	23.443	23.424	23.452	23.418	23.431
24.074	24.054	24.044	24.011	23.977	23.98	23.999	23.994	23.982	23.996	24.019	24.052	24.037	24.01	23.993	24.006	23.996	23.983	23.971	23.967	23.936	23.926	23.949	23.941	23.945	23.954	23.954	23.963	23.953	23.984	23.945	23.951	23.964	23.925	23.913	23.925	23.933	23.926	23.897	23.887	23.892	23.895	23.9	23.882	23.892	23.919	23.908	23.88	23.876	23.891	23.887	23.882	23.855	23.814	23.83	23.827	23.842	23.823	23.828	23.824	23.818	23.823	23.864	23.836	23.8	23.761	23.771	23.773	23.761	23.738	23.728	23.733	23.756	23.738	23.69	23.681	23.685	23.716	23.731	23.726	23.717	23.705	23.738	23.704	23.685	23.638	23.651	23.664	23.673	23.689	23.709	23.706	23.702	23.696	23.664	23.661	23.641	23.628	23.608	23.641	23.645	23.66	23.642	23.609	23.583	23.595	23.629	23.602	23.608	23.584	23.591	23.584	23.545	23.553	23.539	23.504	23.509	23.516	23.53	23.511	23.493	23.451	23.435	23.421	23.421	23.434	23.459	23.486	23.475	23.465	23.478	23.461	23.439	23.428	23.458	23.456	23.438
24.12	24.094	24.062	24.041	24.015	23.992	23.994	23.994	24.024	24.043	24.063	24.065	24.045	24.023	24.009	24.001	24.028	24.016	23.996	24.003	23.951	23.948	23.952	23.97	24.014	24.018	23.985	23.993	24.001	24.001	23.992	24.021	24.022	23.993	23.956	23.941	23.952	23.973	23.946	23.911	23.906	23.911	23.916	23.908	23.898	23.923	23.915	23.9	23.883	23.888	23.912	23.907	23.892	23.845	23.847	23.844	23.837	23.833	23.815	23.802	23.813	23.821	23.83	23.832	23.844	23.769	23.765	23.761	23.759	23.752	23.77	23.768	23.756	23.751	23.731	23.702	23.708	23.717	23.728	23.738	23.71	23.697	23.684	23.69	23.678	23.671	23.673	23.691	23.702	23.728	23.735	23.741	23.696	23.667	23.682	23.647	23.629	23.638	23.641	23.653	23.652	23.643	23.616	23.608	23.616	23.61	23.616	23.61	23.636	23.626	23.611	23.577	23.556	23.582	23.573	23.568	23.556	23.522	23.527	23.499	23.477	23.456	23.442	23.434	23.42	23.438	23.457	23.477	23.48	23.512	23.521	23.494	23.471	23.457	23.422	23.425	23.461
24.121	24.109	24.088	24.051	24.043	24.036	24.01	24.015	24.023	24.066	24.109	24.072	24.061	24.053	24.021	24.002	24.015	23.987	23.996	23.97	23.953	23.939	23.942	23.96	23.975	23.978	23.995	24.015	24.004	24.001	23.982	24.001	24.004	23.959	23.936	23.943	23.98	23.992	23.958	23.916	23.901	23.888	23.895	23.893	23.878	23.896	23.913	23.923	23.897	23.866	23.871	23.86	23.827	23.793	23.791	23.814	23.843	23.828	23.814	23.788	23.771	23.789	23.814	23.838	23.817	23.803	23.793	23.775	23.769	23.724	23.718	23.733	23.765	23.754	23.746	23.726	23.723	23.735	23.723	23.727	23.696	23.667	23.672	23.675	23.656	23.659	23.664	23.676	23.709	23.674	23.663	23.689	23.671	23.664	23.676	23.64	23.612	23.605	23.635	23.633	23.64	23.635	23.62	23.614	23.629	23.635	23.653	23.632	23.613	23.587	23.59	23.572	23.585	23.581	23.576	23.571	23.532	23.501	23.48	23.508	23.482	23.454	23.437	23.425	23.422	23.425	23.448	23.446	23.453	23.498	23.529	23.494	23.459	23.448	23.435	23.437	23.419
24.124	24.103	24.117	24.072	24.07	24.095	24.062	24.043	24.051	24.06	24.098	24.048	24.048	24.044	24.019	23.999	24.008	24.008	24.014	23.996	23.955	23.952	23.946	23.953	23.929	23.95	23.974	23.963	23.971	23.946	23.954	23.965	23.988	23.936	23.911	23.962	23.953	23.96	23.941	23.9	23.861	23.843	23.832	23.835	23.85	23.892	23.908	23.896	23.898	23.897	23.881	23.867	23.833	23.811	23.799	23.837	23.887	23.855	23.833	23.795	23.776	23.758	23.763	23.813	23.807	23.775	23.791	23.778	23.795	23.767	23.759	23.763	23.743	23.784	23.78	23.765	23.762	23.737	23.741	23.721	23.718	23.677	23.679	23.678	23.677	23.648	23.652	23.669	23.66	23.677	23.656	23.654	23.675	23.681	23.664	23.661	23.618	23.635	23.654	23.63	23.63	23.626	23.626	23.62	23.635	23.64	23.637	23.64	23.641	23.6	23.571	23.561	23.556	23.564	23.588	23.588	23.541	23.511	23.495	23.487	23.493	23.457	23.431	23.429	23.465	23.479	23.47	23.452	23.461	23.506	23.491	23.497	23.462	23.458	23.43	23.434	23.412
24.161	24.139	24.132	24.086	24.105	24.101	24.101	24.078	24.104	24.108	24.089	24.067	24.035	24.049	24.035	23.99	24.017	24.001	23.985	23.979	23.986	23.983	23.998	23.976	23.954	23.96	23.931	23.936	23.947	23.922	23.928	23.938	23.939	23.948	23.955	23.934	23.926	23.907	23.888	23.842	23.815	23.805	23.805	23.808	23.827	23.891	23.862	23.876	23.896	23.914	23.888	23.885	23.879	23.845	23.855	23.859	23.857	23.846	23.854	23.825	23.807	23.786	23.751	23.776	23.78	23.772	23.793	23.847	23.818	23.818	23.82	23.802	23.798	23.799	23.786	23.758	23.758	23.8	23.77	23.781	23.748	23.709	23.721	23.701	23.694	23.701	23.676	23.67	23.684	23.661	23.636	23.628	23.624	23.633	23.675	23.688	23.645	23.675	23.649	23.645	23.644	23.623	23.635	23.649	23.639	23.66	23.658	23.666	23.663	23.631	23.594	23.579	23.566	23.581	23.576	23.558	23.558	23.539	23.536	23.507	23.504	23.498	23.457	23.467	23.483	23.495	23.502	23.49	23.468	23.469	23.466	23.454	23.477	23.487	23.467	23.444	23.449
24.176	24.145	24.128	24.12	24.108	24.14	24.135	24.077	24.075	24.107	24.091	24.098	24.083	24.071	24.05	24.016	24.023	24.026	24.023	24.017	24.02	24.041	24.016	24.001	23.961	23.957	23.936	23.929	23.951	23.969	23.948	23.948	23.944	23.954	23.92	23.904	23.893	23.884	23.844	23.859	23.85	23.835	23.836	23.841	23.878	23.868	23.892	23.899	23.902	23.909	23.943	23.939	23.921	23.897	23.873	23.876	23.855	23.873	23.837	23.831	23.804	23.782	23.77	23.776	23.785	23.8	23.805	23.828	23.861	23.861	23.873	23.879	23.852	23.831	23.8	23.793	23.81	23.842	23.818	23.823	23.781	23.753	23.757	23.754	23.747	23.725	23.717	23.713	23.708	23.663	23.647	23.643	23.633	23.652	23.682	23.663	23.657	23.665	23.66	23.652	23.642	23.628	23.644	23.649	23.664	23.666	23.65	23.647	23.656	23.637	23.599	23.584	23.577	23.559	23.566	23.574	23.551	23.56	23.557	23.531	23.516	23.504	23.482	23.508	23.482	23.522	23.555	23.555	23.501	23.503	23.461	23.455	23.456	23.478	23.481	23.463	23.492
24.213	24.161	24.145	24.132	24.126	24.153	24.172	24.116	24.084	24.086	24.096	24.105	24.095	24.084	24.077	24.036	24.04	24.044	24.039	24.033	24.004	24.032	24.021	24.004	23.969	23.946	23.943	23.951	23.967	23.973	23.949	23.939	23.957	23.927	23.922	23.909	23.902	23.893	23.897	23.89	23.873	23.876	23.9	23.905	23.923	23.924	23.93	23.917	23.921	23.933	23.962	23.947	23.935	23.927	23.915	23.899	23.87	23.876	23.859	23.81	23.819	23.806	23.811	23.803	23.818	23.84	23.84	23.854	23.901	23.881	23.922	23.915	23.872	23.846	23.836	23.829	23.815	23.867	23.88	23.835	23.812	23.801	23.79	23.794	23.771	23.773	23.756	23.739	23.737	23.721	23.716	23.723	23.702	23.709	23.706	23.679	23.646	23.671	23.655	23.685	23.671	23.631	23.648	23.647	23.655	23.675	23.655	23.648	23.656	23.647	23.647	23.62	23.593	23.565	23.565	23.57	23.577	23.568	23.553	23.533	23.518	23.516	23.525	23.524	23.505	23.536	23.564	23.544	23.534	23.486	23.485	23.461	23.473	23.47	23.471	23.501	23.515
24.225	24.223	24.205	24.161	24.178	24.197	24.198	24.182	24.12	24.095	24.109	24.106	24.11	24.093	24.111	24.085	24.056	24.042	24.048	24.056	24.042	24.029	24.029	24.014	23.972	23.972	23.949	23.937	23.98	23.987	23.964	23.969	23.969	23.935	23.911	23.911	23.9	23.905	23.924	23.908	23.913	23.906	23.918	23.938	23.93	23.959	23.942	23.932	23.952	23.94	23.931	23.94	23.966	23.955	23.938	23.933	23.931	23.901	23.881	23.828	23.827	23.823	23.833	23.861	23.855	23.87	23.902	23.908	23.912	23.901	23.902	23.877	23.904	23.901	23.894	23.886	23.87	23.862	23.867	23.849	23.857	23.834	23.801	23.784	23.759	23.76	23.772	23.748	23.748	23.764	23.78	23.793	23.779	23.736	23.751	23.751	23.723	23.703	23.686	23.707	23.701	23.649	23.652	23.669	23.645	23.662	23.636	23.605	23.635	23.653	23.651	23.634	23.619	23.622	23.601	23.598	23.575	23.577	23.554	23.535	23.542	23.569	23.552	23.541	23.555	23.534	23.553	23.548	23.548	23.492	23.478	23.468	23.478	23.487	23.48	23.504	23.515
24.257	24.248	24.227	24.213	24.196	24.217	24.241	24.2	24.167	24.129	24.121	24.106	24.111	24.115	24.142	24.128	24.096	24.097	24.098	24.08	24.052	24.038	24.028	24.006	24.001	24.007	24.019	23.995	24.009	23.973	23.983	23.98	23.966	23.963	23.944	23.936	23.924	23.932	23.932	23.939	23.919	23.927	23.935	23.933	23.983	23.998	23.985	23.967	23.985	23.964	23.954	23.997	23.997	23.965	23.95	23.956	23.943	23.939	23.89	23.849	23.837	23.83	23.837	23.863	23.901	23.918	23.913	23.926	23.906	23.885	23.893	23.93	23.941	23.912	23.913	23.924	23.881	23.858	23.868	23.891	23.873	23.821	23.813	23.767	23.773	23.755	23.767	23.799	23.789	23.783	23.793	23.799	23.782	23.796	23.755	23.734	23.733	23.718	23.738	23.756	23.756	23.709	23.693	23.671	23.637	23.638	23.623	23.621	23.669	23.645	23.638	23.637	23.614	23.608	23.615	23.626	23.613	23.597	23.569	23.563	23.584	23.568	23.584	23.563	23.614	23.637	23.614	23.626	23.608	23.569	23.52	23.492	23.504	23.503	23.501	23.498	23.512
24.238	24.258	24.248	24.224	24.206	24.221	24.223	24.241	24.194	24.172	24.156	24.13	24.126	24.121	24.131	24.138	24.146	24.133	24.14	24.109	24.091	24.064	24.055	24.039	24.024	24.024	24.033	24.024	24.044	24.02	24.017	24.01	24.011	24.007	23.998	23.966	23.954	23.947	23.951	23.967	23.947	23.933	23.962	23.968	24.001	24.027	24.031	24.001	24.017	24.007	23.988	24.004	24.023	24.004	24.005	23.995	23.994	23.961	23.936	23.917	23.886	23.88	23.907	23.919	23.922	23.975	23.954	23.956	23.914	23.865	23.876	23.92	23.961	23.974	23.944	23.956	23.93	23.902	23.909	23.898	23.846	23.864	23.839	23.851	23.816	23.814	23.796	23.786	23.799	23.767	23.791	23.79	23.778	23.778	23.758	23.742	23.743	23.74	23.78	23.807	23.772	23.727	23.708	23.702	23.684	23.639	23.604	23.628	23.626	23.607	23.612	23.607	23.61	23.615	23.64	23.647	23.621	23.623	23.631	23.64	23.588	23.584	23.573	23.575	23.61	23.627	23.644	23.657	23.641	23.601	23.601	23.568	23.544	23.55	23.541	23.506	23.512
24.298	24.284	24.27	24.256	24.248	24.242	24.267	24.248	24.241	24.224	24.228	24.189	24.17	24.178	24.192	24.164	24.161	24.155	24.138	24.098	24.064	24.051	24.049	24.015	24.031	24.01	23.996	24.019	24.026	24.02	24.036	24.028	24.038	24.033	24.024	24.019	24.035	24.054	24.039	24.011	23.992	23.961	23.975	23.98	23.993	24.02	24.032	24.029	24.023	24.001	24.001	24.023	24.027	24.01	24.016	24.038	24.032	24.008	23.943	23.917	23.922	23.92	23.932	23.944	23.927	23.959	23.988	24.001	23.945	23.928	23.93	23.938	23.957	23.965	23.956	23.995	23.982	23.931	23.867	23.837	23.834	23.864	23.84	23.836	23.843	23.834	23.8	23.791	23.815	23.789	23.788	23.815	23.8	23.78	23.78	23.772	23.786	23.788	23.798	23.796	23.795	23.756	23.743	23.695	23.692	23.668	23.649	23.638	23.648	23.648	23.617	23.611	23.638	23.653	23.671	23.689	23.673	23.676	23.709	23.664	23.623	23.608	23.586	23.587	23.629	23.641	23.629	23.606	23.605	23.66	23.655	23.627	23.607	23.585	23.572	23.566	23.576
24.303	24.302	24.255	24.286	24.275	24.252	24.237	24.271	24.246	24.223	24.248	24.203	24.175	24.17	24.17	24.135	24.137	24.133	24.137	24.116	24.113	24.08	24.063	24.055	24.065	24.036	24.015	24.023	24.035	24.007	24.027	24.023	24.011	24.021	24.024	24.015	24.018	24.009	24.013	24.001	23.963	23.942	23.939	23.943	23.974	24.008	24.01	23.987	23.99	23.993	24.003	24.011	24.01	24.021	24.033	24.039	24.013	24.008	23.953	23.947	23.928	23.918	23.937	23.94	23.93	23.966	23.965	23.97	23.958	23.961	23.946	23.946	23.998	23.991	23.954	23.971	23.941	23.912	23.839	23.838	23.815	23.848	23.876	23.879	23.837	23.824	23.823	23.809	23.798	23.808	23.844	23.844	23.851	23.81	23.785	23.772	23.771	23.772	23.751	23.757	23.766	23.761	23.751	23.748	23.711	23.695	23.666	23.652	23.657	23.673	23.636	23.657	23.644	23.659	23.66	23.69	23.71	23.743	23.743	23.682	23.666	23.638	23.627	23.634	23.644	23.626	23.61	23.609	23.566	23.576	23.611	23.643	23.69	23.652	23.584	23.549	23.549
24.333	24.343	24.306	24.321	24.287	24.248	24.222	24.259	24.255	24.231	24.248	24.209	24.205	24.167	24.129	24.128	24.139	24.131	24.117	24.148	24.117	24.129	24.109	24.126	24.108	24.078	24.049	24.058	24.044	24.025	24.012	24.014	24.013	24.023	24.012	24.018	24.016	24.016	23.998	24.014	23.975	23.978	23.977	23.948	23.965	24.024	24.049	24.028	24.033	24.001	23.966	23.978	23.998	24.02	24.016	24.021	23.998	23.998	23.956	23.95	23.927	23.919	23.954	23.943	23.918	23.931	23.98	23.966	23.958	23.961	23.969	23.969	23.985	24.005	23.981	23.99	23.956	23.9	23.894	23.865	23.859	23.872	23.878	23.839	23.8	23.799	23.826	23.804	23.795	23.818	23.828	23.847	23.83	23.802	23.776	23.783	23.786	23.769	23.746	23.724	23.73	23.733	23.741	23.715	23.706	23.708	23.685	23.685	23.685	23.673	23.671	23.686	23.674	23.666	23.698	23.7	23.759	23.758	23.757	23.721	23.697	23.67	23.62	23.613	23.603	23.611	23.622	23.598	23.618	23.648	23.67	23.654	23.65	23.645	23.627	23.573	23.532
24.318	24.358	24.346	24.353	24.336	24.285	24.261	24.278	24.282	24.271	24.245	24.206	24.203	24.166	24.128	24.112	24.111	24.107	24.123	24.103	24.163	24.169	24.137	24.172	24.174	24.13	24.101	24.076	24.08	24.055	24.026	24.023	24.014	24.013	24.018	24.028	24.018	24.007	23.96	23.97	23.987	23.965	23.978	23.962	23.957	23.998	24.043	24.051	24.052	24.048	24.003	23.979	23.996	23.973	24.009	24.018	23.972	23.969	23.985	23.966	23.959	23.966	23.931	23.917	23.915	23.9	23.934	23.95	23.969	23.938	23.949	23.959	24.007	23.998	23.957	23.916	23.884	23.853	23.882	23.872	23.873	23.877	23.861	23.812	23.774	23.763	23.751	23.77	23.774	23.754	23.746	23.758	23.768	23.766	23.775	23.781	23.757	23.762	23.739	23.733	23.709	23.693	23.676	23.701	23.689	23.684	23.658	23.65	23.711	23.692	23.675	23.673	23.666	23.664	23.648	23.712	23.726	23.735	23.682	23.727	23.693	23.705	23.66	23.606	23.588	23.58	23.599	23.609	23.628	23.695	23.696	23.682	23.661	23.645	23.586	23.55	23.545
24.353	24.361	24.369	24.355	24.33	24.347	24.312	24.305	24.276	24.24	24.265	24.215	24.171	24.141	24.141	24.13	24.113	24.118	24.123	24.133	24.136	24.172	24.159	24.158	24.143	24.103	24.084	24.093	24.069	24.046	24.02	24.016	24.014	24.013	24.003	24.031	23.996	23.981	23.957	23.966	23.953	23.959	23.948	23.982	23.995	23.998	24.036	24.06	24.084	24.044	24.015	23.993	24.013	24.014	24.027	24.029	23.998	23.962	23.976	23.989	23.982	23.983	23.966	23.934	23.95	23.922	23.943	23.961	23.978	23.997	23.944	23.969	23.994	23.982	23.933	23.895	23.889	23.863	23.851	23.818	23.841	23.845	23.841	23.808	23.788	23.763	23.777	23.791	23.767	23.751	23.741	23.732	23.728	23.766	23.792	23.791	23.782	23.77	23.771	23.716	23.705	23.681	23.672	23.667	23.655	23.634	23.623	23.65	23.675	23.696	23.638	23.654	23.663	23.696	23.687	23.688	23.708	23.728	23.704	23.695	23.697	23.73	23.713	23.643	23.599	23.631	23.646	23.678	23.696	23.694	23.718	23.692	23.656	23.617	23.575	23.55	23.54
24.384	24.394	24.389	24.37	24.376	24.343	24.367	24.301	24.284	24.251	24.253	24.196	24.161	24.154	24.138	24.153	24.118	24.116	24.114	24.14	24.147	24.141	24.172	24.163	24.148	24.11	24.09	24.086	24.072	24.048	24.033	24.021	24.018	24.026	24.014	24.04	24.049	24.024	24.009	23.97	23.975	23.969	23.958	23.987	24.004	24.004	24.048	24.061	24.03	24.003	24.001	24.025	24.046	24.02	24.018	24.029	24.01	23.992	23.992	24.013	23.991	23.957	23.948	23.952	23.955	23.94	23.958	23.975	23.971	23.963	23.978	24.005	24.001	23.981	23.945	23.938	23.9	23.881	23.87	23.837	23.839	23.829	23.813	23.813	23.791	23.768	23.784	23.776	23.762	23.748	23.739	23.764	23.772	23.804	23.795	23.779	23.78	23.769	23.788	23.729	23.689	23.674	23.652	23.634	23.642	23.633	23.626	23.658	23.656	23.662	23.66	23.638	23.664	23.709	23.703	23.679	23.717	23.781	23.779	23.731	23.778	23.781	23.762	23.704	23.65	23.67	23.683	23.697	23.725	23.711	23.691	23.674	23.615	23.622	23.622	23.568	23.568
24.419	24.425	24.408	24.368	24.39	24.381	24.334	24.304	24.268	24.258	24.26	24.202	24.178	24.174	24.175	24.161	24.162	24.158	24.151	24.158	24.167	24.17	24.189	24.188	24.16	24.098	24.111	24.109	24.106	24.074	24.085	24.07	24.044	24.024	24.049	24.064	24.067	24.059	24.07	24.044	24.039	24.012	24.014	23.984	23.993	24.024	24.041	24.038	24.021	24.021	24.014	24.04	24.039	24.052	24.033	24.039	24.047	24.049	24.044	24.023	23.998	23.971	23.959	23.965	24.001	23.961	23.933	23.957	23.974	23.957	24.022	24.015	24.009	23.988	23.955	23.95	23.94	23.897	23.885	23.886	23.844	23.814	23.823	23.794	23.793	23.786	23.781	23.774	23.773	23.784	23.771	23.803	23.799	23.819	23.806	23.781	23.773	23.797	23.794	23.817	23.764	23.664	23.633	23.629	23.623	23.586	23.595	23.62	23.627	23.683	23.692	23.683	23.714	23.695	23.702	23.707	23.721	23.775	23.801	23.799	23.791	23.773	23.74	23.695	23.666	23.664	23.679	23.676	23.692	23.701	23.684	23.649	23.629	23.586	23.579	23.567	23.573
24.43	24.46	24.481	24.446	24.431	24.396	24.35	24.294	24.297	24.278	24.293	24.272	24.258	24.234	24.232	24.196	24.183	24.181	24.169	24.174	24.186	24.211	24.188	24.192	24.183	24.134	24.138	24.131	24.123	24.1	24.116	24.085	24.057	24.05	24.052	24.091	24.101	24.12	24.1	24.091	24.058	24.041	24.041	24.033	24.054	24.048	24.073	24.047	24.057	24.057	24.055	24.033	24.055	24.087	24.07	24.071	24.071	24.086	24.078	24.047	23.982	23.973	23.991	24.022	24.025	23.975	23.942	23.923	23.948	23.945	23.978	24.02	24.004	24.015	23.958	23.957	23.911	23.909	23.896	23.894	23.893	23.837	23.823	23.809	23.804	23.778	23.771	23.804	23.821	23.819	23.795	23.802	23.804	23.832	23.785	23.758	23.755	23.797	23.808	23.82	23.81	23.705	23.629	23.591	23.626	23.637	23.636	23.647	23.652	23.658	23.67	23.701	23.754	23.743	23.76	23.796	23.818	23.835	23.789	23.769	23.782	23.773	23.689	23.663	23.666	23.683	23.68	23.666	23.67	23.675	23.653	23.631	23.621	23.581	23.593	23.601	23.614
24.458	24.494	24.52	24.521	24.516	24.468	24.417	24.364	24.327	24.334	24.33	24.322	24.287	24.248	24.242	24.242	24.248	24.232	24.188	24.168	24.189	24.188	24.201	24.193	24.228	24.23	24.184	24.184	24.175	24.149	24.155	24.143	24.126	24.108	24.126	24.139	24.143	24.166	24.123	24.091	24.062	24.063	24.057	24.091	24.106	24.123	24.131	24.091	24.075	24.085	24.078	24.061	24.048	24.071	24.084	24.072	24.068	24.076	24.108	24.104	24.05	24.011	24.023	24.023	24.054	24.015	23.964	23.984	23.984	23.962	23.953	23.959	23.998	24.008	24.005	23.964	23.938	23.96	23.937	23.894	23.862	23.826	23.85	23.828	23.816	23.804	23.802	23.795	23.812	23.848	23.834	23.826	23.833	23.846	23.804	23.763	23.755	23.758	23.734	23.774	23.773	23.7	23.656	23.62	23.62	23.62	23.614	23.602	23.62	23.64	23.696	23.676	23.699	23.756	23.785	23.813	23.814	23.783	23.742	23.715	23.736	23.724	23.707	23.696	23.708	23.658	23.633	23.648	23.652	23.633	23.635	23.606	23.622	23.615	23.581	23.599	23.634
24.501	24.509	24.552	24.538	24.538	24.51	24.457	24.404	24.373	24.381	24.382	24.38	24.327	24.309	24.277	24.289	24.28	24.275	24.239	24.237	24.231	24.212	24.229	24.212	24.203	24.21	24.19	24.163	24.164	24.146	24.147	24.133	24.131	24.152	24.152	24.156	24.184	24.175	24.121	24.086	24.117	24.128	24.121	24.103	24.117	24.15	24.142	24.11	24.076	24.078	24.109	24.107	24.108	24.119	24.119	24.112	24.08	24.063	24.048	24.071	24.063	24.046	24.038	24.045	24.126	24.019	23.975	23.943	23.934	23.954	23.964	24.016	24.038	24.091	24.062	23.96	23.945	23.954	23.942	23.898	23.839	23.849	23.888	23.873	23.873	23.85	23.823	23.811	23.786	23.825	23.887	23.88	23.842	23.861	23.8	23.742	23.716	23.698	23.735	23.763	23.736	23.691	23.693	23.671	23.663	23.646	23.634	23.606	23.619	23.648	23.682	23.651	23.67	23.724	23.8	23.804	23.776	23.741	23.76	23.734	23.752	23.752	23.716	23.693	23.697	23.692	23.699	23.693	23.668	23.622	23.605	23.621	23.621	23.554	23.587	23.592	23.578
24.528	24.528	24.533	24.538	24.524	24.501	24.469	24.431	24.42	24.41	24.417	24.396	24.335	24.305	24.291	24.33	24.321	24.305	24.278	24.235	24.261	24.242	24.231	24.213	24.227	24.226	24.182	24.178	24.15	24.149	24.143	24.134	24.131	24.131	24.118	24.146	24.164	24.148	24.099	24.097	24.139	24.121	24.123	24.095	24.096	24.196	24.12	24.084	24.041	24.062	24.059	24.05	24.055	24.055	24.058	24.024	24.02	24.011	24.01	24.016	24.023	24.016	24.037	24.057	24.038	23.968	23.962	23.968	23.937	23.922	23.934	23.951	23.965	23.993	24.023	23.958	23.963	23.973	23.945	23.922	23.835	23.832	23.889	23.873	23.859	23.834	23.789	23.793	23.806	23.814	23.868	23.854	23.873	23.866	23.825	23.755	23.726	23.707	23.718	23.719	23.709	23.677	23.648	23.673	23.62	23.642	23.623	23.626	23.651	23.674	23.684	23.697	23.745	23.779	23.776	23.76	23.742	23.709	23.734	23.769	23.732	23.697	23.633	23.656	23.686	23.656	23.634	23.632	23.658	23.662	23.643	23.648	23.606	23.597	23.601	23.604	23.595
24.536	24.565	24.544	24.55	24.543	24.507	24.468	24.454	24.445	24.433	24.418	24.39	24.37	24.334	24.342	24.337	24.332	24.304	24.272	24.236	24.248	24.249	24.225	24.228	24.221	24.212	24.182	24.159	24.142	24.131	24.156	24.141	24.153	24.131	24.111	24.141	24.12	24.091	24.067	24.096	24.102	24.109	24.097	24.106	24.137	24.135	24.095	24.072	24.068	24.071	24.057	24.059	24.051	24.051	24.03	24.021	24.019	24.017	24.001	23.995	24.001	24.014	24.023	24.055	24.049	23.968	23.921	23.918	23.945	23.95	23.927	23.935	23.946	23.998	23.991	23.979	23.924	23.942	23.93	23.908	23.855	23.801	23.876	23.861	23.864	23.826	23.793	23.776	23.793	23.837	23.806	23.804	23.797	23.793	23.788	23.752	23.756	23.726	23.728	23.687	23.703	23.67	23.657	23.641	23.609	23.62	23.622	23.619	23.635	23.66	23.645	23.693	23.695	23.703	23.752	23.739	23.739	23.751	23.772	23.759	23.762	23.638	23.609	23.635	23.699	23.663	23.627	23.617	23.631	23.635	23.639	23.648	23.613	23.608	23.592	23.571	23.59
24.561	24.561	24.559	24.56	24.577	24.558	24.516	24.48	24.444	24.437	24.414	24.405	24.363	24.349	24.322	24.338	24.32	24.292	24.268	24.245	24.254	24.233	24.216	24.207	24.193	24.191	24.177	24.193	24.167	24.175	24.185	24.173	24.158	24.13	24.114	24.115	24.109	24.089	24.062	24.07	24.089	24.096	24.082	24.089	24.087	24.082	24.075	24.081	24.075	24.064	24.038	24.062	24.088	24.051	24.031	24.048	24.032	24.023	24.043	24.003	24.001	24.015	24.005	23.998	24.043	23.997	23.933	23.9	23.947	23.949	23.943	23.95	23.964	23.98	23.972	23.949	23.946	23.938	23.941	23.918	23.889	23.842	23.878	23.896	23.847	23.795	23.766	23.751	23.79	23.809	23.803	23.783	23.807	23.798	23.798	23.755	23.733	23.704	23.682	23.683	23.675	23.681	23.658	23.639	23.59	23.585	23.588	23.581	23.613	23.606	23.585	23.64	23.714	23.709	23.688	23.674	23.682	23.707	23.71	23.73	23.65	23.632	23.581	23.582	23.662	23.633	23.595	23.552	23.588	23.626	23.617	23.631	23.604	23.573	23.582	23.553	23.585
24.554	24.565	24.561	24.568	24.576	24.59	24.532	24.489	24.46	24.469	24.452	24.442	24.406	24.368	24.334	24.357	24.339	24.3	24.259	24.248	24.232	24.227	24.201	24.198	24.204	24.174	24.201	24.222	24.207	24.183	24.196	24.171	24.128	24.105	24.123	24.111	24.139	24.128	24.111	24.103	24.084	24.075	24.08	24.069	24.075	24.074	24.062	24.07	24.056	24.056	24.036	24.047	24.055	24.068	24.033	24.044	24.039	24.033	24.045	24.026	24.01	24.015	23.99	23.998	23.998	23.951	23.914	23.903	23.927	23.95	23.943	23.95	23.96	23.971	23.951	23.934	23.929	23.913	23.929	23.9	23.862	23.846	23.898	23.908	23.861	23.805	23.751	23.752	23.768	23.792	23.798	23.796	23.794	23.805	23.789	23.776	23.751	23.719	23.692	23.688	23.661	23.684	23.685	23.658	23.628	23.623	23.553	23.571	23.544	23.584	23.57	23.588	23.664	23.678	23.665	23.697	23.709	23.712	23.701	23.702	23.672	23.63	23.562	23.539	23.595	23.58	23.582	23.591	23.586	23.58	23.579	23.6	23.544	23.553	23.542	23.579	23.614
24.581	24.609	24.564	24.56	24.554	24.577	24.55	24.495	24.495	24.491	24.463	24.465	24.423	24.391	24.378	24.37	24.376	24.308	24.28	24.262	24.241	24.254	24.227	24.234	24.242	24.22	24.216	24.205	24.231	24.175	24.202	24.177	24.146	24.14	24.126	24.138	24.127	24.157	24.133	24.103	24.1	24.083	24.091	24.098	24.089	24.087	24.093	24.063	24.053	24.057	24.054	24.051	24.071	24.067	24.045	24.047	24.015	24.019	23.998	24.017	24.006	23.991	23.967	23.968	23.998	23.951	23.914	23.911	23.922	23.948	23.945	23.965	23.951	23.995	23.983	23.935	23.911	23.928	23.885	23.896	23.901	23.873	23.886	23.898	23.895	23.804	23.763	23.771	23.781	23.815	23.803	23.794	23.782	23.775	23.738	23.722	23.713	23.69	23.677	23.664	23.672	23.687	23.705	23.674	23.659	23.607	23.57	23.543	23.519	23.541	23.549	23.578	23.611	23.614	23.697	23.717	23.741	23.772	23.74	23.727	23.699	23.637	23.564	23.598	23.589	23.585	23.589	23.61	23.592	23.583	23.558	23.531	23.515	23.506	23.527	23.557	23.599
24.604	24.613	24.576	24.598	24.598	24.582	24.566	24.542	24.532	24.525	24.491	24.465	24.463	24.432	24.416	24.402	24.373	24.325	24.315	24.311	24.295	24.294	24.283	24.272	24.267	24.239	24.22	24.222	24.232	24.215	24.211	24.184	24.171	24.155	24.177	24.169	24.181	24.17	24.154	24.12	24.128	24.116	24.108	24.105	24.126	24.108	24.091	24.07	24.045	24.041	24.052	24.057	24.06	24.031	24.024	24.038	24.025	24.013	23.998	23.974	23.975	23.965	23.958	23.957	23.991	23.965	23.907	23.918	23.912	23.939	23.961	23.958	23.953	23.998	23.984	23.976	23.977	23.916	23.89	23.881	23.924	23.925	23.922	23.895	23.883	23.8	23.789	23.764	23.803	23.862	23.837	23.818	23.813	23.761	23.722	23.69	23.683	23.676	23.673	23.677	23.697	23.684	23.692	23.693	23.649	23.585	23.568	23.521	23.529	23.502	23.508	23.533	23.568	23.617	23.689	23.733	23.72	23.814	23.791	23.742	23.703	23.656	23.622	23.634	23.637	23.592	23.589	23.592	23.599	23.568	23.556	23.521	23.505	23.521	23.559	23.565	23.614
24.629	24.646	24.618	24.623	24.595	24.613	24.615	24.596	24.604	24.543	24.519	24.485	24.516	24.507	24.436	24.413	24.373	24.38	24.361	24.351	24.326	24.325	24.325	24.316	24.262	24.243	24.276	24.257	24.254	24.231	24.231	24.182	24.174	24.167	24.187	24.203	24.23	24.226	24.167	24.142	24.123	24.127	24.126	24.108	24.098	24.087	24.065	24.044	24.038	24.022	24.029	24.033	24.023	23.996	23.966	23.965	23.972	23.984	23.965	23.948	23.946	23.96	23.994	23.993	24.004	23.986	23.923	23.942	23.92	23.907	23.916	23.946	23.983	24.03	24.024	24.023	23.997	23.934	23.906	23.902	23.913	23.916	23.86	23.858	23.866	23.8	23.801	23.834	23.825	23.85	23.844	23.813	23.818	23.784	23.739	23.698	23.678	23.646	23.69	23.703	23.735	23.71	23.704	23.67	23.63	23.614	23.56	23.559	23.549	23.553	23.523	23.547	23.544	23.577	23.67	23.767	23.794	23.826	23.883	23.781	23.699	23.643	23.61	23.673	23.668	23.635	23.595	23.555	23.547	23.544	23.56	23.523	23.532	23.549	23.591	23.561	23.638
24.633	24.655	24.636	24.651	24.635	24.635	24.62	24.601	24.618	24.599	24.558	24.498	24.475	24.475	24.471	24.423	24.403	24.376	24.386	24.397	24.387	24.345	24.372	24.346	24.316	24.318	24.335	24.296	24.283	24.258	24.251	24.215	24.193	24.199	24.223	24.256	24.269	24.262	24.191	24.158	24.139	24.142	24.142	24.132	24.12	24.133	24.103	24.063	24.028	24.021	24.019	24.03	24.015	24.004	24.009	23.978	23.966	23.96	23.941	23.938	23.95	23.946	23.977	23.995	24.012	23.965	23.94	23.964	23.991	23.931	23.94	23.97	23.991	24.009	24.033	23.989	23.993	23.932	23.907	23.916	23.931	23.944	23.906	23.88	23.795	23.735	23.774	23.815	23.862	23.86	23.842	23.808	23.811	23.776	23.719	23.679	23.658	23.688	23.701	23.683	23.689	23.679	23.64	23.612	23.607	23.568	23.582	23.571	23.585	23.623	23.595	23.573	23.547	23.582	23.667	23.704	23.712	23.795	23.901	23.835	23.741	23.664	23.672	23.686	23.674	23.626	23.629	23.555	23.551	23.506	23.519	23.51	23.515	23.545	23.557	23.547	23.562
24.676	24.703	24.677	24.666	24.639	24.626	24.618	24.608	24.6	24.567	24.552	24.545	24.494	24.483	24.468	24.443	24.403	24.38	24.405	24.438	24.428	24.41	24.398	24.377	24.355	24.347	24.349	24.311	24.309	24.266	24.275	24.245	24.235	24.247	24.266	24.299	24.243	24.237	24.221	24.22	24.196	24.177	24.168	24.153	24.154	24.133	24.132	24.109	24.089	24.053	24.042	24.008	23.986	23.973	24.025	24.022	24.045	24.004	23.975	23.966	23.961	23.939	23.981	24.02	24.048	24.03	23.961	23.963	23.965	23.953	23.983	23.955	23.981	23.981	23.964	23.913	23.906	23.873	23.906	23.918	23.91	23.93	23.931	23.872	23.799	23.764	23.788	23.827	23.857	23.85	23.852	23.833	23.797	23.785	23.736	23.718	23.703	23.717	23.725	23.723	23.694	23.658	23.631	23.599	23.565	23.567	23.551	23.556	23.576	23.615	23.606	23.648	23.666	23.641	23.622	23.685	23.726	23.773	23.898	23.928	23.838	23.73	23.686	23.723	23.664	23.638	23.606	23.622	23.563	23.567	23.547	23.532	23.544	23.578	23.563	23.523	23.478
24.727	24.725	24.67	24.652	24.638	24.655	24.652	24.623	24.597	24.592	24.539	24.537	24.498	24.451	24.442	24.455	24.42	24.399	24.413	24.448	24.46	24.416	24.377	24.352	24.34	24.339	24.331	24.304	24.303	24.266	24.254	24.229	24.251	24.251	24.277	24.277	24.256	24.27	24.232	24.22	24.208	24.179	24.139	24.156	24.144	24.131	24.1	24.071	24.061	24.032	24.011	23.998	24.013	23.998	23.992	24.023	23.998	23.964	23.978	23.953	23.943	23.942	23.948	23.979	23.992	24.01	23.953	23.94	23.92	23.922	23.919	23.9	23.921	23.892	23.854	23.898	23.869	23.839	23.844	23.867	23.872	23.872	23.88	23.835	23.784	23.763	23.789	23.823	23.854	23.849	23.838	23.81	23.81	23.78	23.792	23.758	23.751	23.765	23.747	23.735	23.647	23.635	23.618	23.59	23.59	23.586	23.586	23.587	23.59	23.606	23.588	23.627	23.67	23.704	23.721	23.718	23.699	23.777	23.827	23.904	23.859	23.792	23.741	23.737	23.68	23.662	23.612	23.61	23.609	23.622	23.575	23.546	23.545	23.554	23.547	23.501	23.453
24.731	24.702	24.684	24.668	24.649	24.633	24.626	24.612	24.574	24.558	24.553	24.544	24.504	24.472	24.452	24.461	24.454	24.446	24.438	24.42	24.431	24.422	24.393	24.383	24.342	24.356	24.343	24.341	24.326	24.3	24.295	24.267	24.245	24.24	24.244	24.284	24.252	24.277	24.267	24.231	24.223	24.188	24.141	24.142	24.107	24.044	24.037	24.026	24.033	24.004	23.995	23.989	23.998	23.986	23.998	24.024	23.992	23.993	23.948	23.935	23.911	23.938	23.961	23.963	24.001	23.978	23.981	23.914	23.913	23.902	23.896	23.892	23.881	23.887	23.853	23.873	23.881	23.872	23.837	23.827	23.848	23.812	23.801	23.797	23.811	23.781	23.768	23.78	23.784	23.811	23.76	23.748	23.765	23.784	23.78	23.776	23.76	23.737	23.768	23.687	23.647	23.632	23.607	23.616	23.645	23.648	23.638	23.61	23.58	23.547	23.575	23.601	23.682	23.758	23.752	23.763	23.756	23.77	23.807	23.856	23.85	23.811	23.766	23.759	23.751	23.693	23.634	23.656	23.699	23.649	23.622	23.563	23.519	23.52	23.511	23.504	23.471
24.719	24.718	24.685	24.668	24.67	24.666	24.645	24.64	24.609	24.582	24.559	24.535	24.512	24.508	24.468	24.506	24.498	24.498	24.479	24.44	24.396	24.411	24.423	24.401	24.379	24.385	24.359	24.362	24.353	24.321	24.289	24.284	24.273	24.257	24.248	24.258	24.252	24.267	24.225	24.222	24.203	24.189	24.192	24.168	24.149	24.076	24.056	24.03	24.001	24.007	24.001	24.007	24.024	23.993	24.013	24.038	23.998	23.998	23.947	23.913	23.914	23.921	23.941	23.943	23.947	23.958	23.938	23.918	23.908	23.903	23.906	23.883	23.884	23.859	23.849	23.858	23.872	23.877	23.818	23.816	23.8	23.791	23.805	23.803	23.793	23.809	23.778	23.73	23.754	23.772	23.758	23.797	23.8	23.782	23.805	23.802	23.784	23.776	23.77	23.693	23.658	23.618	23.594	23.627	23.655	23.611	23.598	23.627	23.602	23.563	23.538	23.578	23.663	23.763	23.822	23.795	23.808	23.828	23.822	23.866	23.909	23.878	23.794	23.817	23.752	23.718	23.675	23.687	23.746	23.663	23.635	23.599	23.567	23.507	23.497	23.483	23.493
24.724	24.712	24.668	24.675	24.673	24.688	24.677	24.655	24.638	24.599	24.589	24.551	24.548	24.521	24.476	24.501	24.508	24.514	24.512	24.452	24.429	24.429	24.453	24.451	24.407	24.39	24.373	24.402	24.408	24.38	24.325	24.304	24.318	24.248	24.22	24.26	24.271	24.258	24.234	24.224	24.211	24.234	24.226	24.215	24.138	24.111	24.098	24.062	24.045	24.02	24.003	24.009	24.014	23.975	24.028	24.056	24.011	23.983	23.948	23.941	23.931	23.954	23.935	23.938	23.93	23.95	23.93	23.907	23.89	23.891	23.891	23.887	23.888	23.847	23.841	23.858	23.872	23.884	23.856	23.81	23.771	23.791	23.793	23.793	23.784	23.778	23.755	23.717	23.72	23.734	23.774	23.826	23.832	23.831	23.855	23.803	23.779	23.733	23.739	23.699	23.664	23.622	23.623	23.645	23.599	23.608	23.593	23.601	23.63	23.609	23.574	23.61	23.699	23.775	23.794	23.779	23.842	23.834	23.815	23.841	23.919	23.893	23.88	23.871	23.858	23.764	23.737	23.752	23.766	23.726	23.661	23.618	23.579	23.546	23.501	23.516	23.493
24.715	24.682	24.68	24.723	24.755	24.703	24.692	24.681	24.65	24.613	24.632	24.622	24.599	24.535	24.514	24.489	24.489	24.495	24.477	24.429	24.403	24.415	24.448	24.449	24.423	24.407	24.396	24.435	24.425	24.383	24.318	24.314	24.301	24.304	24.271	24.285	24.268	24.258	24.24	24.255	24.238	24.252	24.257	24.246	24.212	24.156	24.127	24.1	24.091	24.038	24.001	23.974	23.953	23.96	24.017	24.042	23.998	24.001	23.974	23.934	23.97	23.951	23.933	23.934	23.927	23.921	23.932	23.909	23.898	23.899	23.915	23.914	23.916	23.925	23.854	23.88	23.876	23.909	23.893	23.829	23.807	23.826	23.813	23.805	23.809	23.789	23.759	23.719	23.71	23.748	23.734	23.794	23.847	23.881	23.828	23.807	23.786	23.76	23.762	23.735	23.717	23.675	23.675	23.618	23.592	23.525	23.587	23.579	23.618	23.629	23.655	23.661	23.669	23.729	23.783	23.771	23.823	23.822	23.797	23.835	23.9	23.908	23.887	23.896	23.84	23.753	23.738	23.74	23.797	23.797	23.729	23.651	23.606	23.558	23.531	23.517	23.515
24.737	24.724	24.735	24.747	24.776	24.757	24.73	24.721	24.695	24.684	24.664	24.68	24.66	24.623	24.591	24.54	24.524	24.511	24.472	24.449	24.418	24.417	24.433	24.432	24.446	24.428	24.401	24.455	24.424	24.381	24.36	24.353	24.342	24.312	24.309	24.305	24.334	24.299	24.247	24.271	24.279	24.275	24.268	24.258	24.215	24.19	24.127	24.114	24.073	24.046	24.006	23.982	23.966	23.975	24.013	24.033	24.018	23.991	23.969	23.998	23.998	23.985	23.981	23.979	23.964	23.951	23.979	23.967	23.943	23.926	23.924	23.957	23.955	23.962	23.909	23.896	23.901	23.867	23.879	23.842	23.838	23.848	23.815	23.799	23.793	23.799	23.754	23.713	23.718	23.77	23.775	23.809	23.846	23.876	23.818	23.755	23.724	23.773	23.777	23.755	23.724	23.71	23.659	23.652	23.605	23.55	23.533	23.51	23.57	23.592	23.632	23.641	23.662	23.73	23.74	23.791	23.81	23.814	23.809	23.842	23.863	23.83	23.83	23.845	23.838	23.759	23.742	23.752	23.781	23.779	23.718	23.67	23.611	23.57	23.563	23.531	23.519
24.794	24.784	24.764	24.762	24.793	24.791	24.778	24.758	24.727	24.707	24.751	24.728	24.74	24.719	24.674	24.619	24.585	24.556	24.514	24.475	24.446	24.41	24.438	24.471	24.516	24.453	24.398	24.427	24.428	24.401	24.398	24.408	24.368	24.334	24.335	24.326	24.335	24.291	24.285	24.282	24.282	24.263	24.252	24.287	24.238	24.178	24.161	24.129	24.059	24.064	24.041	24.021	23.995	23.998	24.016	23.993	24.022	23.998	24.005	23.987	24.001	24.03	23.984	24.004	24.008	23.979	24.007	24.006	23.997	23.986	24.018	23.997	24.002	23.975	23.927	23.945	23.913	23.886	23.854	23.86	23.846	23.828	23.806	23.771	23.801	23.765	23.724	23.72	23.731	23.744	23.78	23.798	23.807	23.835	23.803	23.711	23.682	23.684	23.711	23.705	23.721	23.692	23.651	23.654	23.614	23.577	23.55	23.539	23.564	23.559	23.632	23.668	23.674	23.715	23.753	23.822	23.8	23.788	23.797	23.816	23.84	23.752	23.793	23.784	23.768	23.752	23.782	23.802	23.765	23.73	23.734	23.71	23.712	23.651	23.653	23.587	23.518
24.806	24.791	24.786	24.748	24.764	24.775	24.778	24.751	24.737	24.726	24.758	24.761	24.765	24.773	24.77	24.68	24.622	24.572	24.542	24.495	24.479	24.461	24.465	24.526	24.529	24.497	24.49	24.463	24.442	24.433	24.408	24.408	24.387	24.341	24.372	24.364	24.368	24.348	24.338	24.341	24.347	24.31	24.29	24.285	24.247	24.19	24.166	24.126	24.1	24.089	24.087	24.041	24.018	24.016	24.042	24.048	24.063	24.042	24.001	23.971	23.983	24.001	23.998	24.035	24.026	24.052	24.016	24.035	24.032	24.052	24.037	24.052	24.025	23.988	23.98	23.967	23.918	23.9	23.884	23.878	23.847	23.843	23.816	23.786	23.778	23.737	23.72	23.727	23.74	23.753	23.756	23.785	23.787	23.781	23.772	23.709	23.674	23.664	23.661	23.682	23.683	23.703	23.633	23.604	23.602	23.611	23.565	23.576	23.584	23.621	23.622	23.658	23.682	23.692	23.752	23.777	23.775	23.718	23.763	23.773	23.845	23.738	23.729	23.734	23.722	23.701	23.746	23.689	23.768	23.753	23.752	23.731	23.752	23.72	23.697	23.622	23.554
24.868	24.825	24.818	24.801	24.79	24.797	24.774	24.761	24.741	24.721	24.758	24.785	24.814	24.8	24.771	24.712	24.632	24.587	24.6	24.565	24.511	24.522	24.513	24.523	24.532	24.526	24.513	24.484	24.474	24.426	24.432	24.409	24.39	24.362	24.341	24.334	24.348	24.372	24.382	24.363	24.326	24.305	24.303	24.307	24.243	24.218	24.19	24.157	24.123	24.1	24.093	24.052	24.049	24.068	24.082	24.136	24.112	24.096	24.029	23.962	23.982	24.016	24.063	24.086	24.094	24.065	24.018	24.018	24.038	24.084	24.025	24.015	23.985	23.988	23.998	23.978	23.942	23.942	23.908	23.883	23.876	23.859	23.86	23.817	23.777	23.741	23.719	23.744	23.731	23.721	23.76	23.787	23.784	23.782	23.772	23.702	23.688	23.663	23.672	23.737	23.696	23.664	23.637	23.6	23.597	23.585	23.585	23.65	23.667	23.681	23.667	23.678	23.675	23.723	23.714	23.699	23.712	23.706	23.65	23.678	23.752	23.752	23.72	23.727	23.726	23.746	23.789	23.776	23.772	23.767	23.752	23.767	23.707	23.759	23.739	23.728	23.685
24.835	24.83	24.842	24.837	24.797	24.781	24.753	24.735	24.73	24.731	24.741	24.781	24.815	24.841	24.793	24.742	24.681	24.622	24.639	24.642	24.558	24.502	24.498	24.526	24.529	24.536	24.533	24.497	24.453	24.454	24.434	24.422	24.422	24.394	24.348	24.315	24.344	24.411	24.417	24.422	24.398	24.379	24.332	24.306	24.236	24.225	24.213	24.168	24.12	24.127	24.145	24.094	24.082	24.112	24.114	24.126	24.118	24.059	24.018	23.987	23.982	24.032	24.104	24.122	24.132	24.11	24.08	24.072	24.071	24.092	24.07	24.058	24.058	24.013	23.97	23.961	23.942	23.926	23.898	23.881	23.871	23.848	23.802	23.792	23.777	23.743	23.765	23.752	23.762	23.747	23.765	23.774	23.765	23.72	23.688	23.673	23.683	23.682	23.646	23.684	23.741	23.735	23.704	23.663	23.65	23.639	23.628	23.637	23.612	23.619	23.678	23.688	23.72	23.745	23.702	23.661	23.71	23.73	23.666	23.724	23.683	23.662	23.631	23.685	23.711	23.742	23.764	23.803	23.817	23.869	23.845	23.793	23.736	23.71	23.681	23.687	23.645
24.855	24.825	24.846	24.833	24.791	24.769	24.727	24.705	24.719	24.719	24.732	24.777	24.783	24.822	24.771	24.683	24.647	24.648	24.656	24.643	24.63	24.584	24.565	24.6	24.581	24.594	24.579	24.502	24.46	24.474	24.472	24.408	24.373	24.387	24.357	24.318	24.314	24.365	24.412	24.411	24.372	24.383	24.387	24.379	24.287	24.262	24.247	24.164	24.15	24.178	24.209	24.147	24.118	24.118	24.149	24.141	24.112	24.064	24.047	24.019	24.011	24.115	24.105	24.103	24.106	24.102	24.111	24.078	24.127	24.11	24.109	24.088	24.046	24.002	23.987	23.956	23.922	23.912	23.858	23.845	23.871	23.821	23.828	23.812	23.765	23.713	23.714	23.747	23.797	23.775	23.788	23.748	23.702	23.713	23.72	23.681	23.672	23.653	23.647	23.643	23.705	23.684	23.687	23.639	23.635	23.672	23.684	23.678	23.755	23.717	23.658	23.702	23.744	23.768	23.676	23.661	23.669	23.638	23.64	23.597	23.572	23.537	23.606	23.636	23.673	23.721	23.724	23.761	23.789	23.834	23.846	23.805	23.767	23.678	23.66	23.648	23.616
24.848	24.845	24.849	24.815	24.8	24.773	24.729	24.717	24.735	24.74	24.754	24.764	24.737	24.754	24.68	24.614	24.634	24.669	24.668	24.656	24.611	24.593	24.621	24.643	24.612	24.568	24.546	24.523	24.521	24.483	24.489	24.422	24.394	24.406	24.377	24.345	24.338	24.363	24.378	24.367	24.346	24.316	24.304	24.305	24.299	24.269	24.226	24.18	24.198	24.217	24.258	24.162	24.139	24.16	24.153	24.126	24.078	24.086	24.057	24.051	24.067	24.122	24.101	24.067	24.08	24.095	24.094	24.128	24.127	24.127	24.127	24.039	24.03	23.962	23.928	23.922	23.904	23.866	23.853	23.849	23.839	23.842	23.871	23.85	23.803	23.81	23.763	23.791	23.806	23.789	23.793	23.779	23.779	23.722	23.74	23.724	23.739	23.707	23.671	23.658	23.66	23.648	23.691	23.627	23.644	23.67	23.664	23.732	23.729	23.709	23.678	23.712	23.729	23.766	23.687	23.661	23.62	23.62	23.56	23.503	23.509	23.509	23.554	23.65	23.693	23.715	23.74	23.761	23.763	23.782	23.783	23.779	23.764	23.71	23.713	23.682	23.66
24.836	24.824	24.828	24.811	24.791	24.795	24.768	24.723	24.719	24.732	24.713	24.748	24.722	24.699	24.65	24.605	24.647	24.672	24.643	24.591	24.619	24.61	24.559	24.591	24.579	24.612	24.58	24.563	24.547	24.517	24.51	24.501	24.42	24.378	24.35	24.321	24.325	24.326	24.328	24.32	24.308	24.239	24.242	24.255	24.276	24.248	24.235	24.216	24.201	24.247	24.228	24.209	24.198	24.163	24.163	24.11	24.08	24.094	24.06	24.053	24.08	24.112	24.08	24.058	24.031	24.047	24.098	24.127	24.089	24.09	24.062	24.005	23.97	23.918	23.886	23.911	23.853	23.854	23.853	23.824	23.837	23.86	23.894	23.879	23.865	23.834	23.823	23.825	23.813	23.758	23.775	23.773	23.795	23.721	23.693	23.688	23.713	23.712	23.697	23.675	23.64	23.622	23.627	23.627	23.592	23.652	23.657	23.705	23.723	23.66	23.621	23.688	23.737	23.71	23.67	23.627	23.618	23.57	23.513	23.503	23.478	23.482	23.571	23.667	23.685	23.71	23.695	23.716	23.717	23.77	23.746	23.729	23.656	23.602	23.64	23.646	23.663
24.867	24.857	24.862	24.88	24.844	24.811	24.783	24.757	24.746	24.731	24.701	24.74	24.747	24.721	24.662	24.608	24.628	24.662	24.638	24.599	24.537	24.604	24.565	24.543	24.529	24.56	24.591	24.587	24.556	24.542	24.555	24.561	24.511	24.427	24.361	24.313	24.298	24.286	24.315	24.303	24.285	24.24	24.247	24.204	24.236	24.243	24.229	24.195	24.222	24.192	24.204	24.188	24.211	24.207	24.167	24.123	24.126	24.075	24.023	24.018	24.022	24.053	24.056	24.069	24.041	24.019	24.059	24.099	24.07	24.109	24.103	24.016	23.958	23.92	23.894	23.891	23.849	23.822	23.807	23.785	23.819	23.854	23.856	23.861	23.812	23.802	23.836	23.832	23.842	23.786	23.736	23.752	23.724	23.701	23.693	23.655	23.682	23.669	23.658	23.623	23.631	23.61	23.6	23.59	23.572	23.61	23.622	23.695	23.697	23.648	23.593	23.669	23.753	23.678	23.667	23.627	23.594	23.611	23.572	23.533	23.517	23.513	23.612	23.64	23.661	23.669	23.659	23.674	23.675	23.737	23.742	23.66	23.544	23.52	23.539	23.627	23.594
24.891	24.876	24.911	24.922	24.911	24.844	24.824	24.798	24.789	24.763	24.735	24.756	24.737	24.72	24.703	24.643	24.634	24.605	24.586	24.565	24.494	24.57	24.571	24.567	24.518	24.535	24.559	24.64	24.591	24.574	24.563	24.577	24.553	24.46	24.418	24.344	24.298	24.272	24.31	24.332	24.328	24.247	24.221	24.201	24.215	24.216	24.186	24.145	24.119	24.102	24.143	24.18	24.188	24.162	24.088	24.096	24.11	24.033	24.018	23.993	23.97	23.989	24.033	24.05	24.037	24.038	24.046	24.064	24.057	24.036	23.965	23.976	23.945	23.919	23.896	23.857	23.817	23.789	23.769	23.735	23.769	23.755	23.778	23.786	23.8	23.778	23.782	23.8	23.781	23.723	23.672	23.69	23.706	23.687	23.745	23.684	23.697	23.67	23.661	23.667	23.658	23.627	23.596	23.59	23.612	23.607	23.682	23.687	23.672	23.628	23.583	23.686	23.792	23.664	23.67	23.72	23.605	23.612	23.62	23.577	23.558	23.547	23.618	23.63	23.626	23.595	23.605	23.632	23.621	23.634	23.65	23.627	23.535	23.51	23.522	23.562	23.536
24.917	24.914	24.935	24.942	24.948	24.906	24.89	24.842	24.795	24.789	24.774	24.772	24.757	24.754	24.745	24.667	24.638	24.596	24.583	24.551	24.492	24.541	24.547	24.524	24.567	24.555	24.562	24.598	24.602	24.57	24.558	24.565	24.537	24.52	24.491	24.432	24.377	24.297	24.297	24.312	24.347	24.284	24.266	24.242	24.218	24.224	24.188	24.147	24.117	24.114	24.136	24.142	24.144	24.119	24.077	24.055	24.045	24.035	24.032	23.989	23.97	24.005	24.027	24.033	24.045	24.036	24.049	24.05	24.062	24.027	23.945	23.95	24.006	23.922	23.889	23.852	23.819	23.807	23.755	23.725	23.72	23.735	23.742	23.757	23.766	23.766	23.764	23.795	23.771	23.682	23.661	23.619	23.622	23.662	23.675	23.66	23.672	23.618	23.622	23.597	23.594	23.615	23.605	23.561	23.572	23.658	23.736	23.654	23.616	23.563	23.591	23.775	23.737	23.706	23.774	23.657	23.611	23.62	23.611	23.614	23.581	23.617	23.604	23.574	23.587	23.606	23.634	23.587	23.55	23.55	23.553	23.524	23.51	23.483	23.503	23.49	23.493
24.94	24.951	24.968	24.962	24.975	24.965	24.938	24.894	24.811	24.758	24.791	24.776	24.771	24.752	24.741	24.689	24.717	24.679	24.66	24.558	24.507	24.49	24.517	24.484	24.479	24.494	24.522	24.562	24.57	24.561	24.574	24.526	24.535	24.519	24.516	24.446	24.389	24.313	24.287	24.314	24.347	24.296	24.242	24.211	24.191	24.188	24.18	24.157	24.152	24.126	24.122	24.101	24.096	24.06	24.027	24.026	24.011	24.004	24.019	23.998	23.997	23.993	24.034	24.038	24.053	24.042	24.03	24.022	24.018	23.98	23.93	23.945	23.995	23.916	23.865	23.839	23.816	23.778	23.775	23.727	23.722	23.728	23.711	23.662	23.689	23.757	23.729	23.747	23.766	23.703	23.664	23.611	23.576	23.584	23.593	23.622	23.617	23.594	23.594	23.563	23.56	23.613	23.599	23.577	23.616	23.656	23.671	23.565	23.516	23.525	23.611	23.734	23.741	23.791	23.849	23.708	23.653	23.62	23.583	23.599	23.597	23.638	23.634	23.597	23.579	23.628	23.639	23.621	23.552	23.55	23.516	23.42	23.449	23.508	23.51	23.503	23.467
24.997	25.021	25.013	25.018	25.041	24.993	24.96	24.92	24.869	24.847	24.804	24.753	24.757	24.73	24.755	24.72	24.752	24.754	24.744	24.656	24.583	24.55	24.566	24.514	24.477	24.489	24.502	24.557	24.558	24.576	24.554	24.536	24.504	24.514	24.527	24.464	24.391	24.365	24.318	24.297	24.35	24.308	24.234	24.193	24.18	24.18	24.159	24.12	24.155	24.11	24.078	24.064	24.062	24.013	23.987	23.989	23.994	23.977	23.998	23.995	23.968	23.993	24.011	24.012	24.028	24.047	23.98	23.932	23.937	23.927	23.885	23.881	23.904	23.904	23.904	23.866	23.802	23.778	23.775	23.74	23.717	23.681	23.663	23.608	23.628	23.688	23.714	23.74	23.764	23.733	23.703	23.666	23.599	23.587	23.627	23.618	23.617	23.61	23.564	23.549	23.562	23.593	23.622	23.614	23.612	23.622	23.599	23.553	23.508	23.468	23.562	23.724	23.702	23.827	23.849	23.715	23.598	23.577	23.562	23.618	23.641	23.688	23.621	23.572	23.628	23.619	23.64	23.599	23.549	23.525	23.503	23.377	23.443	23.496	23.516	23.465	23.403
24.974	24.997	24.978	24.997	24.996	24.973	24.947	24.925	24.889	24.9	24.877	24.849	24.807	24.747	24.732	24.731	24.774	24.774	24.745	24.67	24.651	24.626	24.618	24.585	24.504	24.501	24.526	24.547	24.523	24.514	24.514	24.513	24.483	24.478	24.49	24.442	24.404	24.364	24.307	24.291	24.33	24.262	24.196	24.145	24.142	24.149	24.143	24.127	24.102	24.068	24.057	24.043	24.031	24.017	23.964	23.979	23.971	23.963	23.956	23.94	23.936	23.951	23.965	23.987	24.009	24.002	23.946	23.922	23.897	23.886	23.848	23.807	23.815	23.81	23.831	23.817	23.793	23.763	23.73	23.716	23.668	23.615	23.627	23.616	23.68	23.66	23.72	23.726	23.715	23.743	23.693	23.645	23.617	23.614	23.649	23.622	23.593	23.576	23.508	23.479	23.502	23.584	23.627	23.589	23.608	23.611	23.539	23.526	23.464	23.483	23.59	23.677	23.766	23.837	23.772	23.639	23.536	23.553	23.587	23.617	23.631	23.644	23.588	23.572	23.604	23.632	23.591	23.574	23.536	23.479	23.515	23.371	23.388	23.438	23.432	23.484	23.38
24.968	24.957	25.009	25.018	24.984	24.961	24.96	24.945	24.933	24.925	24.917	24.876	24.831	24.781	24.747	24.698	24.737	24.779	24.782	24.724	24.705	24.682	24.676	24.648	24.577	24.53	24.543	24.572	24.511	24.502	24.501	24.488	24.451	24.432	24.438	24.396	24.377	24.347	24.321	24.288	24.299	24.239	24.193	24.144	24.122	24.122	24.109	24.102	24.107	24.045	24.002	24.015	24.015	23.955	23.951	23.953	23.942	23.934	23.943	23.916	23.92	23.918	23.931	23.948	23.956	23.91	23.905	23.847	23.819	23.808	23.787	23.741	23.704	23.724	23.747	23.748	23.76	23.723	23.721	23.663	23.627	23.646	23.627	23.669	23.681	23.686	23.69	23.712	23.725	23.751	23.686	23.592	23.584	23.599	23.617	23.596	23.557	23.526	23.463	23.44	23.508	23.553	23.563	23.572	23.566	23.56	23.541	23.479	23.445	23.503	23.577	23.691	23.775	23.745	23.733	23.643	23.601	23.549	23.603	23.607	23.639	23.616	23.557	23.568	23.557	23.518	23.509	23.479	23.47	23.473	23.476	23.41	23.327	23.355	23.427	23.382	23.306
24.954	24.934	24.982	25.015	25.016	24.971	24.967	24.974	24.98	24.935	24.948	24.907	24.865	24.797	24.78	24.777	24.753	24.757	24.787	24.746	24.735	24.753	24.755	24.705	24.65	24.557	24.529	24.547	24.531	24.502	24.469	24.443	24.413	24.368	24.377	24.344	24.317	24.311	24.311	24.273	24.275	24.225	24.178	24.14	24.126	24.09	24.085	24.079	24.031	24.002	24.006	24.02	24.005	23.951	23.932	23.946	23.925	23.907	23.93	23.91	23.883	23.879	23.912	23.916	23.889	23.86	23.838	23.8	23.769	23.768	23.763	23.697	23.678	23.658	23.68	23.691	23.677	23.659	23.657	23.66	23.615	23.614	23.597	23.637	23.667	23.671	23.679	23.685	23.696	23.72	23.678	23.622	23.626	23.592	23.606	23.528	23.569	23.55	23.449	23.428	23.451	23.481	23.496	23.522	23.513	23.502	23.473	23.468	23.502	23.528	23.644	23.692	23.737	23.768	23.755	23.69	23.665	23.594	23.643	23.595	23.641	23.574	23.536	23.553	23.534	23.47	23.426	23.41	23.36	23.418	23.474	23.411	23.362	23.363	23.338	23.324	23.231
24.942	24.936	24.979	25.026	25.044	25.031	25.007	25.024	25.006	24.97	24.934	24.908	24.88	24.828	24.804	24.793	24.797	24.747	24.756	24.741	24.73	24.762	24.764	24.74	24.672	24.616	24.561	24.558	24.531	24.514	24.461	24.442	24.397	24.362	24.33	24.314	24.291	24.278	24.26	24.23	24.259	24.192	24.151	24.122	24.091	24.065	24.034	24.017	23.972	23.988	23.997	23.997	23.973	23.943	23.948	23.929	23.938	23.933	23.927	23.892	23.832	23.828	23.881	23.861	23.858	23.836	23.831	23.782	23.753	23.743	23.76	23.705	23.659	23.642	23.654	23.656	23.619	23.635	23.665	23.666	23.64	23.6	23.595	23.606	23.603	23.614	23.611	23.668	23.671	23.658	23.666	23.608	23.649	23.636	23.602	23.557	23.556	23.508	23.422	23.388	23.416	23.449	23.475	23.47	23.485	23.496	23.464	23.451	23.459	23.538	23.619	23.71	23.739	23.745	23.737	23.699	23.665	23.628	23.609	23.607	23.583	23.556	23.518	23.509	23.51	23.449	23.398	23.338	23.303	23.358	23.365	23.37	23.341	23.26	23.2	23.217	23.202
24.969	25.005	24.975	25.009	25.056	25.059	25.026	25.008	24.972	24.967	24.922	24.88	24.853	24.818	24.844	24.815	24.819	24.791	24.768	24.751	24.747	24.789	24.796	24.754	24.717	24.653	24.571	24.577	24.579	24.543	24.483	24.43	24.408	24.361	24.319	24.294	24.28	24.273	24.255	24.242	24.21	24.164	24.126	24.09	24.074	24.036	24.01	23.995	23.961	23.961	23.954	23.939	23.943	23.92	23.931	23.934	23.939	23.947	23.908	23.839	23.821	23.831	23.833	23.824	23.849	23.856	23.815	23.789	23.766	23.727	23.743	23.715	23.687	23.651	23.616	23.633	23.613	23.632	23.681	23.668	23.614	23.586	23.594	23.596	23.579	23.578	23.599	23.658	23.656	23.642	23.637	23.617	23.627	23.637	23.632	23.539	23.509	23.468	23.432	23.403	23.416	23.432	23.439	23.434	23.422	23.462	23.454	23.463	23.455	23.481	23.581	23.635	23.697	23.699	23.693	23.683	23.695	23.605	23.591	23.573	23.518	23.478	23.452	23.483	23.469	23.383	23.332	23.285	23.268	23.246	23.239	23.259	23.252	23.183	23.149	23.168	23.21
24.991	24.965	24.971	25.009	25.048	25.053	25.071	25.033	24.996	24.968	24.943	24.897	24.872	24.825	24.84	24.85	24.845	24.841	24.789	24.768	24.754	24.773	24.799	24.756	24.722	24.674	24.594	24.572	24.57	24.547	24.475	24.425	24.4	24.367	24.316	24.303	24.285	24.252	24.252	24.214	24.222	24.137	24.107	24.083	24.046	24.023	23.991	23.955	23.931	23.938	23.916	23.909	23.91	23.906	23.912	23.956	23.927	23.921	23.901	23.846	23.837	23.846	23.853	23.84	23.86	23.857	23.82	23.78	23.748	23.747	23.72	23.724	23.683	23.647	23.631	23.656	23.609	23.631	23.646	23.613	23.606	23.587	23.594	23.575	23.586	23.581	23.579	23.611	23.643	23.641	23.622	23.619	23.654	23.67	23.666	23.54	23.515	23.458	23.425	23.469	23.462	23.435	23.406	23.406	23.417	23.428	23.495	23.469	23.465	23.472	23.545	23.629	23.613	23.636	23.652	23.666	23.653	23.628	23.574	23.55	23.449	23.421	23.351	23.398	23.393	23.292	23.282	23.236	23.223	23.168	23.184	23.2	23.189	23.164	23.172	23.181	23.178
24.986	24.953	24.979	24.995	25.019	25.052	25.053	25.018	24.99	24.99	24.961	24.925	24.89	24.855	24.829	24.84	24.844	24.86	24.801	24.775	24.743	24.769	24.736	24.734	24.705	24.67	24.613	24.582	24.557	24.505	24.447	24.414	24.385	24.373	24.336	24.338	24.267	24.251	24.258	24.215	24.183	24.105	24.101	24.081	24.061	24.033	23.998	23.952	23.933	23.915	23.913	23.905	23.914	23.91	23.94	23.925	23.911	23.9	23.867	23.853	23.88	23.867	23.89	23.879	23.858	23.841	23.812	23.787	23.739	23.737	23.724	23.717	23.675	23.631	23.627	23.642	23.641	23.631	23.608	23.599	23.588	23.577	23.576	23.558	23.572	23.585	23.572	23.567	23.591	23.621	23.6	23.598	23.646	23.681	23.638	23.573	23.519	23.477	23.462	23.454	23.46	23.421	23.372	23.371	23.383	23.402	23.427	23.414	23.449	23.467	23.493	23.506	23.562	23.594	23.585	23.618	23.599	23.572	23.483	23.477	23.432	23.405	23.402	23.377	23.338	23.262	23.264	23.232	23.213	23.183	23.216	23.207	23.204	23.236	23.163	23.108	23.087
24.919	24.916	24.907	24.983	24.977	25.053	25.032	25.003	25.002	24.989	24.974	24.906	24.891	24.843	24.845	24.826	24.824	24.825	24.823	24.799	24.794	24.778	24.792	24.788	24.76	24.716	24.65	24.553	24.507	24.455	24.418	24.373	24.376	24.363	24.354	24.293	24.214	24.186	24.187	24.2	24.174	24.148	24.118	24.09	24.045	24.022	24.014	23.95	23.94	23.936	23.925	23.93	23.914	23.914	23.916	23.908	23.905	23.916	23.887	23.872	23.864	23.847	23.881	23.817	23.845	23.841	23.807	23.765	23.754	23.737	23.698	23.685	23.65	23.633	23.659	23.656	23.654	23.626	23.59	23.611	23.62	23.605	23.592	23.57	23.549	23.572	23.569	23.554	23.552	23.559	23.562	23.547	23.588	23.643	23.632	23.553	23.494	23.488	23.465	23.428	23.428	23.402	23.377	23.371	23.348	23.364	23.365	23.378	23.387	23.371	23.393	23.423	23.483	23.476	23.53	23.506	23.507	23.464	23.401	23.371	23.362	23.339	23.378	23.402	23.355	23.303	23.322	23.316	23.279	23.259	23.282	23.33	23.297	23.235	23.141	23.085	23.068
24.895	24.928	24.936	24.955	24.984	25.035	25.023	25.003	24.96	24.936	24.916	24.87	24.812	24.791	24.791	24.834	24.806	24.781	24.793	24.793	24.799	24.774	24.807	24.809	24.783	24.724	24.639	24.561	24.534	24.447	24.418	24.379	24.357	24.335	24.334	24.256	24.211	24.198	24.238	24.263	24.192	24.167	24.154	24.084	24.024	24.025	24.041	23.965	23.975	23.994	23.966	23.941	23.919	23.873	23.897	23.91	23.916	23.934	23.881	23.879	23.857	23.828	23.815	23.781	23.782	23.799	23.769	23.725	23.697	23.694	23.706	23.666	23.594	23.591	23.618	23.631	23.629	23.596	23.583	23.596	23.601	23.61	23.574	23.568	23.502	23.522	23.524	23.538	23.546	23.547	23.52	23.528	23.579	23.644	23.613	23.575	23.518	23.516	23.482	23.479	23.414	23.393	23.378	23.349	23.339	23.371	23.34	23.308	23.324	23.33	23.313	23.36	23.387	23.411	23.37	23.428	23.403	23.41	23.396	23.341	23.308	23.273	23.321	23.359	23.362	23.317	23.288	23.265	23.266	23.262	23.285	23.27	23.294	23.273	23.184	23.129	23.072
24.908	24.954	25.002	25.002	24.986	24.976	24.989	25.014	24.996	24.915	24.904	24.859	24.826	24.782	24.766	24.756	24.74	24.733	24.776	24.781	24.766	24.768	24.802	24.798	24.77	24.702	24.64	24.574	24.552	24.484	24.442	24.399	24.359	24.337	24.331	24.257	24.237	24.253	24.23	24.244	24.162	24.111	24.108	24.031	24.007	23.979	23.991	23.953	23.976	23.993	23.956	23.962	23.913	23.869	23.884	23.898	23.901	23.89	23.865	23.844	23.837	23.775	23.763	23.76	23.747	23.703	23.679	23.691	23.684	23.691	23.705	23.661	23.608	23.603	23.637	23.598	23.566	23.566	23.553	23.551	23.549	23.552	23.536	23.513	23.516	23.494	23.472	23.477	23.513	23.528	23.522	23.516	23.553	23.584	23.582	23.553	23.531	23.488	23.496	23.44	23.398	23.408	23.392	23.356	23.334	23.306	23.247	23.233	23.255	23.225	23.197	23.275	23.253	23.24	23.229	23.283	23.293	23.295	23.285	23.268	23.23	23.22	23.245	23.268	23.261	23.252	23.181	23.144	23.158	23.138	23.153	23.183	23.209	23.217	23.199	23.148	23.016
24.903	24.937	24.96	24.995	24.954	25.006	25.013	25.001	24.99	24.916	24.89	24.854	24.827	24.803	24.784	24.751	24.763	24.746	24.743	24.745	24.72	24.756	24.766	24.773	24.748	24.695	24.64	24.613	24.589	24.547	24.496	24.412	24.393	24.383	24.342	24.295	24.271	24.281	24.288	24.213	24.158	24.128	24.083	24.048	23.998	23.958	23.975	23.957	23.959	23.974	23.968	23.947	23.901	23.876	23.873	23.888	23.904	23.898	23.852	23.805	23.784	23.724	23.688	23.675	23.654	23.63	23.64	23.639	23.652	23.679	23.755	23.717	23.679	23.64	23.616	23.632	23.596	23.554	23.575	23.543	23.509	23.502	23.509	23.503	23.514	23.495	23.49	23.503	23.525	23.556	23.539	23.57	23.591	23.626	23.611	23.481	23.504	23.48	23.432	23.415	23.342	23.351	23.352	23.346	23.322	23.271	23.197	23.199	23.178	23.146	23.135	23.244	23.23	23.181	23.18	23.185	23.178	23.135	23.097	23.117	23.097	23.11	23.127	23.122	23.131	23.146	23.094	23.094	23.092	23.083	23.12	23.152	23.137	23.13	23.096	23.101	23.061
24.91	24.922	24.982	24.977	25.01	25.012	25.013	25.012	24.954	24.913	24.893	24.855	24.818	24.784	24.773	24.752	24.704	24.699	24.696	24.679	24.692	24.682	24.74	24.759	24.754	24.692	24.652	24.63	24.607	24.627	24.557	24.501	24.44	24.412	24.349	24.31	24.3	24.313	24.295	24.255	24.183	24.153	24.122	24.059	24.016	23.998	24.02	23.982	23.972	23.963	23.951	23.94	23.939	23.919	23.897	23.901	23.902	23.86	23.844	23.799	23.765	23.674	23.611	23.611	23.582	23.597	23.6	23.626	23.638	23.634	23.673	23.68	23.688	23.639	23.604	23.626	23.643	23.647	23.596	23.592	23.572	23.566	23.562	23.539	23.541	23.529	23.529	23.526	23.523	23.545	23.558	23.587	23.622	23.615	23.565	23.483	23.452	23.424	23.388	23.383	23.329	23.3	23.294	23.288	23.262	23.223	23.151	23.143	23.148	23.102	23.098	23.148	23.171	23.113	23.109	23.146	23.104	23.063	22.994	23.008	23.056	23.036	23.031	23.007	23.039	23.039	23.002	22.97	22.98	22.991	23.033	23.029	23.018	23.033	23.048	23.032	23.036
24.894	24.934	24.959	24.995	24.98	25.012	24.984	24.995	24.928	24.899	24.868	24.85	24.83	24.777	24.752	24.706	24.661	24.648	24.636	24.648	24.674	24.669	24.678	24.763	24.736	24.664	24.633	24.638	24.651	24.651	24.602	24.55	24.527	24.443	24.367	24.33	24.334	24.295	24.308	24.253	24.169	24.109	24.095	24.056	24.023	24.016	24.047	24.019	23.97	23.943	23.922	23.947	23.96	23.924	23.947	23.933	23.899	23.855	23.82	23.797	23.725	23.671	23.627	23.636	23.59	23.584	23.615	23.593	23.617	23.591	23.589	23.59	23.604	23.61	23.594	23.563	23.574	23.638	23.61	23.584	23.606	23.6	23.572	23.591	23.561	23.541	23.521	23.517	23.485	23.509	23.533	23.538	23.568	23.563	23.512	23.44	23.405	23.371	23.347	23.348	23.297	23.262	23.221	23.222	23.24	23.238	23.167	23.168	23.148	23.158	23.102	23.086	23.093	23.063	23.13	23.105	23.081	23.041	22.99	22.981	22.986	22.975	22.971	23.002	23.018	23.023	22.971	22.953	22.913	22.934	22.957	22.947	22.937	22.928	22.944	22.949	22.962
