21.642	21.643	21.645	21.642	21.641	21.638	21.632	21.629	21.627	21.622	21.623	21.62	21.62	21.616	21.611	21.612	21.612	21.612	21.613	21.615	21.613	21.612	21.612	21.608	21.6	21.599	21.598	21.588	21.588	21.582	21.583	21.58	21.574	21.572	21.571	21.566	21.562	21.557	21.558	21.553	21.548	21.543	21.543	21.541	21.535	21.532	21.527	21.524	21.521	21.516	21.512	21.508	21.505	21.501	21.5	21.49	21.488	21.484	21.479	21.478	21.476	21.477	21.478	21.471	21.473	21.465	21.463	21.458	21.452	21.45	21.451	21.449	21.448	21.447	21.448	21.446	21.445	21.44	21.436	21.435	21.431	21.427	21.427	21.42	21.421	21.411	21.405	21.398	21.393	21.388	21.387	21.382	21.382	21.379	21.378	21.376	21.37	21.365	21.356	21.351	21.343	21.335	21.33	21.324	21.32	21.313	21.305	21.302	21.295	21.291	21.287	21.282	21.28	21.274	21.269	21.266	21.257	21.25	21.244	21.237	21.233	21.228	21.221	21.216	21.211	21.202	21.198	21.185	21.182	21.174	21.172	21.169	21.161	21.154	21.15	21.142	21.141
21.644	21.644	21.643	21.64	21.641	21.637	21.632	21.63	21.63	21.626	21.624	21.622	21.62	21.617	21.612	21.608	21.606	21.608	21.608	21.604	21.605	21.607	21.599	21.595	21.596	21.593	21.59	21.58	21.579	21.575	21.576	21.57	21.564	21.564	21.562	21.56	21.553	21.549	21.548	21.543	21.541	21.535	21.535	21.532	21.527	21.521	21.517	21.515	21.51	21.51	21.506	21.501	21.497	21.493	21.491	21.48	21.478	21.473	21.47	21.468	21.467	21.466	21.468	21.46	21.458	21.455	21.448	21.447	21.441	21.438	21.439	21.435	21.433	21.431	21.429	21.428	21.423	21.418	21.415	21.412	21.411	21.406	21.403	21.398	21.395	21.389	21.381	21.377	21.37	21.366	21.364	21.356	21.358	21.354	21.351	21.345	21.339	21.333	21.33	21.326	21.318	21.315	21.309	21.302	21.297	21.293	21.285	21.279	21.271	21.267	21.263	21.258	21.252	21.245	21.242	21.236	21.231	21.223	21.213	21.212	21.204	21.2	21.193	21.187	21.181	21.171	21.164	21.158	21.147	21.142	21.139	21.136	21.13	21.123	21.119	21.112	21.103
21.644	21.643	21.639	21.642	21.643	21.64	21.635	21.631	21.632	21.631	21.625	21.618	21.614	21.614	21.609	21.606	21.605	21.607	21.603	21.604	21.601	21.597	21.586	21.589	21.588	21.583	21.58	21.575	21.572	21.57	21.565	21.557	21.556	21.557	21.553	21.549	21.545	21.544	21.54	21.537	21.532	21.53	21.529	21.525	21.517	21.51	21.508	21.502	21.497	21.501	21.498	21.493	21.492	21.489	21.483	21.475	21.467	21.464	21.46	21.459	21.459	21.456	21.453	21.451	21.445	21.441	21.436	21.432	21.43	21.425	21.422	21.419	21.419	21.414	21.411	21.41	21.402	21.399	21.395	21.389	21.39	21.384	21.38	21.375	21.368	21.361	21.356	21.349	21.346	21.344	21.337	21.333	21.33	21.328	21.321	21.317	21.311	21.303	21.303	21.299	21.293	21.291	21.284	21.274	21.269	21.264	21.26	21.254	21.248	21.242	21.234	21.229	21.22	21.217	21.213	21.206	21.2	21.195	21.183	21.183	21.177	21.17	21.165	21.157	21.15	21.142	21.13	21.128	21.113	21.112	21.104	21.102	21.095	21.088	21.084	21.079	21.07
21.642	21.641	21.641	21.637	21.636	21.631	21.629	21.631	21.628	21.623	21.623	21.619	21.617	21.611	21.605	21.603	21.601	21.602	21.597	21.603	21.591	21.588	21.587	21.585	21.583	21.58	21.578	21.569	21.562	21.558	21.559	21.556	21.554	21.552	21.547	21.543	21.543	21.54	21.531	21.534	21.528	21.523	21.518	21.512	21.507	21.506	21.494	21.496	21.49	21.489	21.487	21.483	21.482	21.477	21.467	21.463	21.458	21.452	21.453	21.448	21.448	21.449	21.44	21.441	21.428	21.425	21.422	21.416	21.411	21.41	21.407	21.406	21.399	21.397	21.393	21.387	21.384	21.381	21.377	21.372	21.366	21.36	21.351	21.348	21.34	21.337	21.33	21.324	21.319	21.314	21.31	21.31	21.3	21.299	21.294	21.29	21.285	21.278	21.274	21.27	21.269	21.264	21.256	21.253	21.243	21.236	21.23	21.221	21.217	21.21	21.203	21.199	21.194	21.187	21.182	21.177	21.168	21.164	21.157	21.15	21.145	21.139	21.135	21.128	21.115	21.108	21.097	21.092	21.085	21.075	21.071	21.066	21.06	21.058	21.051	21.045	21.039
21.646	21.639	21.635	21.635	21.642	21.643	21.636	21.63	21.628	21.626	21.626	21.609	21.605	21.602	21.598	21.595	21.593	21.598	21.598	21.591	21.589	21.584	21.575	21.572	21.572	21.571	21.564	21.56	21.567	21.554	21.549	21.545	21.542	21.542	21.543	21.539	21.531	21.532	21.525	21.523	21.517	21.512	21.506	21.503	21.497	21.49	21.485	21.482	21.479	21.475	21.476	21.471	21.463	21.463	21.46	21.446	21.443	21.436	21.441	21.438	21.434	21.433	21.426	21.42	21.417	21.411	21.405	21.399	21.396	21.393	21.388	21.386	21.378	21.381	21.374	21.369	21.367	21.361	21.354	21.353	21.343	21.338	21.331	21.324	21.319	21.312	21.307	21.302	21.295	21.291	21.287	21.277	21.272	21.27	21.266	21.263	21.257	21.251	21.248	21.242	21.233	21.231	21.228	21.22	21.212	21.206	21.2	21.193	21.186	21.181	21.177	21.166	21.163	21.156	21.15	21.148	21.143	21.129	21.126	21.111	21.115	21.104	21.097	21.091	21.078	21.07	21.062	21.053	21.05	21.04	21.035	21.031	21.024	21.019	21.015	21.006	21.002
21.639	21.631	21.639	21.635	21.63	21.624	21.622	21.624	21.624	21.619	21.615	21.612	21.611	21.601	21.598	21.597	21.592	21.59	21.589	21.585	21.58	21.574	21.572	21.572	21.569	21.564	21.565	21.56	21.548	21.541	21.544	21.542	21.539	21.535	21.529	21.526	21.528	21.521	21.519	21.51	21.505	21.503	21.497	21.492	21.486	21.478	21.483	21.468	21.468	21.463	21.458	21.456	21.452	21.445	21.438	21.427	21.433	21.424	21.421	21.42	21.415	21.412	21.408	21.4	21.396	21.391	21.389	21.386	21.381	21.377	21.371	21.365	21.362	21.348	21.35	21.347	21.341	21.337	21.334	21.329	21.322	21.319	21.308	21.301	21.296	21.29	21.285	21.28	21.273	21.269	21.259	21.252	21.252	21.242	21.238	21.234	21.229	21.224	21.216	21.212	21.203	21.195	21.192	21.185	21.18	21.173	21.165	21.162	21.158	21.145	21.144	21.137	21.129	21.124	21.117	21.11	21.104	21.093	21.089	21.078	21.074	21.067	21.059	21.053	21.046	21.037	21.031	21.02	21.011	21.005	21	20.992	20.988	20.983	20.977	20.971	20.957
21.646	21.638	21.632	21.632	21.634	21.633	21.632	21.631	21.625	21.62	21.615	21.603	21.598	21.595	21.59	21.59	21.592	21.592	21.589	21.588	21.576	21.57	21.563	21.561	21.56	21.558	21.554	21.548	21.55	21.545	21.54	21.531	21.526	21.525	21.521	21.52	21.514	21.504	21.505	21.503	21.498	21.493	21.485	21.478	21.478	21.47	21.464	21.461	21.457	21.453	21.445	21.441	21.437	21.429	21.423	21.42	21.407	21.411	21.407	21.404	21.399	21.392	21.388	21.382	21.378	21.373	21.371	21.366	21.359	21.357	21.353	21.341	21.341	21.332	21.332	21.324	21.319	21.316	21.309	21.302	21.3	21.292	21.287	21.282	21.275	21.27	21.265	21.26	21.256	21.249	21.241	21.231	21.221	21.215	21.213	21.205	21.197	21.194	21.185	21.176	21.173	21.166	21.162	21.154	21.147	21.144	21.139	21.133	21.123	21.123	21.105	21.105	21.091	21.086	21.082	21.072	21.068	21.057	21.044	21.042	21.033	21.03	21.021	21.013	21.009	21.002	20.986	20.985	20.972	20.965	20.954	20.947	20.942	20.937	20.931	20.927	20.922
21.637	21.639	21.637	21.633	21.63	21.625	21.623	21.624	21.618	21.614	21.606	21.604	21.596	21.598	21.596	21.593	21.588	21.586	21.581	21.577	21.571	21.569	21.562	21.558	21.557	21.555	21.55	21.547	21.544	21.533	21.529	21.526	21.523	21.52	21.515	21.507	21.506	21.507	21.502	21.494	21.487	21.483	21.476	21.467	21.461	21.46	21.453	21.453	21.437	21.435	21.433	21.426	21.42	21.418	21.409	21.409	21.4	21.4	21.395	21.39	21.384	21.381	21.373	21.367	21.36	21.356	21.348	21.349	21.343	21.338	21.333	21.325	21.322	21.315	21.311	21.306	21.3	21.293	21.287	21.284	21.275	21.268	21.262	21.256	21.25	21.248	21.24	21.235	21.229	21.217	21.213	21.204	21.198	21.191	21.184	21.179	21.171	21.165	21.156	21.153	21.142	21.14	21.131	21.128	21.12	21.112	21.107	21.099	21.087	21.089	21.073	21.068	21.058	21.05	21.043	21.035	21.025	21.021	21.007	21.006	20.994	20.989	20.981	20.973	20.968	20.958	20.952	20.944	20.934	20.924	20.917	20.911	20.904	20.899	20.893	20.887	20.879
21.641	21.638	21.636	21.631	21.631	21.627	21.626	21.625	21.615	21.61	21.602	21.604	21.597	21.588	21.587	21.588	21.583	21.582	21.578	21.571	21.568	21.562	21.558	21.553	21.548	21.541	21.543	21.538	21.533	21.534	21.528	21.516	21.514	21.509	21.504	21.503	21.497	21.493	21.484	21.483	21.477	21.471	21.463	21.456	21.45	21.451	21.438	21.434	21.427	21.416	21.413	21.409	21.403	21.405	21.393	21.394	21.391	21.387	21.386	21.378	21.372	21.365	21.36	21.351	21.342	21.341	21.334	21.327	21.322	21.318	21.311	21.31	21.3	21.298	21.291	21.285	21.277	21.271	21.266	21.262	21.252	21.248	21.232	21.23	21.223	21.216	21.211	21.206	21.198	21.192	21.185	21.174	21.169	21.163	21.154	21.148	21.142	21.134	21.126	21.118	21.109	21.104	21.096	21.088	21.083	21.075	21.067	21.063	21.051	21.041	21.038	21.029	21.022	21.014	21.009	21.001	20.992	20.982	20.969	20.957	20.951	20.941	20.936	20.933	20.926	20.918	20.911	20.9	20.895	20.884	20.874	20.868	20.862	20.854	20.849	20.838	20.832
21.641	21.638	21.634	21.633	21.632	21.623	21.621	21.616	21.606	21.607	21.601	21.597	21.596	21.59	21.585	21.584	21.579	21.575	21.571	21.561	21.56	21.556	21.553	21.547	21.539	21.537	21.533	21.53	21.524	21.522	21.518	21.508	21.508	21.504	21.495	21.49	21.486	21.479	21.477	21.467	21.462	21.458	21.451	21.447	21.441	21.434	21.429	21.422	21.419	21.408	21.402	21.395	21.388	21.382	21.38	21.378	21.375	21.37	21.365	21.358	21.35	21.347	21.341	21.333	21.326	21.321	21.317	21.309	21.306	21.3	21.291	21.285	21.279	21.276	21.268	21.263	21.255	21.246	21.241	21.237	21.227	21.222	21.206	21.203	21.192	21.186	21.182	21.177	21.172	21.163	21.155	21.147	21.14	21.136	21.126	21.114	21.105	21.103	21.093	21.084	21.076	21.065	21.06	21.051	21.042	21.034	21.028	21.021	21.015	21	21	20.986	20.98	20.972	20.964	20.958	20.951	20.94	20.932	20.918	20.912	20.903	20.894	20.889	20.883	20.875	20.867	20.856	20.849	20.839	20.828	20.819	20.811	20.806	20.798	20.788	20.781
21.64	21.636	21.635	21.632	21.63	21.619	21.618	21.61	21.6	21.595	21.595	21.59	21.59	21.587	21.581	21.579	21.572	21.569	21.564	21.554	21.552	21.549	21.546	21.541	21.536	21.531	21.523	21.519	21.515	21.509	21.504	21.501	21.5	21.497	21.486	21.478	21.475	21.468	21.469	21.455	21.452	21.446	21.437	21.431	21.427	21.416	21.418	21.41	21.405	21.397	21.389	21.385	21.378	21.368	21.365	21.357	21.355	21.352	21.346	21.337	21.332	21.326	21.319	21.311	21.311	21.299	21.296	21.288	21.284	21.28	21.271	21.264	21.258	21.25	21.244	21.236	21.232	21.22	21.212	21.207	21.201	21.195	21.185	21.176	21.165	21.161	21.156	21.148	21.141	21.135	21.125	21.118	21.111	21.102	21.096	21.082	21.073	21.068	21.059	21.048	21.042	21.028	21.024	21.019	21.008	21.004	20.997	20.984	20.98	20.963	20.955	20.942	20.936	20.927	20.921	20.915	20.908	20.897	20.89	20.879	20.87	20.863	20.851	20.841	20.833	20.825	20.814	20.81	20.799	20.789	20.781	20.771	20.765	20.759	20.751	20.742	20.727
21.639	21.635	21.633	21.629	21.626	21.621	21.619	21.611	21.599	21.589	21.586	21.587	21.583	21.575	21.575	21.571	21.564	21.562	21.556	21.549	21.544	21.54	21.538	21.534	21.528	21.521	21.515	21.508	21.504	21.5	21.5	21.491	21.485	21.478	21.473	21.468	21.465	21.454	21.448	21.448	21.443	21.437	21.425	21.415	21.414	21.403	21.398	21.394	21.388	21.381	21.375	21.369	21.363	21.356	21.348	21.339	21.337	21.332	21.322	21.319	21.313	21.305	21.3	21.29	21.289	21.278	21.275	21.263	21.26	21.254	21.247	21.241	21.232	21.222	21.217	21.212	21.204	21.198	21.189	21.181	21.176	21.168	21.165	21.152	21.145	21.137	21.13	21.12	21.107	21.1	21.092	21.083	21.076	21.068	21.059	21.052	21.043	21.034	21.024	21.016	21.005	20.995	20.982	20.978	20.97	20.964	20.959	20.948	20.94	20.926	20.914	20.904	20.892	20.886	20.879	20.868	20.862	20.853	20.837	20.831	20.821	20.812	20.804	20.794	20.783	20.777	20.765	20.758	20.747	20.739	20.73	20.721	20.711	20.7	20.691	20.686	20.673
21.634	21.632	21.629	21.625	21.618	21.611	21.606	21.596	21.588	21.592	21.584	21.58	21.578	21.578	21.577	21.57	21.559	21.552	21.542	21.536	21.535	21.531	21.528	21.525	21.522	21.516	21.511	21.498	21.487	21.491	21.479	21.479	21.476	21.469	21.462	21.453	21.449	21.444	21.436	21.435	21.425	21.419	21.415	21.409	21.401	21.396	21.383	21.384	21.375	21.369	21.36	21.355	21.346	21.339	21.33	21.324	21.315	21.307	21.306	21.302	21.296	21.286	21.282	21.27	21.262	21.259	21.249	21.247	21.241	21.234	21.226	21.215	21.207	21.202	21.191	21.182	21.176	21.17	21.164	21.156	21.152	21.144	21.14	21.127	21.12	21.106	21.099	21.092	21.081	21.069	21.062	21.048	21.04	21.036	21.027	21.017	21.01	20.999	20.992	20.983	20.961	20.967	20.944	20.942	20.934	20.924	20.913	20.903	20.893	20.886	20.874	20.866	20.855	20.844	20.835	20.823	20.809	20.804	20.789	20.782	20.773	20.766	20.756	20.749	20.74	20.727	20.715	20.701	20.694	20.686	20.678	20.667	20.657	20.645	20.633	20.628	20.62
21.635	21.634	21.627	21.621	21.615	21.611	21.615	21.612	21.598	21.585	21.58	21.578	21.574	21.569	21.562	21.553	21.547	21.544	21.538	21.528	21.524	21.523	21.515	21.512	21.509	21.504	21.496	21.491	21.481	21.48	21.474	21.472	21.463	21.449	21.445	21.446	21.434	21.43	21.422	21.415	21.415	21.409	21.403	21.398	21.386	21.382	21.372	21.368	21.358	21.348	21.345	21.34	21.333	21.325	21.316	21.309	21.299	21.3	21.288	21.281	21.277	21.271	21.261	21.255	21.244	21.238	21.227	21.223	21.218	21.21	21.203	21.195	21.183	21.174	21.16	21.158	21.148	21.144	21.137	21.132	21.128	21.118	21.113	21.098	21.092	21.079	21.071	21.06	21.05	21.043	21.032	21.027	21.014	21.004	20.994	20.982	20.972	20.964	20.948	20.947	20.929	20.924	20.915	20.905	20.896	20.887	20.877	20.865	20.854	20.848	20.831	20.821	20.813	20.8	20.785	20.778	20.767	20.755	20.747	20.734	20.724	20.718	20.708	20.698	20.688	20.673	20.666	20.649	20.641	20.632	20.626	20.617	20.603	20.594	20.586	20.567	20.563
21.629	21.629	21.622	21.619	21.615	21.604	21.591	21.584	21.581	21.579	21.578	21.573	21.568	21.567	21.565	21.558	21.545	21.531	21.521	21.523	21.515	21.512	21.511	21.508	21.504	21.501	21.491	21.48	21.466	21.458	21.461	21.452	21.448	21.445	21.438	21.432	21.426	21.413	21.415	21.401	21.402	21.394	21.387	21.385	21.375	21.359	21.348	21.34	21.34	21.334	21.324	21.318	21.315	21.309	21.295	21.288	21.281	21.274	21.27	21.265	21.258	21.247	21.238	21.232	21.219	21.213	21.206	21.197	21.191	21.183	21.175	21.167	21.155	21.148	21.136	21.13	21.122	21.118	21.112	21.105	21.099	21.088	21.081	21.068	21.055	21.043	21.034	21.026	21.02	21.015	20.999	20.994	20.984	20.969	20.965	20.952	20.94	20.931	20.916	20.907	20.9	20.883	20.878	20.867	20.856	20.845	20.833	20.82	20.812	20.794	20.793	20.78	20.768	20.755	20.739	20.727	20.715	20.703	20.693	20.686	20.674	20.665	20.654	20.647	20.638	20.624	20.613	20.596	20.592	20.58	20.574	20.566	20.555	20.539	20.525	20.512	20.507
21.638	21.626	21.623	21.614	21.603	21.601	21.599	21.592	21.587	21.578	21.572	21.566	21.566	21.559	21.55	21.542	21.535	21.533	21.523	21.514	21.512	21.508	21.507	21.504	21.494	21.486	21.477	21.463	21.465	21.457	21.455	21.447	21.442	21.433	21.423	21.415	21.417	21.401	21.4	21.391	21.383	21.38	21.376	21.364	21.352	21.345	21.342	21.332	21.324	21.317	21.313	21.31	21.303	21.293	21.281	21.271	21.27	21.259	21.256	21.247	21.236	21.224	21.219	21.206	21.201	21.19	21.183	21.172	21.165	21.159	21.15	21.146	21.135	21.127	21.113	21.107	21.1	21.092	21.082	21.073	21.07	21.06	21.047	21.037	21.03	21.017	21.009	21	20.991	20.98	20.975	20.958	20.948	20.939	20.926	20.917	20.904	20.893	20.889	20.871	20.862	20.849	20.839	20.827	20.817	20.805	20.793	20.784	20.776	20.76	20.751	20.735	20.721	20.708	20.696	20.682	20.67	20.662	20.643	20.635	20.622	20.611	20.602	20.593	20.581	20.572	20.562	20.549	20.54	20.531	20.521	20.509	20.498	20.485	20.471	20.462	20.444
21.631	21.619	21.616	21.612	21.602	21.592	21.586	21.581	21.574	21.568	21.569	21.567	21.562	21.557	21.556	21.546	21.534	21.522	21.517	21.506	21.505	21.504	21.501	21.502	21.494	21.482	21.472	21.459	21.452	21.446	21.437	21.435	21.426	21.418	21.422	21.414	21.402	21.389	21.384	21.382	21.371	21.363	21.357	21.354	21.347	21.336	21.322	21.319	21.314	21.306	21.297	21.29	21.283	21.272	21.268	21.251	21.251	21.242	21.235	21.228	21.216	21.205	21.192	21.183	21.181	21.167	21.164	21.154	21.144	21.135	21.129	21.122	21.112	21.102	21.092	21.081	21.073	21.062	21.052	21.045	21.035	21.03	21.023	21.012	21.002	20.991	20.977	20.967	20.96	20.946	20.941	20.925	20.912	20.905	20.89	20.885	20.874	20.855	20.845	20.836	20.825	20.814	20.801	20.792	20.778	20.764	20.757	20.745	20.732	20.72	20.708	20.693	20.677	20.661	20.647	20.639	20.625	20.616	20.601	20.591	20.575	20.564	20.554	20.544	20.535	20.525	20.515	20.508	20.495	20.481	20.471	20.456	20.443	20.431	20.413	20.409	20.391
21.632	21.625	21.613	21.607	21.602	21.592	21.586	21.579	21.576	21.567	21.561	21.558	21.554	21.549	21.543	21.533	21.519	21.515	21.508	21.504	21.496	21.498	21.491	21.487	21.479	21.467	21.457	21.448	21.435	21.439	21.428	21.423	21.416	21.406	21.403	21.394	21.382	21.384	21.371	21.365	21.355	21.348	21.343	21.337	21.326	21.315	21.307	21.3	21.292	21.288	21.278	21.272	21.265	21.253	21.242	21.232	21.226	21.22	21.211	21.205	21.195	21.18	21.174	21.163	21.153	21.145	21.141	21.131	21.123	21.116	21.106	21.096	21.087	21.075	21.063	21.055	21.048	21.036	21.026	21.016	21.007	20.998	20.988	20.979	20.969	20.959	20.944	20.932	20.919	20.914	20.898	20.895	20.877	20.872	20.86	20.848	20.835	20.821	20.808	20.794	20.786	20.775	20.767	20.755	20.739	20.724	20.711	20.702	20.687	20.677	20.663	20.648	20.636	20.62	20.607	20.593	20.583	20.572	20.558	20.546	20.531	20.519	20.506	20.496	20.484	20.476	20.462	20.449	20.445	20.429	20.42	20.405	20.391	20.377	20.359	20.35	20.334
21.63	21.616	21.609	21.604	21.598	21.588	21.58	21.572	21.563	21.557	21.551	21.549	21.544	21.537	21.53	21.519	21.514	21.51	21.5	21.498	21.489	21.486	21.48	21.471	21.461	21.454	21.442	21.439	21.425	21.425	21.417	21.41	21.408	21.397	21.392	21.384	21.369	21.364	21.355	21.352	21.342	21.333	21.324	21.315	21.303	21.297	21.286	21.281	21.273	21.268	21.259	21.252	21.245	21.228	21.219	21.213	21.204	21.2	21.189	21.18	21.17	21.162	21.153	21.142	21.129	21.126	21.116	21.106	21.096	21.088	21.078	21.068	21.059	21.046	21.038	21.029	21.022	21.009	20.998	20.989	20.98	20.971	20.954	20.946	20.937	20.924	20.918	20.904	20.892	20.884	20.864	20.86	20.841	20.83	20.82	20.808	20.794	20.786	20.773	20.76	20.748	20.736	20.729	20.714	20.705	20.688	20.673	20.661	20.65	20.636	20.625	20.609	20.594	20.584	20.569	20.556	20.544	20.531	20.517	20.504	20.492	20.477	20.466	20.451	20.439	20.423	20.418	20.399	20.396	20.381	20.367	20.355	20.34	20.328	20.311	20.296	20.284
21.625	21.609	21.603	21.596	21.591	21.582	21.575	21.564	21.556	21.55	21.542	21.541	21.531	21.524	21.515	21.509	21.503	21.5	21.49	21.486	21.483	21.474	21.47	21.458	21.45	21.442	21.43	21.424	21.417	21.407	21.403	21.397	21.394	21.387	21.379	21.373	21.357	21.342	21.339	21.333	21.324	21.311	21.303	21.293	21.285	21.28	21.267	21.262	21.254	21.242	21.231	21.226	21.215	21.21	21.199	21.19	21.183	21.178	21.166	21.155	21.149	21.14	21.13	21.119	21.106	21.1	21.087	21.083	21.072	21.063	21.052	21.042	21.034	21.02	21.014	21.003	20.993	20.977	20.969	20.96	20.947	20.938	20.928	20.913	20.905	20.891	20.885	20.876	20.859	20.847	20.83	20.818	20.808	20.794	20.78	20.768	20.759	20.748	20.734	20.721	20.707	20.694	20.685	20.676	20.664	20.656	20.638	20.622	20.611	20.596	20.583	20.57	20.557	20.545	20.533	20.518	20.505	20.489	20.475	20.465	20.448	20.437	20.424	20.414	20.398	20.383	20.377	20.354	20.344	20.327	20.315	20.3	20.287	20.274	20.263	20.245	20.237
21.614	21.604	21.593	21.587	21.582	21.577	21.566	21.556	21.551	21.543	21.53	21.525	21.52	21.508	21.5	21.491	21.485	21.481	21.478	21.471	21.47	21.462	21.455	21.449	21.437	21.432	21.421	21.408	21.405	21.392	21.39	21.383	21.377	21.366	21.358	21.347	21.338	21.33	21.322	21.309	21.3	21.292	21.284	21.276	21.27	21.263	21.254	21.245	21.235	21.215	21.209	21.203	21.193	21.187	21.177	21.167	21.162	21.151	21.14	21.131	21.122	21.114	21.102	21.094	21.08	21.068	21.059	21.053	21.044	21.036	21.028	21.016	21.007	20.995	20.986	20.973	20.961	20.951	20.941	20.933	20.919	20.904	20.9	20.879	20.875	20.859	20.848	20.834	20.82	20.808	20.798	20.781	20.773	20.759	20.743	20.733	20.72	20.708	20.697	20.684	20.671	20.656	20.645	20.634	20.624	20.614	20.603	20.586	20.57	20.56	20.543	20.532	20.517	20.507	20.494	20.48	20.465	20.45	20.435	20.422	20.406	20.394	20.384	20.374	20.366	20.345	20.331	20.313	20.3	20.286	20.269	20.253	20.236	20.222	20.212	20.197	20.188
21.597	21.591	21.583	21.574	21.569	21.56	21.552	21.542	21.531	21.522	21.518	21.511	21.508	21.503	21.485	21.48	21.477	21.466	21.461	21.448	21.449	21.445	21.439	21.434	21.426	21.416	21.413	21.395	21.389	21.382	21.368	21.364	21.356	21.347	21.344	21.333	21.324	21.308	21.297	21.291	21.283	21.272	21.265	21.259	21.248	21.238	21.238	21.219	21.209	21.198	21.187	21.179	21.172	21.165	21.158	21.147	21.135	21.123	21.117	21.104	21.094	21.086	21.075	21.068	21.054	21.049	21.035	21.025	21.014	21.005	20.996	20.982	20.976	20.959	20.95	20.941	20.932	20.92	20.909	20.901	20.894	20.871	20.864	20.85	20.841	20.831	20.816	20.805	20.793	20.777	20.768	20.757	20.738	20.726	20.712	20.697	20.686	20.676	20.669	20.651	20.64	20.629	20.607	20.598	20.585	20.574	20.562	20.55	20.532	20.522	20.505	20.493	20.479	20.467	20.458	20.444	20.428	20.415	20.395	20.385	20.369	20.354	20.343	20.332	20.321	20.309	20.292	20.275	20.257	20.242	20.226	20.207	20.193	20.182	20.172	20.161	20.141
21.591	21.581	21.578	21.572	21.557	21.549	21.542	21.532	21.524	21.514	21.504	21.493	21.477	21.479	21.471	21.462	21.455	21.442	21.439	21.438	21.429	21.429	21.417	21.412	21.406	21.395	21.389	21.382	21.371	21.365	21.359	21.353	21.344	21.329	21.319	21.31	21.301	21.291	21.283	21.277	21.262	21.254	21.246	21.234	21.228	21.211	21.203	21.195	21.189	21.176	21.16	21.153	21.148	21.142	21.134	21.12	21.111	21.101	21.086	21.073	21.064	21.058	21.049	21.037	21.023	21.014	21	20.994	20.984	20.971	20.961	20.954	20.94	20.926	20.919	20.91	20.898	20.892	20.88	20.865	20.85	20.836	20.821	20.82	20.804	20.795	20.785	20.775	20.765	20.754	20.734	20.727	20.708	20.694	20.677	20.663	20.652	20.642	20.631	20.621	20.602	20.587	20.579	20.562	20.549	20.536	20.522	20.51	20.494	20.474	20.464	20.451	20.438	20.425	20.414	20.402	20.385	20.373	20.353	20.343	20.326	20.306	20.298	20.29	20.277	20.265	20.246	20.232	20.209	20.195	20.178	20.162	20.149	20.135	20.122	20.118	20.098
21.572	21.57	21.556	21.55	21.543	21.534	21.52	21.505	21.498	21.492	21.473	21.487	21.479	21.469	21.456	21.445	21.442	21.437	21.423	21.415	21.403	21.403	21.401	21.393	21.389	21.385	21.373	21.37	21.353	21.346	21.337	21.322	21.315	21.311	21.307	21.299	21.287	21.278	21.255	21.246	21.238	21.234	21.222	21.203	21.195	21.186	21.173	21.172	21.157	21.146	21.137	21.128	21.118	21.109	21.106	21.093	21.083	21.07	21.055	21.043	21.033	21.023	21.013	21.008	20.99	20.981	20.972	20.96	20.945	20.935	20.926	20.917	20.903	20.901	20.883	20.878	20.868	20.855	20.844	20.833	20.819	20.813	20.789	20.785	20.772	20.761	20.752	20.738	20.725	20.721	20.706	20.692	20.678	20.666	20.653	20.641	20.63	20.618	20.6	20.587	20.574	20.553	20.545	20.528	20.512	20.499	20.484	20.467	20.454	20.434	20.425	20.406	20.395	20.381	20.368	20.355	20.339	20.319	20.309	20.289	20.285	20.274	20.263	20.25	20.237	20.224	20.202	20.187	20.172	20.153	20.138	20.126	20.116	20.1	20.083	20.071	20.052
21.549	21.559	21.552	21.544	21.534	21.521	21.516	21.508	21.496	21.493	21.479	21.463	21.456	21.446	21.44	21.432	21.421	21.414	21.402	21.402	21.402	21.389	21.384	21.374	21.367	21.362	21.352	21.344	21.333	21.323	21.317	21.31	21.302	21.292	21.285	21.281	21.267	21.258	21.242	21.237	21.217	21.202	21.197	21.191	21.181	21.165	21.151	21.147	21.139	21.131	21.119	21.106	21.097	21.09	21.082	21.069	21.057	21.042	21.032	21.02	21.008	20.997	20.985	20.967	20.961	20.949	20.94	20.927	20.919	20.911	20.898	20.891	20.88	20.872	20.859	20.848	20.843	20.831	20.822	20.813	20.795	20.784	20.776	20.762	20.754	20.736	20.72	20.711	20.699	20.683	20.672	20.663	20.648	20.635	20.626	20.613	20.597	20.584	20.572	20.551	20.542	20.526	20.508	20.498	20.482	20.466	20.45	20.436	20.42	20.403	20.388	20.373	20.358	20.344	20.329	20.314	20.301	20.28	20.274	20.253	20.245	20.233	20.221	20.209	20.196	20.182	20.169	20.147	20.132	20.112	20.097	20.081	20.067	20.055	20.044	20.026	20.016
21.544	21.542	21.533	21.522	21.516	21.506	21.495	21.49	21.481	21.468	21.465	21.453	21.455	21.441	21.429	21.42	21.412	21.401	21.399	21.381	21.379	21.367	21.364	21.359	21.348	21.342	21.335	21.324	21.313	21.301	21.289	21.282	21.278	21.268	21.267	21.261	21.25	21.237	21.223	21.203	21.194	21.189	21.182	21.168	21.151	21.144	21.134	21.127	21.114	21.102	21.094	21.083	21.072	21.058	21.05	21.039	21.028	21.015	21.002	20.99	20.977	20.963	20.947	20.933	20.927	20.912	20.909	20.896	20.888	20.876	20.865	20.858	20.847	20.831	20.832	20.81	20.805	20.8	20.789	20.779	20.767	20.756	20.746	20.726	20.713	20.703	20.686	20.674	20.663	20.649	20.639	20.622	20.612	20.6	20.586	20.577	20.564	20.55	20.535	20.52	20.505	20.492	20.478	20.467	20.449	20.433	20.421	20.404	20.385	20.369	20.35	20.337	20.318	20.309	20.294	20.279	20.264	20.248	20.228	20.214	20.203	20.192	20.182	20.172	20.156	20.139	20.126	20.103	20.091	20.075	20.058	20.043	20.028	20.014	20	19.985	19.971
21.53	21.522	21.523	21.511	21.5	21.49	21.476	21.463	21.471	21.458	21.454	21.439	21.431	21.424	21.41	21.404	21.393	21.382	21.375	21.366	21.361	21.351	21.336	21.333	21.326	21.317	21.311	21.297	21.289	21.279	21.272	21.26	21.253	21.247	21.24	21.229	21.218	21.205	21.202	21.184	21.173	21.166	21.156	21.141	21.134	21.122	21.108	21.104	21.09	21.079	21.07	21.057	21.041	21.033	21.025	21.012	20.999	20.983	20.969	20.957	20.944	20.928	20.918	20.905	20.895	20.885	20.879	20.866	20.856	20.852	20.842	20.825	20.817	20.802	20.795	20.782	20.772	20.766	20.757	20.74	20.734	20.719	20.707	20.697	20.68	20.666	20.651	20.639	20.627	20.614	20.601	20.587	20.578	20.565	20.55	20.54	20.529	20.515	20.5	20.488	20.468	20.455	20.442	20.427	20.413	20.402	20.387	20.368	20.349	20.336	20.311	20.301	20.286	20.273	20.264	20.246	20.231	20.214	20.195	20.184	20.168	20.158	20.144	20.132	20.114	20.1	20.082	20.065	20.05	20.035	20.022	20.006	19.991	19.974	19.957	19.945	19.931
21.515	21.504	21.501	21.499	21.484	21.477	21.459	21.445	21.444	21.436	21.43	21.421	21.408	21.4	21.388	21.38	21.376	21.362	21.351	21.348	21.334	21.329	21.316	21.312	21.305	21.296	21.286	21.277	21.268	21.257	21.244	21.233	21.224	21.215	21.208	21.195	21.195	21.178	21.175	21.162	21.151	21.143	21.131	21.118	21.104	21.092	21.082	21.075	21.063	21.053	21.042	21.028	21.019	21.01	20.992	20.979	20.964	20.954	20.937	20.927	20.913	20.902	20.889	20.875	20.862	20.854	20.839	20.83	20.821	20.814	20.808	20.793	20.783	20.774	20.759	20.755	20.744	20.729	20.715	20.703	20.69	20.685	20.67	20.662	20.648	20.632	20.618	20.601	20.59	20.576	20.567	20.557	20.547	20.532	20.52	20.505	20.49	20.48	20.464	20.45	20.433	20.418	20.408	20.392	20.381	20.366	20.35	20.335	20.311	20.297	20.278	20.266	20.251	20.236	20.221	20.211	20.194	20.178	20.162	20.152	20.135	20.122	20.113	20.094	20.077	20.058	20.041	20.03	20.011	20.001	19.984	19.97	19.951	19.939	19.922	19.91	19.898
21.494	21.491	21.476	21.476	21.465	21.455	21.446	21.43	21.419	21.411	21.4	21.396	21.386	21.377	21.361	21.354	21.346	21.338	21.323	21.321	21.308	21.303	21.294	21.29	21.282	21.271	21.263	21.252	21.244	21.235	21.216	21.209	21.198	21.19	21.182	21.166	21.162	21.15	21.146	21.134	21.125	21.115	21.101	21.087	21.075	21.067	21.058	21.044	21.031	21.02	21.01	21.001	20.99	20.979	20.96	20.954	20.934	20.923	20.91	20.897	20.887	20.872	20.859	20.846	20.831	20.824	20.805	20.798	20.784	20.773	20.765	20.758	20.743	20.735	20.723	20.716	20.706	20.691	20.681	20.667	20.654	20.65	20.634	20.625	20.612	20.596	20.579	20.565	20.551	20.544	20.535	20.522	20.512	20.497	20.487	20.465	20.451	20.439	20.429	20.414	20.403	20.387	20.376	20.36	20.345	20.331	20.313	20.298	20.274	20.256	20.238	20.22	20.208	20.192	20.178	20.167	20.153	20.141	20.127	20.113	20.101	20.085	20.072	20.057	20.036	20.019	20	19.988	19.969	19.954	19.942	19.923	19.911	19.898	19.884	19.87	19.859
21.467	21.474	21.456	21.45	21.439	21.429	21.418	21.408	21.398	21.394	21.378	21.368	21.361	21.344	21.341	21.334	21.318	21.311	21.294	21.289	21.282	21.281	21.268	21.266	21.256	21.245	21.233	21.22	21.206	21.205	21.19	21.181	21.172	21.161	21.155	21.139	21.129	21.12	21.114	21.102	21.092	21.076	21.06	21.052	21.045	21.038	21.023	21.013	21.005	20.99	20.979	20.967	20.954	20.946	20.932	20.923	20.903	20.893	20.876	20.865	20.853	20.84	20.825	20.813	20.796	20.787	20.777	20.765	20.755	20.74	20.725	20.718	20.702	20.692	20.685	20.673	20.665	20.655	20.644	20.633	20.622	20.609	20.596	20.581	20.567	20.552	20.541	20.528	20.515	20.506	20.501	20.481	20.473	20.457	20.439	20.428	20.411	20.399	20.388	20.377	20.366	20.35	20.34	20.323	20.308	20.292	20.274	20.259	20.241	20.219	20.198	20.18	20.169	20.153	20.139	20.125	20.111	20.101	20.088	20.073	20.066	20.045	20.031	20.015	19.998	19.979	19.961	19.942	19.929	19.912	19.899	19.885	19.871	19.856	19.839	19.826	19.809
21.449	21.44	21.436	21.418	21.412	21.403	21.393	21.386	21.371	21.357	21.352	21.339	21.338	21.326	21.32	21.311	21.296	21.286	21.277	21.268	21.257	21.245	21.243	21.239	21.231	21.217	21.202	21.199	21.18	21.174	21.158	21.153	21.143	21.134	21.126	21.117	21.111	21.095	21.086	21.072	21.059	21.04	21.029	21.024	21.013	20.999	20.989	20.981	20.968	20.955	20.945	20.935	20.921	20.912	20.898	20.884	20.875	20.861	20.848	20.834	20.821	20.809	20.793	20.778	20.764	20.747	20.739	20.721	20.716	20.71	20.693	20.679	20.672	20.657	20.651	20.635	20.629	20.614	20.603	20.59	20.581	20.564	20.554	20.544	20.526	20.516	20.506	20.493	20.478	20.459	20.458	20.445	20.427	20.411	20.395	20.384	20.373	20.36	20.35	20.333	20.322	20.309	20.297	20.283	20.266	20.252	20.235	20.215	20.204	20.182	20.165	20.147	20.129	20.114	20.101	20.085	20.071	20.058	20.051	20.037	20.024	20.008	19.994	19.976	19.956	19.941	19.925	19.908	19.895	19.881	19.868	19.85	19.835	19.819	19.802	19.794	19.773
21.424	21.409	21.412	21.403	21.391	21.379	21.365	21.356	21.35	21.33	21.333	21.31	21.308	21.294	21.284	21.276	21.268	21.258	21.239	21.23	21.223	21.216	21.213	21.203	21.193	21.185	21.171	21.163	21.152	21.145	21.137	21.124	21.113	21.104	21.09	21.077	21.071	21.058	21.048	21.036	21.022	21.012	20.999	20.985	20.972	20.96	20.956	20.938	20.931	20.921	20.909	20.9	20.888	20.875	20.863	20.851	20.841	20.821	20.811	20.802	20.788	20.775	20.758	20.735	20.731	20.707	20.7	20.688	20.677	20.668	20.656	20.643	20.633	20.612	20.607	20.597	20.582	20.571	20.561	20.547	20.533	20.527	20.512	20.493	20.482	20.473	20.456	20.442	20.431	20.417	20.405	20.398	20.375	20.365	20.351	20.338	20.326	20.313	20.299	20.284	20.275	20.262	20.246	20.233	20.215	20.2	20.189	20.172	20.158	20.14	20.126	20.107	20.087	20.072	20.056	20.04	20.03	20.015	20.007	19.993	19.978	19.963	19.945	19.926	19.912	19.895	19.879	19.868	19.846	19.832	19.819	19.803	19.79	19.779	19.761	19.749	19.739
21.407	21.387	21.374	21.367	21.354	21.348	21.336	21.319	21.313	21.294	21.29	21.282	21.279	21.273	21.267	21.257	21.241	21.228	21.219	21.205	21.199	21.181	21.175	21.169	21.163	21.156	21.143	21.134	21.124	21.113	21.103	21.09	21.077	21.069	21.061	21.049	21.037	21.028	21.013	21	20.984	20.972	20.96	20.952	20.946	20.925	20.911	20.907	20.901	20.888	20.868	20.855	20.843	20.829	20.822	20.804	20.789	20.785	20.771	20.757	20.742	20.728	20.72	20.7	20.691	20.676	20.662	20.656	20.644	20.631	20.622	20.609	20.59	20.581	20.566	20.551	20.54	20.529	20.519	20.507	20.492	20.486	20.467	20.465	20.444	20.426	20.413	20.397	20.383	20.375	20.356	20.348	20.336	20.319	20.305	20.294	20.281	20.267	20.253	20.243	20.223	20.211	20.196	20.18	20.163	20.146	20.133	20.12	20.105	20.098	20.079	20.061	20.043	20.027	20.012	19.998	19.988	19.978	19.965	19.948	19.935	19.921	19.905	19.89	19.877	19.862	19.844	19.822	19.81	19.793	19.78	19.764	19.753	19.739	19.726	19.711	19.696
21.363	21.364	21.356	21.353	21.334	21.323	21.31	21.296	21.286	21.276	21.267	21.258	21.25	21.238	21.228	21.218	21.204	21.197	21.191	21.168	21.167	21.159	21.152	21.144	21.129	21.115	21.104	21.098	21.09	21.082	21.07	21.06	21.049	21.036	21.023	21.014	21.001	20.989	20.97	20.959	20.95	20.939	20.928	20.915	20.9	20.886	20.879	20.873	20.855	20.847	20.837	20.823	20.808	20.792	20.778	20.766	20.749	20.74	20.72	20.709	20.705	20.69	20.677	20.665	20.647	20.646	20.631	20.617	20.607	20.594	20.579	20.565	20.552	20.541	20.523	20.511	20.502	20.485	20.469	20.457	20.449	20.435	20.421	20.414	20.402	20.384	20.371	20.356	20.339	20.327	20.314	20.3	20.285	20.27	20.26	20.243	20.229	20.214	20.198	20.189	20.173	20.163	20.149	20.13	20.114	20.1	20.084	20.074	20.059	20.05	20.035	20.023	20.005	19.985	19.97	19.955	19.94	19.929	19.916	19.906	19.893	19.876	19.86	19.844	19.825	19.81	19.798	19.779	19.766	19.751	19.732	19.72	19.708	19.692	19.681	19.664	19.647
21.34	21.34	21.318	21.313	21.304	21.291	21.278	21.266	21.252	21.244	21.227	21.219	21.212	21.204	21.197	21.187	21.181	21.169	21.157	21.143	21.138	21.129	21.118	21.107	21.097	21.092	21.082	21.066	21.051	21.045	21.034	21.02	21.009	20.999	20.989	20.977	20.963	20.954	20.941	20.926	20.912	20.896	20.888	20.881	20.867	20.859	20.842	20.829	20.821	20.81	20.796	20.781	20.771	20.757	20.737	20.729	20.705	20.691	20.678	20.666	20.656	20.65	20.634	20.63	20.611	20.6	20.588	20.573	20.564	20.551	20.537	20.525	20.512	20.498	20.491	20.472	20.454	20.44	20.426	20.41	20.397	20.388	20.38	20.361	20.355	20.34	20.324	20.308	20.298	20.281	20.267	20.254	20.241	20.218	20.203	20.187	20.172	20.163	20.146	20.135	20.125	20.109	20.1	20.08	20.064	20.046	20.033	20.022	20.012	20.004	19.987	19.971	19.955	19.94	19.925	19.912	19.896	19.883	19.87	19.86	19.846	19.829	19.815	19.801	19.785	19.769	19.754	19.738	19.72	19.708	19.689	19.674	19.659	19.648	19.635	19.618	19.607
21.309	21.309	21.295	21.285	21.279	21.267	21.253	21.238	21.223	21.215	21.198	21.193	21.179	21.17	21.161	21.15	21.141	21.132	21.121	21.111	21.094	21.09	21.09	21.079	21.066	21.055	21.04	21.031	21.023	21.006	20.999	20.989	20.975	20.962	20.949	20.941	20.928	20.918	20.907	20.892	20.885	20.867	20.852	20.839	20.826	20.816	20.805	20.795	20.785	20.767	20.756	20.749	20.732	20.72	20.698	20.687	20.671	20.65	20.641	20.625	20.613	20.604	20.591	20.579	20.571	20.558	20.546	20.535	20.521	20.509	20.496	20.48	20.465	20.454	20.444	20.43	20.414	20.401	20.384	20.364	20.36	20.34	20.332	20.317	20.305	20.295	20.281	20.269	20.257	20.24	20.229	20.206	20.197	20.175	20.159	20.141	20.127	20.112	20.101	20.086	20.078	20.06	20.05	20.036	20.021	20.006	19.989	19.978	19.963	19.954	19.941	19.924	19.911	19.895	19.882	19.864	19.852	19.838	19.825	19.814	19.797	19.789	19.771	19.757	19.739	19.725	19.704	19.693	19.673	19.657	19.642	19.625	19.61	19.598	19.586	19.57	19.554
21.278	21.272	21.266	21.256	21.245	21.236	21.22	21.21	21.196	21.188	21.167	21.16	21.149	21.139	21.132	21.122	21.111	21.099	21.088	21.077	21.067	21.06	21.054	21.044	21.031	21.026	21.012	20.998	20.99	20.972	20.963	20.95	20.938	20.923	20.91	20.896	20.889	20.877	20.872	20.855	20.844	20.828	20.812	20.802	20.789	20.775	20.768	20.753	20.745	20.724	20.708	20.698	20.683	20.672	20.662	20.641	20.631	20.608	20.594	20.585	20.572	20.555	20.542	20.535	20.524	20.515	20.501	20.489	20.476	20.459	20.445	20.43	20.416	20.407	20.391	20.385	20.37	20.356	20.339	20.323	20.314	20.295	20.279	20.271	20.258	20.245	20.234	20.221	20.207	20.191	20.18	20.157	20.144	20.127	20.112	20.102	20.083	20.068	20.051	20.035	20.024	20.008	19.995	19.981	19.971	19.954	19.94	19.925	19.914	19.9	19.886	19.876	19.857	19.842	19.823	19.811	19.795	19.784	19.773	19.762	19.748	19.734	19.723	19.705	19.692	19.673	19.657	19.642	19.624	19.609	19.592	19.577	19.56	19.543	19.526	19.515	19.495
21.249	21.24	21.228	21.218	21.209	21.197	21.185	21.175	21.16	21.151	21.137	21.127	21.116	21.105	21.098	21.084	21.074	21.064	21.053	21.039	21.033	21.023	21.016	21.004	20.991	20.984	20.977	20.956	20.945	20.934	20.923	20.909	20.894	20.883	20.869	20.857	20.847	20.833	20.825	20.808	20.797	20.78	20.768	20.758	20.744	20.73	20.721	20.701	20.69	20.674	20.659	20.649	20.634	20.621	20.614	20.594	20.583	20.565	20.551	20.54	20.526	20.506	20.498	20.489	20.47	20.468	20.455	20.443	20.426	20.41	20.393	20.381	20.364	20.353	20.337	20.33	20.313	20.3	20.291	20.277	20.262	20.248	20.23	20.218	20.205	20.193	20.177	20.169	20.151	20.139	20.126	20.109	20.092	20.076	20.061	20.048	20.034	20.019	20.003	19.986	19.97	19.955	19.939	19.931	19.919	19.909	19.892	19.875	19.859	19.846	19.832	19.816	19.8	19.782	19.771	19.755	19.742	19.732	19.722	19.706	19.693	19.679	19.664	19.654	19.638	19.627	19.609	19.589	19.576	19.557	19.543	19.525	19.51	19.49	19.475	19.463	19.445
21.209	21.205	21.189	21.18	21.17	21.158	21.147	21.14	21.125	21.113	21.109	21.092	21.084	21.07	21.061	21.046	21.035	21.025	21.019	21.004	20.991	20.981	20.974	20.964	20.948	20.94	20.933	20.919	20.909	20.896	20.884	20.872	20.853	20.842	20.827	20.811	20.803	20.791	20.775	20.763	20.751	20.737	20.722	20.71	20.695	20.677	20.666	20.654	20.638	20.621	20.608	20.595	20.586	20.569	20.56	20.55	20.534	20.523	20.509	20.496	20.478	20.463	20.454	20.442	20.424	20.417	20.407	20.395	20.384	20.364	20.344	20.329	20.31	20.3	20.285	20.273	20.253	20.245	20.231	20.222	20.204	20.194	20.176	20.159	20.144	20.129	20.12	20.108	20.097	20.08	20.065	20.059	20.035	20.024	20.007	19.991	19.976	19.963	19.943	19.931	19.915	19.9	19.88	19.874	19.861	19.848	19.839	19.82	19.803	19.788	19.773	19.757	19.745	19.733	19.716	19.704	19.687	19.676	19.667	19.648	19.637	19.617	19.607	19.595	19.586	19.573	19.56	19.538	19.525	19.505	19.491	19.476	19.457	19.446	19.427	19.412	19.4
21.159	21.158	21.152	21.132	21.121	21.106	21.097	21.091	21.082	21.071	21.063	21.048	21.039	21.033	21.027	21.017	21.004	20.993	20.98	20.966	20.955	20.941	20.932	20.915	20.907	20.905	20.893	20.886	20.869	20.857	20.842	20.828	20.811	20.794	20.778	20.763	20.747	20.748	20.727	20.713	20.697	20.682	20.67	20.656	20.645	20.632	20.615	20.605	20.579	20.572	20.56	20.544	20.526	20.517	20.511	20.505	20.489	20.471	20.46	20.445	20.432	20.418	20.402	20.39	20.383	20.367	20.353	20.341	20.329	20.313	20.295	20.279	20.26	20.247	20.23	20.215	20.207	20.188	20.174	20.165	20.153	20.135	20.117	20.101	20.077	20.064	20.054	20.045	20.032	20.024	20.009	19.995	19.975	19.965	19.948	19.93	19.915	19.902	19.889	19.878	19.853	19.841	19.819	19.809	19.797	19.785	19.773	19.762	19.746	19.728	19.713	19.698	19.685	19.668	19.655	19.643	19.632	19.612	19.602	19.584	19.569	19.556	19.543	19.532	19.523	19.514	19.496	19.485	19.473	19.447	19.436	19.418	19.402	19.389	19.374	19.356	19.347
21.129	21.117	21.098	21.092	21.079	21.067	21.052	21.039	21.031	21.022	21.012	21.009	20.999	20.986	20.978	20.961	20.95	20.948	20.933	20.923	20.91	20.899	20.89	20.878	20.869	20.862	20.844	20.838	20.817	20.814	20.8	20.781	20.768	20.754	20.734	20.719	20.693	20.685	20.661	20.653	20.638	20.629	20.618	20.602	20.583	20.577	20.556	20.549	20.532	20.517	20.503	20.487	20.476	20.474	20.46	20.439	20.435	20.42	20.407	20.396	20.38	20.366	20.353	20.338	20.327	20.303	20.3	20.285	20.27	20.254	20.235	20.217	20.199	20.179	20.172	20.158	20.146	20.135	20.122	20.107	20.091	20.079	20.062	20.04	20.023	20.004	19.99	19.982	19.97	19.962	19.948	19.931	19.917	19.899	19.884	19.868	19.853	19.838	19.816	19.803	19.782	19.775	19.76	19.747	19.731	19.719	19.704	19.686	19.678	19.662	19.647	19.635	19.619	19.607	19.592	19.579	19.566	19.551	19.539	19.526	19.508	19.494	19.477	19.461	19.447	19.438	19.427	19.415	19.404	19.39	19.37	19.356	19.342	19.326	19.311	19.299	19.279
21.092	21.075	21.055	21.052	21.032	21.014	21.004	20.997	20.984	20.972	20.96	20.953	20.944	20.935	20.929	20.925	20.916	20.908	20.894	20.882	20.877	20.857	20.85	20.835	20.817	20.807	20.8	20.796	20.777	20.763	20.754	20.74	20.733	20.711	20.683	20.67	20.651	20.64	20.624	20.603	20.589	20.574	20.562	20.548	20.53	20.519	20.503	20.488	20.478	20.46	20.447	20.439	20.424	20.403	20.398	20.386	20.378	20.357	20.343	20.334	20.323	20.31	20.296	20.274	20.264	20.256	20.238	20.219	20.205	20.193	20.176	20.157	20.146	20.125	20.114	20.104	20.088	20.074	20.06	20.045	20.029	20.016	20	19.978	19.969	19.952	19.931	19.917	19.903	19.893	19.887	19.874	19.856	19.836	19.824	19.808	19.786	19.771	19.758	19.748	19.735	19.717	19.7	19.689	19.669	19.652	19.639	19.626	19.607	19.596	19.585	19.572	19.552	19.536	19.522	19.506	19.495	19.49	19.475	19.464	19.446	19.426	19.407	19.394	19.379	19.363	19.358	19.351	19.329	19.325	19.308	19.295	19.284	19.264	19.249	19.244	19.219
21.05	21.04	21.025	21.015	21.005	20.989	20.969	20.954	20.94	20.93	20.923	20.91	20.905	20.891	20.875	20.866	20.856	20.844	20.841	20.825	20.823	20.809	20.793	20.781	20.771	20.762	20.745	20.726	20.728	20.714	20.706	20.688	20.674	20.663	20.647	20.626	20.602	20.579	20.567	20.546	20.532	20.515	20.504	20.492	20.475	20.454	20.449	20.429	20.417	20.409	20.391	20.376	20.362	20.348	20.342	20.321	20.305	20.298	20.285	20.274	20.262	20.25	20.234	20.217	20.203	20.183	20.168	20.16	20.14	20.127	20.113	20.096	20.076	20.066	20.044	20.03	20.02	20.007	19.99	19.976	19.966	19.943	19.933	19.917	19.9	19.887	19.872	19.855	19.841	19.828	19.817	19.799	19.789	19.769	19.756	19.739	19.723	19.705	19.688	19.672	19.665	19.654	19.638	19.625	19.611	19.593	19.572	19.553	19.534	19.524	19.51	19.497	19.487	19.468	19.453	19.44	19.425	19.41	19.401	19.385	19.373	19.363	19.343	19.325	19.308	19.296	19.279	19.274	19.259	19.242	19.23	19.216	19.206	19.196	19.181	19.167	19.166
21.017	21.004	20.992	20.974	20.963	20.944	20.925	20.918	20.909	20.887	20.875	20.866	20.849	20.842	20.83	20.82	20.811	20.797	20.797	20.782	20.776	20.766	20.753	20.743	20.726	20.708	20.699	20.686	20.68	20.661	20.651	20.64	20.622	20.604	20.586	20.561	20.555	20.528	20.515	20.501	20.483	20.471	20.453	20.436	20.423	20.407	20.392	20.382	20.36	20.35	20.334	20.317	20.307	20.295	20.27	20.26	20.247	20.232	20.219	20.207	20.196	20.188	20.173	20.163	20.141	20.128	20.112	20.095	20.073	20.055	20.046	20.031	20.017	20.002	19.986	19.972	19.955	19.946	19.929	19.911	19.897	19.883	19.867	19.848	19.832	19.818	19.807	19.792	19.778	19.762	19.747	19.73	19.721	19.704	19.687	19.674	19.658	19.64	19.621	19.611	19.595	19.584	19.572	19.554	19.546	19.527	19.507	19.491	19.473	19.456	19.445	19.426	19.416	19.401	19.381	19.365	19.349	19.336	19.326	19.311	19.299	19.286	19.272	19.257	19.242	19.229	19.215	19.2	19.19	19.166	19.152	19.14	19.128	19.125	19.116	19.096	19.094
20.976	20.964	20.951	20.942	20.928	20.913	20.902	20.89	20.872	20.851	20.832	20.827	20.81	20.802	20.788	20.771	20.759	20.749	20.742	20.736	20.73	20.717	20.698	20.687	20.677	20.659	20.651	20.631	20.614	20.607	20.597	20.584	20.567	20.553	20.533	20.517	20.504	20.478	20.462	20.447	20.427	20.415	20.406	20.391	20.374	20.355	20.331	20.323	20.308	20.29	20.273	20.259	20.245	20.235	20.211	20.201	20.18	20.167	20.167	20.151	20.135	20.127	20.111	20.099	20.077	20.066	20.044	20.024	20.006	19.994	19.978	19.966	19.955	19.942	19.922	19.912	19.89	19.88	19.867	19.847	19.83	19.818	19.8	19.786	19.77	19.754	19.738	19.726	19.71	19.693	19.678	19.663	19.644	19.631	19.62	19.604	19.589	19.574	19.561	19.547	19.532	19.515	19.505	19.498	19.483	19.465	19.445	19.43	19.414	19.398	19.387	19.368	19.351	19.335	19.322	19.303	19.286	19.27	19.25	19.234	19.222	19.205	19.192	19.182	19.168	19.154	19.146	19.128	19.113	19.092	19.071	19.059	19.049	19.038	19.033	19.022	19.012
20.931	20.922	20.904	20.897	20.883	20.869	20.855	20.843	20.823	20.821	20.796	20.788	20.771	20.762	20.75	20.727	20.721	20.709	20.696	20.687	20.673	20.665	20.645	20.634	20.622	20.609	20.593	20.579	20.563	20.555	20.542	20.529	20.514	20.502	20.485	20.463	20.448	20.428	20.411	20.393	20.379	20.362	20.349	20.335	20.311	20.301	20.28	20.266	20.257	20.236	20.216	20.198	20.186	20.174	20.154	20.136	20.122	20.111	20.101	20.085	20.064	20.062	20.046	20.032	20.013	19.995	19.983	19.962	19.944	19.929	19.92	19.906	19.889	19.883	19.859	19.843	19.826	19.811	19.794	19.786	19.769	19.751	19.732	19.719	19.702	19.685	19.679	19.663	19.649	19.63	19.614	19.595	19.579	19.565	19.553	19.537	19.521	19.51	19.495	19.481	19.468	19.45	19.437	19.426	19.414	19.395	19.386	19.369	19.349	19.333	19.314	19.302	19.286	19.275	19.261	19.245	19.221	19.203	19.183	19.163	19.146	19.132	19.113	19.101	19.095	19.079	19.071	19.056	19.038	19.027	19.001	18.986	18.971	18.963	18.952	18.945	18.932
20.885	20.877	20.861	20.851	20.839	20.822	20.813	20.799	20.783	20.781	20.756	20.749	20.732	20.716	20.7	20.682	20.671	20.658	20.641	20.638	20.619	20.608	20.596	20.579	20.572	20.556	20.542	20.532	20.509	20.503	20.484	20.47	20.455	20.441	20.424	20.413	20.395	20.382	20.361	20.339	20.329	20.31	20.295	20.274	20.259	20.244	20.234	20.212	20.204	20.184	20.161	20.147	20.128	20.117	20.096	20.075	20.067	20.047	20.032	20.011	20.003	19.996	19.98	19.968	19.95	19.932	19.916	19.903	19.882	19.873	19.86	19.848	19.825	19.817	19.797	19.778	19.765	19.747	19.736	19.72	19.705	19.685	19.673	19.657	19.638	19.625	19.613	19.6	19.582	19.571	19.55	19.531	19.524	19.508	19.491	19.474	19.457	19.442	19.427	19.408	19.393	19.385	19.369	19.358	19.344	19.329	19.315	19.302	19.281	19.271	19.251	19.239	19.221	19.205	19.194	19.176	19.161	19.142	19.122	19.108	19.081	19.069	19.047	19.029	19.018	19.008	18.993	18.986	18.964	18.953	18.943	18.924	18.906	18.894	18.883	18.871	18.861
20.842	20.833	20.818	20.805	20.793	20.783	20.769	20.761	20.742	20.732	20.711	20.698	20.686	20.669	20.657	20.639	20.618	20.606	20.586	20.584	20.571	20.551	20.535	20.524	20.513	20.506	20.493	20.48	20.454	20.443	20.434	20.416	20.402	20.389	20.367	20.36	20.344	20.324	20.314	20.292	20.282	20.261	20.249	20.228	20.217	20.193	20.185	20.163	20.151	20.132	20.11	20.091	20.074	20.055	20.04	20.022	20.006	19.988	19.969	19.956	19.941	19.928	19.92	19.904	19.887	19.874	19.86	19.844	19.83	19.819	19.797	19.792	19.769	19.752	19.733	19.716	19.7	19.688	19.678	19.662	19.647	19.63	19.613	19.591	19.575	19.558	19.542	19.529	19.516	19.504	19.489	19.472	19.459	19.439	19.427	19.411	19.398	19.377	19.359	19.347	19.324	19.316	19.305	19.291	19.273	19.262	19.245	19.233	19.212	19.199	19.181	19.167	19.15	19.139	19.122	19.109	19.103	19.08	19.06	19.051	19.026	19.008	18.995	18.969	18.95	18.935	18.916	18.909	18.895	18.884	18.872	18.855	18.838	18.825	18.814	18.799	18.787
20.8	20.791	20.779	20.763	20.746	20.736	20.715	20.708	20.693	20.68	20.668	20.64	20.633	20.617	20.603	20.591	20.573	20.562	20.541	20.526	20.516	20.503	20.486	20.472	20.456	20.446	20.432	20.417	20.405	20.392	20.378	20.358	20.335	20.32	20.305	20.291	20.281	20.265	20.258	20.241	20.221	20.209	20.201	20.173	20.167	20.149	20.134	20.114	20.087	20.068	20.045	20.03	20.012	20	19.989	19.966	19.947	19.931	19.913	19.896	19.883	19.866	19.86	19.839	19.827	19.811	19.799	19.784	19.767	19.763	19.734	19.725	19.712	19.695	19.674	19.658	19.637	19.622	19.614	19.599	19.581	19.563	19.547	19.529	19.51	19.493	19.473	19.461	19.445	19.424	19.413	19.397	19.383	19.37	19.355	19.332	19.321	19.309	19.292	19.279	19.263	19.254	19.24	19.22	19.206	19.19	19.173	19.166	19.145	19.132	19.115	19.098	19.084	19.071	19.052	19.032	19.024	19.01	18.993	18.975	18.965	18.937	18.928	18.912	18.888	18.868	18.856	18.836	18.828	18.809	18.798	18.788	18.778	18.758	18.745	18.73	18.713
20.748	20.739	20.726	20.716	20.697	20.688	20.673	20.661	20.649	20.634	20.622	20.596	20.59	20.568	20.551	20.539	20.524	20.502	20.489	20.473	20.463	20.448	20.432	20.42	20.401	20.391	20.376	20.359	20.341	20.32	20.298	20.297	20.277	20.26	20.248	20.228	20.214	20.204	20.181	20.172	20.153	20.141	20.136	20.116	20.115	20.093	20.081	20.058	20.031	20.014	19.998	19.975	19.955	19.94	19.924	19.91	19.898	19.877	19.852	19.84	19.825	19.81	19.795	19.778	19.768	19.752	19.741	19.731	19.704	19.696	19.686	19.665	19.645	19.63	19.614	19.595	19.576	19.564	19.545	19.535	19.522	19.501	19.484	19.461	19.438	19.418	19.402	19.38	19.366	19.357	19.343	19.328	19.311	19.294	19.279	19.255	19.244	19.231	19.22	19.208	19.2	19.181	19.17	19.156	19.139	19.127	19.111	19.094	19.078	19.067	19.049	19.032	19.02	19.003	18.984	18.977	18.955	18.943	18.93	18.908	18.895	18.876	18.857	18.843	18.828	18.809	18.797	18.772	18.756	18.744	18.731	18.718	18.708	18.691	18.674	18.661	18.647
20.696	20.684	20.673	20.66	20.641	20.635	20.61	20.594	20.585	20.578	20.567	20.554	20.538	20.517	20.499	20.49	20.484	20.474	20.457	20.43	20.412	20.395	20.375	20.36	20.346	20.329	20.312	20.293	20.279	20.27	20.251	20.226	20.205	20.187	20.177	20.169	20.141	20.137	20.116	20.11	20.103	20.085	20.07	20.055	20.038	20.026	20.018	20.001	19.976	19.957	19.929	19.912	19.899	19.883	19.869	19.859	19.834	19.818	19.804	19.788	19.766	19.744	19.745	19.724	19.715	19.699	19.68	19.666	19.654	19.636	19.624	19.605	19.587	19.57	19.554	19.533	19.522	19.507	19.488	19.471	19.458	19.44	19.425	19.407	19.382	19.358	19.336	19.314	19.302	19.287	19.266	19.253	19.24	19.22	19.2	19.193	19.17	19.159	19.15	19.143	19.13	19.116	19.104	19.089	19.072	19.055	19.042	19.026	19.014	19.002	18.987	18.969	18.951	18.942	18.916	18.909	18.887	18.875	18.867	18.854	18.831	18.82	18.796	18.781	18.767	18.747	18.723	18.717	18.697	18.681	18.67	18.658	18.638	18.631	18.611	18.599	18.586
20.64	20.627	20.612	20.599	20.588	20.576	20.564	20.546	20.531	20.516	20.502	20.494	20.472	20.465	20.447	20.428	20.41	20.402	20.382	20.374	20.351	20.334	20.316	20.297	20.28	20.263	20.25	20.232	20.21	20.19	20.178	20.151	20.15	20.128	20.109	20.098	20.078	20.063	20.053	20.038	20.025	20.012	20.001	19.984	19.969	19.96	19.944	19.928	19.91	19.891	19.871	19.853	19.833	19.813	19.797	19.787	19.775	19.761	19.736	19.72	19.7	19.684	19.672	19.654	19.638	19.634	19.622	19.603	19.586	19.569	19.551	19.539	19.517	19.494	19.475	19.464	19.448	19.432	19.421	19.406	19.391	19.38	19.359	19.34	19.321	19.296	19.271	19.253	19.228	19.213	19.201	19.177	19.158	19.141	19.124	19.111	19.098	19.088	19.076	19.061	19.047	19.043	19.023	19.01	19	18.984	18.968	18.951	18.942	18.923	18.915	18.904	18.88	18.87	18.849	18.83	18.826	18.81	18.793	18.782	18.762	18.747	18.738	18.715	18.694	18.678	18.656	18.639	18.628	18.613	18.602	18.587	18.569	18.558	18.538	18.524	18.509
20.568	20.56	20.547	20.534	20.519	20.507	20.5	20.481	20.469	20.458	20.446	20.436	20.417	20.391	20.38	20.374	20.365	20.347	20.331	20.321	20.297	20.276	20.261	20.242	20.223	20.204	20.181	20.167	20.148	20.134	20.126	20.096	20.079	20.06	20.044	20.029	20.01	19.987	19.981	19.969	19.956	19.947	19.933	19.915	19.902	19.889	19.872	19.859	19.848	19.823	19.805	19.783	19.764	19.75	19.731	19.713	19.7	19.682	19.671	19.654	19.638	19.618	19.591	19.594	19.574	19.557	19.546	19.532	19.512	19.498	19.483	19.461	19.445	19.422	19.408	19.39	19.378	19.366	19.351	19.336	19.316	19.307	19.289	19.273	19.257	19.234	19.213	19.19	19.17	19.15	19.134	19.109	19.085	19.07	19.055	19.044	19.034	19.015	19.001	18.989	18.975	18.964	18.95	18.938	18.922	18.905	18.894	18.878	18.87	18.849	18.836	18.822	18.811	18.793	18.784	18.763	18.752	18.74	18.725	18.714	18.698	18.676	18.666	18.648	18.633	18.612	18.598	18.578	18.565	18.55	18.533	18.516	18.505	18.484	18.473	18.458	18.443
20.502	20.494	20.481	20.464	20.458	20.44	20.428	20.417	20.404	20.393	20.384	20.369	20.361	20.335	20.315	20.307	20.292	20.278	20.267	20.246	20.229	20.216	20.196	20.182	20.157	20.144	20.121	20.106	20.091	20.071	20.051	20.041	20.021	20.009	19.989	19.967	19.946	19.933	19.917	19.901	19.883	19.871	19.858	19.849	19.83	19.818	19.802	19.786	19.772	19.756	19.743	19.714	19.697	19.677	19.661	19.643	19.63	19.609	19.596	19.573	19.555	19.555	19.535	19.523	19.506	19.484	19.468	19.451	19.434	19.422	19.406	19.395	19.374	19.352	19.336	19.316	19.305	19.288	19.277	19.257	19.242	19.222	19.204	19.193	19.174	19.158	19.142	19.117	19.102	19.08	19.056	19.035	19.014	18.996	18.979	18.964	18.951	18.941	18.926	18.915	18.901	18.89	18.872	18.859	18.846	18.828	18.816	18.798	18.781	18.775	18.755	18.74	18.726	18.71	18.703	18.691	18.668	18.654	18.645	18.625	18.614	18.599	18.579	18.573	18.557	18.538	18.521	18.511	18.494	18.48	18.466	18.446	18.431	18.414	18.4	18.385	18.368
20.42	20.412	20.399	20.395	20.388	20.369	20.357	20.343	20.331	20.317	20.316	20.3	20.288	20.271	20.253	20.242	20.227	20.208	20.197	20.178	20.17	20.154	20.128	20.12	20.089	20.074	20.058	20.041	20.024	20.017	19.993	19.982	19.955	19.943	19.927	19.903	19.886	19.867	19.853	19.84	19.817	19.803	19.793	19.778	19.758	19.745	19.727	19.71	19.698	19.681	19.658	19.641	19.62	19.603	19.583	19.566	19.553	19.528	19.515	19.496	19.489	19.479	19.466	19.448	19.434	19.418	19.401	19.377	19.361	19.348	19.33	19.316	19.3	19.28	19.267	19.251	19.227	19.211	19.195	19.179	19.162	19.146	19.127	19.11	19.093	19.076	19.061	19.04	19.022	19.006	18.983	18.958	18.939	18.921	18.908	18.886	18.871	18.856	18.847	18.833	18.817	18.809	18.792	18.778	18.764	18.749	18.728	18.724	18.697	18.687	18.673	18.657	18.645	18.633	18.618	18.607	18.588	18.569	18.557	18.542	18.528	18.513	18.5	18.485	18.471	18.453	18.444	18.433	18.415	18.407	18.392	18.379	18.358	18.346	18.328	18.311	18.299
20.339	20.33	20.316	20.312	20.303	20.294	20.281	20.271	20.256	20.252	20.238	20.226	20.212	20.195	20.182	20.17	20.159	20.133	20.127	20.11	20.097	20.08	20.06	20.052	20.026	20.01	20.001	19.981	19.961	19.954	19.929	19.914	19.886	19.87	19.856	19.839	19.823	19.801	19.784	19.772	19.751	19.738	19.718	19.704	19.686	19.669	19.651	19.635	19.618	19.598	19.581	19.566	19.543	19.522	19.503	19.482	19.467	19.456	19.438	19.43	19.419	19.401	19.392	19.38	19.363	19.343	19.324	19.301	19.288	19.272	19.253	19.235	19.222	19.202	19.188	19.171	19.151	19.134	19.119	19.107	19.083	19.068	19.047	19.027	19.013	18.991	18.98	18.962	18.939	18.92	18.9	18.88	18.862	18.848	18.826	18.809	18.794	18.781	18.768	18.755	18.739	18.729	18.711	18.701	18.678	18.663	18.643	18.642	18.618	18.605	18.587	18.576	18.556	18.553	18.531	18.522	18.506	18.496	18.474	18.466	18.445	18.425	18.411	18.399	18.382	18.376	18.36	18.346	18.335	18.324	18.312	18.302	18.281	18.273	18.254	18.244	18.23
20.262	20.247	20.232	20.228	20.217	20.211	20.206	20.193	20.181	20.166	20.15	20.148	20.137	20.128	20.109	20.09	20.078	20.051	20.048	20.032	20.016	20.01	19.996	19.976	19.955	19.939	19.924	19.915	19.894	19.88	19.865	19.843	19.822	19.803	19.783	19.766	19.744	19.731	19.71	19.697	19.668	19.66	19.643	19.631	19.613	19.59	19.573	19.556	19.539	19.519	19.504	19.491	19.466	19.442	19.426	19.403	19.386	19.382	19.363	19.351	19.335	19.325	19.317	19.306	19.288	19.263	19.241	19.226	19.215	19.194	19.18	19.153	19.137	19.123	19.105	19.084	19.069	19.055	19.038	19.021	19.001	18.984	18.974	18.948	18.935	18.912	18.887	18.872	18.851	18.836	18.817	18.797	18.779	18.767	18.744	18.73	18.718	18.705	18.689	18.678	18.663	18.635	18.631	18.613	18.591	18.579	18.56	18.544	18.528	18.516	18.499	18.49	18.472	18.459	18.447	18.434	18.419	18.406	18.384	18.376	18.353	18.34	18.327	18.314	18.299	18.292	18.281	18.27	18.26	18.244	18.227	18.214	18.199	18.19	18.182	18.172	18.156
20.176	20.163	20.152	20.139	20.133	20.124	20.113	20.099	20.091	20.082	20.06	20.061	20.045	20.036	20.03	20.008	19.999	19.98	19.974	19.961	19.945	19.932	19.917	19.895	19.887	19.864	19.846	19.836	19.819	19.806	19.792	19.772	19.751	19.732	19.706	19.687	19.673	19.654	19.633	19.615	19.597	19.581	19.563	19.547	19.527	19.51	19.491	19.474	19.458	19.442	19.422	19.404	19.39	19.364	19.346	19.336	19.317	19.306	19.289	19.272	19.257	19.247	19.237	19.218	19.208	19.191	19.16	19.142	19.125	19.113	19.098	19.074	19.057	19.04	19.025	19.008	18.987	18.967	18.947	18.934	18.918	18.897	18.892	18.868	18.849	18.828	18.808	18.789	18.767	18.754	18.734	18.719	18.7	18.68	18.666	18.655	18.636	18.616	18.6	18.581	18.576	18.55	18.536	18.524	18.504	18.488	18.473	18.442	18.433	18.42	18.407	18.395	18.387	18.37	18.361	18.344	18.326	18.315	18.302	18.284	18.271	18.254	18.238	18.223	18.215	18.196	18.189	18.185	18.172	18.163	18.146	18.13	18.119	18.106	18.099	18.09	18.076
20.091	20.081	20.065	20.05	20.046	20.03	20.028	20.02	20.01	20.004	19.982	19.973	19.958	19.952	19.94	19.923	19.91	19.895	19.879	19.871	19.859	19.844	19.839	19.829	19.816	19.797	19.777	19.763	19.741	19.725	19.706	19.689	19.667	19.647	19.634	19.615	19.59	19.576	19.56	19.544	19.522	19.492	19.481	19.465	19.444	19.431	19.415	19.399	19.379	19.361	19.339	19.316	19.311	19.288	19.27	19.256	19.245	19.227	19.219	19.203	19.181	19.166	19.152	19.14	19.125	19.104	19.087	19.071	19.055	19.036	19.01	18.997	18.98	18.957	18.938	18.923	18.896	18.894	18.869	18.848	18.831	18.814	18.804	18.783	18.762	18.741	18.722	18.704	18.687	18.668	18.651	18.634	18.619	18.602	18.584	18.566	18.544	18.531	18.516	18.492	18.48	18.458	18.438	18.427	18.419	18.396	18.385	18.371	18.347	18.338	18.328	18.308	18.304	18.285	18.271	18.257	18.247	18.233	18.222	18.202	18.178	18.165	18.15	18.134	18.128	18.107	18.103	18.092	18.082	18.075	18.065	18.045	18.039	18.027	18.015	18.006	17.995
19.987	19.981	19.976	19.961	19.966	19.947	19.942	19.93	19.918	19.916	19.888	19.88	19.882	19.87	19.856	19.845	19.82	19.823	19.809	19.8	19.788	19.769	19.76	19.742	19.726	19.708	19.691	19.672	19.652	19.641	19.622	19.606	19.591	19.568	19.546	19.522	19.502	19.487	19.475	19.452	19.44	19.421	19.407	19.382	19.36	19.345	19.327	19.32	19.294	19.275	19.261	19.247	19.222	19.215	19.194	19.18	19.164	19.152	19.124	19.107	19.1	19.089	19.073	19.062	19.042	19.031	19.014	18.988	18.962	18.942	18.929	18.909	18.893	18.873	18.855	18.839	18.813	18.8	18.775	18.755	18.741	18.727	18.705	18.692	18.678	18.659	18.636	18.619	18.604	18.583	18.563	18.541	18.525	18.517	18.493	18.477	18.46	18.433	18.414	18.408	18.383	18.375	18.356	18.339	18.327	18.319	18.298	18.29	18.264	18.253	18.247	18.225	18.209	18.198	18.177	18.162	18.151	18.139	18.12	18.112	18.09	18.078	18.066	18.049	18.038	18.025	18.011	18.007	18.002	17.992	17.981	17.973	17.958	17.943	17.933	17.926	17.915
19.898	19.892	19.892	19.873	19.859	19.853	19.85	19.846	19.831	19.815	19.807	19.792	19.787	19.774	19.766	19.766	19.747	19.737	19.724	19.711	19.697	19.684	19.668	19.653	19.647	19.629	19.603	19.585	19.569	19.55	19.531	19.511	19.493	19.478	19.466	19.444	19.421	19.399	19.379	19.364	19.355	19.33	19.316	19.3	19.279	19.263	19.238	19.229	19.216	19.197	19.182	19.169	19.154	19.137	19.117	19.099	19.08	19.065	19.05	19.029	19.015	19.004	18.989	18.979	18.965	18.946	18.92	18.905	18.89	18.87	18.851	18.826	18.819	18.803	18.778	18.756	18.739	18.71	18.699	18.678	18.656	18.633	18.615	18.602	18.58	18.566	18.551	18.529	18.516	18.495	18.479	18.462	18.444	18.426	18.416	18.387	18.373	18.348	18.324	18.316	18.295	18.277	18.264	18.248	18.23	18.23	18.207	18.194	18.185	18.162	18.141	18.129	18.118	18.099	18.092	18.078	18.059	18.051	18.033	18.02	17.999	17.98	17.964	17.949	17.935	17.931	17.918	17.918	17.911	17.904	17.903	17.894	17.879	17.865	17.856	17.842	17.837
19.788	19.785	19.775	19.768	19.767	19.754	19.743	19.742	19.735	19.712	19.709	19.693	19.689	19.684	19.674	19.661	19.65	19.648	19.639	19.632	19.618	19.6	19.585	19.564	19.551	19.54	19.521	19.508	19.487	19.462	19.448	19.425	19.407	19.395	19.367	19.352	19.325	19.308	19.287	19.274	19.263	19.248	19.236	19.218	19.197	19.169	19.161	19.138	19.123	19.113	19.094	19.077	19.07	19.049	19.028	19.015	19.008	18.983	18.971	18.948	18.929	18.915	18.905	18.891	18.866	18.855	18.835	18.821	18.809	18.778	18.774	18.766	18.747	18.727	18.705	18.682	18.667	18.644	18.622	18.599	18.579	18.564	18.538	18.522	18.499	18.481	18.464	18.443	18.426	18.409	18.388	18.373	18.355	18.33	18.326	18.297	18.279	18.262	18.245	18.22	18.214	18.191	18.173	18.155	18.141	18.128	18.124	18.103	18.085	18.068	18.047	18.032	18.024	18.001	17.998	17.983	17.964	17.949	17.936	17.92	17.904	17.889	17.875	17.865	17.849	17.834	17.828	17.823	17.822	17.815	17.813	17.8	17.79	17.781	17.77	17.761	17.757
19.686	19.676	19.668	19.658	19.644	19.649	19.638	19.638	19.631	19.627	19.616	19.601	19.588	19.581	19.572	19.564	19.556	19.545	19.54	19.528	19.516	19.501	19.492	19.477	19.463	19.446	19.433	19.412	19.396	19.379	19.363	19.339	19.318	19.299	19.271	19.264	19.245	19.224	19.205	19.187	19.171	19.163	19.144	19.131	19.108	19.086	19.072	19.055	19.035	19.02	19.007	18.987	18.969	18.958	18.939	18.921	18.909	18.897	18.882	18.86	18.845	18.828	18.813	18.8	18.78	18.763	18.743	18.724	18.707	18.705	18.69	18.675	18.662	18.638	18.622	18.599	18.581	18.565	18.544	18.523	18.499	18.481	18.449	18.433	18.412	18.388	18.371	18.35	18.329	18.319	18.294	18.279	18.26	18.245	18.226	18.206	18.179	18.167	18.157	18.135	18.123	18.103	18.084	18.069	18.051	18.036	18.028	18.011	17.989	17.968	17.949	17.932	17.925	17.914	17.902	17.89	17.872	17.85	17.837	17.819	17.805	17.789	17.775	17.765	17.757	17.749	17.738	17.733	17.726	17.725	17.719	17.706	17.699	17.689	17.681	17.676	17.667
19.557	19.555	19.549	19.55	19.532	19.54	19.538	19.529	19.519	19.515	19.502	19.499	19.488	19.48	19.472	19.465	19.452	19.444	19.438	19.427	19.42	19.403	19.389	19.391	19.377	19.358	19.34	19.323	19.31	19.288	19.276	19.252	19.235	19.213	19.187	19.168	19.151	19.139	19.117	19.102	19.088	19.076	19.063	19.047	19.028	19.005	18.977	18.955	18.938	18.921	18.906	18.896	18.87	18.86	18.848	18.827	18.816	18.8	18.785	18.768	18.751	18.735	18.719	18.707	18.69	18.674	18.658	18.637	18.617	18.609	18.587	18.578	18.558	18.541	18.521	18.508	18.491	18.47	18.452	18.43	18.408	18.384	18.364	18.341	18.318	18.295	18.274	18.255	18.231	18.219	18.209	18.189	18.169	18.15	18.126	18.114	18.09	18.076	18.061	18.045	18.02	18.009	17.994	17.981	17.968	17.95	17.93	17.92	17.902	17.881	17.852	17.837	17.821	17.813	17.802	17.788	17.773	17.75	17.736	17.718	17.702	17.697	17.684	17.675	17.669	17.658	17.65	17.642	17.632	17.628	17.616	17.614	17.605	17.596	17.586	17.579	17.577
19.43	19.427	19.422	19.42	19.417	19.422	19.42	19.418	19.406	19.406	19.387	19.382	19.37	19.362	19.358	19.353	19.344	19.338	19.324	19.313	19.305	19.302	19.285	19.285	19.276	19.262	19.249	19.234	19.218	19.194	19.18	19.163	19.144	19.126	19.103	19.076	19.063	19.048	19.027	19.009	18.992	18.974	18.962	18.949	18.929	18.913	18.891	18.863	18.842	18.823	18.803	18.794	18.777	18.758	18.741	18.732	18.718	18.694	18.682	18.665	18.652	18.63	18.62	18.604	18.594	18.578	18.565	18.54	18.52	18.504	18.484	18.473	18.454	18.433	18.422	18.404	18.383	18.37	18.348	18.338	18.315	18.29	18.274	18.241	18.223	18.2	18.175	18.154	18.138	18.113	18.1	18.091	18.069	18.059	18.033	18.013	18.002	17.981	17.969	17.955	17.934	17.912	17.897	17.883	17.867	17.859	17.832	17.817	17.805	17.781	17.766	17.748	17.722	17.712	17.698	17.684	17.669	17.652	17.637	17.617	17.604	17.593	17.583	17.577	17.572	17.561	17.551	17.546	17.537	17.531	17.521	17.514	17.508	17.5	17.49	17.478	17.472
19.302	19.302	19.294	19.294	19.294	19.294	19.295	19.295	19.286	19.28	19.274	19.268	19.253	19.248	19.244	19.236	19.231	19.221	19.214	19.199	19.188	19.189	19.183	19.182	19.172	19.165	19.149	19.133	19.113	19.095	19.078	19.062	19.053	19.028	19.01	18.986	18.975	18.959	18.935	18.917	18.897	18.875	18.861	18.844	18.834	18.824	18.807	18.78	18.754	18.733	18.713	18.694	18.676	18.661	18.64	18.623	18.612	18.59	18.57	18.548	18.53	18.524	18.513	18.498	18.494	18.472	18.457	18.433	18.417	18.398	18.386	18.371	18.344	18.332	18.318	18.302	18.277	18.264	18.245	18.23	18.22	18.188	18.171	18.146	18.13	18.108	18.08	18.055	18.043	18.01	17.997	17.986	17.972	17.96	17.951	17.923	17.9	17.884	17.871	17.857	17.846	17.821	17.804	17.787	17.767	17.753	17.745	17.721	17.706	17.69	17.668	17.654	17.629	17.614	17.602	17.585	17.571	17.553	17.538	17.524	17.51	17.496	17.476	17.471	17.464	17.452	17.451	17.442	17.435	17.427	17.417	17.414	17.405	17.397	17.387	17.382	17.376
19.16	19.159	19.159	19.159	19.158	19.16	19.159	19.158	19.149	19.149	19.151	19.144	19.13	19.128	19.124	19.112	19.114	19.101	19.101	19.095	19.086	19.079	19.073	19.064	19.061	19.054	19.046	19.029	19.015	18.995	18.969	18.958	18.948	18.936	18.914	18.89	18.87	18.854	18.842	18.831	18.808	18.786	18.764	18.756	18.745	18.725	18.706	18.686	18.665	18.643	18.622	18.596	18.571	18.556	18.535	18.514	18.493	18.479	18.46	18.435	18.415	18.403	18.398	18.386	18.378	18.362	18.34	18.325	18.306	18.289	18.272	18.257	18.247	18.231	18.21	18.189	18.171	18.158	18.139	18.129	18.107	18.088	18.065	18.05	18.026	18.009	17.992	17.965	17.938	17.916	17.896	17.881	17.867	17.851	17.842	17.817	17.798	17.783	17.773	17.752	17.747	17.731	17.715	17.7	17.676	17.655	17.651	17.621	17.609	17.592	17.581	17.56	17.545	17.523	17.507	17.49	17.474	17.451	17.434	17.416	17.404	17.393	17.387	17.378	17.365	17.357	17.351	17.344	17.333	17.325	17.315	17.309	17.302	17.295	17.291	17.282	17.275
19.024	19.023	19.021	19.025	19.02	19.012	19.018	19.019	19.021	19.024	19.018	19.014	19.012	19.009	19.006	19	19	18.985	18.982	18.964	18.955	18.949	18.949	18.948	18.947	18.943	18.935	18.924	18.9	18.876	18.868	18.854	18.839	18.815	18.798	18.787	18.767	18.752	18.738	18.726	18.699	18.691	18.666	18.643	18.631	18.614	18.601	18.586	18.565	18.546	18.521	18.502	18.48	18.455	18.438	18.411	18.391	18.374	18.352	18.333	18.312	18.29	18.277	18.264	18.249	18.246	18.236	18.221	18.203	18.182	18.166	18.148	18.133	18.11	18.094	18.085	18.07	18.044	18.03	18.016	18.002	17.991	17.964	17.95	17.924	17.906	17.891	17.872	17.834	17.826	17.799	17.778	17.766	17.749	17.727	17.721	17.7	17.682	17.668	17.659	17.645	17.636	17.616	17.595	17.581	17.562	17.549	17.534	17.518	17.502	17.482	17.464	17.451	17.43	17.417	17.397	17.373	17.348	17.333	17.316	17.3	17.293	17.288	17.285	17.271	17.262	17.251	17.24	17.232	17.22	17.215	17.206	17.2	17.193	17.186	17.183	17.169
18.858	18.863	18.871	18.876	18.879	18.877	18.878	18.877	18.876	18.873	18.868	18.871	18.874	18.869	18.871	18.872	18.867	18.86	18.853	18.846	18.842	18.835	18.827	18.815	18.815	18.813	18.806	18.796	18.788	18.764	18.746	18.732	18.715	18.705	18.685	18.668	18.653	18.631	18.616	18.613	18.605	18.581	18.558	18.543	18.528	18.505	18.484	18.459	18.447	18.432	18.414	18.391	18.382	18.346	18.32	18.298	18.278	18.261	18.248	18.226	18.201	18.179	18.166	18.16	18.144	18.133	18.115	18.107	18.094	18.072	18.055	18.028	18.014	17.997	17.981	17.961	17.95	17.934	17.925	17.901	17.879	17.873	17.853	17.839	17.827	17.804	17.774	17.759	17.738	17.714	17.695	17.684	17.663	17.643	17.63	17.613	17.599	17.578	17.561	17.557	17.534	17.529	17.514	17.496	17.476	17.464	17.439	17.43	17.411	17.395	17.379	17.361	17.344	17.332	17.315	17.293	17.273	17.26	17.233	17.216	17.21	17.204	17.196	17.189	17.179	17.166	17.151	17.14	17.131	17.116	17.116	17.099	17.091	17.085	17.079	17.074	17.07
18.709	18.715	18.715	18.715	18.728	18.72	18.728	18.733	18.733	18.736	18.732	18.722	18.721	18.722	18.729	18.73	18.731	18.725	18.712	18.706	18.698	18.69	18.698	18.692	18.685	18.682	18.681	18.669	18.657	18.643	18.623	18.611	18.596	18.581	18.565	18.541	18.53	18.51	18.499	18.492	18.48	18.464	18.455	18.439	18.417	18.395	18.374	18.351	18.328	18.312	18.297	18.278	18.266	18.239	18.216	18.194	18.17	18.149	18.135	18.108	18.093	18.075	18.06	18.041	18.028	18.01	17.994	17.986	17.972	17.952	17.939	17.919	17.898	17.883	17.865	17.84	17.842	17.82	17.805	17.79	17.768	17.753	17.742	17.721	17.708	17.689	17.669	17.644	17.629	17.603	17.59	17.577	17.557	17.533	17.533	17.499	17.49	17.478	17.461	17.447	17.433	17.416	17.404	17.386	17.366	17.358	17.342	17.324	17.307	17.292	17.278	17.257	17.237	17.219	17.2	17.188	17.174	17.157	17.134	17.121	17.112	17.103	17.094	17.086	17.074	17.069	17.055	17.045	17.032	17.018	17.008	16.985	16.977	16.969	16.965	16.962	16.96
18.538	18.546	18.546	18.541	18.551	18.548	18.56	18.565	18.568	18.571	18.57	18.572	18.572	18.579	18.581	18.589	18.589	18.585	18.58	18.573	18.571	18.563	18.558	18.557	18.55	18.537	18.53	18.531	18.526	18.517	18.503	18.492	18.477	18.453	18.439	18.411	18.396	18.385	18.374	18.365	18.358	18.344	18.328	18.313	18.296	18.278	18.25	18.232	18.207	18.186	18.171	18.166	18.142	18.122	18.101	18.079	18.059	18.036	18.021	18.001	17.983	17.967	17.95	17.937	17.918	17.902	17.887	17.869	17.849	17.836	17.819	17.801	17.778	17.764	17.744	17.729	17.721	17.704	17.69	17.676	17.655	17.632	17.619	17.606	17.589	17.575	17.556	17.532	17.518	17.498	17.475	17.463	17.453	17.428	17.417	17.398	17.381	17.371	17.358	17.341	17.329	17.308	17.293	17.272	17.257	17.241	17.226	17.209	17.193	17.176	17.154	17.142	17.133	17.107	17.095	17.076	17.06	17.041	17.032	17.02	17.007	16.996	16.988	16.983	16.968	16.955	16.943	16.933	16.928	16.909	16.904	16.886	16.867	16.853	16.839	16.835	16.835
18.366	18.374	18.386	18.377	18.373	18.38	18.385	18.395	18.399	18.408	18.413	18.417	18.414	18.413	18.422	18.427	18.432	18.43	18.422	18.419	18.415	18.415	18.413	18.41	18.414	18.403	18.396	18.398	18.376	18.378	18.368	18.362	18.347	18.33	18.306	18.289	18.274	18.263	18.255	18.244	18.234	18.219	18.203	18.179	18.157	18.141	18.117	18.103	18.085	18.062	18.048	18.033	18.015	18.005	17.98	17.969	17.951	17.929	17.91	17.886	17.864	17.846	17.831	17.815	17.798	17.784	17.775	17.76	17.736	17.725	17.701	17.686	17.671	17.651	17.635	17.617	17.597	17.591	17.572	17.552	17.531	17.521	17.501	17.482	17.469	17.453	17.438	17.417	17.397	17.39	17.364	17.348	17.329	17.308	17.292	17.282	17.26	17.246	17.237	17.221	17.212	17.204	17.185	17.174	17.151	17.131	17.11	17.09	17.079	17.062	17.05	17.033	17.019	17.001	16.985	16.97	16.948	16.939	16.929	16.907	16.896	16.877	16.867	16.856	16.848	16.843	16.832	16.83	16.818	16.806	16.791	16.775	16.761	16.744	16.733	16.718	16.712
18.176	18.181	18.192	18.197	18.196	18.204	18.21	18.211	18.222	18.23	18.236	18.243	18.24	18.251	18.249	18.252	18.268	18.269	18.274	18.264	18.265	18.268	18.272	18.265	18.266	18.264	18.25	18.255	18.238	18.234	18.227	18.218	18.21	18.195	18.181	18.164	18.151	18.136	18.125	18.117	18.108	18.086	18.077	18.052	18.024	17.999	17.988	17.967	17.956	17.941	17.921	17.914	17.897	17.876	17.862	17.845	17.831	17.806	17.79	17.763	17.738	17.721	17.707	17.694	17.686	17.666	17.657	17.641	17.622	17.603	17.587	17.568	17.548	17.532	17.512	17.504	17.489	17.474	17.455	17.431	17.414	17.396	17.377	17.362	17.345	17.325	17.306	17.299	17.278	17.268	17.253	17.229	17.212	17.192	17.169	17.16	17.142	17.129	17.12	17.106	17.088	17.078	17.066	17.048	17.035	17.011	16.993	16.976	16.957	16.945	16.928	16.915	16.9	16.889	16.875	16.857	16.849	16.834	16.814	16.8	16.783	16.763	16.747	16.74	16.731	16.721	16.721	16.715	16.707	16.697	16.681	16.668	16.645	16.632	16.616	16.602	16.596
