23.803	23.821	23.821	23.821	23.827	23.822	23.808	23.804	23.811	23.81	23.805	23.797	23.796	23.8	23.789	23.806	23.819	23.816	23.825	23.836	23.846	23.846	23.835	23.807	23.782	23.771	23.785	23.778	23.769	23.757	23.76	23.748	23.745	23.737	23.747	23.768	23.796	23.79	23.791	23.788	23.773	23.735	23.726	23.725	23.728	23.717	23.698	23.669	23.648	23.654	23.651	23.621	23.611	23.604	23.596	23.598	23.588	23.583	23.594	23.584	23.608	23.597	23.613	23.63	23.614	23.586	23.585	23.58	23.562	23.563	23.573	23.589	23.604	23.608	23.601	23.59	23.599	23.578	23.574	23.561	23.55	23.565	23.58	23.58	23.583	23.556	23.525	23.506	23.495	23.502	23.513	23.513	23.523	23.521	23.526	23.527	23.511	23.504	23.49	23.503	23.48	23.497	23.48	23.471	23.481	23.476	23.468	23.446	23.436	23.437	23.412	23.408	23.415	23.429	23.409	23.4	23.391	23.393	23.402	23.402	23.39	23.384	23.381	23.366	23.377	23.381	23.369	23.367	23.359	23.358	23.345	23.333	23.36	23.367	23.374	23.361	23.362
23.826	23.832	23.841	23.842	23.855	23.82	23.813	23.806	23.816	23.812	23.818	23.812	23.802	23.79	23.799	23.783	23.793	23.803	23.815	23.827	23.831	23.832	23.82	23.803	23.771	23.774	23.766	23.766	23.771	23.754	23.756	23.757	23.741	23.747	23.757	23.782	23.786	23.796	23.778	23.76	23.723	23.726	23.726	23.736	23.727	23.73	23.715	23.682	23.653	23.635	23.624	23.622	23.594	23.604	23.606	23.604	23.589	23.595	23.563	23.576	23.578	23.565	23.576	23.603	23.618	23.582	23.583	23.579	23.565	23.563	23.565	23.579	23.598	23.601	23.577	23.583	23.571	23.556	23.541	23.535	23.529	23.546	23.558	23.557	23.562	23.522	23.507	23.475	23.464	23.482	23.49	23.493	23.473	23.482	23.493	23.504	23.488	23.485	23.499	23.501	23.477	23.476	23.455	23.45	23.452	23.463	23.448	23.448	23.43	23.442	23.418	23.411	23.409	23.406	23.411	23.402	23.388	23.388	23.386	23.369	23.378	23.366	23.374	23.372	23.372	23.368	23.362	23.346	23.337	23.345	23.336	23.322	23.333	23.35	23.349	23.336	23.331
23.843	23.829	23.828	23.815	23.826	23.815	23.804	23.807	23.822	23.829	23.827	23.822	23.797	23.802	23.778	23.769	23.791	23.791	23.809	23.83	23.829	23.828	23.811	23.803	23.79	23.779	23.76	23.763	23.768	23.765	23.753	23.754	23.752	23.766	23.775	23.772	23.787	23.774	23.746	23.725	23.719	23.719	23.73	23.731	23.732	23.742	23.734	23.702	23.663	23.645	23.613	23.597	23.597	23.605	23.607	23.611	23.6	23.587	23.585	23.568	23.568	23.579	23.564	23.574	23.592	23.571	23.558	23.565	23.549	23.543	23.549	23.568	23.582	23.59	23.583	23.553	23.563	23.544	23.542	23.536	23.542	23.543	23.551	23.545	23.521	23.496	23.48	23.465	23.45	23.46	23.496	23.496	23.48	23.496	23.485	23.47	23.459	23.468	23.493	23.503	23.48	23.454	23.43	23.442	23.45	23.451	23.447	23.44	23.429	23.43	23.411	23.408	23.422	23.414	23.402	23.388	23.363	23.359	23.38	23.374	23.362	23.36	23.367	23.365	23.356	23.351	23.34	23.336	23.346	23.348	23.333	23.315	23.342	23.338	23.332	23.333	23.342
23.838	23.846	23.844	23.832	23.829	23.838	23.831	23.83	23.832	23.823	23.822	23.812	23.796	23.777	23.768	23.76	23.763	23.784	23.794	23.804	23.808	23.819	23.828	23.833	23.814	23.792	23.776	23.761	23.764	23.761	23.756	23.74	23.761	23.764	23.766	23.774	23.787	23.767	23.739	23.738	23.717	23.736	23.732	23.736	23.739	23.733	23.736	23.707	23.699	23.657	23.628	23.62	23.619	23.621	23.626	23.637	23.603	23.609	23.602	23.58	23.567	23.558	23.568	23.567	23.568	23.55	23.555	23.549	23.556	23.557	23.556	23.57	23.579	23.578	23.566	23.556	23.54	23.542	23.542	23.547	23.547	23.534	23.54	23.523	23.525	23.509	23.482	23.46	23.459	23.468	23.485	23.505	23.511	23.498	23.472	23.46	23.463	23.462	23.483	23.477	23.486	23.457	23.436	23.43	23.44	23.456	23.448	23.446	23.429	23.426	23.414	23.426	23.421	23.421	23.406	23.39	23.382	23.382	23.376	23.364	23.367	23.363	23.366	23.362	23.363	23.356	23.34	23.346	23.349	23.372	23.367	23.353	23.345	23.319	23.328	23.331	23.314
23.879	23.863	23.851	23.857	23.86	23.856	23.855	23.854	23.856	23.838	23.845	23.842	23.835	23.799	23.774	23.762	23.77	23.8	23.82	23.827	23.823	23.81	23.806	23.8	23.797	23.784	23.773	23.764	23.766	23.772	23.756	23.757	23.749	23.751	23.763	23.779	23.799	23.793	23.772	23.768	23.769	23.767	23.76	23.763	23.76	23.747	23.738	23.721	23.707	23.674	23.656	23.645	23.646	23.635	23.626	23.641	23.622	23.621	23.622	23.6	23.588	23.58	23.586	23.588	23.573	23.581	23.574	23.576	23.567	23.571	23.572	23.586	23.603	23.599	23.597	23.586	23.56	23.552	23.556	23.554	23.553	23.549	23.55	23.538	23.523	23.506	23.473	23.464	23.463	23.464	23.493	23.512	23.513	23.499	23.485	23.473	23.465	23.464	23.465	23.469	23.473	23.442	23.428	23.428	23.432	23.44	23.44	23.438	23.438	23.434	23.429	23.408	23.413	23.406	23.401	23.401	23.39	23.377	23.378	23.358	23.345	23.363	23.374	23.362	23.36	23.356	23.372	23.358	23.355	23.348	23.345	23.334	23.334	23.329	23.346	23.331	23.329
23.876	23.874	23.884	23.879	23.879	23.866	23.847	23.854	23.85	23.831	23.843	23.826	23.85	23.817	23.8	23.798	23.8	23.805	23.819	23.847	23.831	23.836	23.833	23.824	23.813	23.804	23.787	23.779	23.773	23.774	23.755	23.763	23.774	23.771	23.758	23.765	23.783	23.798	23.783	23.795	23.783	23.761	23.762	23.754	23.745	23.737	23.733	23.73	23.718	23.695	23.678	23.658	23.67	23.654	23.643	23.653	23.656	23.647	23.654	23.629	23.626	23.604	23.599	23.617	23.612	23.603	23.596	23.596	23.606	23.605	23.603	23.593	23.593	23.599	23.584	23.591	23.584	23.569	23.556	23.552	23.562	23.547	23.552	23.53	23.52	23.51	23.493	23.483	23.484	23.48	23.493	23.501	23.506	23.502	23.487	23.469	23.458	23.455	23.455	23.447	23.461	23.44	23.429	23.44	23.439	23.43	23.434	23.45	23.437	23.418	23.402	23.404	23.404	23.405	23.402	23.411	23.409	23.39	23.368	23.331	23.348	23.363	23.363	23.359	23.365	23.363	23.381	23.377	23.368	23.371	23.346	23.332	23.319	23.32	23.32	23.321	23.326
23.872	23.877	23.863	23.85	23.843	23.825	23.831	23.827	23.832	23.842	23.858	23.838	23.832	23.827	23.807	23.801	23.814	23.806	23.803	23.815	23.795	23.794	23.799	23.804	23.799	23.794	23.778	23.775	23.768	23.772	23.757	23.767	23.767	23.756	23.768	23.767	23.779	23.769	23.784	23.783	23.774	23.774	23.754	23.748	23.729	23.731	23.728	23.709	23.681	23.664	23.651	23.66	23.65	23.655	23.65	23.64	23.645	23.637	23.629	23.61	23.61	23.605	23.6	23.623	23.614	23.613	23.601	23.601	23.607	23.614	23.584	23.577	23.575	23.569	23.579	23.585	23.58	23.577	23.565	23.559	23.537	23.526	23.514	23.494	23.468	23.483	23.465	23.465	23.469	23.474	23.475	23.473	23.483	23.502	23.478	23.461	23.443	23.436	23.425	23.432	23.44	23.433	23.42	23.419	23.414	23.435	23.439	23.451	23.452	23.414	23.383	23.364	23.346	23.349	23.37	23.381	23.378	23.359	23.353	23.331	23.335	23.339	23.348	23.348	23.351	23.363	23.357	23.353	23.338	23.322	23.342	23.333	23.329	23.312	23.315	23.328	23.333
23.882	23.893	23.877	23.855	23.846	23.828	23.829	23.82	23.837	23.844	23.846	23.849	23.842	23.842	23.84	23.83	23.816	23.819	23.814	23.82	23.79	23.788	23.794	23.797	23.803	23.798	23.788	23.762	23.744	23.753	23.753	23.758	23.783	23.783	23.783	23.788	23.775	23.766	23.767	23.762	23.755	23.752	23.733	23.73	23.727	23.714	23.711	23.694	23.676	23.654	23.65	23.656	23.651	23.641	23.637	23.632	23.629	23.629	23.605	23.604	23.614	23.585	23.587	23.616	23.61	23.61	23.593	23.58	23.597	23.593	23.577	23.587	23.587	23.58	23.565	23.554	23.552	23.555	23.548	23.533	23.511	23.5	23.482	23.457	23.452	23.449	23.461	23.461	23.461	23.478	23.473	23.496	23.485	23.508	23.469	23.454	23.437	23.422	23.433	23.42	23.432	23.428	23.423	23.423	23.423	23.427	23.437	23.441	23.429	23.4	23.356	23.346	23.331	23.329	23.339	23.325	23.346	23.355	23.355	23.35	23.338	23.344	23.345	23.344	23.332	23.337	23.326	23.337	23.32	23.317	23.318	23.322	23.317	23.326	23.334	23.327	23.315
23.876	23.901	23.9	23.885	23.886	23.855	23.851	23.84	23.837	23.847	23.856	23.87	23.85	23.855	23.846	23.823	23.821	23.818	23.823	23.823	23.798	23.797	23.806	23.814	23.808	23.797	23.787	23.771	23.769	23.752	23.771	23.778	23.784	23.788	23.803	23.787	23.771	23.759	23.753	23.751	23.745	23.744	23.724	23.715	23.704	23.707	23.716	23.694	23.676	23.679	23.669	23.662	23.646	23.631	23.623	23.613	23.614	23.605	23.613	23.612	23.616	23.584	23.58	23.603	23.601	23.592	23.575	23.566	23.569	23.558	23.565	23.568	23.587	23.565	23.548	23.54	23.543	23.547	23.541	23.536	23.517	23.496	23.477	23.462	23.455	23.473	23.47	23.472	23.484	23.486	23.479	23.472	23.458	23.468	23.468	23.462	23.454	23.457	23.443	23.423	23.438	23.444	23.439	23.455	23.441	23.445	23.441	23.414	23.418	23.405	23.378	23.368	23.341	23.341	23.316	23.326	23.334	23.341	23.354	23.352	23.352	23.367	23.358	23.33	23.321	23.311	23.318	23.321	23.297	23.271	23.29	23.302	23.315	23.325	23.334	23.33	23.304
23.889	23.905	23.896	23.89	23.884	23.87	23.838	23.856	23.852	23.864	23.866	23.868	23.856	23.857	23.86	23.818	23.807	23.814	23.826	23.83	23.816	23.825	23.824	23.806	23.794	23.787	23.776	23.78	23.767	23.77	23.778	23.798	23.803	23.812	23.784	23.778	23.749	23.751	23.716	23.718	23.73	23.716	23.729	23.701	23.69	23.705	23.71	23.698	23.69	23.684	23.671	23.662	23.641	23.629	23.619	23.619	23.617	23.624	23.606	23.628	23.643	23.617	23.63	23.61	23.597	23.603	23.575	23.575	23.559	23.55	23.539	23.555	23.547	23.543	23.525	23.532	23.533	23.529	23.528	23.527	23.516	23.485	23.477	23.467	23.477	23.48	23.478	23.472	23.472	23.476	23.461	23.453	23.464	23.476	23.467	23.467	23.468	23.467	23.438	23.424	23.45	23.464	23.456	23.469	23.457	23.445	23.423	23.412	23.395	23.386	23.376	23.383	23.381	23.347	23.353	23.331	23.34	23.367	23.367	23.353	23.352	23.341	23.348	23.328	23.303	23.301	23.312	23.314	23.304	23.284	23.282	23.288	23.31	23.311	23.305	23.294	23.301
23.885	23.904	23.881	23.878	23.849	23.845	23.84	23.853	23.868	23.869	23.87	23.872	23.848	23.832	23.837	23.829	23.822	23.829	23.823	23.815	23.813	23.816	23.811	23.805	23.803	23.783	23.782	23.786	23.779	23.769	23.782	23.786	23.801	23.791	23.786	23.759	23.744	23.737	23.701	23.705	23.695	23.706	23.705	23.693	23.702	23.706	23.721	23.703	23.701	23.705	23.684	23.668	23.633	23.615	23.612	23.641	23.636	23.646	23.645	23.656	23.659	23.662	23.658	23.64	23.609	23.597	23.584	23.56	23.545	23.559	23.55	23.562	23.552	23.549	23.508	23.538	23.542	23.541	23.507	23.504	23.515	23.505	23.5	23.485	23.499	23.496	23.502	23.499	23.49	23.504	23.494	23.473	23.46	23.478	23.477	23.489	23.469	23.463	23.447	23.45	23.457	23.465	23.456	23.45	23.45	23.447	23.431	23.408	23.399	23.406	23.4	23.393	23.384	23.368	23.332	23.325	23.344	23.345	23.343	23.334	23.343	23.33	23.336	23.333	23.308	23.312	23.32	23.341	23.326	23.312	23.288	23.292	23.29	23.294	23.29	23.28	23.289
23.888	23.891	23.863	23.857	23.865	23.836	23.83	23.853	23.861	23.886	23.877	23.877	23.871	23.856	23.83	23.845	23.854	23.842	23.837	23.817	23.807	23.793	23.798	23.796	23.796	23.799	23.779	23.788	23.795	23.783	23.783	23.794	23.798	23.793	23.779	23.761	23.765	23.741	23.726	23.718	23.715	23.704	23.707	23.724	23.733	23.747	23.739	23.734	23.715	23.715	23.693	23.682	23.667	23.644	23.642	23.658	23.65	23.653	23.662	23.651	23.655	23.672	23.665	23.653	23.611	23.604	23.59	23.569	23.542	23.549	23.562	23.563	23.567	23.554	23.537	23.539	23.562	23.529	23.517	23.527	23.533	23.537	23.523	23.516	23.506	23.503	23.495	23.496	23.52	23.521	23.518	23.498	23.475	23.479	23.479	23.476	23.476	23.467	23.458	23.477	23.479	23.463	23.446	23.446	23.422	23.432	23.404	23.402	23.416	23.431	23.445	23.424	23.394	23.348	23.317	23.332	23.328	23.332	23.337	23.337	23.333	23.336	23.321	23.318	23.319	23.32	23.342	23.343	23.337	23.328	23.322	23.306	23.297	23.294	23.295	23.286	23.294
23.923	23.92	23.884	23.884	23.859	23.851	23.853	23.84	23.856	23.878	23.903	23.893	23.879	23.87	23.857	23.859	23.855	23.853	23.82	23.816	23.805	23.809	23.805	23.791	23.798	23.804	23.814	23.803	23.803	23.785	23.787	23.785	23.796	23.799	23.792	23.781	23.775	23.757	23.749	23.733	23.74	23.752	23.757	23.745	23.746	23.724	23.76	23.747	23.74	23.709	23.705	23.686	23.685	23.672	23.665	23.66	23.665	23.668	23.686	23.676	23.663	23.673	23.678	23.664	23.626	23.605	23.615	23.604	23.583	23.576	23.576	23.598	23.605	23.58	23.559	23.555	23.537	23.545	23.55	23.562	23.571	23.57	23.552	23.534	23.515	23.504	23.493	23.499	23.517	23.539	23.535	23.526	23.499	23.489	23.492	23.475	23.469	23.454	23.478	23.478	23.503	23.504	23.459	23.427	23.433	23.421	23.403	23.41	23.415	23.433	23.433	23.417	23.399	23.368	23.351	23.343	23.352	23.358	23.344	23.338	23.332	23.329	23.317	23.304	23.308	23.323	23.329	23.335	23.329	23.341	23.321	23.311	23.298	23.294	23.305	23.292	23.282
23.951	23.939	23.92	23.893	23.869	23.861	23.885	23.886	23.874	23.883	23.902	23.908	23.894	23.893	23.87	23.878	23.876	23.848	23.841	23.839	23.822	23.801	23.812	23.823	23.814	23.818	23.82	23.832	23.821	23.828	23.81	23.815	23.816	23.81	23.803	23.784	23.795	23.79	23.772	23.757	23.746	23.768	23.773	23.765	23.753	23.76	23.767	23.746	23.743	23.748	23.755	23.739	23.717	23.692	23.694	23.696	23.702	23.693	23.705	23.685	23.685	23.684	23.681	23.681	23.656	23.638	23.634	23.644	23.627	23.616	23.611	23.616	23.623	23.619	23.588	23.575	23.562	23.558	23.576	23.592	23.597	23.579	23.582	23.551	23.529	23.528	23.533	23.537	23.551	23.542	23.547	23.563	23.532	23.521	23.501	23.476	23.482	23.478	23.485	23.485	23.518	23.533	23.473	23.452	23.428	23.436	23.466	23.455	23.443	23.44	23.439	23.42	23.405	23.401	23.401	23.381	23.364	23.369	23.376	23.371	23.369	23.321	23.312	23.293	23.293	23.307	23.337	23.338	23.328	23.339	23.315	23.312	23.299	23.289	23.308	23.314	23.303
23.964	23.965	23.952	23.937	23.91	23.893	23.884	23.887	23.891	23.898	23.937	23.936	23.93	23.904	23.884	23.874	23.887	23.888	23.874	23.854	23.839	23.828	23.82	23.852	23.866	23.86	23.858	23.865	23.855	23.848	23.852	23.864	23.864	23.871	23.844	23.825	23.82	23.82	23.803	23.788	23.775	23.772	23.776	23.773	23.764	23.785	23.78	23.768	23.747	23.759	23.765	23.746	23.731	23.717	23.708	23.713	23.698	23.702	23.687	23.675	23.664	23.671	23.684	23.687	23.676	23.654	23.633	23.637	23.626	23.622	23.635	23.643	23.633	23.629	23.62	23.597	23.576	23.586	23.58	23.58	23.587	23.588	23.575	23.563	23.555	23.538	23.546	23.558	23.563	23.574	23.557	23.577	23.535	23.505	23.507	23.495	23.484	23.499	23.503	23.508	23.502	23.469	23.461	23.449	23.457	23.452	23.447	23.453	23.449	23.451	23.444	23.435	23.416	23.426	23.426	23.423	23.404	23.385	23.398	23.387	23.345	23.32	23.315	23.307	23.303	23.304	23.315	23.333	23.333	23.338	23.328	23.315	23.295	23.287	23.291	23.287	23.305
23.991	23.977	23.955	23.919	23.909	23.895	23.893	23.896	23.908	23.933	23.955	23.947	23.934	23.914	23.883	23.862	23.886	23.882	23.885	23.858	23.822	23.822	23.826	23.842	23.844	23.858	23.851	23.86	23.852	23.864	23.853	23.848	23.841	23.826	23.813	23.819	23.823	23.833	23.812	23.793	23.785	23.757	23.763	23.761	23.754	23.787	23.783	23.781	23.767	23.753	23.736	23.71	23.697	23.676	23.675	23.684	23.695	23.672	23.678	23.665	23.641	23.649	23.669	23.675	23.662	23.658	23.646	23.649	23.624	23.618	23.596	23.599	23.628	23.638	23.624	23.615	23.595	23.584	23.588	23.586	23.583	23.558	23.562	23.548	23.533	23.523	23.527	23.542	23.56	23.55	23.546	23.546	23.535	23.515	23.529	23.499	23.481	23.48	23.477	23.483	23.481	23.485	23.464	23.464	23.463	23.462	23.459	23.463	23.454	23.452	23.449	23.442	23.439	23.443	23.431	23.411	23.392	23.372	23.356	23.361	23.354	23.339	23.311	23.291	23.296	23.287	23.301	23.296	23.317	23.335	23.332	23.31	23.294	23.27	23.275	23.285	23.29
24.003	23.971	23.969	23.94	23.952	23.948	23.937	23.927	23.936	23.92	23.952	23.929	23.918	23.895	23.889	23.882	23.89	23.888	23.88	23.871	23.833	23.825	23.822	23.82	23.811	23.821	23.838	23.848	23.842	23.826	23.834	23.823	23.834	23.825	23.799	23.827	23.818	23.819	23.803	23.784	23.763	23.732	23.719	23.721	23.734	23.761	23.765	23.766	23.751	23.724	23.73	23.718	23.694	23.669	23.67	23.684	23.695	23.703	23.677	23.665	23.646	23.64	23.64	23.662	23.666	23.646	23.651	23.644	23.622	23.629	23.612	23.632	23.617	23.636	23.628	23.613	23.593	23.6	23.582	23.57	23.579	23.563	23.557	23.556	23.55	23.515	23.522	23.536	23.536	23.551	23.541	23.541	23.533	23.528	23.515	23.506	23.487	23.48	23.488	23.478	23.498	23.479	23.483	23.469	23.469	23.465	23.486	23.479	23.463	23.451	23.442	23.438	23.429	23.418	23.401	23.388	23.377	23.369	23.348	23.346	23.359	23.32	23.298	23.303	23.31	23.305	23.307	23.312	23.314	23.339	23.326	23.294	23.287	23.264	23.279	23.26	23.276
24.009	23.987	23.979	23.973	23.983	23.972	23.957	23.952	23.947	23.949	23.959	23.934	23.913	23.915	23.907	23.886	23.899	23.884	23.882	23.881	23.848	23.843	23.836	23.83	23.831	23.84	23.813	23.813	23.85	23.826	23.814	23.838	23.826	23.838	23.832	23.802	23.802	23.781	23.77	23.747	23.726	23.706	23.707	23.705	23.707	23.734	23.73	23.752	23.741	23.758	23.746	23.725	23.728	23.693	23.709	23.723	23.725	23.695	23.707	23.681	23.667	23.643	23.633	23.638	23.637	23.641	23.638	23.645	23.647	23.645	23.66	23.636	23.634	23.63	23.613	23.588	23.605	23.62	23.606	23.608	23.599	23.594	23.572	23.562	23.562	23.578	23.553	23.549	23.554	23.537	23.527	23.515	23.526	23.518	23.514	23.512	23.504	23.493	23.499	23.486	23.484	23.492	23.501	23.483	23.482	23.494	23.501	23.499	23.486	23.482	23.444	23.42	23.426	23.403	23.407	23.4	23.402	23.387	23.367	23.339	23.337	23.334	23.302	23.311	23.319	23.323	23.337	23.348	23.327	23.344	23.335	23.305	23.313	23.312	23.281	23.291	23.299
24.032	24.019	23.982	23.968	23.971	23.973	23.944	23.948	23.947	23.961	23.968	23.958	23.941	23.927	23.915	23.905	23.909	23.907	23.908	23.885	23.858	23.863	23.864	23.856	23.848	23.844	23.824	23.826	23.86	23.849	23.812	23.815	23.819	23.825	23.814	23.788	23.782	23.765	23.738	23.731	23.72	23.72	23.717	23.723	23.742	23.744	23.749	23.747	23.746	23.762	23.764	23.73	23.751	23.741	23.741	23.752	23.733	23.71	23.705	23.692	23.672	23.644	23.644	23.64	23.654	23.652	23.654	23.649	23.676	23.678	23.7	23.696	23.661	23.659	23.639	23.615	23.627	23.635	23.638	23.624	23.621	23.609	23.601	23.584	23.567	23.582	23.574	23.566	23.561	23.545	23.536	23.522	23.514	23.519	23.523	23.524	23.518	23.519	23.526	23.516	23.502	23.502	23.51	23.491	23.481	23.505	23.496	23.49	23.499	23.493	23.471	23.447	23.434	23.425	23.426	23.428	23.408	23.391	23.367	23.377	23.371	23.359	23.35	23.339	23.326	23.326	23.361	23.35	23.333	23.335	23.318	23.314	23.307	23.338	23.313	23.304	23.345
24.063	24.024	23.998	23.988	23.982	23.973	23.965	23.96	23.954	23.956	23.973	23.989	23.976	23.969	23.942	23.921	23.916	23.916	23.911	23.889	23.886	23.903	23.884	23.876	23.841	23.834	23.837	23.83	23.86	23.833	23.814	23.809	23.816	23.806	23.809	23.795	23.783	23.763	23.748	23.755	23.741	23.746	23.757	23.771	23.773	23.784	23.79	23.77	23.772	23.764	23.764	23.758	23.751	23.759	23.759	23.754	23.726	23.728	23.698	23.696	23.68	23.661	23.672	23.671	23.68	23.682	23.672	23.666	23.696	23.684	23.685	23.7	23.669	23.668	23.649	23.651	23.643	23.654	23.656	23.65	23.635	23.646	23.627	23.595	23.584	23.585	23.585	23.587	23.578	23.574	23.57	23.564	23.546	23.55	23.545	23.554	23.536	23.537	23.519	23.526	23.522	23.481	23.498	23.503	23.509	23.488	23.503	23.494	23.499	23.49	23.499	23.463	23.443	23.435	23.43	23.425	23.423	23.398	23.383	23.376	23.383	23.378	23.384	23.364	23.35	23.346	23.335	23.368	23.364	23.333	23.328	23.304	23.303	23.325	23.333	23.352	23.358
24.078	24.052	24.03	24.021	24.015	24.01	24.004	23.997	23.971	23.973	23.995	23.993	23.983	23.982	23.996	23.956	23.936	23.922	23.933	23.931	23.913	23.898	23.894	23.878	23.852	23.855	23.84	23.828	23.846	23.85	23.846	23.848	23.82	23.812	23.809	23.797	23.791	23.782	23.783	23.791	23.794	23.784	23.788	23.801	23.802	23.806	23.808	23.796	23.791	23.788	23.771	23.759	23.779	23.784	23.783	23.779	23.767	23.742	23.744	23.712	23.693	23.69	23.703	23.712	23.717	23.713	23.709	23.732	23.711	23.693	23.703	23.699	23.7	23.685	23.692	23.684	23.703	23.679	23.667	23.675	23.669	23.671	23.641	23.604	23.59	23.61	23.588	23.581	23.599	23.609	23.618	23.627	23.6	23.588	23.589	23.554	23.566	23.555	23.538	23.554	23.542	23.502	23.502	23.516	23.504	23.516	23.506	23.48	23.469	23.475	23.477	23.457	23.45	23.435	23.419	23.423	23.422	23.422	23.401	23.39	23.391	23.406	23.391	23.383	23.359	23.377	23.367	23.38	23.377	23.341	23.324	23.311	23.316	23.319	23.332	23.344	23.345
24.106	24.087	24.068	24.072	24.043	24.047	24.07	24.059	24.025	24.008	23.995	23.996	23.997	23.979	24.003	24.005	23.98	23.963	23.96	23.951	23.931	23.903	23.895	23.895	23.888	23.877	23.88	23.857	23.866	23.849	23.864	23.855	23.844	23.832	23.819	23.811	23.801	23.805	23.796	23.811	23.792	23.802	23.802	23.808	23.841	23.866	23.863	23.828	23.826	23.814	23.806	23.79	23.793	23.797	23.8	23.798	23.797	23.785	23.751	23.713	23.705	23.703	23.7	23.706	23.727	23.734	23.745	23.742	23.729	23.702	23.7	23.726	23.747	23.707	23.711	23.71	23.685	23.682	23.676	23.676	23.683	23.673	23.643	23.612	23.617	23.588	23.594	23.624	23.624	23.627	23.624	23.639	23.639	23.639	23.601	23.582	23.568	23.571	23.576	23.587	23.576	23.554	23.547	23.537	23.522	23.517	23.499	23.495	23.501	23.499	23.476	23.478	23.466	23.443	23.444	23.452	23.45	23.431	23.418	23.403	23.406	23.418	23.408	23.398	23.408	23.425	23.427	23.45	23.417	23.388	23.376	23.345	23.332	23.336	23.335	23.335	23.346
24.109	24.088	24.08	24.083	24.073	24.052	24.056	24.07	24.063	24.044	24.029	24.007	23.991	23.988	23.998	24.015	24.014	23.998	23.989	23.981	23.972	23.933	23.916	23.91	23.903	23.888	23.884	23.873	23.869	23.877	23.883	23.878	23.878	23.87	23.87	23.855	23.855	23.832	23.828	23.815	23.806	23.802	23.824	23.83	23.851	23.882	23.892	23.861	23.849	23.846	23.835	23.821	23.816	23.822	23.84	23.847	23.827	23.815	23.789	23.758	23.751	23.764	23.741	23.747	23.771	23.777	23.767	23.772	23.755	23.725	23.73	23.744	23.766	23.759	23.727	23.708	23.704	23.686	23.699	23.703	23.675	23.67	23.675	23.656	23.652	23.643	23.635	23.635	23.637	23.638	23.636	23.637	23.646	23.641	23.611	23.6	23.618	23.606	23.617	23.637	23.596	23.566	23.544	23.554	23.543	23.515	23.481	23.483	23.488	23.505	23.509	23.481	23.481	23.476	23.492	23.503	23.486	23.485	23.483	23.494	23.439	23.414	23.416	23.423	23.423	23.452	23.468	23.442	23.428	23.414	23.406	23.39	23.363	23.379	23.377	23.348	23.339
24.151	24.121	24.095	24.111	24.09	24.087	24.081	24.084	24.079	24.074	24.075	24.053	24.028	24.032	24.039	24.031	24.019	23.996	23.983	23.972	23.947	23.935	23.915	23.902	23.91	23.895	23.885	23.871	23.892	23.885	23.891	23.893	23.901	23.905	23.899	23.897	23.881	23.891	23.877	23.86	23.847	23.82	23.828	23.839	23.865	23.888	23.888	23.873	23.863	23.846	23.838	23.843	23.845	23.837	23.847	23.871	23.85	23.829	23.803	23.783	23.779	23.793	23.783	23.782	23.776	23.76	23.757	23.772	23.791	23.766	23.761	23.768	23.793	23.76	23.761	23.756	23.755	23.721	23.708	23.679	23.687	23.671	23.677	23.672	23.661	23.656	23.651	23.637	23.648	23.649	23.63	23.653	23.645	23.646	23.634	23.62	23.62	23.651	23.632	23.623	23.609	23.572	23.561	23.561	23.563	23.537	23.497	23.514	23.494	23.503	23.472	23.495	23.501	23.504	23.525	23.525	23.518	23.515	23.533	23.498	23.465	23.459	23.45	23.458	23.445	23.486	23.495	23.444	23.436	23.438	23.417	23.422	23.421	23.405	23.396	23.389	23.365
24.171	24.156	24.122	24.114	24.108	24.091	24.098	24.091	24.109	24.093	24.083	24.059	24.024	24.012	24.001	23.986	23.986	23.987	23.976	24.002	23.963	23.942	23.918	23.927	23.927	23.919	23.893	23.894	23.899	23.888	23.889	23.901	23.901	23.893	23.893	23.88	23.869	23.864	23.871	23.87	23.841	23.812	23.824	23.824	23.838	23.869	23.885	23.879	23.865	23.858	23.846	23.852	23.864	23.851	23.864	23.865	23.852	23.821	23.813	23.797	23.784	23.776	23.767	23.777	23.772	23.756	23.742	23.735	23.745	23.771	23.779	23.79	23.822	23.811	23.787	23.778	23.761	23.735	23.698	23.673	23.666	23.675	23.694	23.656	23.636	23.653	23.647	23.641	23.639	23.639	23.639	23.655	23.652	23.654	23.639	23.626	23.62	23.611	23.608	23.595	23.599	23.608	23.6	23.576	23.566	23.532	23.505	23.495	23.497	23.498	23.49	23.479	23.473	23.476	23.501	23.509	23.511	23.53	23.526	23.514	23.494	23.448	23.437	23.428	23.429	23.425	23.419	23.416	23.412	23.391	23.384	23.394	23.393	23.404	23.385	23.386	23.37
24.167	24.171	24.15	24.15	24.106	24.091	24.088	24.105	24.093	24.097	24.089	24.042	24.033	24.015	23.994	23.981	23.979	24.008	23.968	23.983	23.971	23.964	23.943	23.955	23.945	23.922	23.908	23.905	23.909	23.899	23.901	23.905	23.903	23.884	23.883	23.894	23.878	23.867	23.847	23.874	23.844	23.842	23.833	23.813	23.836	23.878	23.908	23.893	23.899	23.862	23.834	23.841	23.845	23.868	23.854	23.848	23.835	23.84	23.815	23.808	23.787	23.766	23.754	23.751	23.748	23.743	23.769	23.746	23.752	23.753	23.783	23.789	23.786	23.807	23.787	23.769	23.742	23.719	23.696	23.687	23.694	23.686	23.7	23.672	23.635	23.649	23.646	23.624	23.614	23.623	23.639	23.653	23.652	23.621	23.598	23.62	23.626	23.611	23.614	23.585	23.584	23.583	23.577	23.562	23.555	23.54	23.535	23.519	23.52	23.514	23.502	23.483	23.498	23.482	23.499	23.517	23.525	23.524	23.544	23.526	23.511	23.47	23.469	23.453	23.44	23.421	23.412	23.404	23.395	23.393	23.394	23.397	23.391	23.413	23.386	23.367	23.358
24.173	24.191	24.179	24.169	24.17	24.129	24.112	24.129	24.119	24.102	24.099	24.06	24.037	23.999	23.991	23.977	23.997	23.981	23.963	23.957	23.991	23.985	23.972	23.969	23.946	23.943	23.929	23.927	23.928	23.905	23.896	23.906	23.891	23.893	23.892	23.9	23.885	23.864	23.849	23.843	23.849	23.85	23.838	23.832	23.831	23.877	23.902	23.905	23.904	23.882	23.859	23.848	23.86	23.843	23.843	23.852	23.826	23.813	23.835	23.83	23.825	23.798	23.769	23.744	23.755	23.738	23.757	23.748	23.752	23.753	23.766	23.782	23.801	23.792	23.755	23.744	23.715	23.7	23.681	23.676	23.686	23.696	23.691	23.664	23.65	23.644	23.624	23.626	23.618	23.622	23.623	23.617	23.619	23.602	23.616	23.635	23.614	23.602	23.59	23.58	23.564	23.555	23.549	23.563	23.558	23.536	23.522	23.509	23.518	23.509	23.498	23.498	23.518	23.499	23.49	23.509	23.507	23.52	23.525	23.518	23.493	23.481	23.444	23.442	23.422	23.417	23.439	23.408	23.401	23.379	23.406	23.42	23.4	23.419	23.385	23.352	23.341
24.202	24.214	24.2	24.19	24.19	24.173	24.144	24.131	24.127	24.107	24.115	24.079	24.046	24.01	23.998	23.991	23.989	23.987	23.978	23.957	23.992	23.996	23.995	23.987	23.97	23.95	23.949	23.94	23.934	23.9	23.885	23.872	23.895	23.891	23.89	23.891	23.889	23.853	23.84	23.828	23.822	23.818	23.817	23.838	23.845	23.867	23.889	23.883	23.883	23.894	23.872	23.856	23.857	23.869	23.874	23.862	23.838	23.806	23.823	23.838	23.821	23.814	23.798	23.779	23.784	23.771	23.779	23.785	23.772	23.787	23.776	23.796	23.808	23.806	23.771	23.748	23.714	23.695	23.664	23.639	23.65	23.671	23.693	23.668	23.652	23.63	23.623	23.618	23.608	23.584	23.587	23.587	23.582	23.6	23.631	23.61	23.632	23.601	23.578	23.555	23.55	23.536	23.544	23.548	23.546	23.521	23.492	23.48	23.472	23.478	23.482	23.489	23.484	23.491	23.491	23.491	23.508	23.517	23.52	23.514	23.494	23.483	23.473	23.467	23.442	23.465	23.463	23.46	23.431	23.436	23.41	23.416	23.429	23.4	23.369	23.336	23.308
24.23	24.24	24.225	24.214	24.214	24.204	24.163	24.15	24.138	24.11	24.099	24.058	24.043	24.026	24.011	23.986	23.991	23.996	24.001	23.998	23.989	24.001	24.014	24.006	23.964	23.953	23.946	23.947	23.944	23.907	23.899	23.896	23.898	23.897	23.887	23.896	23.912	23.906	23.879	23.855	23.843	23.828	23.824	23.848	23.842	23.87	23.872	23.855	23.859	23.865	23.86	23.885	23.886	23.864	23.857	23.866	23.839	23.835	23.83	23.843	23.832	23.809	23.812	23.804	23.818	23.799	23.821	23.815	23.824	23.793	23.786	23.8	23.797	23.797	23.761	23.754	23.725	23.706	23.702	23.668	23.656	23.667	23.672	23.668	23.655	23.639	23.641	23.634	23.613	23.607	23.596	23.609	23.59	23.618	23.617	23.624	23.611	23.6	23.6	23.574	23.535	23.519	23.516	23.507	23.504	23.504	23.499	23.47	23.458	23.464	23.448	23.467	23.48	23.484	23.484	23.492	23.499	23.521	23.53	23.534	23.524	23.497	23.51	23.462	23.457	23.469	23.456	23.459	23.457	23.447	23.441	23.428	23.411	23.385	23.352	23.345	23.334
24.249	24.275	24.254	24.243	24.255	24.231	24.205	24.166	24.133	24.131	24.118	24.077	24.05	24.044	24.027	24.024	24.01	24.011	24.02	24.022	24.018	24.017	24.037	24.022	23.983	23.959	23.959	23.953	23.968	23.937	23.926	23.936	23.912	23.891	23.907	23.912	23.937	23.927	23.913	23.881	23.882	23.871	23.856	23.872	23.866	23.889	23.899	23.866	23.857	23.877	23.861	23.886	23.901	23.884	23.885	23.877	23.866	23.846	23.85	23.842	23.839	23.818	23.821	23.825	23.842	23.82	23.798	23.822	23.812	23.783	23.8	23.815	23.815	23.806	23.776	23.766	23.752	23.734	23.723	23.704	23.695	23.678	23.674	23.66	23.642	23.653	23.643	23.633	23.641	23.639	23.631	23.633	23.621	23.613	23.627	23.624	23.599	23.616	23.627	23.611	23.576	23.526	23.51	23.491	23.479	23.47	23.463	23.449	23.463	23.484	23.483	23.493	23.513	23.493	23.499	23.483	23.519	23.533	23.545	23.537	23.521	23.548	23.509	23.48	23.474	23.471	23.481	23.442	23.437	23.43	23.408	23.414	23.379	23.374	23.351	23.36	23.356
24.29	24.317	24.315	24.301	24.267	24.253	24.215	24.178	24.161	24.147	24.15	24.133	24.106	24.098	24.062	24.041	24.02	24.041	24.032	24.04	24.036	24.055	24.051	24.05	24.016	23.992	23.975	23.971	24.002	23.965	23.961	23.945	23.932	23.921	23.927	23.949	23.953	23.965	23.959	23.931	23.904	23.89	23.895	23.889	23.902	23.909	23.916	23.894	23.884	23.886	23.874	23.866	23.876	23.904	23.899	23.9	23.885	23.867	23.87	23.864	23.853	23.823	23.826	23.834	23.855	23.828	23.808	23.785	23.789	23.794	23.806	23.803	23.821	23.805	23.788	23.781	23.766	23.745	23.743	23.727	23.704	23.69	23.67	23.678	23.671	23.65	23.642	23.652	23.655	23.649	23.645	23.637	23.619	23.611	23.59	23.584	23.604	23.622	23.626	23.616	23.607	23.526	23.495	23.452	23.467	23.474	23.462	23.475	23.487	23.481	23.486	23.505	23.513	23.513	23.513	23.51	23.515	23.533	23.54	23.524	23.513	23.476	23.448	23.435	23.441	23.441	23.458	23.434	23.436	23.429	23.416	23.386	23.376	23.374	23.36	23.361	23.352
24.312	24.324	24.341	24.351	24.32	24.297	24.266	24.22	24.186	24.189	24.189	24.183	24.149	24.117	24.097	24.089	24.082	24.082	24.056	24.049	24.049	24.052	24.074	24.075	24.074	24.045	24.018	23.996	24.003	23.992	23.978	23.973	23.979	23.985	23.982	23.989	24.003	24.015	23.962	23.942	23.932	23.92	23.918	23.924	23.933	23.963	23.958	23.937	23.918	23.918	23.911	23.9	23.892	23.896	23.912	23.922	23.912	23.903	23.909	23.894	23.871	23.838	23.834	23.863	23.882	23.856	23.815	23.802	23.8	23.813	23.809	23.794	23.827	23.814	23.799	23.768	23.758	23.729	23.73	23.725	23.716	23.694	23.693	23.695	23.687	23.664	23.638	23.631	23.643	23.639	23.644	23.654	23.641	23.64	23.614	23.577	23.584	23.598	23.598	23.592	23.605	23.559	23.517	23.476	23.468	23.468	23.464	23.46	23.471	23.483	23.495	23.487	23.497	23.485	23.495	23.51	23.527	23.549	23.507	23.492	23.476	23.461	23.464	23.463	23.444	23.43	23.437	23.433	23.425	23.42	23.412	23.408	23.38	23.379	23.342	23.337	23.362
24.365	24.349	24.364	24.39	24.355	24.324	24.29	24.258	24.239	24.232	24.251	24.217	24.188	24.161	24.149	24.138	24.13	24.105	24.071	24.078	24.077	24.088	24.104	24.089	24.073	24.054	24.024	24.02	24.006	23.993	24.007	24.005	24.007	24.022	24.02	24.023	24.044	24.041	23.987	23.952	23.968	23.981	23.984	23.972	23.974	23.962	23.96	23.932	23.912	23.93	23.932	23.938	23.953	23.94	23.942	23.945	23.929	23.927	23.917	23.919	23.891	23.855	23.863	23.861	23.895	23.845	23.823	23.812	23.808	23.807	23.819	23.84	23.852	23.828	23.832	23.807	23.765	23.764	23.762	23.747	23.722	23.714	23.728	23.73	23.713	23.699	23.663	23.649	23.635	23.655	23.665	23.674	23.657	23.648	23.627	23.601	23.576	23.564	23.585	23.577	23.567	23.534	23.536	23.522	23.497	23.48	23.464	23.449	23.446	23.446	23.464	23.445	23.445	23.475	23.493	23.503	23.522	23.501	23.507	23.49	23.481	23.469	23.467	23.432	23.412	23.432	23.437	23.437	23.446	23.411	23.389	23.374	23.365	23.348	23.332	23.348	23.405
24.389	24.364	24.384	24.362	24.341	24.334	24.301	24.254	24.247	24.272	24.269	24.245	24.204	24.165	24.154	24.154	24.151	24.143	24.122	24.11	24.1	24.098	24.097	24.089	24.078	24.077	24.056	24.03	24.018	24.007	24.005	24.008	24.01	24.003	23.992	24.016	24.02	23.998	23.964	23.961	23.978	23.986	23.963	23.955	23.948	23.964	23.949	23.934	23.909	23.924	23.916	23.905	23.915	23.925	23.928	23.905	23.888	23.873	23.878	23.872	23.861	23.847	23.852	23.863	23.865	23.823	23.811	23.819	23.797	23.789	23.802	23.798	23.808	23.805	23.8	23.778	23.751	23.749	23.741	23.706	23.68	23.666	23.717	23.712	23.695	23.678	23.649	23.637	23.629	23.624	23.649	23.655	23.672	23.624	23.599	23.564	23.531	23.535	23.538	23.542	23.562	23.535	23.498	23.485	23.482	23.47	23.447	23.436	23.432	23.448	23.432	23.421	23.405	23.437	23.46	23.462	23.475	23.459	23.448	23.451	23.42	23.427	23.413	23.385	23.376	23.399	23.407	23.415	23.434	23.408	23.402	23.387	23.346	23.335	23.316	23.347	23.392
24.386	24.376	24.365	24.376	24.337	24.325	24.294	24.27	24.28	24.267	24.256	24.24	24.214	24.193	24.189	24.18	24.172	24.145	24.142	24.123	24.115	24.128	24.119	24.082	24.089	24.069	24.067	24.047	24.02	24.009	24.021	24.024	24.003	24.006	23.972	23.99	23.983	23.97	23.955	23.939	23.943	23.944	23.943	23.946	23.968	23.96	23.935	23.939	23.945	23.931	23.911	23.904	23.898	23.906	23.888	23.887	23.892	23.881	23.869	23.853	23.849	23.839	23.869	23.88	23.858	23.803	23.792	23.794	23.812	23.811	23.798	23.797	23.803	23.814	23.815	23.808	23.756	23.753	23.731	23.706	23.676	23.663	23.705	23.705	23.688	23.659	23.635	23.613	23.615	23.623	23.644	23.64	23.642	23.618	23.592	23.549	23.521	23.513	23.532	23.507	23.535	23.504	23.513	23.487	23.477	23.452	23.433	23.432	23.427	23.452	23.438	23.422	23.406	23.38	23.414	23.433	23.406	23.435	23.416	23.402	23.41	23.376	23.355	23.374	23.362	23.349	23.378	23.372	23.415	23.409	23.384	23.394	23.366	23.331	23.322	23.331	23.353
24.382	24.385	24.355	24.359	24.383	24.35	24.322	24.305	24.278	24.27	24.248	24.242	24.204	24.192	24.188	24.207	24.184	24.148	24.128	24.105	24.1	24.095	24.077	24.076	24.078	24.066	24.06	24.043	24.039	24.031	24.03	24.026	24.02	23.993	23.967	23.981	23.977	23.965	23.963	23.934	23.944	23.935	23.945	23.953	23.953	23.95	23.94	23.94	23.921	23.936	23.912	23.901	23.923	23.896	23.895	23.911	23.904	23.891	23.882	23.857	23.85	23.855	23.855	23.85	23.835	23.797	23.776	23.765	23.794	23.8	23.78	23.781	23.799	23.817	23.805	23.794	23.775	23.736	23.743	23.745	23.708	23.683	23.699	23.702	23.683	23.642	23.607	23.605	23.609	23.618	23.639	23.637	23.628	23.617	23.617	23.576	23.553	23.541	23.527	23.508	23.509	23.499	23.494	23.494	23.463	23.443	23.442	23.417	23.436	23.438	23.421	23.406	23.408	23.399	23.423	23.424	23.424	23.413	23.426	23.397	23.367	23.367	23.327	23.333	23.346	23.324	23.336	23.357	23.333	23.343	23.38	23.378	23.371	23.312	23.287	23.291	23.31
24.399	24.401	24.366	24.38	24.386	24.372	24.338	24.335	24.311	24.297	24.276	24.266	24.237	24.226	24.202	24.202	24.188	24.16	24.114	24.12	24.108	24.094	24.072	24.082	24.084	24.063	24.08	24.075	24.06	24.042	24.033	24.04	24.022	23.986	23.962	23.964	23.966	23.978	23.96	23.943	23.93	23.92	23.925	23.945	23.94	23.942	23.945	23.938	23.914	23.918	23.912	23.923	23.909	23.908	23.894	23.911	23.895	23.896	23.885	23.89	23.856	23.855	23.858	23.84	23.831	23.792	23.768	23.755	23.772	23.778	23.784	23.784	23.796	23.802	23.784	23.778	23.738	23.718	23.755	23.743	23.714	23.691	23.689	23.692	23.669	23.615	23.608	23.596	23.617	23.63	23.638	23.648	23.627	23.611	23.611	23.593	23.566	23.557	23.532	23.526	23.501	23.478	23.49	23.493	23.494	23.448	23.41	23.412	23.412	23.414	23.398	23.393	23.386	23.38	23.403	23.431	23.427	23.403	23.404	23.404	23.386	23.379	23.36	23.333	23.325	23.325	23.323	23.331	23.323	23.333	23.341	23.358	23.353	23.333	23.31	23.312	23.308
24.416	24.419	24.39	24.368	24.388	24.374	24.347	24.332	24.332	24.321	24.298	24.28	24.263	24.24	24.244	24.205	24.176	24.173	24.151	24.14	24.123	24.113	24.119	24.101	24.104	24.092	24.069	24.071	24.076	24.04	24.042	24.03	24.03	24.009	23.99	23.976	23.981	23.976	23.952	23.947	23.95	23.956	23.949	23.958	23.957	23.954	23.958	23.933	23.924	23.918	23.91	23.891	23.914	23.894	23.882	23.887	23.88	23.874	23.863	23.859	23.842	23.836	23.835	23.82	23.818	23.776	23.761	23.753	23.761	23.78	23.791	23.806	23.807	23.816	23.785	23.768	23.727	23.71	23.713	23.698	23.7	23.693	23.698	23.686	23.667	23.649	23.614	23.624	23.627	23.635	23.633	23.639	23.628	23.598	23.563	23.538	23.532	23.535	23.536	23.51	23.499	23.484	23.503	23.515	23.491	23.453	23.403	23.398	23.367	23.35	23.341	23.358	23.378	23.389	23.39	23.419	23.46	23.414	23.415	23.401	23.387	23.388	23.357	23.352	23.329	23.326	23.327	23.339	23.347	23.334	23.328	23.331	23.325	23.302	23.292	23.283	23.295
24.452	24.455	24.413	24.4	24.406	24.379	24.378	24.389	24.382	24.353	24.328	24.314	24.299	24.283	24.236	24.217	24.197	24.173	24.168	24.164	24.154	24.154	24.143	24.118	24.115	24.123	24.082	24.089	24.09	24.079	24.063	24.049	24.044	24.035	24.03	24.018	24.022	24.006	23.978	23.979	23.977	23.963	23.968	23.983	23.968	23.945	23.938	23.925	23.92	23.903	23.895	23.896	23.906	23.876	23.863	23.886	23.863	23.864	23.852	23.821	23.808	23.832	23.822	23.811	23.821	23.782	23.74	23.734	23.755	23.783	23.787	23.798	23.811	23.822	23.807	23.786	23.745	23.717	23.709	23.706	23.702	23.712	23.691	23.673	23.668	23.648	23.63	23.611	23.624	23.618	23.646	23.645	23.628	23.584	23.553	23.515	23.489	23.498	23.506	23.526	23.523	23.51	23.504	23.486	23.462	23.43	23.4	23.369	23.349	23.321	23.324	23.329	23.354	23.394	23.398	23.417	23.421	23.452	23.463	23.414	23.367	23.352	23.347	23.345	23.371	23.376	23.341	23.36	23.345	23.316	23.307	23.306	23.291	23.296	23.265	23.263	23.236
24.442	24.464	24.431	24.44	24.434	24.419	24.425	24.422	24.41	24.382	24.361	24.332	24.305	24.302	24.282	24.241	24.2	24.188	24.185	24.196	24.18	24.178	24.168	24.146	24.123	24.114	24.105	24.095	24.116	24.085	24.079	24.045	24.04	24.042	24.05	24.045	24.036	24.038	24.001	23.989	24.001	23.994	23.992	23.983	23.981	23.945	23.922	23.902	23.895	23.884	23.893	23.881	23.866	23.87	23.857	23.853	23.85	23.848	23.815	23.802	23.8	23.81	23.821	23.808	23.82	23.794	23.762	23.758	23.753	23.733	23.757	23.789	23.822	23.82	23.81	23.808	23.766	23.723	23.712	23.714	23.715	23.7	23.69	23.675	23.668	23.632	23.617	23.639	23.643	23.66	23.64	23.627	23.613	23.617	23.573	23.511	23.489	23.469	23.491	23.509	23.521	23.513	23.516	23.434	23.433	23.405	23.374	23.367	23.368	23.342	23.344	23.327	23.322	23.35	23.376	23.41	23.44	23.505	23.481	23.442	23.36	23.327	23.321	23.363	23.376	23.367	23.356	23.328	23.315	23.289	23.275	23.288	23.273	23.288	23.257	23.236	23.23
24.478	24.472	24.478	24.478	24.478	24.452	24.459	24.443	24.426	24.408	24.383	24.346	24.305	24.301	24.285	24.27	24.246	24.207	24.227	24.24	24.211	24.193	24.183	24.171	24.15	24.149	24.119	24.145	24.148	24.129	24.091	24.067	24.042	24.047	24.062	24.064	24.076	24.052	24.024	24.015	24.01	24.001	24.013	24.008	23.972	23.95	23.94	23.906	23.889	23.89	23.884	23.883	23.876	23.859	23.858	23.845	23.837	23.817	23.809	23.798	23.788	23.789	23.801	23.848	23.83	23.809	23.782	23.785	23.763	23.764	23.758	23.794	23.82	23.836	23.817	23.773	23.774	23.739	23.706	23.706	23.689	23.713	23.706	23.691	23.638	23.587	23.594	23.628	23.648	23.651	23.648	23.602	23.615	23.59	23.543	23.514	23.488	23.499	23.488	23.487	23.492	23.462	23.453	23.435	23.394	23.396	23.379	23.355	23.389	23.395	23.391	23.364	23.344	23.35	23.372	23.407	23.456	23.456	23.502	23.423	23.392	23.361	23.35	23.373	23.371	23.366	23.363	23.312	23.303	23.296	23.285	23.285	23.297	23.266	23.257	23.215	23.197
24.511	24.504	24.499	24.505	24.495	24.469	24.475	24.461	24.425	24.412	24.402	24.356	24.314	24.298	24.298	24.292	24.239	24.23	24.24	24.255	24.239	24.22	24.207	24.194	24.193	24.19	24.159	24.173	24.175	24.147	24.106	24.087	24.079	24.06	24.075	24.081	24.058	24.062	24.036	24.037	24.036	24.024	24.019	24.009	23.991	23.969	23.95	23.927	23.913	23.917	23.895	23.883	23.845	23.847	23.848	23.87	23.867	23.849	23.84	23.815	23.798	23.782	23.817	23.84	23.871	23.872	23.8	23.78	23.775	23.781	23.786	23.775	23.806	23.812	23.772	23.73	23.701	23.701	23.698	23.687	23.676	23.704	23.696	23.663	23.616	23.587	23.587	23.635	23.663	23.662	23.66	23.65	23.624	23.575	23.56	23.55	23.548	23.543	23.528	23.515	23.49	23.473	23.437	23.416	23.402	23.408	23.398	23.387	23.387	23.394	23.407	23.365	23.374	23.402	23.394	23.388	23.406	23.427	23.468	23.473	23.445	23.413	23.357	23.387	23.382	23.393	23.367	23.351	23.298	23.33	23.341	23.348	23.316	23.293	23.277	23.267	23.256
24.536	24.533	24.516	24.484	24.497	24.458	24.454	24.451	24.456	24.419	24.4	24.382	24.343	24.303	24.297	24.283	24.245	24.231	24.253	24.252	24.241	24.209	24.198	24.2	24.191	24.183	24.16	24.16	24.15	24.129	24.098	24.095	24.072	24.068	24.069	24.076	24.061	24.06	24.048	24.048	24.054	24.041	24.014	23.989	23.97	23.95	23.928	23.907	23.906	23.883	23.878	23.862	23.861	23.837	23.851	23.857	23.843	23.812	23.815	23.798	23.789	23.79	23.788	23.791	23.827	23.835	23.797	23.767	23.745	23.751	23.76	23.722	23.732	23.72	23.702	23.692	23.673	23.656	23.652	23.654	23.639	23.659	23.66	23.647	23.627	23.596	23.603	23.629	23.679	23.66	23.63	23.63	23.612	23.579	23.572	23.574	23.568	23.544	23.52	23.536	23.497	23.439	23.404	23.394	23.393	23.391	23.393	23.389	23.366	23.37	23.385	23.392	23.405	23.41	23.425	23.431	23.416	23.434	23.446	23.433	23.415	23.381	23.371	23.358	23.406	23.406	23.394	23.392	23.353	23.38	23.395	23.377	23.324	23.306	23.3	23.279	23.211
24.562	24.53	24.515	24.495	24.471	24.459	24.458	24.434	24.432	24.417	24.412	24.388	24.367	24.339	24.321	24.292	24.254	24.279	24.27	24.258	24.266	24.238	24.221	24.204	24.193	24.191	24.181	24.172	24.166	24.139	24.146	24.109	24.079	24.064	24.073	24.098	24.057	24.06	24.043	24.039	24.036	24.021	24.006	23.994	23.96	23.908	23.912	23.884	23.881	23.863	23.848	23.846	23.837	23.84	23.854	23.855	23.834	23.814	23.806	23.794	23.776	23.782	23.778	23.781	23.808	23.798	23.791	23.767	23.742	23.715	23.711	23.701	23.691	23.674	23.659	23.661	23.649	23.626	23.608	23.627	23.633	23.613	23.605	23.614	23.619	23.614	23.603	23.597	23.613	23.603	23.584	23.559	23.566	23.591	23.584	23.557	23.525	23.506	23.503	23.497	23.451	23.408	23.389	23.384	23.378	23.372	23.361	23.372	23.354	23.354	23.36	23.39	23.409	23.451	23.485	23.513	23.508	23.486	23.479	23.443	23.381	23.352	23.359	23.367	23.385	23.417	23.403	23.413	23.385	23.388	23.394	23.373	23.311	23.293	23.293	23.298	23.267
24.553	24.538	24.509	24.493	24.495	24.485	24.49	24.455	24.432	24.42	24.403	24.386	24.357	24.369	24.324	24.318	24.304	24.309	24.309	24.279	24.252	24.245	24.259	24.238	24.227	24.213	24.193	24.186	24.181	24.176	24.148	24.134	24.095	24.076	24.075	24.067	24.053	24.051	24.02	23.993	24.006	23.997	24.007	24.014	23.968	23.914	23.905	23.885	23.85	23.854	23.832	23.845	23.846	23.85	23.847	23.854	23.826	23.804	23.796	23.792	23.789	23.795	23.791	23.793	23.791	23.778	23.768	23.757	23.715	23.698	23.688	23.692	23.676	23.658	23.639	23.612	23.635	23.624	23.624	23.626	23.632	23.613	23.61	23.624	23.598	23.594	23.575	23.555	23.561	23.566	23.551	23.548	23.569	23.583	23.6	23.562	23.528	23.531	23.503	23.499	23.445	23.414	23.398	23.38	23.367	23.353	23.331	23.35	23.338	23.322	23.321	23.349	23.418	23.446	23.495	23.502	23.515	23.502	23.491	23.48	23.385	23.364	23.355	23.381	23.414	23.433	23.428	23.425	23.444	23.412	23.374	23.356	23.328	23.301	23.277	23.242	23.262
24.554	24.544	24.52	24.509	24.506	24.512	24.503	24.492	24.446	24.447	24.424	24.41	24.391	24.368	24.344	24.341	24.314	24.324	24.318	24.304	24.269	24.269	24.266	24.246	24.242	24.211	24.208	24.205	24.2	24.202	24.162	24.139	24.116	24.084	24.051	24.054	24.047	24.046	24.005	23.994	23.999	23.997	24.005	24.003	23.977	23.959	23.928	23.917	23.89	23.858	23.863	23.829	23.825	23.835	23.832	23.857	23.815	23.806	23.794	23.779	23.791	23.79	23.786	23.763	23.754	23.733	23.751	23.738	23.726	23.687	23.685	23.69	23.684	23.657	23.624	23.641	23.647	23.668	23.658	23.617	23.616	23.603	23.601	23.622	23.601	23.577	23.58	23.546	23.542	23.559	23.551	23.558	23.58	23.596	23.577	23.558	23.533	23.544	23.52	23.488	23.452	23.415	23.411	23.41	23.374	23.38	23.344	23.319	23.308	23.297	23.318	23.366	23.427	23.46	23.498	23.498	23.512	23.543	23.51	23.49	23.446	23.378	23.391	23.386	23.402	23.437	23.406	23.415	23.459	23.446	23.411	23.373	23.368	23.324	23.316	23.245	23.239
24.545	24.542	24.508	24.499	24.517	24.506	24.525	24.514	24.479	24.451	24.439	24.424	24.419	24.396	24.376	24.342	24.338	24.324	24.306	24.296	24.272	24.262	24.28	24.267	24.245	24.23	24.214	24.208	24.232	24.217	24.163	24.151	24.141	24.103	24.052	24.058	24.063	24.054	24.025	24.016	24.016	24.004	24.001	23.975	23.984	23.964	23.934	23.929	23.915	23.883	23.854	23.849	23.825	23.831	23.825	23.849	23.832	23.826	23.815	23.794	23.792	23.795	23.78	23.751	23.766	23.739	23.73	23.722	23.698	23.694	23.694	23.698	23.71	23.707	23.655	23.651	23.67	23.681	23.626	23.596	23.632	23.606	23.634	23.624	23.609	23.577	23.551	23.548	23.534	23.542	23.547	23.572	23.583	23.572	23.549	23.529	23.537	23.519	23.554	23.499	23.475	23.454	23.435	23.404	23.362	23.329	23.296	23.29	23.29	23.285	23.321	23.349	23.39	23.47	23.465	23.476	23.46	23.495	23.492	23.466	23.42	23.43	23.43	23.426	23.436	23.429	23.412	23.428	23.435	23.449	23.409	23.374	23.342	23.3	23.306	23.278	23.271
24.569	24.555	24.528	24.517	24.535	24.527	24.544	24.54	24.517	24.479	24.449	24.447	24.438	24.43	24.399	24.369	24.347	24.342	24.312	24.281	24.252	24.261	24.265	24.273	24.248	24.229	24.221	24.215	24.238	24.222	24.175	24.16	24.148	24.119	24.094	24.079	24.084	24.082	24.059	24.059	24.045	24.027	24.006	24.01	23.976	23.952	23.925	23.913	23.899	23.87	23.874	23.835	23.832	23.85	23.84	23.855	23.847	23.824	23.806	23.808	23.81	23.809	23.788	23.779	23.782	23.775	23.751	23.741	23.717	23.717	23.726	23.722	23.742	23.761	23.723	23.712	23.679	23.65	23.638	23.626	23.628	23.622	23.611	23.596	23.583	23.563	23.569	23.544	23.533	23.543	23.531	23.554	23.576	23.539	23.501	23.504	23.503	23.494	23.539	23.521	23.493	23.469	23.427	23.391	23.372	23.32	23.283	23.284	23.304	23.305	23.336	23.346	23.35	23.361	23.389	23.395	23.444	23.443	23.453	23.44	23.455	23.43	23.455	23.45	23.461	23.445	23.396	23.394	23.416	23.449	23.403	23.383	23.379	23.331	23.279	23.275	23.254
24.608	24.59	24.573	24.564	24.566	24.561	24.578	24.581	24.553	24.524	24.49	24.493	24.492	24.477	24.458	24.436	24.383	24.376	24.338	24.29	24.266	24.248	24.264	24.275	24.263	24.236	24.217	24.221	24.215	24.189	24.184	24.171	24.159	24.128	24.103	24.113	24.13	24.115	24.094	24.064	24.068	24.05	24.038	24.032	24.018	23.991	23.957	23.917	23.899	23.89	23.892	23.861	23.854	23.849	23.847	23.851	23.877	23.843	23.833	23.842	23.83	23.843	23.815	23.824	23.806	23.79	23.768	23.766	23.773	23.736	23.758	23.766	23.764	23.742	23.718	23.729	23.672	23.638	23.64	23.628	23.626	23.626	23.606	23.582	23.574	23.548	23.527	23.536	23.549	23.551	23.559	23.565	23.551	23.529	23.525	23.501	23.505	23.505	23.521	23.489	23.441	23.435	23.423	23.422	23.393	23.326	23.298	23.3	23.305	23.312	23.311	23.314	23.331	23.329	23.318	23.351	23.38	23.394	23.413	23.449	23.502	23.487	23.466	23.506	23.517	23.459	23.409	23.428	23.433	23.424	23.417	23.366	23.377	23.34	23.315	23.296	23.254
24.629	24.611	24.582	24.555	24.544	24.568	24.566	24.585	24.566	24.548	24.542	24.56	24.545	24.524	24.523	24.471	24.403	24.386	24.366	24.33	24.293	24.272	24.281	24.284	24.285	24.257	24.239	24.239	24.231	24.196	24.187	24.18	24.151	24.159	24.148	24.136	24.155	24.152	24.124	24.095	24.106	24.102	24.096	24.068	24.047	24.011	23.977	23.948	23.92	23.913	23.908	23.868	23.87	23.876	23.869	23.894	23.904	23.869	23.807	23.805	23.835	23.85	23.85	23.853	23.836	23.827	23.796	23.777	23.775	23.772	23.792	23.809	23.775	23.766	23.762	23.758	23.709	23.679	23.68	23.678	23.655	23.646	23.628	23.585	23.581	23.559	23.53	23.538	23.556	23.559	23.576	23.546	23.543	23.561	23.522	23.519	23.49	23.483	23.471	23.453	23.427	23.401	23.397	23.363	23.339	23.334	23.3	23.305	23.295	23.323	23.343	23.312	23.292	23.296	23.308	23.34	23.363	23.373	23.397	23.422	23.436	23.468	23.48	23.498	23.448	23.399	23.384	23.406	23.394	23.393	23.395	23.401	23.405	23.367	23.322	23.297	23.285
24.658	24.645	24.634	24.593	24.585	24.604	24.598	24.594	24.567	24.547	24.56	24.613	24.569	24.557	24.537	24.48	24.423	24.407	24.411	24.355	24.34	24.31	24.303	24.31	24.315	24.288	24.271	24.255	24.236	24.221	24.207	24.199	24.16	24.142	24.158	24.159	24.152	24.155	24.164	24.138	24.138	24.135	24.121	24.094	24.051	24.024	24.008	23.982	23.931	23.921	23.922	23.898	23.884	23.891	23.912	23.924	23.923	23.878	23.827	23.793	23.822	23.867	23.892	23.88	23.894	23.863	23.801	23.779	23.776	23.808	23.795	23.8	23.795	23.769	23.789	23.749	23.73	23.712	23.706	23.691	23.659	23.676	23.641	23.62	23.581	23.554	23.529	23.544	23.554	23.528	23.533	23.536	23.549	23.557	23.561	23.539	23.497	23.457	23.44	23.453	23.45	23.413	23.384	23.353	23.333	23.325	23.306	23.32	23.327	23.282	23.296	23.32	23.307	23.274	23.298	23.337	23.347	23.317	23.32	23.36	23.435	23.422	23.444	23.463	23.439	23.41	23.393	23.416	23.416	23.414	23.415	23.398	23.374	23.353	23.335	23.332	23.3
24.667	24.657	24.622	24.626	24.59	24.603	24.567	24.573	24.575	24.561	24.559	24.595	24.593	24.581	24.53	24.466	24.419	24.414	24.404	24.363	24.347	24.344	24.325	24.305	24.31	24.292	24.286	24.273	24.253	24.246	24.216	24.201	24.168	24.149	24.15	24.147	24.173	24.191	24.15	24.109	24.131	24.137	24.142	24.124	24.05	24.037	23.999	23.98	23.963	23.961	23.945	23.924	23.908	23.91	23.926	23.929	23.92	23.876	23.818	23.807	23.811	23.828	23.876	23.863	23.854	23.843	23.827	23.799	23.784	23.79	23.794	23.797	23.785	23.779	23.771	23.726	23.702	23.708	23.679	23.665	23.636	23.617	23.599	23.579	23.55	23.527	23.513	23.551	23.544	23.528	23.519	23.526	23.53	23.524	23.501	23.505	23.468	23.463	23.43	23.438	23.465	23.445	23.411	23.378	23.351	23.339	23.309	23.287	23.251	23.275	23.275	23.3	23.326	23.342	23.265	23.259	23.257	23.238	23.277	23.292	23.34	23.367	23.404	23.421	23.437	23.419	23.412	23.439	23.386	23.373	23.366	23.358	23.346	23.325	23.269	23.279	23.28
24.65	24.648	24.619	24.629	24.601	24.615	24.572	24.557	24.567	24.57	24.567	24.586	24.566	24.57	24.507	24.454	24.423	24.425	24.431	24.415	24.376	24.364	24.328	24.322	24.316	24.308	24.269	24.264	24.258	24.256	24.257	24.223	24.193	24.154	24.145	24.13	24.152	24.178	24.157	24.126	24.12	24.109	24.109	24.102	24.077	24.048	23.997	23.975	23.95	23.958	23.969	23.937	23.917	23.905	23.911	23.905	23.892	23.865	23.855	23.836	23.834	23.839	23.857	23.865	23.813	23.807	23.806	23.797	23.781	23.781	23.768	23.749	23.732	23.746	23.719	23.687	23.659	23.648	23.643	23.626	23.622	23.604	23.584	23.553	23.552	23.533	23.522	23.534	23.547	23.539	23.544	23.53	23.497	23.495	23.489	23.478	23.463	23.438	23.419	23.421	23.436	23.427	23.41	23.374	23.35	23.344	23.314	23.291	23.247	23.242	23.249	23.282	23.313	23.293	23.272	23.227	23.21	23.213	23.234	23.256	23.271	23.266	23.303	23.362	23.409	23.41	23.407	23.403	23.369	23.369	23.367	23.36	23.36	23.31	23.248	23.215	23.237
24.641	24.643	24.622	24.597	24.598	24.595	24.598	24.566	24.574	24.562	24.564	24.574	24.556	24.526	24.469	24.416	24.413	24.408	24.392	24.376	24.362	24.35	24.342	24.322	24.332	24.323	24.285	24.285	24.276	24.266	24.267	24.249	24.203	24.185	24.148	24.124	24.139	24.167	24.155	24.133	24.1	24.072	24.064	24.09	24.082	24.064	24.016	23.978	23.975	23.962	23.963	23.942	23.929	23.925	23.905	23.892	23.88	23.834	23.824	23.858	23.867	23.862	23.871	23.857	23.837	23.803	23.821	23.811	23.764	23.759	23.731	23.714	23.688	23.682	23.668	23.653	23.634	23.607	23.604	23.575	23.583	23.6	23.593	23.58	23.561	23.543	23.539	23.558	23.565	23.554	23.542	23.501	23.487	23.497	23.473	23.474	23.447	23.448	23.447	23.398	23.409	23.391	23.397	23.352	23.353	23.353	23.341	23.311	23.262	23.256	23.266	23.302	23.367	23.288	23.252	23.232	23.223	23.224	23.229	23.242	23.234	23.226	23.277	23.328	23.363	23.358	23.393	23.373	23.337	23.344	23.404	23.359	23.325	23.24	23.206	23.167	23.203
24.626	24.619	24.611	24.613	24.615	24.62	24.63	24.605	24.59	24.573	24.557	24.561	24.537	24.507	24.447	24.413	24.409	24.401	24.372	24.348	24.336	24.33	24.321	24.321	24.306	24.304	24.256	24.271	24.28	24.281	24.281	24.288	24.238	24.193	24.158	24.137	24.105	24.136	24.11	24.112	24.088	24.043	24.015	24.042	24.054	24.041	24.03	23.99	24.005	24.001	23.993	23.963	23.948	23.946	23.908	23.898	23.876	23.814	23.806	23.816	23.831	23.851	23.859	23.84	23.834	23.811	23.803	23.794	23.764	23.726	23.705	23.667	23.676	23.654	23.639	23.612	23.604	23.592	23.566	23.56	23.572	23.574	23.588	23.61	23.604	23.589	23.572	23.575	23.566	23.549	23.514	23.523	23.488	23.492	23.46	23.441	23.451	23.462	23.446	23.42	23.403	23.409	23.378	23.33	23.313	23.335	23.329	23.356	23.304	23.271	23.277	23.315	23.31	23.266	23.231	23.254	23.217	23.211	23.219	23.202	23.216	23.211	23.236	23.272	23.305	23.343	23.346	23.321	23.313	23.305	23.348	23.359	23.31	23.237	23.205	23.174	23.174
24.621	24.616	24.615	24.611	24.616	24.624	24.628	24.626	24.614	24.591	24.561	24.553	24.531	24.507	24.45	24.419	24.412	24.388	24.351	24.343	24.341	24.321	24.29	24.329	24.293	24.278	24.289	24.288	24.296	24.3	24.303	24.283	24.271	24.224	24.181	24.134	24.106	24.092	24.098	24.073	24.085	24.041	24.018	24.003	24.039	24.033	23.999	24.007	23.994	23.976	23.965	23.97	23.955	23.957	23.94	23.923	23.88	23.843	23.821	23.808	23.804	23.816	23.833	23.856	23.852	23.817	23.794	23.786	23.749	23.714	23.667	23.659	23.64	23.622	23.609	23.611	23.592	23.566	23.544	23.52	23.527	23.55	23.576	23.605	23.626	23.612	23.608	23.579	23.549	23.499	23.471	23.505	23.508	23.482	23.439	23.422	23.43	23.466	23.46	23.428	23.395	23.409	23.417	23.372	23.338	23.323	23.35	23.368	23.337	23.297	23.314	23.319	23.252	23.211	23.164	23.196	23.188	23.183	23.213	23.222	23.221	23.216	23.216	23.225	23.257	23.291	23.276	23.248	23.255	23.266	23.254	23.293	23.269	23.237	23.189	23.166	23.14
24.649	24.644	24.651	24.662	24.659	24.622	24.624	24.617	24.614	24.605	24.568	24.559	24.532	24.522	24.48	24.443	24.434	24.372	24.355	24.333	24.321	24.312	24.31	24.314	24.291	24.289	24.286	24.312	24.309	24.306	24.309	24.3	24.278	24.247	24.199	24.166	24.142	24.109	24.078	24.075	24.096	24.042	24.023	24.015	24.016	24.007	23.992	23.963	23.945	23.936	23.931	23.932	23.943	23.97	23.934	23.904	23.899	23.848	23.808	23.779	23.768	23.781	23.817	23.851	23.844	23.817	23.809	23.773	23.747	23.686	23.664	23.649	23.613	23.606	23.594	23.595	23.6	23.546	23.498	23.464	23.477	23.501	23.543	23.55	23.557	23.57	23.558	23.58	23.571	23.501	23.473	23.48	23.494	23.469	23.43	23.417	23.434	23.443	23.439	23.42	23.405	23.428	23.429	23.401	23.389	23.35	23.369	23.376	23.351	23.333	23.339	23.329	23.271	23.21	23.192	23.158	23.184	23.176	23.178	23.173	23.198	23.233	23.223	23.209	23.2	23.19	23.184	23.161	23.156	23.182	23.229	23.221	23.183	23.183	23.17	23.14	23.109
24.661	24.671	24.714	24.71	24.702	24.654	24.626	24.621	24.589	24.596	24.565	24.559	24.533	24.497	24.495	24.451	24.464	24.408	24.395	24.366	24.331	24.307	24.302	24.322	24.309	24.302	24.308	24.337	24.337	24.333	24.336	24.318	24.302	24.276	24.235	24.193	24.143	24.124	24.086	24.075	24.096	24.062	24.041	24.021	24.011	24.005	24.005	23.975	23.925	23.919	23.926	23.928	23.938	23.917	23.898	23.889	23.877	23.88	23.841	23.777	23.755	23.751	23.784	23.785	23.792	23.804	23.801	23.806	23.778	23.741	23.673	23.634	23.613	23.619	23.611	23.572	23.562	23.526	23.501	23.474	23.457	23.47	23.476	23.501	23.49	23.489	23.495	23.501	23.505	23.484	23.466	23.436	23.423	23.416	23.405	23.4	23.4	23.399	23.413	23.382	23.397	23.417	23.41	23.396	23.367	23.356	23.353	23.37	23.36	23.313	23.301	23.28	23.254	23.202	23.185	23.195	23.166	23.179	23.191	23.169	23.164	23.169	23.197	23.169	23.114	23.132	23.173	23.157	23.163	23.119	23.123	23.12	23.136	23.115	23.112	23.083	23.05
24.683	24.699	24.733	24.758	24.748	24.723	24.652	24.619	24.562	24.552	24.564	24.557	24.523	24.503	24.499	24.48	24.478	24.438	24.395	24.385	24.343	24.306	24.303	24.309	24.318	24.316	24.32	24.345	24.336	24.327	24.326	24.328	24.31	24.263	24.249	24.21	24.158	24.131	24.114	24.08	24.098	24.049	24.016	23.987	23.969	23.961	23.987	23.972	23.954	23.938	23.924	23.923	23.927	23.889	23.876	23.867	23.868	23.845	23.837	23.801	23.762	23.759	23.78	23.781	23.797	23.784	23.798	23.784	23.773	23.732	23.67	23.648	23.652	23.646	23.599	23.594	23.56	23.548	23.494	23.453	23.453	23.448	23.465	23.448	23.449	23.448	23.462	23.473	23.467	23.48	23.449	23.424	23.4	23.372	23.374	23.366	23.378	23.372	23.367	23.366	23.386	23.378	23.357	23.344	23.369	23.352	23.34	23.3	23.286	23.249	23.243	23.273	23.251	23.2	23.178	23.186	23.184	23.175	23.167	23.147	23.141	23.132	23.154	23.191	23.186	23.188	23.135	23.113	23.091	23.094	23.063	23.048	23.078	23.08	23.065	23.031	23.035
24.725	24.727	24.764	24.762	24.751	24.706	24.679	24.639	24.592	24.558	24.569	24.555	24.523	24.51	24.489	24.467	24.439	24.423	24.403	24.41	24.395	24.355	24.357	24.335	24.309	24.294	24.312	24.34	24.312	24.319	24.319	24.327	24.311	24.292	24.277	24.209	24.14	24.129	24.108	24.082	24.075	24.046	24.035	23.999	23.965	23.96	23.98	23.965	23.945	23.943	23.912	23.889	23.891	23.844	23.812	23.831	23.821	23.825	23.819	23.811	23.774	23.76	23.757	23.785	23.777	23.778	23.768	23.739	23.733	23.692	23.648	23.604	23.6	23.594	23.579	23.587	23.594	23.552	23.497	23.466	23.452	23.445	23.463	23.456	23.428	23.454	23.459	23.46	23.482	23.487	23.458	23.428	23.418	23.387	23.401	23.387	23.372	23.36	23.359	23.331	23.341	23.33	23.343	23.359	23.369	23.339	23.312	23.264	23.234	23.219	23.227	23.281	23.289	23.235	23.23	23.222	23.17	23.157	23.168	23.132	23.143	23.19	23.21	23.207	23.189	23.191	23.157	23.143	23.098	23.092	23.075	22.983	22.983	22.983	23.002	22.988	22.949
24.742	24.762	24.765	24.736	24.717	24.714	24.688	24.654	24.616	24.614	24.639	24.598	24.563	24.524	24.497	24.472	24.425	24.421	24.393	24.391	24.389	24.384	24.383	24.385	24.346	24.31	24.3	24.332	24.299	24.307	24.308	24.31	24.301	24.266	24.247	24.212	24.18	24.157	24.123	24.072	24.048	24.033	23.984	23.945	23.927	23.931	23.96	23.922	23.918	23.905	23.859	23.842	23.856	23.815	23.806	23.805	23.805	23.8	23.79	23.752	23.736	23.749	23.758	23.737	23.733	23.744	23.71	23.696	23.675	23.648	23.591	23.565	23.556	23.559	23.539	23.574	23.57	23.554	23.507	23.449	23.426	23.427	23.43	23.435	23.435	23.439	23.451	23.469	23.45	23.474	23.433	23.407	23.407	23.381	23.324	23.34	23.327	23.313	23.296	23.265	23.269	23.295	23.295	23.315	23.328	23.328	23.293	23.229	23.213	23.187	23.204	23.263	23.29	23.271	23.241	23.215	23.184	23.149	23.154	23.124	23.176	23.203	23.19	23.229	23.221	23.217	23.188	23.156	23.117	23.106	23.071	23.024	22.998	23.006	23.016	22.949	22.936
24.763	24.764	24.74	24.749	24.703	24.697	24.675	24.654	24.634	24.664	24.67	24.645	24.599	24.558	24.53	24.505	24.472	24.453	24.466	24.446	24.431	24.402	24.377	24.404	24.383	24.332	24.306	24.325	24.309	24.302	24.307	24.276	24.274	24.223	24.226	24.202	24.171	24.167	24.144	24.08	24.033	23.997	23.962	23.935	23.927	23.927	23.917	23.891	23.899	23.86	23.835	23.824	23.815	23.781	23.789	23.76	23.766	23.759	23.744	23.722	23.692	23.697	23.7	23.697	23.7	23.694	23.667	23.631	23.616	23.585	23.561	23.554	23.516	23.505	23.511	23.533	23.518	23.526	23.507	23.462	23.418	23.407	23.42	23.432	23.433	23.421	23.439	23.45	23.433	23.438	23.418	23.402	23.403	23.376	23.329	23.318	23.31	23.286	23.262	23.231	23.226	23.238	23.249	23.264	23.273	23.267	23.23	23.235	23.22	23.207	23.201	23.243	23.273	23.256	23.248	23.208	23.154	23.142	23.155	23.105	23.159	23.205	23.191	23.173	23.18	23.175	23.154	23.123	23.108	23.075	23.07	23.049	23.008	23.013	22.976	22.926	22.881
24.76	24.736	24.713	24.719	24.7	24.674	24.648	24.648	24.65	24.686	24.695	24.657	24.619	24.58	24.563	24.527	24.516	24.491	24.483	24.486	24.448	24.415	24.425	24.425	24.372	24.346	24.322	24.323	24.304	24.311	24.29	24.248	24.232	24.184	24.196	24.171	24.155	24.124	24.108	24.069	24.028	23.995	23.94	23.917	23.911	23.895	23.884	23.891	23.864	23.831	23.812	23.791	23.789	23.771	23.768	23.77	23.734	23.731	23.717	23.703	23.69	23.682	23.671	23.669	23.668	23.65	23.624	23.608	23.584	23.596	23.57	23.505	23.497	23.485	23.496	23.506	23.484	23.481	23.466	23.462	23.418	23.416	23.413	23.424	23.422	23.397	23.436	23.429	23.421	23.431	23.396	23.387	23.392	23.35	23.344	23.313	23.301	23.27	23.234	23.205	23.202	23.221	23.214	23.204	23.218	23.202	23.227	23.221	23.206	23.204	23.208	23.24	23.276	23.245	23.231	23.206	23.149	23.154	23.136	23.12	23.148	23.19	23.175	23.141	23.141	23.112	23.092	23.084	23.078	23.027	22.994	23.01	22.965	22.944	22.917	22.857	22.857
24.751	24.716	24.71	24.693	24.697	24.668	24.654	24.647	24.649	24.675	24.673	24.66	24.623	24.604	24.597	24.542	24.533	24.516	24.511	24.489	24.476	24.463	24.466	24.424	24.397	24.368	24.344	24.311	24.318	24.316	24.293	24.26	24.21	24.174	24.164	24.148	24.111	24.088	24.063	24.022	24.024	23.992	23.959	23.916	23.911	23.901	23.892	23.87	23.829	23.822	23.793	23.779	23.772	23.728	23.738	23.743	23.747	23.732	23.714	23.682	23.652	23.639	23.644	23.638	23.638	23.618	23.583	23.548	23.54	23.539	23.544	23.518	23.481	23.445	23.445	23.456	23.431	23.438	23.456	23.449	23.425	23.416	23.429	23.41	23.389	23.379	23.4	23.416	23.414	23.377	23.376	23.387	23.381	23.356	23.352	23.302	23.271	23.243	23.221	23.177	23.177	23.191	23.202	23.189	23.182	23.185	23.204	23.214	23.195	23.202	23.208	23.237	23.241	23.204	23.21	23.188	23.18	23.169	23.148	23.111	23.12	23.136	23.141	23.12	23.081	23.083	23.057	23.041	23.018	22.991	22.933	22.916	22.915	22.897	22.873	22.879	22.87
24.749	24.708	24.683	24.654	24.66	24.671	24.667	24.661	24.671	24.68	24.665	24.634	24.6	24.611	24.585	24.544	24.521	24.511	24.513	24.495	24.488	24.492	24.509	24.471	24.423	24.382	24.359	24.331	24.335	24.342	24.294	24.259	24.206	24.151	24.143	24.13	24.098	24.049	24.019	23.991	24.011	23.979	23.957	23.923	23.919	23.896	23.878	23.838	23.811	23.793	23.778	23.772	23.746	23.724	23.736	23.764	23.76	23.743	23.7	23.675	23.655	23.628	23.636	23.633	23.624	23.62	23.574	23.538	23.495	23.508	23.516	23.508	23.461	23.444	23.441	23.436	23.412	23.443	23.466	23.452	23.395	23.404	23.414	23.394	23.376	23.363	23.386	23.402	23.381	23.372	23.336	23.354	23.347	23.346	23.337	23.306	23.259	23.225	23.193	23.164	23.151	23.159	23.162	23.145	23.148	23.177	23.164	23.174	23.183	23.189	23.199	23.241	23.257	23.223	23.2	23.181	23.133	23.147	23.107	23.08	23.071	23.085	23.08	23.063	23.015	22.987	22.982	22.944	22.956	22.928	22.869	22.855	22.84	22.798	22.805	22.806	22.805
24.724	24.706	24.664	24.663	24.699	24.683	24.668	24.668	24.668	24.682	24.651	24.581	24.569	24.574	24.57	24.534	24.495	24.533	24.536	24.529	24.497	24.504	24.527	24.511	24.464	24.417	24.395	24.35	24.329	24.319	24.279	24.233	24.201	24.124	24.135	24.132	24.084	24.048	23.987	23.965	23.993	23.962	23.941	23.911	23.894	23.879	23.833	23.805	23.773	23.766	23.755	23.757	23.738	23.724	23.729	23.715	23.734	23.739	23.72	23.681	23.651	23.65	23.624	23.626	23.626	23.622	23.584	23.534	23.522	23.526	23.521	23.514	23.475	23.444	23.428	23.436	23.431	23.442	23.44	23.418	23.4	23.374	23.391	23.372	23.349	23.354	23.363	23.384	23.385	23.385	23.351	23.333	23.342	23.349	23.319	23.293	23.246	23.209	23.187	23.148	23.119	23.129	23.121	23.101	23.108	23.124	23.142	23.137	23.126	23.135	23.144	23.183	23.223	23.199	23.189	23.156	23.136	23.099	23.055	23.035	23.032	23.039	23.057	23.052	23.01	22.964	22.933	22.901	22.894	22.858	22.834	22.823	22.791	22.803	22.759	22.754	22.723
24.712	24.708	24.692	24.654	24.697	24.67	24.671	24.69	24.689	24.674	24.651	24.568	24.555	24.548	24.519	24.526	24.537	24.56	24.562	24.54	24.517	24.513	24.53	24.533	24.496	24.458	24.411	24.351	24.298	24.254	24.23	24.198	24.156	24.139	24.11	24.124	24.065	24.02	23.987	23.987	23.968	23.921	23.927	23.921	23.896	23.884	23.838	23.793	23.753	23.749	23.753	23.754	23.741	23.733	23.708	23.708	23.703	23.695	23.696	23.67	23.659	23.637	23.626	23.621	23.626	23.589	23.576	23.534	23.512	23.549	23.516	23.493	23.464	23.422	23.407	23.409	23.416	23.414	23.397	23.386	23.361	23.356	23.39	23.369	23.349	23.34	23.362	23.363	23.367	23.339	23.333	23.34	23.324	23.346	23.346	23.28	23.244	23.212	23.184	23.127	23.097	23.092	23.091	23.085	23.089	23.118	23.117	23.103	23.087	23.093	23.096	23.118	23.136	23.146	23.132	23.14	23.135	23.072	23.034	23.008	23.004	22.995	23.041	23.077	23.017	22.95	22.92	22.889	22.886	22.869	22.823	22.805	22.792	22.733	22.738	22.733	22.735
24.684	24.669	24.678	24.684	24.698	24.678	24.678	24.694	24.693	24.656	24.634	24.579	24.543	24.521	24.499	24.529	24.524	24.535	24.533	24.515	24.521	24.539	24.535	24.515	24.508	24.476	24.416	24.347	24.266	24.207	24.187	24.173	24.149	24.111	24.096	24.083	24.034	24.001	23.977	23.954	23.936	23.903	23.906	23.905	23.893	23.868	23.852	23.81	23.774	23.777	23.778	23.774	23.756	23.741	23.729	23.717	23.694	23.676	23.657	23.656	23.645	23.622	23.605	23.624	23.626	23.588	23.561	23.533	23.534	23.503	23.497	23.462	23.434	23.415	23.398	23.403	23.402	23.393	23.382	23.346	23.354	23.356	23.365	23.354	23.332	23.351	23.361	23.358	23.392	23.334	23.299	23.303	23.325	23.338	23.308	23.289	23.242	23.218	23.223	23.139	23.088	23.082	23.067	23.041	23.068	23.075	23.075	23.067	23.058	23.066	23.043	23.052	23.087	23.095	23.107	23.121	23.123	23.09	23.039	22.966	22.945	22.963	22.999	23.046	23.04	22.953	22.947	22.9	22.874	22.825	22.783	22.782	22.715	22.695	22.664	22.7	22.697
24.663	24.651	24.66	24.679	24.703	24.69	24.676	24.665	24.669	24.65	24.586	24.553	24.545	24.532	24.518	24.512	24.507	24.507	24.502	24.485	24.519	24.536	24.528	24.541	24.499	24.45	24.366	24.333	24.277	24.205	24.176	24.152	24.131	24.12	24.112	24.074	24.035	23.986	23.975	23.953	23.941	23.881	23.888	23.89	23.881	23.842	23.85	23.803	23.8	23.803	23.799	23.784	23.764	23.725	23.706	23.691	23.683	23.69	23.668	23.661	23.654	23.639	23.597	23.58	23.585	23.553	23.516	23.512	23.515	23.499	23.489	23.454	23.419	23.403	23.41	23.395	23.384	23.385	23.367	23.364	23.356	23.361	23.359	23.355	23.333	23.334	23.352	23.332	23.376	23.361	23.327	23.317	23.331	23.334	23.291	23.293	23.266	23.227	23.209	23.175	23.132	23.075	23.055	23.052	23.041	23.036	23.004	23.018	23.023	23.023	23.001	22.984	23.032	23.054	23.064	23.071	23.089	23.055	22.979	22.958	22.931	22.922	22.948	23.02	23.042	22.982	22.928	22.88	22.86	22.821	22.805	22.748	22.673	22.624	22.647	22.64	22.642
24.647	24.643	24.649	24.666	24.684	24.681	24.67	24.663	24.651	24.616	24.585	24.555	24.535	24.515	24.504	24.527	24.527	24.501	24.493	24.473	24.477	24.497	24.499	24.523	24.505	24.464	24.394	24.333	24.298	24.216	24.172	24.147	24.117	24.112	24.103	24.082	24.059	24.017	24.003	23.999	23.935	23.892	23.864	23.868	23.834	23.814	23.823	23.787	23.787	23.789	23.788	23.785	23.756	23.697	23.691	23.682	23.667	23.671	23.679	23.66	23.627	23.59	23.573	23.554	23.536	23.488	23.469	23.48	23.497	23.501	23.501	23.445	23.444	23.423	23.405	23.394	23.384	23.356	23.356	23.344	23.327	23.338	23.338	23.325	23.325	23.309	23.297	23.3	23.328	23.348	23.345	23.327	23.306	23.331	23.316	23.277	23.255	23.232	23.242	23.205	23.164	23.129	23.096	23.085	23.045	23.019	22.997	22.986	22.958	22.957	22.962	22.955	22.944	22.982	22.966	22.987	22.999	22.994	22.965	22.951	22.921	22.917	22.927	22.952	22.983	22.941	22.863	22.837	22.813	22.769	22.746	22.723	22.671	22.636	22.658	22.661	22.599
24.622	24.626	24.638	24.637	24.658	24.67	24.665	24.655	24.619	24.612	24.597	24.563	24.545	24.517	24.482	24.474	24.486	24.468	24.462	24.444	24.433	24.473	24.501	24.496	24.488	24.435	24.369	24.319	24.287	24.236	24.182	24.157	24.137	24.115	24.098	24.104	24.088	24.045	24.034	23.992	23.96	23.903	23.872	23.859	23.819	23.808	23.811	23.799	23.764	23.788	23.78	23.78	23.751	23.713	23.687	23.666	23.653	23.657	23.653	23.646	23.607	23.547	23.509	23.486	23.471	23.431	23.43	23.435	23.477	23.481	23.489	23.448	23.425	23.424	23.414	23.405	23.392	23.366	23.344	23.343	23.325	23.318	23.329	23.323	23.333	23.336	23.306	23.295	23.327	23.333	23.349	23.324	23.343	23.357	23.31	23.262	23.21	23.184	23.162	23.143	23.153	23.099	23.03	23.024	23.019	22.997	22.965	22.94	22.927	22.9	22.888	22.899	22.885	22.914	22.92	22.907	22.918	22.928	22.888	22.9	22.876	22.878	22.896	22.895	22.901	22.885	22.844	22.801	22.77	22.751	22.749	22.727	22.679	22.645	22.643	22.634	22.597
24.632	24.638	24.643	24.641	24.624	24.642	24.645	24.632	24.589	24.603	24.604	24.574	24.549	24.526	24.477	24.45	24.447	24.444	24.439	24.408	24.406	24.442	24.473	24.462	24.464	24.423	24.383	24.327	24.291	24.254	24.195	24.167	24.177	24.113	24.117	24.094	24.1	24.07	24.043	23.996	23.941	23.909	23.867	23.848	23.83	23.833	23.835	23.798	23.764	23.767	23.78	23.775	23.751	23.749	23.7	23.681	23.673	23.646	23.642	23.606	23.568	23.508	23.466	23.439	23.434	23.419	23.41	23.428	23.451	23.449	23.444	23.423	23.435	23.423	23.421	23.416	23.392	23.388	23.351	23.343	23.34	23.335	23.328	23.322	23.349	23.321	23.291	23.282	23.289	23.295	23.285	23.319	23.349	23.317	23.256	23.216	23.186	23.145	23.122	23.099	23.098	23.058	22.982	22.984	22.985	22.975	22.936	22.91	22.9	22.865	22.858	22.869	22.872	22.87	22.88	22.874	22.863	22.839	22.817	22.813	22.807	22.789	22.791	22.789	22.784	22.786	22.779	22.795	22.76	22.732	22.738	22.72	22.699	22.656	22.627	22.582	22.525
24.629	24.62	24.612	24.618	24.638	24.626	24.638	24.621	24.584	24.609	24.616	24.567	24.55	24.518	24.473	24.439	24.427	24.424	24.391	24.371	24.371	24.395	24.446	24.446	24.433	24.412	24.373	24.352	24.307	24.255	24.226	24.227	24.206	24.153	24.126	24.102	24.065	24.097	24.045	23.971	23.953	23.923	23.901	23.864	23.842	23.831	23.839	23.799	23.739	23.752	23.746	23.752	23.761	23.736	23.701	23.68	23.656	23.634	23.626	23.581	23.55	23.506	23.459	23.444	23.407	23.386	23.392	23.391	23.403	23.392	23.404	23.389	23.4	23.405	23.396	23.39	23.379	23.367	23.365	23.341	23.343	23.345	23.349	23.334	23.313	23.291	23.265	23.256	23.278	23.278	23.28	23.302	23.29	23.27	23.216	23.161	23.136	23.122	23.096	23.083	23.077	23.028	22.996	22.964	22.963	22.946	22.922	22.876	22.855	22.856	22.83	22.862	22.837	22.824	22.85	22.842	22.836	22.81	22.797	22.787	22.773	22.757	22.749	22.736	22.755	22.751	22.729	22.726	22.73	22.709	22.719	22.683	22.662	22.653	22.62	22.579	22.514
