21.23	21.227	21.229	21.227	21.225	21.222	21.214	21.214	21.21	21.204	21.204	21.201	21.204	21.202	21.197	21.201	21.198	21.194	21.192	21.19	21.188	21.19	21.188	21.184	21.175	21.174	21.172	21.164	21.162	21.154	21.156	21.15	21.145	21.143	21.143	21.134	21.131	21.122	21.118	21.114	21.109	21.102	21.101	21.099	21.092	21.086	21.081	21.079	21.077	21.072	21.067	21.063	21.06	21.055	21.053	21.041	21.042	21.034	21.03	21.03	21.026	21.024	21.019	21.009	21.008	21.002	21.003	21.001	20.995	20.991	20.996	20.993	20.988	20.983	20.985	20.983	20.984	20.98	20.977	20.975	20.969	20.962	20.961	20.952	20.953	20.943	20.938	20.932	20.923	20.916	20.913	20.906	20.907	20.902	20.904	20.899	20.896	20.892	20.883	20.877	20.869	20.857	20.851	20.844	20.838	20.829	20.821	20.818	20.807	20.803	20.796	20.789	20.787	20.781	20.775	20.772	20.762	20.752	20.742	20.733	20.726	20.721	20.714	20.705	20.7	20.691	20.686	20.673	20.676	20.671	20.668	20.667	20.656	20.648	20.644	20.639	20.637
21.227	21.224	21.22	21.216	21.218	21.213	21.208	21.208	21.207	21.204	21.2	21.198	21.195	21.197	21.191	21.191	21.187	21.187	21.185	21.177	21.176	21.178	21.169	21.165	21.164	21.162	21.159	21.149	21.148	21.142	21.143	21.136	21.128	21.131	21.129	21.123	21.117	21.107	21.107	21.1	21.094	21.083	21.084	21.081	21.077	21.069	21.064	21.066	21.06	21.062	21.055	21.049	21.043	21.037	21.036	21.022	21.018	21.013	21.008	21.006	21.006	21.002	21.001	20.991	20.989	20.988	20.978	20.979	20.969	20.967	20.971	20.965	20.964	20.958	20.96	20.957	20.953	20.948	20.943	20.941	20.938	20.931	20.929	20.923	20.917	20.91	20.904	20.896	20.886	20.881	20.879	20.871	20.872	20.865	20.862	20.855	20.849	20.845	20.838	20.834	20.823	20.82	20.812	20.806	20.8	20.791	20.783	20.775	20.768	20.762	20.755	20.75	20.74	20.733	20.728	20.723	20.719	20.709	20.694	20.692	20.679	20.676	20.666	20.661	20.653	20.642	20.635	20.632	20.623	20.622	20.615	20.611	20.606	20.596	20.591	20.586	20.581
21.223	21.22	21.214	21.218	21.217	21.214	21.207	21.205	21.207	21.204	21.196	21.188	21.181	21.182	21.181	21.179	21.178	21.179	21.174	21.171	21.166	21.165	21.15	21.151	21.15	21.146	21.145	21.139	21.135	21.133	21.128	21.114	21.115	21.116	21.11	21.104	21.1	21.094	21.09	21.088	21.077	21.075	21.075	21.066	21.057	21.05	21.047	21.046	21.042	21.046	21.04	21.03	21.026	21.02	21.012	21.008	20.996	20.995	20.985	20.985	20.98	20.975	20.971	20.971	20.961	20.962	20.96	20.955	20.952	20.945	20.942	20.94	20.938	20.932	20.93	20.932	20.92	20.918	20.914	20.908	20.907	20.899	20.891	20.887	20.878	20.87	20.868	20.858	20.849	20.844	20.835	20.831	20.825	20.822	20.812	20.806	20.799	20.792	20.789	20.785	20.78	20.775	20.769	20.761	20.754	20.744	20.735	20.726	20.72	20.71	20.703	20.703	20.688	20.685	20.679	20.669	20.665	20.661	20.645	20.641	20.632	20.626	20.622	20.613	20.606	20.596	20.58	20.579	20.564	20.565	20.558	20.555	20.548	20.541	20.536	20.532	20.525
21.21	21.208	21.208	21.202	21.199	21.194	21.195	21.201	21.197	21.189	21.187	21.184	21.181	21.178	21.168	21.167	21.167	21.163	21.158	21.16	21.149	21.147	21.149	21.144	21.139	21.136	21.132	21.122	21.112	21.11	21.107	21.107	21.099	21.096	21.091	21.085	21.083	21.079	21.069	21.069	21.067	21.061	21.055	21.045	21.038	21.039	21.024	21.029	21.022	21.019	21.013	21.01	21.007	21.003	20.984	20.979	20.974	20.967	20.97	20.959	20.954	20.955	20.941	20.948	20.933	20.934	20.931	20.926	20.921	20.917	20.914	20.91	20.902	20.901	20.897	20.893	20.89	20.885	20.881	20.877	20.87	20.862	20.845	20.847	20.832	20.83	20.821	20.814	20.809	20.797	20.789	20.79	20.777	20.774	20.766	20.759	20.753	20.745	20.737	20.73	20.728	20.724	20.709	20.709	20.699	20.692	20.683	20.67	20.664	20.656	20.65	20.648	20.641	20.631	20.624	20.618	20.604	20.598	20.595	20.583	20.576	20.569	20.563	20.555	20.546	20.542	20.529	20.522	20.516	20.505	20.503	20.495	20.49	20.486	20.477	20.47	20.463
21.21	21.2	21.195	21.192	21.2	21.201	21.196	21.191	21.187	21.183	21.18	21.164	21.161	21.159	21.157	21.152	21.148	21.151	21.148	21.14	21.137	21.136	21.129	21.123	21.121	21.121	21.109	21.098	21.106	21.094	21.089	21.082	21.078	21.077	21.076	21.07	21.055	21.058	21.052	21.052	21.047	21.042	21.034	21.03	21.022	21.015	21.009	21.004	21.005	20.997	20.998	20.991	20.977	20.976	20.972	20.952	20.95	20.94	20.944	20.939	20.932	20.927	20.919	20.913	20.91	20.905	20.9	20.898	20.896	20.888	20.882	20.879	20.868	20.869	20.86	20.855	20.853	20.848	20.843	20.837	20.825	20.819	20.808	20.803	20.796	20.786	20.781	20.774	20.767	20.761	20.75	20.734	20.729	20.725	20.714	20.709	20.702	20.694	20.688	20.68	20.67	20.668	20.663	20.652	20.647	20.641	20.634	20.629	20.618	20.607	20.6	20.584	20.583	20.574	20.561	20.556	20.551	20.534	20.531	20.517	20.522	20.51	20.505	20.5	20.487	20.481	20.474	20.458	20.459	20.449	20.442	20.434	20.427	20.422	20.417	20.405	20.398
21.195	21.182	21.191	21.187	21.18	21.175	21.175	21.176	21.175	21.168	21.162	21.165	21.168	21.158	21.15	21.146	21.139	21.134	21.129	21.126	21.125	21.119	21.116	21.115	21.109	21.102	21.101	21.093	21.074	21.071	21.073	21.069	21.07	21.064	21.051	21.047	21.047	21.038	21.038	21.029	21.027	21.022	21.013	21.007	20.999	20.986	20.995	20.977	20.979	20.974	20.966	20.966	20.961	20.946	20.94	20.924	20.931	20.919	20.91	20.906	20.899	20.893	20.891	20.882	20.876	20.872	20.87	20.869	20.863	20.855	20.85	20.842	20.836	20.819	20.823	20.815	20.81	20.806	20.802	20.797	20.788	20.78	20.765	20.757	20.755	20.746	20.737	20.73	20.719	20.711	20.699	20.685	20.684	20.67	20.664	20.657	20.65	20.641	20.632	20.628	20.618	20.606	20.605	20.596	20.59	20.58	20.569	20.566	20.562	20.545	20.546	20.536	20.524	20.521	20.512	20.5	20.493	20.479	20.475	20.464	20.459	20.451	20.443	20.438	20.429	20.42	20.416	20.406	20.397	20.389	20.381	20.374	20.366	20.358	20.349	20.341	20.328
21.199	21.188	21.179	21.18	21.183	21.182	21.181	21.175	21.166	21.163	21.158	21.152	21.148	21.147	21.138	21.135	21.132	21.13	21.12	21.124	21.114	21.108	21.097	21.092	21.091	21.088	21.083	21.067	21.066	21.068	21.064	21.052	21.046	21.044	21.041	21.037	21.028	21.017	21.016	21.012	21.006	21.002	20.993	20.984	20.986	20.97	20.96	20.959	20.958	20.955	20.946	20.94	20.934	20.924	20.915	20.911	20.892	20.895	20.887	20.883	20.877	20.868	20.862	20.849	20.844	20.838	20.836	20.834	20.825	20.822	20.817	20.804	20.8	20.786	20.785	20.779	20.774	20.77	20.762	20.753	20.75	20.736	20.727	20.718	20.71	20.701	20.69	20.683	20.673	20.662	20.652	20.644	20.634	20.627	20.621	20.607	20.597	20.587	20.577	20.565	20.559	20.551	20.546	20.539	20.531	20.524	20.518	20.508	20.497	20.5	20.479	20.482	20.468	20.461	20.453	20.442	20.434	20.423	20.408	20.409	20.394	20.392	20.383	20.375	20.369	20.359	20.345	20.345	20.334	20.325	20.316	20.304	20.296	20.285	20.274	20.265	20.26
21.187	21.183	21.179	21.174	21.174	21.164	21.159	21.16	21.153	21.154	21.146	21.146	21.136	21.14	21.135	21.128	21.122	21.113	21.109	21.1	21.097	21.098	21.09	21.083	21.079	21.076	21.066	21.058	21.054	21.045	21.039	21.039	21.033	21.028	21.022	21.012	21.01	21.01	20.999	20.992	20.984	20.98	20.973	20.965	20.951	20.95	20.937	20.943	20.927	20.926	20.927	20.918	20.908	20.903	20.887	20.886	20.876	20.872	20.861	20.852	20.846	20.841	20.832	20.825	20.816	20.811	20.802	20.803	20.797	20.79	20.783	20.772	20.764	20.753	20.747	20.742	20.735	20.727	20.717	20.71	20.702	20.692	20.684	20.675	20.664	20.66	20.65	20.639	20.629	20.616	20.606	20.595	20.591	20.581	20.572	20.56	20.549	20.536	20.524	20.52	20.505	20.501	20.49	20.484	20.474	20.466	20.459	20.45	20.435	20.437	20.416	20.413	20.408	20.4	20.394	20.384	20.372	20.369	20.348	20.349	20.336	20.33	20.321	20.309	20.298	20.288	20.284	20.274	20.266	20.256	20.247	20.236	20.226	20.217	20.208	20.195	20.185
21.184	21.179	21.173	21.168	21.165	21.159	21.159	21.153	21.143	21.141	21.131	21.134	21.129	21.118	21.113	21.113	21.106	21.1	21.095	21.086	21.084	21.077	21.076	21.07	21.06	21.052	21.052	21.044	21.033	21.034	21.028	21.013	21.011	21.007	20.998	21	20.992	20.983	20.969	20.969	20.965	20.956	20.947	20.938	20.932	20.926	20.912	20.911	20.908	20.896	20.896	20.888	20.875	20.872	20.851	20.851	20.846	20.838	20.831	20.821	20.816	20.808	20.804	20.797	20.784	20.784	20.775	20.765	20.76	20.754	20.742	20.737	20.721	20.715	20.705	20.699	20.691	20.681	20.674	20.666	20.658	20.654	20.638	20.631	20.619	20.607	20.599	20.59	20.579	20.57	20.561	20.549	20.542	20.535	20.521	20.511	20.501	20.487	20.473	20.462	20.447	20.44	20.429	20.42	20.414	20.407	20.396	20.392	20.382	20.37	20.366	20.353	20.342	20.333	20.329	20.319	20.31	20.304	20.292	20.277	20.27	20.259	20.249	20.24	20.229	20.218	20.211	20.197	20.193	20.182	20.17	20.161	20.152	20.142	20.134	20.122	20.117
21.176	21.17	21.166	21.162	21.158	21.148	21.145	21.141	21.129	21.128	21.119	21.117	21.119	21.108	21.104	21.103	21.092	21.083	21.078	21.066	21.067	21.062	21.059	21.053	21.042	21.041	21.034	21.027	21.016	21.016	21.01	20.998	20.998	20.991	20.978	20.974	20.967	20.955	20.954	20.939	20.937	20.931	20.92	20.915	20.908	20.898	20.894	20.885	20.882	20.87	20.861	20.847	20.835	20.826	20.821	20.812	20.807	20.802	20.794	20.786	20.778	20.776	20.768	20.763	20.754	20.748	20.743	20.731	20.728	20.716	20.705	20.696	20.683	20.677	20.667	20.659	20.65	20.639	20.629	20.62	20.607	20.603	20.582	20.575	20.563	20.552	20.545	20.537	20.533	20.523	20.512	20.501	20.492	20.484	20.47	20.455	20.443	20.435	20.424	20.407	20.394	20.38	20.372	20.36	20.351	20.341	20.331	20.323	20.32	20.299	20.299	20.282	20.276	20.268	20.263	20.258	20.247	20.234	20.229	20.211	20.203	20.192	20.18	20.171	20.16	20.15	20.141	20.131	20.121	20.11	20.1	20.087	20.074	20.068	20.057	20.05	20.044
21.163	21.158	21.157	21.152	21.147	21.135	21.133	21.126	21.112	21.104	21.1	21.098	21.098	21.097	21.09	21.087	21.076	21.068	21.059	21.047	21.047	21.043	21.043	21.036	21.03	21.027	21.016	21.008	21.003	20.994	20.99	20.983	20.981	20.973	20.959	20.951	20.947	20.931	20.932	20.911	20.907	20.899	20.888	20.883	20.882	20.864	20.868	20.854	20.846	20.837	20.828	20.82	20.806	20.794	20.791	20.775	20.773	20.766	20.758	20.749	20.744	20.74	20.729	20.719	20.715	20.699	20.697	20.686	20.679	20.677	20.666	20.657	20.644	20.633	20.627	20.618	20.606	20.589	20.578	20.567	20.556	20.543	20.53	20.518	20.504	20.499	20.488	20.483	20.477	20.472	20.458	20.448	20.438	20.428	20.417	20.402	20.392	20.384	20.373	20.357	20.343	20.323	20.314	20.309	20.295	20.284	20.277	20.262	20.261	20.241	20.233	20.218	20.21	20.2	20.195	20.188	20.181	20.168	20.162	20.15	20.138	20.127	20.112	20.098	20.089	20.078	20.063	20.058	20.045	20.034	20.028	20.016	20.005	19.997	19.987	19.979	19.968
21.151	21.144	21.142	21.139	21.132	21.129	21.123	21.111	21.097	21.082	21.076	21.079	21.078	21.07	21.072	21.067	21.056	21.05	21.041	21.033	21.028	21.023	21.02	21.019	21.012	21.003	20.995	20.984	20.976	20.969	20.963	20.951	20.945	20.936	20.928	20.921	20.919	20.902	20.894	20.893	20.883	20.876	20.861	20.845	20.847	20.834	20.825	20.819	20.81	20.801	20.79	20.781	20.775	20.765	20.755	20.738	20.734	20.725	20.712	20.708	20.702	20.692	20.684	20.672	20.667	20.652	20.648	20.636	20.63	20.627	20.618	20.608	20.598	20.583	20.58	20.567	20.552	20.545	20.532	20.52	20.51	20.489	20.483	20.466	20.458	20.449	20.438	20.427	20.418	20.412	20.405	20.395	20.386	20.378	20.366	20.353	20.341	20.329	20.317	20.303	20.284	20.271	20.254	20.249	20.236	20.223	20.215	20.202	20.193	20.181	20.17	20.161	20.148	20.14	20.133	20.12	20.11	20.105	20.087	20.083	20.07	20.056	20.043	20.029	20.015	20.007	19.992	19.986	19.973	19.964	19.956	19.948	19.936	19.923	19.914	19.909	19.893
21.131	21.127	21.124	21.122	21.116	21.103	21.096	21.081	21.07	21.071	21.061	21.055	21.056	21.057	21.057	21.052	21.039	21.027	21.016	21.006	21.007	21.001	20.999	20.995	20.991	20.981	20.972	20.955	20.938	20.943	20.924	20.923	20.917	20.906	20.896	20.881	20.88	20.879	20.864	20.859	20.847	20.842	20.836	20.823	20.808	20.807	20.785	20.785	20.772	20.766	20.755	20.747	20.737	20.725	20.712	20.704	20.692	20.679	20.674	20.665	20.658	20.646	20.64	20.627	20.616	20.61	20.595	20.59	20.58	20.575	20.568	20.555	20.55	20.54	20.527	20.514	20.503	20.494	20.482	20.468	20.458	20.442	20.432	20.417	20.411	20.396	20.388	20.377	20.366	20.353	20.348	20.337	20.328	20.325	20.314	20.3	20.288	20.276	20.264	20.255	20.225	20.225	20.196	20.187	20.174	20.161	20.149	20.14	20.127	20.119	20.104	20.099	20.088	20.076	20.064	20.049	20.034	20.033	20.017	20.013	20.002	19.99	19.976	19.962	19.953	19.939	19.928	19.915	19.905	19.897	19.889	19.88	19.867	19.852	19.839	19.833	19.828
21.123	21.118	21.107	21.103	21.093	21.086	21.085	21.079	21.062	21.047	21.039	21.041	21.037	21.029	21.025	21.018	21.01	21.007	20.998	20.985	20.979	20.979	20.966	20.959	20.954	20.943	20.932	20.928	20.914	20.91	20.9	20.894	20.881	20.862	20.855	20.859	20.841	20.838	20.828	20.818	20.819	20.812	20.802	20.793	20.776	20.774	20.759	20.753	20.74	20.726	20.718	20.712	20.7	20.688	20.673	20.665	20.652	20.652	20.635	20.625	20.62	20.609	20.595	20.585	20.572	20.562	20.55	20.543	20.534	20.525	20.519	20.512	20.498	20.49	20.468	20.464	20.452	20.442	20.433	20.423	20.413	20.396	20.387	20.37	20.361	20.349	20.336	20.321	20.309	20.301	20.288	20.286	20.273	20.262	20.254	20.242	20.234	20.223	20.204	20.201	20.176	20.163	20.15	20.136	20.122	20.107	20.093	20.081	20.066	20.064	20.045	20.032	20.026	20.012	19.999	19.987	19.976	19.962	19.954	19.942	19.929	19.923	19.91	19.897	19.887	19.872	19.863	19.847	19.837	19.824	19.815	19.803	19.789	19.781	19.774	19.757	19.755
21.094	21.089	21.082	21.08	21.074	21.061	21.044	21.034	21.031	21.028	21.025	21.022	21.015	21.013	21.016	21.009	20.992	20.971	20.959	20.96	20.949	20.941	20.942	20.936	20.928	20.922	20.907	20.897	20.883	20.867	20.866	20.847	20.841	20.837	20.826	20.818	20.811	20.794	20.799	20.779	20.78	20.77	20.761	20.758	20.749	20.732	20.713	20.701	20.697	20.689	20.677	20.665	20.659	20.651	20.635	20.625	20.614	20.606	20.595	20.584	20.573	20.562	20.548	20.54	20.524	20.518	20.509	20.497	20.489	20.477	20.463	20.452	20.438	20.436	20.418	20.407	20.393	20.384	20.377	20.367	20.357	20.345	20.334	20.32	20.306	20.294	20.281	20.269	20.26	20.25	20.233	20.221	20.214	20.196	20.19	20.179	20.17	20.161	20.146	20.133	20.128	20.105	20.095	20.081	20.065	20.051	20.038	20.024	20.015	19.996	19.996	19.978	19.963	19.949	19.935	19.917	19.904	19.892	19.884	19.882	19.869	19.857	19.841	19.83	19.824	19.808	19.793	19.776	19.771	19.754	19.741	19.733	19.721	19.708	19.695	19.686	19.678
21.093	21.077	21.073	21.062	21.051	21.047	21.043	21.033	21.026	21.014	21.005	20.999	20.998	20.985	20.977	20.967	20.959	20.957	20.947	20.931	20.933	20.922	20.914	20.905	20.895	20.885	20.881	20.863	20.866	20.844	20.838	20.825	20.814	20.803	20.792	20.783	20.789	20.765	20.764	20.748	20.742	20.739	20.732	20.718	20.703	20.692	20.686	20.67	20.656	20.642	20.637	20.632	20.622	20.612	20.599	20.582	20.577	20.564	20.558	20.546	20.531	20.521	20.511	20.492	20.487	20.474	20.467	20.451	20.443	20.432	20.418	20.412	20.396	20.38	20.368	20.359	20.347	20.336	20.324	20.312	20.303	20.29	20.275	20.266	20.255	20.239	20.229	20.22	20.205	20.19	20.186	20.17	20.158	20.146	20.133	20.124	20.11	20.099	20.098	20.075	20.066	20.052	20.035	20.018	20.006	19.995	19.982	19.966	19.96	19.941	19.933	19.922	19.906	19.89	19.874	19.86	19.849	19.843	19.821	19.81	19.799	19.786	19.776	19.765	19.755	19.743	19.732	19.712	19.705	19.693	19.681	19.666	19.653	19.641	19.63	19.621	19.604
21.071	21.057	21.054	21.05	21.038	21.024	21.016	21.008	20.999	20.991	20.989	20.984	20.971	20.965	20.966	20.957	20.942	20.927	20.922	20.907	20.905	20.9	20.889	20.886	20.878	20.868	20.857	20.838	20.826	20.813	20.794	20.791	20.779	20.771	20.778	20.768	20.753	20.734	20.723	20.719	20.708	20.698	20.688	20.68	20.671	20.655	20.637	20.628	20.62	20.608	20.596	20.586	20.577	20.563	20.559	20.538	20.534	20.524	20.515	20.51	20.498	20.482	20.463	20.447	20.445	20.428	20.421	20.409	20.396	20.384	20.373	20.362	20.348	20.334	20.321	20.308	20.297	20.285	20.273	20.264	20.25	20.237	20.225	20.211	20.195	20.186	20.174	20.164	20.153	20.14	20.131	20.117	20.1	20.093	20.072	20.068	20.057	20.038	20.029	20.017	20.005	19.99	19.974	19.961	19.943	19.93	19.92	19.908	19.892	19.886	19.872	19.86	19.848	19.83	19.817	19.805	19.789	19.777	19.765	19.754	19.739	19.728	19.714	19.703	19.691	19.68	19.668	19.657	19.645	19.632	19.626	19.612	19.598	19.584	19.568	19.559	19.539
21.058	21.051	21.037	21.03	21.024	21.01	21.002	20.991	20.984	20.973	20.963	20.953	20.946	20.938	20.933	20.922	20.906	20.906	20.892	20.887	20.874	20.869	20.857	20.851	20.842	20.831	20.82	20.808	20.785	20.787	20.767	20.757	20.748	20.741	20.736	20.723	20.708	20.71	20.687	20.678	20.671	20.66	20.651	20.64	20.626	20.61	20.6	20.59	20.577	20.573	20.558	20.55	20.538	20.522	20.511	20.503	20.493	20.482	20.469	20.462	20.452	20.435	20.427	20.411	20.396	20.383	20.371	20.356	20.343	20.335	20.319	20.307	20.295	20.283	20.268	20.258	20.252	20.237	20.224	20.21	20.198	20.184	20.166	20.157	20.144	20.135	20.123	20.105	20.09	20.082	20.065	20.061	20.041	20.034	20.023	20.011	20	19.982	19.964	19.949	19.939	19.927	19.912	19.898	19.885	19.869	19.856	19.845	19.83	19.821	19.811	19.795	19.784	19.771	19.757	19.745	19.733	19.722	19.705	19.693	19.678	19.667	19.654	19.641	19.627	19.616	19.604	19.591	19.585	19.569	19.556	19.545	19.533	19.521	19.507	19.498	19.479
21.039	21.025	21.017	21.007	20.997	20.985	20.973	20.963	20.952	20.946	20.933	20.928	20.92	20.914	20.909	20.895	20.886	20.881	20.862	20.858	20.844	20.835	20.822	20.812	20.803	20.798	20.783	20.778	20.755	20.755	20.739	20.725	20.718	20.706	20.703	20.691	20.677	20.666	20.652	20.646	20.637	20.622	20.609	20.598	20.582	20.571	20.559	20.549	20.535	20.529	20.518	20.507	20.499	20.482	20.467	20.461	20.447	20.438	20.426	20.417	20.405	20.394	20.384	20.371	20.349	20.339	20.32	20.304	20.291	20.28	20.271	20.261	20.248	20.23	20.219	20.209	20.199	20.187	20.172	20.161	20.147	20.136	20.118	20.107	20.094	20.081	20.074	20.055	20.038	20.028	20.007	20.001	19.983	19.971	19.962	19.952	19.939	19.926	19.907	19.893	19.881	19.87	19.857	19.843	19.833	19.816	19.797	19.785	19.771	19.756	19.748	19.735	19.722	19.716	19.702	19.688	19.676	19.663	19.648	19.638	19.624	19.613	19.599	19.586	19.57	19.555	19.547	19.528	19.523	19.507	19.498	19.481	19.472	19.461	19.445	19.433	19.42
21.01	20.996	20.991	20.98	20.971	20.954	20.944	20.933	20.924	20.917	20.907	20.901	20.891	20.882	20.876	20.869	20.853	20.85	20.833	20.821	20.818	20.803	20.799	20.781	20.771	20.768	20.753	20.747	20.731	20.711	20.702	20.691	20.681	20.668	20.663	20.655	20.64	20.626	20.617	20.605	20.594	20.576	20.564	20.553	20.541	20.528	20.514	20.505	20.494	20.476	20.461	20.454	20.443	20.437	20.424	20.414	20.402	20.394	20.385	20.375	20.366	20.354	20.337	20.321	20.301	20.287	20.269	20.26	20.247	20.24	20.225	20.21	20.195	20.18	20.169	20.156	20.145	20.133	20.125	20.114	20.097	20.082	20.071	20.05	20.042	20.026	20.017	20.005	19.987	19.976	19.958	19.941	19.93	19.914	19.903	19.894	19.881	19.867	19.855	19.839	19.826	19.812	19.803	19.79	19.78	19.765	19.748	19.731	19.715	19.699	19.683	19.673	19.664	19.655	19.645	19.632	19.621	19.605	19.59	19.579	19.564	19.554	19.542	19.53	19.514	19.497	19.488	19.465	19.457	19.44	19.43	19.419	19.407	19.398	19.386	19.371	19.364
20.976	20.968	20.957	20.947	20.939	20.929	20.917	20.904	20.896	20.886	20.876	20.863	20.859	20.842	20.834	20.824	20.812	20.804	20.8	20.78	20.782	20.77	20.763	20.757	20.742	20.734	20.721	20.701	20.696	20.675	20.668	20.654	20.645	20.631	20.623	20.605	20.595	20.584	20.571	20.555	20.545	20.531	20.516	20.505	20.489	20.48	20.472	20.459	20.447	20.424	20.416	20.405	20.392	20.387	20.378	20.365	20.354	20.338	20.329	20.322	20.311	20.304	20.289	20.279	20.257	20.24	20.225	20.213	20.198	20.188	20.179	20.162	20.149	20.132	20.119	20.104	20.094	20.081	20.071	20.063	20.049	20.027	20.023	19.998	19.991	19.975	19.96	19.947	19.933	19.918	19.908	19.886	19.876	19.862	19.843	19.832	19.82	19.808	19.797	19.783	19.773	19.758	19.743	19.733	19.719	19.706	19.696	19.681	19.663	19.649	19.633	19.623	19.612	19.601	19.587	19.575	19.561	19.548	19.535	19.521	19.507	19.498	19.486	19.474	19.46	19.443	19.427	19.41	19.398	19.38	19.37	19.359	19.348	19.336	19.327	19.312	19.302
20.939	20.929	20.921	20.912	20.903	20.894	20.887	20.872	20.854	20.844	20.84	20.83	20.827	20.819	20.802	20.794	20.789	20.767	20.759	20.738	20.741	20.732	20.724	20.719	20.709	20.695	20.691	20.668	20.659	20.647	20.63	20.621	20.605	20.591	20.585	20.57	20.559	20.537	20.523	20.511	20.499	20.484	20.472	20.457	20.446	20.429	20.428	20.407	20.399	20.385	20.371	20.357	20.344	20.336	20.328	20.32	20.308	20.289	20.282	20.271	20.259	20.252	20.24	20.226	20.207	20.199	20.181	20.169	20.156	20.144	20.133	20.119	20.109	20.089	20.077	20.064	20.049	20.034	20.022	20.01	20.005	19.981	19.971	19.952	19.937	19.922	19.905	19.895	19.885	19.869	19.858	19.847	19.824	19.813	19.799	19.785	19.772	19.761	19.749	19.729	19.718	19.706	19.684	19.674	19.662	19.651	19.64	19.63	19.613	19.6	19.586	19.572	19.562	19.549	19.536	19.523	19.509	19.496	19.483	19.47	19.453	19.443	19.431	19.419	19.405	19.394	19.382	19.365	19.344	19.329	19.315	19.303	19.293	19.282	19.273	19.264	19.247
20.917	20.902	20.892	20.889	20.872	20.863	20.852	20.839	20.827	20.812	20.799	20.792	20.776	20.775	20.765	20.752	20.742	20.721	20.713	20.709	20.696	20.696	20.678	20.672	20.667	20.65	20.643	20.634	20.617	20.61	20.597	20.588	20.575	20.556	20.542	20.53	20.516	20.5	20.489	20.474	20.453	20.439	20.426	20.413	20.408	20.391	20.378	20.365	20.355	20.339	20.32	20.309	20.301	20.287	20.282	20.268	20.261	20.247	20.231	20.218	20.207	20.195	20.185	20.175	20.158	20.148	20.132	20.125	20.113	20.098	20.083	20.073	20.057	20.041	20.031	20.019	20.004	19.993	19.98	19.962	19.946	19.935	19.918	19.91	19.889	19.878	19.862	19.845	19.832	19.822	19.804	19.798	19.779	19.764	19.747	19.734	19.721	19.706	19.691	19.68	19.658	19.642	19.636	19.622	19.608	19.597	19.582	19.572	19.561	19.539	19.532	19.519	19.509	19.498	19.484	19.469	19.453	19.439	19.42	19.417	19.404	19.388	19.376	19.366	19.353	19.341	19.323	19.31	19.287	19.277	19.261	19.245	19.238	19.228	19.219	19.214	19.19
20.875	20.876	20.857	20.847	20.836	20.825	20.811	20.792	20.779	20.771	20.748	20.764	20.753	20.741	20.725	20.709	20.7	20.693	20.668	20.661	20.647	20.649	20.645	20.634	20.63	20.622	20.603	20.595	20.577	20.572	20.557	20.539	20.528	20.524	20.516	20.5	20.482	20.469	20.444	20.426	20.412	20.408	20.395	20.373	20.36	20.346	20.329	20.324	20.301	20.289	20.28	20.268	20.254	20.237	20.233	20.218	20.207	20.195	20.181	20.169	20.157	20.144	20.132	20.12	20.102	20.089	20.082	20.066	20.053	20.04	20.026	20.01	19.994	19.991	19.97	19.964	19.952	19.935	19.921	19.91	19.893	19.886	19.865	19.859	19.841	19.824	19.815	19.798	19.784	19.779	19.761	19.744	19.725	19.708	19.696	19.682	19.669	19.654	19.638	19.629	19.617	19.595	19.586	19.568	19.552	19.54	19.526	19.512	19.501	19.484	19.474	19.46	19.452	19.441	19.427	19.416	19.402	19.388	19.37	19.352	19.345	19.337	19.326	19.313	19.301	19.291	19.27	19.256	19.241	19.219	19.205	19.192	19.184	19.178	19.165	19.154	19.136
20.831	20.838	20.828	20.819	20.801	20.783	20.78	20.772	20.756	20.751	20.735	20.711	20.704	20.687	20.68	20.671	20.657	20.645	20.627	20.627	20.63	20.613	20.607	20.594	20.585	20.577	20.562	20.551	20.537	20.528	20.521	20.517	20.505	20.484	20.467	20.458	20.436	20.426	20.41	20.404	20.385	20.365	20.352	20.34	20.322	20.309	20.289	20.276	20.265	20.258	20.241	20.226	20.216	20.203	20.187	20.171	20.158	20.142	20.133	20.119	20.105	20.092	20.081	20.064	20.057	20.038	20.028	20.014	20.006	19.994	19.978	19.963	19.944	19.932	19.92	19.903	19.896	19.884	19.874	19.863	19.843	19.826	19.817	19.804	19.795	19.775	19.762	19.754	19.741	19.722	19.71	19.698	19.678	19.661	19.648	19.634	19.618	19.603	19.592	19.57	19.559	19.548	19.529	19.52	19.506	19.49	19.478	19.466	19.449	19.438	19.428	19.417	19.408	19.397	19.38	19.367	19.352	19.336	19.33	19.312	19.301	19.286	19.275	19.265	19.252	19.235	19.222	19.203	19.19	19.172	19.16	19.145	19.135	19.127	19.112	19.097	19.087
20.79	20.778	20.773	20.76	20.754	20.747	20.734	20.726	20.71	20.693	20.691	20.674	20.679	20.658	20.641	20.629	20.616	20.603	20.603	20.581	20.577	20.569	20.562	20.556	20.543	20.534	20.523	20.509	20.499	20.484	20.468	20.458	20.453	20.438	20.43	20.417	20.404	20.392	20.377	20.348	20.34	20.331	20.318	20.295	20.271	20.265	20.251	20.235	20.22	20.209	20.199	20.186	20.17	20.152	20.137	20.119	20.106	20.092	20.078	20.065	20.049	20.038	20.026	20.013	20.007	19.986	19.978	19.966	19.953	19.939	19.923	19.907	19.89	19.871	19.87	19.849	19.838	19.829	19.817	19.805	19.796	19.779	19.771	19.753	19.74	19.726	19.708	19.694	19.681	19.665	19.651	19.635	19.626	19.61	19.591	19.582	19.568	19.552	19.537	19.526	19.508	19.498	19.484	19.468	19.452	19.439	19.427	19.411	19.401	19.388	19.377	19.368	19.354	19.342	19.33	19.313	19.299	19.286	19.273	19.259	19.245	19.232	19.223	19.209	19.193	19.171	19.161	19.144	19.139	19.124	19.107	19.095	19.084	19.073	19.061	19.046	19.035
20.745	20.727	20.728	20.714	20.698	20.692	20.681	20.666	20.672	20.651	20.648	20.632	20.625	20.617	20.597	20.589	20.576	20.559	20.552	20.541	20.534	20.523	20.507	20.498	20.492	20.48	20.47	20.452	20.443	20.432	20.424	20.411	20.402	20.393	20.385	20.37	20.36	20.339	20.334	20.313	20.297	20.286	20.268	20.245	20.235	20.221	20.2	20.188	20.174	20.163	20.151	20.135	20.115	20.105	20.091	20.072	20.053	20.04	20.023	20.009	19.996	19.978	19.973	19.961	19.946	19.934	19.923	19.913	19.899	19.889	19.874	19.853	19.839	19.824	19.811	19.8	19.784	19.771	19.759	19.746	19.742	19.726	19.716	19.706	19.688	19.674	19.659	19.645	19.629	19.615	19.601	19.586	19.573	19.558	19.543	19.53	19.519	19.507	19.487	19.474	19.456	19.44	19.428	19.413	19.402	19.392	19.38	19.364	19.35	19.336	19.319	19.313	19.298	19.289	19.276	19.261	19.246	19.229	19.216	19.207	19.192	19.186	19.171	19.156	19.135	19.121	19.104	19.087	19.076	19.064	19.055	19.042	19.029	19.015	19.005	18.991	18.975
20.688	20.673	20.668	20.664	20.644	20.642	20.63	20.615	20.613	20.598	20.588	20.576	20.565	20.56	20.548	20.534	20.531	20.517	20.506	20.501	20.484	20.472	20.453	20.447	20.438	20.427	20.418	20.405	20.398	20.383	20.374	20.362	20.348	20.336	20.329	20.312	20.31	20.285	20.28	20.266	20.252	20.241	20.219	20.201	20.186	20.17	20.158	20.144	20.129	20.115	20.098	20.078	20.069	20.058	20.039	20.024	20.003	19.99	19.971	19.954	19.938	19.928	19.916	19.906	19.889	19.883	19.862	19.851	19.838	19.827	19.817	19.801	19.787	19.776	19.758	19.752	19.734	19.72	19.704	19.693	19.683	19.676	19.662	19.652	19.639	19.626	19.607	19.592	19.579	19.563	19.548	19.537	19.523	19.504	19.493	19.476	19.464	19.455	19.437	19.421	19.406	19.392	19.377	19.362	19.35	19.341	19.327	19.312	19.297	19.285	19.268	19.258	19.244	19.229	19.218	19.205	19.192	19.176	19.163	19.154	19.138	19.132	19.123	19.103	19.084	19.065	19.047	19.037	19.023	19.012	19	18.987	18.97	18.96	18.945	18.932	18.918
20.628	20.628	20.608	20.603	20.59	20.582	20.572	20.559	20.553	20.544	20.525	20.523	20.512	20.501	20.483	20.48	20.473	20.468	20.453	20.446	20.425	20.414	20.401	20.393	20.383	20.364	20.358	20.345	20.338	20.333	20.319	20.312	20.293	20.282	20.272	20.255	20.248	20.232	20.225	20.206	20.193	20.178	20.162	20.145	20.132	20.12	20.107	20.085	20.07	20.057	20.041	20.027	20.016	20.007	19.985	19.973	19.948	19.933	19.917	19.9	19.892	19.878	19.865	19.853	19.834	19.823	19.801	19.793	19.776	19.765	19.756	19.75	19.731	19.722	19.707	19.697	19.682	19.664	19.653	19.641	19.63	19.627	19.614	19.598	19.585	19.567	19.553	19.538	19.525	19.515	19.501	19.485	19.472	19.45	19.439	19.419	19.405	19.395	19.383	19.367	19.352	19.338	19.324	19.311	19.3	19.286	19.271	19.258	19.241	19.231	19.218	19.205	19.191	19.176	19.161	19.152	19.141	19.127	19.112	19.097	19.084	19.068	19.056	19.042	19.028	19.013	18.998	18.983	18.97	18.958	18.947	18.93	18.918	18.905	18.89	18.878	18.862
20.565	20.573	20.554	20.541	20.529	20.522	20.51	20.502	20.495	20.495	20.471	20.46	20.457	20.437	20.434	20.429	20.416	20.408	20.394	20.383	20.372	20.363	20.342	20.333	20.321	20.308	20.298	20.29	20.279	20.282	20.268	20.26	20.25	20.229	20.222	20.198	20.184	20.175	20.161	20.15	20.134	20.123	20.103	20.092	20.079	20.066	20.047	20.033	20.022	20.007	19.993	19.976	19.962	19.948	19.931	19.915	19.891	19.876	19.863	19.847	19.836	19.826	19.811	19.798	19.779	19.766	19.751	19.734	19.724	19.712	19.699	19.692	19.675	19.662	19.654	19.639	19.628	19.617	19.602	19.592	19.583	19.572	19.56	19.546	19.529	19.512	19.497	19.48	19.462	19.451	19.44	19.422	19.414	19.399	19.382	19.368	19.35	19.335	19.319	19.306	19.289	19.275	19.265	19.254	19.243	19.231	19.215	19.2	19.185	19.172	19.161	19.148	19.136	19.119	19.105	19.096	19.086	19.074	19.058	19.039	19.029	19.01	19.001	18.983	18.966	18.953	18.937	18.922	18.914	18.902	18.89	18.876	18.863	18.847	18.828	18.816	18.799
20.507	20.498	20.495	20.473	20.472	20.465	20.452	20.442	20.429	20.419	20.418	20.4	20.403	20.392	20.387	20.379	20.361	20.354	20.342	20.333	20.316	20.3	20.294	20.286	20.275	20.261	20.244	20.247	20.23	20.222	20.204	20.195	20.183	20.172	20.161	20.151	20.135	20.117	20.101	20.085	20.071	20.059	20.049	20.039	20.026	20.009	19.998	19.983	19.964	19.945	19.927	19.914	19.902	19.892	19.879	19.855	19.845	19.823	19.806	19.788	19.774	19.762	19.75	19.737	19.726	19.703	19.696	19.678	19.669	19.66	19.643	19.629	19.625	19.608	19.599	19.579	19.571	19.559	19.549	19.538	19.528	19.51	19.499	19.488	19.469	19.455	19.438	19.423	19.409	19.389	19.381	19.367	19.344	19.334	19.322	19.309	19.292	19.278	19.263	19.249	19.235	19.222	19.212	19.198	19.183	19.17	19.155	19.137	19.13	19.113	19.101	19.088	19.073	19.06	19.046	19.037	19.024	19.012	19.003	18.986	18.975	18.96	18.944	18.929	18.915	18.898	18.881	18.865	18.853	18.837	18.825	18.814	18.802	18.789	18.772	18.761	18.746
20.445	20.427	20.431	20.423	20.416	20.406	20.388	20.381	20.376	20.353	20.36	20.334	20.33	20.32	20.312	20.305	20.295	20.284	20.267	20.257	20.251	20.244	20.236	20.222	20.209	20.204	20.186	20.176	20.164	20.156	20.15	20.137	20.124	20.113	20.099	20.081	20.066	20.052	20.038	20.023	20.009	19.998	19.984	19.967	19.953	19.942	19.935	19.909	19.893	19.883	19.865	19.849	19.837	19.823	19.817	19.806	19.792	19.77	19.753	19.738	19.717	19.702	19.691	19.667	19.67	19.647	19.638	19.626	19.611	19.595	19.584	19.572	19.56	19.542	19.538	19.525	19.507	19.497	19.488	19.475	19.459	19.45	19.43	19.409	19.401	19.391	19.374	19.354	19.344	19.329	19.309	19.302	19.282	19.271	19.261	19.248	19.23	19.215	19.201	19.181	19.173	19.158	19.147	19.139	19.123	19.11	19.096	19.074	19.06	19.041	19.033	19.021	19.007	18.997	18.981	18.97	18.962	18.939	18.936	18.927	18.916	18.902	18.883	18.865	18.854	18.838	18.819	18.809	18.787	18.773	18.76	18.742	18.732	18.725	18.706	18.692	18.687
20.381	20.36	20.346	20.342	20.332	20.332	20.323	20.309	20.303	20.28	20.27	20.262	20.263	20.257	20.258	20.249	20.238	20.221	20.215	20.197	20.189	20.173	20.167	20.162	20.159	20.152	20.134	20.116	20.106	20.09	20.084	20.073	20.057	20.045	20.037	20.029	20.013	20.002	19.983	19.962	19.941	19.924	19.909	19.9	19.894	19.872	19.853	19.851	19.833	19.819	19.801	19.791	19.781	19.763	19.758	19.743	19.723	19.719	19.699	19.682	19.663	19.644	19.637	19.617	19.604	19.592	19.577	19.566	19.551	19.535	19.522	19.508	19.493	19.489	19.47	19.461	19.449	19.439	19.428	19.415	19.397	19.383	19.361	19.355	19.335	19.316	19.305	19.291	19.276	19.265	19.251	19.235	19.226	19.209	19.192	19.181	19.171	19.16	19.152	19.137	19.116	19.104	19.092	19.083	19.067	19.052	19.035	19.019	19.008	18.995	18.98	18.959	18.939	18.928	18.916	18.902	18.892	18.881	18.871	18.86	18.848	18.835	18.821	18.808	18.796	18.782	18.768	18.751	18.729	18.71	18.695	18.682	18.668	18.659	18.653	18.641	18.624
20.285	20.296	20.286	20.286	20.268	20.26	20.251	20.238	20.23	20.22	20.203	20.194	20.185	20.173	20.168	20.164	20.16	20.15	20.146	20.125	20.127	20.116	20.107	20.102	20.09	20.075	20.067	20.05	20.036	20.027	20.014	20.008	20.001	19.984	19.968	19.96	19.949	19.936	19.912	19.894	19.881	19.863	19.85	19.832	19.808	19.801	19.79	19.781	19.761	19.75	19.741	19.727	19.711	19.697	19.684	19.676	19.665	19.656	19.635	19.623	19.61	19.59	19.571	19.564	19.542	19.534	19.518	19.498	19.487	19.475	19.459	19.446	19.429	19.42	19.406	19.394	19.387	19.372	19.36	19.348	19.335	19.319	19.3	19.283	19.266	19.25	19.234	19.225	19.211	19.2	19.19	19.175	19.159	19.154	19.142	19.126	19.111	19.1	19.089	19.075	19.053	19.043	19.033	19.02	19.01	19	18.981	18.969	18.952	18.94	18.921	18.911	18.893	18.871	18.852	18.839	18.824	18.814	18.803	18.793	18.783	18.766	18.749	18.736	18.721	18.706	18.693	18.677	18.665	18.649	18.632	18.62	18.607	18.593	18.582	18.573	18.557
20.214	20.219	20.195	20.193	20.189	20.182	20.169	20.162	20.151	20.142	20.125	20.113	20.105	20.107	20.101	20.096	20.092	20.086	20.074	20.065	20.055	20.043	20.028	20.018	20.01	20.01	20.003	19.981	19.965	19.953	19.942	19.927	19.914	19.902	19.894	19.883	19.873	19.865	19.845	19.824	19.805	19.788	19.775	19.767	19.747	19.738	19.716	19.699	19.692	19.675	19.664	19.649	19.64	19.635	19.62	19.612	19.592	19.579	19.567	19.552	19.536	19.523	19.504	19.5	19.482	19.467	19.453	19.435	19.42	19.402	19.389	19.38	19.364	19.348	19.341	19.329	19.315	19.308	19.296	19.279	19.261	19.245	19.233	19.212	19.2	19.186	19.166	19.151	19.147	19.133	19.122	19.115	19.102	19.086	19.075	19.061	19.049	19.044	19.026	19.012	18.996	18.983	18.965	18.952	18.941	18.923	18.909	18.899	18.886	18.879	18.861	18.841	18.829	18.811	18.792	18.777	18.761	18.748	18.737	18.727	18.714	18.699	18.681	18.667	18.655	18.643	18.625	18.61	18.591	18.582	18.57	18.553	18.539	18.529	18.516	18.506	18.501
20.14	20.145	20.141	20.134	20.121	20.111	20.104	20.095	20.082	20.069	20.049	20.05	20.033	20.025	20.02	20.011	20.004	20.003	19.995	19.998	19.973	19.968	19.963	19.95	19.937	19.93	19.917	19.905	19.9	19.882	19.871	19.864	19.847	19.838	19.825	19.815	19.804	19.787	19.775	19.753	19.744	19.721	19.702	19.688	19.676	19.661	19.647	19.635	19.619	19.598	19.586	19.585	19.576	19.569	19.552	19.54	19.527	19.508	19.494	19.478	19.464	19.45	19.436	19.423	19.414	19.397	19.385	19.373	19.355	19.341	19.328	19.314	19.299	19.288	19.271	19.258	19.246	19.237	19.22	19.201	19.192	19.17	19.162	19.148	19.127	19.114	19.097	19.085	19.076	19.066	19.058	19.04	19.033	19.018	19.01	18.995	18.981	18.971	18.957	18.94	18.927	18.911	18.895	18.879	18.866	18.855	18.839	18.828	18.812	18.801	18.791	18.777	18.76	18.745	18.729	18.712	18.698	18.683	18.673	18.663	18.649	18.639	18.623	18.605	18.591	18.574	18.556	18.546	18.533	18.517	18.507	18.493	18.48	18.468	18.456	18.445	18.433
20.067	20.064	20.064	20.055	20.043	20.037	20.026	20.018	20.006	19.999	19.975	19.97	19.958	19.946	19.948	19.937	19.926	19.922	19.915	19.911	19.897	19.892	19.883	19.874	19.858	19.858	19.849	19.834	19.822	19.809	19.799	19.788	19.778	19.763	19.756	19.741	19.732	19.711	19.707	19.684	19.668	19.649	19.628	19.615	19.6	19.584	19.576	19.557	19.547	19.53	19.518	19.511	19.501	19.488	19.485	19.462	19.451	19.432	19.415	19.409	19.392	19.374	19.355	19.347	19.334	19.321	19.303	19.291	19.28	19.268	19.257	19.241	19.227	19.217	19.196	19.181	19.164	19.154	19.138	19.127	19.117	19.094	19.078	19.067	19.055	19.039	19.026	19.011	19.002	18.989	18.985	18.963	18.958	18.943	18.931	18.925	18.911	18.897	18.886	18.866	18.849	18.831	18.813	18.795	18.784	18.772	18.759	18.743	18.738	18.725	18.715	18.705	18.688	18.671	18.655	18.642	18.63	18.608	18.596	18.588	18.576	18.565	18.552	18.534	18.52	18.505	18.494	18.478	18.467	18.451	18.435	18.424	18.411	18.398	18.385	18.377	18.362
19.991	19.986	19.978	19.969	19.968	19.96	19.947	19.939	19.928	19.918	19.905	19.892	19.886	19.876	19.871	19.859	19.846	19.838	19.828	19.821	19.82	19.807	19.799	19.786	19.773	19.77	19.769	19.753	19.745	19.742	19.726	19.718	19.702	19.687	19.676	19.661	19.65	19.634	19.625	19.611	19.594	19.571	19.554	19.536	19.525	19.51	19.501	19.485	19.473	19.46	19.447	19.444	19.426	19.417	19.411	19.395	19.376	19.354	19.335	19.326	19.31	19.286	19.275	19.267	19.25	19.244	19.225	19.214	19.198	19.188	19.178	19.168	19.153	19.135	19.119	19.105	19.087	19.069	19.061	19.045	19.03	19.016	19.003	18.988	18.978	18.966	18.95	18.941	18.928	18.914	18.904	18.894	18.886	18.871	18.86	18.847	18.84	18.826	18.809	18.791	18.772	18.756	18.735	18.721	18.705	18.693	18.678	18.665	18.656	18.644	18.632	18.624	18.609	18.594	18.577	18.564	18.549	18.531	18.519	18.503	18.495	18.484	18.469	18.461	18.444	18.429	18.418	18.399	18.389	18.374	18.357	18.349	18.338	18.321	18.308	18.302	18.29
19.904	19.898	19.896	19.89	19.885	19.878	19.867	19.864	19.85	19.836	19.842	19.82	19.816	19.796	19.787	19.777	19.768	19.755	19.749	19.739	19.733	19.724	19.716	19.701	19.687	19.683	19.676	19.67	19.663	19.657	19.645	19.635	19.624	19.608	19.598	19.58	19.57	19.556	19.536	19.53	19.514	19.498	19.478	19.462	19.449	19.433	19.42	19.409	19.394	19.379	19.371	19.364	19.358	19.341	19.331	19.326	19.305	19.29	19.264	19.249	19.228	19.213	19.201	19.187	19.171	19.164	19.154	19.14	19.126	19.114	19.098	19.088	19.072	19.055	19.039	19.026	19.006	18.993	18.98	18.968	18.949	18.934	18.922	18.911	18.898	18.886	18.877	18.87	18.86	18.841	18.829	18.824	18.804	18.797	18.788	18.776	18.764	18.755	18.733	18.714	18.692	18.675	18.651	18.639	18.628	18.608	18.598	18.585	18.57	18.563	18.551	18.538	18.525	18.512	18.501	18.485	18.469	18.452	18.443	18.424	18.412	18.403	18.395	18.383	18.37	18.352	18.338	18.321	18.307	18.29	18.276	18.267	18.259	18.249	18.233	18.215	18.212
19.809	19.81	19.81	19.791	19.783	19.78	19.776	19.769	19.77	19.759	19.761	19.741	19.735	19.72	19.71	19.695	19.683	19.677	19.669	19.664	19.661	19.647	19.638	19.617	19.611	19.612	19.601	19.594	19.578	19.575	19.56	19.549	19.534	19.523	19.508	19.497	19.478	19.475	19.456	19.445	19.426	19.406	19.395	19.379	19.368	19.355	19.338	19.332	19.31	19.303	19.292	19.28	19.263	19.256	19.242	19.239	19.226	19.205	19.195	19.176	19.161	19.145	19.123	19.106	19.098	19.078	19.068	19.061	19.047	19.037	19.024	19.01	18.994	18.982	18.965	18.948	18.935	18.915	18.9	18.887	18.875	18.851	18.836	18.834	18.817	18.807	18.794	18.781	18.765	18.757	18.745	18.739	18.725	18.719	18.704	18.692	18.684	18.673	18.656	18.643	18.613	18.598	18.572	18.555	18.543	18.53	18.516	18.505	18.489	18.474	18.462	18.451	18.439	18.422	18.408	18.4	18.389	18.369	18.358	18.347	18.328	18.319	18.312	18.297	18.284	18.275	18.258	18.247	18.227	18.206	18.194	18.181	18.169	18.161	18.151	18.136	18.127
19.725	19.724	19.712	19.711	19.704	19.702	19.69	19.677	19.675	19.671	19.667	19.661	19.651	19.633	19.621	19.602	19.588	19.589	19.58	19.574	19.568	19.561	19.562	19.55	19.539	19.531	19.511	19.51	19.491	19.494	19.481	19.461	19.445	19.43	19.418	19.412	19.393	19.381	19.361	19.349	19.332	19.314	19.302	19.291	19.273	19.267	19.252	19.247	19.235	19.218	19.204	19.189	19.176	19.173	19.159	19.135	19.133	19.118	19.108	19.094	19.079	19.066	19.049	19.034	19.018	18.999	18.993	18.976	18.965	18.953	18.942	18.93	18.916	18.898	18.888	18.873	18.854	18.838	18.825	18.808	18.789	18.78	18.759	18.747	18.736	18.72	18.709	18.698	18.686	18.674	18.655	18.647	18.642	18.629	18.616	18.608	18.597	18.584	18.566	18.546	18.526	18.516	18.494	18.473	18.459	18.447	18.431	18.413	18.399	18.379	18.368	18.356	18.343	18.334	18.321	18.303	18.291	18.283	18.266	18.254	18.244	18.233	18.222	18.21	18.194	18.185	18.168	18.156	18.142	18.13	18.107	18.093	18.079	18.063	18.052	18.047	18.023
19.634	19.642	19.62	19.623	19.602	19.591	19.586	19.58	19.577	19.574	19.565	19.557	19.548	19.543	19.542	19.539	19.528	19.518	19.504	19.503	19.494	19.479	19.475	19.467	19.458	19.448	19.433	19.431	19.416	19.403	19.392	19.38	19.373	19.352	19.327	19.321	19.312	19.3	19.287	19.269	19.254	19.235	19.218	19.206	19.192	19.181	19.171	19.153	19.143	19.126	19.112	19.104	19.087	19.063	19.06	19.053	19.042	19.032	19.019	19.01	19.002	18.993	18.978	18.953	18.937	18.926	18.907	18.892	18.883	18.875	18.862	18.853	18.836	18.817	18.804	18.792	18.777	18.756	18.74	18.726	18.708	18.7	18.683	18.659	18.658	18.642	18.629	18.617	18.6	18.583	18.575	18.567	18.555	18.542	18.536	18.524	18.508	18.498	18.485	18.462	18.446	18.419	18.405	18.389	18.372	18.353	18.338	18.321	18.307	18.291	18.28	18.265	18.253	18.237	18.224	18.214	18.202	18.195	18.176	18.163	18.162	18.149	18.138	18.125	18.109	18.089	18.078	18.07	18.044	18.041	18.025	18.008	17.996	17.979	17.962	17.961	17.939
19.537	19.537	19.528	19.524	19.518	19.507	19.495	19.479	19.467	19.462	19.467	19.461	19.458	19.448	19.436	19.425	19.419	19.41	19.407	19.397	19.402	19.395	19.383	19.375	19.368	19.358	19.347	19.324	19.323	19.314	19.302	19.291	19.277	19.267	19.258	19.244	19.226	19.208	19.194	19.175	19.164	19.146	19.13	19.115	19.102	19.081	19.08	19.059	19.047	19.041	19.026	19.012	18.998	18.987	18.977	18.956	18.942	18.94	18.933	18.922	18.908	18.897	18.887	18.875	18.859	18.838	18.821	18.812	18.8	18.788	18.781	18.764	18.741	18.736	18.719	18.698	18.69	18.67	18.65	18.634	18.626	18.598	18.592	18.579	18.559	18.548	18.536	18.525	18.51	18.5	18.491	18.474	18.467	18.459	18.446	18.436	18.425	18.412	18.397	18.371	18.354	18.335	18.319	18.3	18.279	18.262	18.243	18.224	18.212	18.195	18.187	18.171	18.166	18.15	18.134	18.122	18.11	18.093	18.091	18.072	18.067	18.059	18.043	18.027	18.012	18.004	17.98	17.978	17.961	17.942	17.937	17.92	17.905	17.894	17.878	17.86	17.862
19.437	19.438	19.437	19.428	19.419	19.403	19.385	19.377	19.376	19.362	19.359	19.353	19.343	19.344	19.342	19.335	19.321	19.309	19.31	19.3	19.294	19.292	19.284	19.281	19.27	19.259	19.259	19.244	19.235	19.216	19.203	19.198	19.188	19.174	19.157	19.134	19.134	19.118	19.104	19.093	19.074	19.061	19.043	19.023	19.008	18.992	18.984	18.977	18.956	18.945	18.935	18.925	18.914	18.901	18.88	18.87	18.864	18.85	18.843	18.836	18.823	18.81	18.793	18.777	18.764	18.749	18.733	18.719	18.705	18.694	18.685	18.669	18.656	18.641	18.629	18.611	18.595	18.584	18.568	18.548	18.534	18.519	18.507	18.494	18.474	18.461	18.444	18.429	18.421	18.406	18.395	18.386	18.376	18.366	18.354	18.353	18.339	18.321	18.305	18.291	18.265	18.248	18.227	18.214	18.196	18.174	18.154	18.137	18.123	18.098	18.093	18.081	18.069	18.06	18.043	18.031	18.017	18.006	17.999	17.984	17.975	17.967	17.959	17.942	17.924	17.912	17.895	17.875	17.871	17.848	17.84	17.828	17.812	17.802	17.793	17.769	17.765
19.34	19.336	19.336	19.334	19.328	19.311	19.301	19.293	19.277	19.266	19.256	19.25	19.242	19.241	19.237	19.225	19.212	19.201	19.196	19.193	19.185	19.182	19.172	19.173	19.171	19.159	19.149	19.135	19.122	19.12	19.105	19.091	19.078	19.073	19.056	19.043	19.037	19.019	19.005	18.992	18.983	18.967	18.955	18.935	18.924	18.911	18.895	18.889	18.87	18.853	18.845	18.83	18.813	18.811	18.793	18.786	18.768	18.76	18.76	18.751	18.738	18.719	18.7	18.682	18.665	18.656	18.638	18.622	18.611	18.601	18.59	18.573	18.568	18.546	18.524	18.515	18.494	18.485	18.477	18.461	18.45	18.441	18.423	18.406	18.39	18.372	18.356	18.344	18.328	18.316	18.303	18.295	18.274	18.267	18.257	18.252	18.242	18.224	18.207	18.189	18.166	18.146	18.131	18.124	18.105	18.085	18.064	18.05	18.031	18.014	17.998	17.984	17.968	17.961	17.951	17.938	17.929	17.915	17.897	17.888	17.879	17.862	17.857	17.85	17.833	17.815	17.805	17.782	17.769	17.755	17.735	17.725	17.716	17.704	17.698	17.686	17.668
19.242	19.236	19.232	19.237	19.229	19.214	19.202	19.191	19.178	19.175	19.158	19.153	19.144	19.138	19.125	19.114	19.11	19.104	19.092	19.087	19.075	19.074	19.065	19.056	19.051	19.046	19.033	19.031	19.02	19.015	19.007	18.988	18.973	18.961	18.95	18.938	18.922	18.912	18.901	18.886	18.876	18.859	18.847	18.842	18.826	18.82	18.813	18.796	18.785	18.769	18.753	18.736	18.726	18.716	18.699	18.689	18.677	18.669	18.664	18.652	18.637	18.627	18.606	18.592	18.573	18.558	18.537	18.521	18.504	18.496	18.496	18.482	18.463	18.453	18.429	18.41	18.397	18.381	18.372	18.365	18.355	18.343	18.326	18.313	18.296	18.279	18.273	18.26	18.238	18.222	18.207	18.198	18.18	18.164	18.153	18.14	18.133	18.124	18.104	18.085	18.065	18.05	18.029	18.019	18.005	17.986	17.971	17.955	17.935	17.921	17.899	17.888	17.87	17.856	17.844	17.837	17.829	17.815	17.8	17.786	17.773	17.762	17.747	17.739	17.735	17.72	17.706	17.692	17.667	17.659	17.642	17.625	17.611	17.607	17.592	17.586	17.575
19.139	19.133	19.133	19.131	19.125	19.109	19.102	19.096	19.083	19.085	19.067	19.061	19.051	19.035	19.025	19.009	19	18.998	18.985	18.981	18.97	18.965	18.962	18.954	18.95	18.942	18.932	18.929	18.916	18.907	18.896	18.887	18.869	18.855	18.841	18.835	18.815	18.808	18.798	18.781	18.775	18.76	18.751	18.741	18.728	18.72	18.715	18.7	18.691	18.675	18.663	18.653	18.641	18.627	18.608	18.596	18.585	18.574	18.563	18.546	18.534	18.523	18.506	18.489	18.472	18.464	18.443	18.428	18.408	18.395	18.391	18.383	18.361	18.35	18.334	18.312	18.298	18.283	18.268	18.261	18.248	18.232	18.226	18.207	18.194	18.178	18.171	18.16	18.14	18.127	18.111	18.095	18.085	18.07	18.06	18.042	18.026	18.017	18.002	17.987	17.958	17.945	17.929	17.916	17.899	17.881	17.87	17.856	17.837	17.827	17.806	17.79	17.77	17.752	17.744	17.734	17.723	17.707	17.692	17.685	17.667	17.661	17.647	17.63	17.624	17.609	17.59	17.585	17.563	17.554	17.544	17.528	17.517	17.507	17.493	17.486	17.479
19.023	19.019	19.02	19.016	19.012	19.007	18.999	19	18.988	18.985	18.974	18.964	18.956	18.939	18.925	18.909	18.896	18.894	18.876	18.875	18.874	18.868	18.86	18.852	18.843	18.839	18.835	18.821	18.805	18.792	18.785	18.777	18.767	18.753	18.73	18.723	18.714	18.7	18.693	18.679	18.673	18.658	18.65	18.636	18.631	18.619	18.612	18.598	18.587	18.574	18.565	18.554	18.541	18.531	18.513	18.504	18.486	18.473	18.459	18.448	18.43	18.415	18.399	18.384	18.372	18.363	18.341	18.326	18.31	18.305	18.284	18.277	18.261	18.246	18.229	18.21	18.192	18.183	18.163	18.149	18.133	18.121	18.117	18.098	18.091	18.075	18.064	18.055	18.038	18.026	18.011	17.995	17.984	17.963	17.958	17.941	17.929	17.91	17.894	17.882	17.852	17.837	17.821	17.805	17.789	17.777	17.765	17.756	17.739	17.724	17.705	17.689	17.67	17.659	17.647	17.629	17.621	17.604	17.586	17.573	17.562	17.548	17.545	17.527	17.506	17.499	17.487	17.476	17.462	17.445	17.441	17.429	17.42	17.409	17.405	17.388	17.38
18.909	18.911	18.907	18.901	18.893	18.889	18.878	18.876	18.872	18.862	18.865	18.843	18.844	18.835	18.823	18.811	18.794	18.79	18.782	18.772	18.768	18.764	18.756	18.747	18.737	18.734	18.729	18.721	18.705	18.694	18.675	18.668	18.649	18.636	18.62	18.609	18.602	18.589	18.587	18.573	18.561	18.548	18.544	18.521	18.522	18.511	18.502	18.487	18.472	18.454	18.447	18.438	18.431	18.42	18.41	18.394	18.38	18.368	18.358	18.34	18.32	18.304	18.295	18.281	18.267	18.249	18.241	18.227	18.204	18.202	18.174	18.166	18.155	18.142	18.127	18.113	18.087	18.076	18.058	18.039	18.023	18.008	18.002	17.993	17.983	17.971	17.956	17.95	17.936	17.919	17.912	17.895	17.881	17.868	17.851	17.824	17.814	17.802	17.784	17.769	17.754	17.731	17.712	17.69	17.675	17.665	17.651	17.648	17.636	17.622	17.603	17.584	17.563	17.548	17.534	17.518	17.505	17.495	17.479	17.462	17.457	17.433	17.431	17.422	17.405	17.392	17.385	17.361	17.354	17.343	17.333	17.323	17.318	17.308	17.306	17.296	17.284
18.777	18.78	18.784	18.785	18.772	18.781	18.771	18.765	18.758	18.749	18.742	18.726	18.731	18.725	18.723	18.712	18.691	18.667	18.669	18.674	18.666	18.658	18.647	18.633	18.626	18.618	18.614	18.61	18.596	18.578	18.553	18.561	18.536	18.522	18.511	18.497	18.498	18.486	18.466	18.46	18.445	18.435	18.423	18.41	18.404	18.393	18.382	18.369	18.351	18.338	18.328	18.319	18.309	18.306	18.298	18.289	18.282	18.262	18.244	18.227	18.211	18.196	18.18	18.168	18.164	18.141	18.128	18.119	18.091	18.075	18.071	18.051	18.038	18.026	18.013	18	17.976	17.964	17.946	17.932	17.919	17.899	17.889	17.877	17.864	17.855	17.843	17.829	17.818	17.809	17.797	17.788	17.774	17.754	17.73	17.712	17.696	17.68	17.664	17.651	17.637	17.617	17.603	17.591	17.576	17.56	17.549	17.535	17.526	17.517	17.498	17.481	17.462	17.44	17.419	17.414	17.391	17.382	17.376	17.349	17.34	17.329	17.317	17.311	17.297	17.28	17.273	17.256	17.243	17.23	17.221	17.212	17.205	17.197	17.186	17.178	17.172
18.625	18.636	18.639	18.639	18.633	18.639	18.639	18.633	18.631	18.622	18.609	18.606	18.597	18.597	18.598	18.591	18.584	18.582	18.57	18.565	18.551	18.54	18.53	18.518	18.51	18.502	18.497	18.482	18.475	18.473	18.449	18.431	18.415	18.407	18.396	18.384	18.367	18.365	18.356	18.346	18.335	18.323	18.31	18.307	18.288	18.278	18.264	18.252	18.236	18.219	18.201	18.2	18.195	18.19	18.187	18.178	18.159	18.149	18.14	18.125	18.107	18.085	18.079	18.058	18.046	18.031	18.015	18.001	17.994	17.966	17.948	17.932	17.921	17.913	17.898	17.886	17.873	17.861	17.841	17.825	17.806	17.79	17.774	17.765	17.752	17.738	17.726	17.704	17.697	17.683	17.667	17.659	17.651	17.635	17.609	17.6	17.579	17.565	17.547	17.534	17.519	17.511	17.495	17.481	17.464	17.45	17.442	17.426	17.414	17.403	17.384	17.365	17.343	17.329	17.301	17.296	17.278	17.267	17.263	17.255	17.232	17.226	17.209	17.198	17.186	17.169	17.15	17.151	17.135	17.121	17.115	17.105	17.088	17.086	17.071	17.064	17.051
18.467	18.471	18.479	18.481	18.49	18.497	18.508	18.503	18.502	18.491	18.477	18.474	18.469	18.474	18.474	18.463	18.448	18.446	18.434	18.44	18.426	18.418	18.411	18.396	18.385	18.371	18.372	18.366	18.347	18.332	18.321	18.303	18.3	18.285	18.271	18.264	18.256	18.238	18.237	18.216	18.199	18.189	18.183	18.177	18.168	18.161	18.145	18.129	18.11	18.096	18.082	18.078	18.069	18.066	18.06	18.055	18.045	18.034	18.017	18.005	17.992	17.979	17.962	17.943	17.924	17.916	17.9	17.878	17.868	17.845	17.835	17.824	17.809	17.79	17.778	17.77	17.759	17.738	17.726	17.713	17.692	17.681	17.657	17.645	17.633	17.618	17.605	17.591	17.572	17.554	17.546	17.531	17.517	17.511	17.495	17.472	17.461	17.444	17.429	17.408	17.394	17.386	17.366	17.357	17.351	17.339	17.325	17.305	17.303	17.282	17.278	17.26	17.228	17.215	17.189	17.173	17.173	17.159	17.138	17.128	17.113	17.103	17.101	17.089	17.075	17.066	17.048	17.028	17.022	17.011	16.998	16.985	16.972	16.962	16.95	16.94	16.934
18.307	18.311	18.319	18.326	18.332	18.336	18.342	18.352	18.353	18.344	18.341	18.34	18.342	18.325	18.324	18.332	18.327	18.328	18.325	18.326	18.308	18.302	18.292	18.275	18.271	18.253	18.246	18.238	18.223	18.212	18.202	18.181	18.163	18.148	18.144	18.14	18.13	18.117	18.108	18.093	18.074	18.06	18.05	18.045	18.034	18.024	18.011	17.993	17.98	17.961	17.957	17.947	17.942	17.938	17.931	17.922	17.91	17.9	17.897	17.881	17.87	17.86	17.831	17.836	17.809	17.787	17.773	17.754	17.738	17.725	17.712	17.699	17.687	17.673	17.662	17.643	17.634	17.619	17.605	17.59	17.572	17.56	17.539	17.527	17.51	17.493	17.481	17.465	17.453	17.439	17.425	17.409	17.397	17.385	17.374	17.352	17.338	17.319	17.303	17.292	17.273	17.255	17.241	17.235	17.227	17.218	17.208	17.19	17.186	17.17	17.157	17.146	17.13	17.104	17.093	17.063	17.053	17.045	17.032	17.017	17.007	16.992	16.983	16.973	16.964	16.954	16.945	16.921	16.912	16.898	16.882	16.869	16.859	16.84	16.835	16.827	16.813
18.141	18.146	18.154	18.161	18.171	18.183	18.189	18.201	18.204	18.202	18.197	18.185	18.194	18.189	18.192	18.19	18.179	18.182	18.183	18.179	18.171	18.177	18.168	18.156	18.145	18.128	18.113	18.103	18.094	18.084	18.067	18.056	18.041	18.03	18.016	18.006	17.996	17.998	17.984	17.963	17.944	17.926	17.913	17.908	17.899	17.889	17.88	17.866	17.85	17.833	17.829	17.815	17.809	17.802	17.789	17.781	17.778	17.759	17.75	17.736	17.723	17.728	17.708	17.695	17.677	17.655	17.642	17.634	17.611	17.597	17.58	17.57	17.557	17.546	17.533	17.516	17.507	17.485	17.467	17.456	17.446	17.431	17.41	17.403	17.386	17.375	17.36	17.337	17.326	17.312	17.297	17.285	17.276	17.265	17.245	17.224	17.213	17.2	17.184	17.168	17.152	17.137	17.116	17.105	17.096	17.091	17.089	17.077	17.064	17.059	17.04	17.027	17.017	16.997	16.978	16.966	16.941	16.928	16.917	16.898	16.887	16.882	16.866	16.862	16.848	16.835	16.825	16.815	16.797	16.786	16.764	16.752	16.735	16.719	16.713	16.709	16.697
17.983	17.985	17.997	18.003	18.015	18.025	18.026	18.026	18.03	18.032	18.038	18.032	18.038	18.035	18.04	18.052	18.041	18.041	18.034	18.029	18.033	18.033	18.029	18.022	18.013	18.006	17.994	17.978	17.961	17.959	17.938	17.928	17.906	17.894	17.886	17.868	17.859	17.853	17.842	17.837	17.816	17.801	17.785	17.77	17.758	17.755	17.748	17.733	17.726	17.712	17.697	17.682	17.67	17.662	17.65	17.64	17.636	17.62	17.608	17.593	17.583	17.581	17.57	17.55	17.534	17.518	17.503	17.487	17.477	17.465	17.446	17.437	17.429	17.417	17.405	17.394	17.381	17.366	17.346	17.33	17.318	17.305	17.287	17.27	17.257	17.243	17.231	17.216	17.198	17.184	17.173	17.161	17.151	17.139	17.128	17.109	17.092	17.079	17.065	17.05	17.034	17.026	17.005	16.989	16.976	16.963	16.955	16.964	16.94	16.938	16.93	16.913	16.894	16.876	16.851	16.846	16.829	16.807	16.793	16.785	16.769	16.765	16.75	16.743	16.731	16.717	16.701	16.692	16.676	16.66	16.645	16.63	16.617	16.609	16.595	16.588	16.577
17.811	17.814	17.816	17.825	17.828	17.842	17.847	17.856	17.86	17.861	17.865	17.868	17.881	17.879	17.882	17.895	17.893	17.893	17.886	17.879	17.878	17.877	17.882	17.882	17.87	17.859	17.857	17.845	17.832	17.825	17.806	17.789	17.767	17.753	17.74	17.731	17.726	17.712	17.702	17.692	17.67	17.658	17.643	17.634	17.62	17.613	17.608	17.605	17.592	17.582	17.562	17.548	17.532	17.517	17.513	17.496	17.498	17.487	17.467	17.468	17.457	17.44	17.428	17.411	17.396	17.379	17.371	17.354	17.333	17.321	17.308	17.297	17.295	17.28	17.272	17.261	17.24	17.238	17.225	17.212	17.191	17.178	17.159	17.139	17.127	17.106	17.091	17.084	17.066	17.054	17.046	17.029	17.018	17.008	16.996	16.983	16.971	16.952	16.934	16.926	16.913	16.901	16.888	16.877	16.86	16.851	16.836	16.841	16.825	16.812	16.796	16.787	16.766	16.751	16.731	16.72	16.705	16.696	16.674	16.668	16.644	16.632	16.618	16.607	16.596	16.591	16.576	16.56	16.546	16.534	16.517	16.507	16.49	16.485	16.47	16.46	16.45
17.636	17.635	17.638	17.644	17.641	17.657	17.67	17.68	17.692	17.689	17.691	17.691	17.701	17.717	17.716	17.723	17.726	17.726	17.727	17.722	17.716	17.722	17.719	17.719	17.719	17.714	17.699	17.692	17.673	17.658	17.648	17.636	17.617	17.61	17.594	17.584	17.574	17.567	17.561	17.546	17.52	17.508	17.494	17.49	17.484	17.463	17.46	17.456	17.453	17.444	17.43	17.415	17.403	17.383	17.374	17.358	17.342	17.344	17.331	17.334	17.317	17.309	17.298	17.282	17.266	17.246	17.233	17.22	17.206	17.186	17.174	17.15	17.143	17.135	17.119	17.119	17.111	17.104	17.087	17.074	17.059	17.043	17.033	17.005	16.998	16.975	16.964	16.949	16.929	16.92	16.904	16.894	16.88	16.873	16.858	16.849	16.837	16.824	16.807	16.793	16.79	16.776	16.769	16.756	16.737	16.739	16.728	16.711	16.706	16.693	16.679	16.666	16.647	16.627	16.618	16.603	16.582	16.576	16.55	16.533	16.51	16.496	16.487	16.477	16.463	16.456	16.445	16.431	16.418	16.405	16.384	16.377	16.361	16.346	16.34	16.333	16.319
17.438	17.448	17.453	17.46	17.458	17.47	17.481	17.501	17.512	17.511	17.521	17.516	17.515	17.521	17.533	17.546	17.561	17.56	17.569	17.571	17.562	17.562	17.553	17.55	17.555	17.549	17.532	17.519	17.506	17.497	17.488	17.475	17.464	17.451	17.437	17.426	17.42	17.404	17.397	17.387	17.369	17.363	17.34	17.332	17.327	17.314	17.314	17.312	17.3	17.297	17.282	17.265	17.262	17.239	17.237	17.231	17.212	17.2	17.191	17.185	17.174	17.162	17.158	17.138	17.129	17.117	17.092	17.083	17.07	17.054	17.039	17.015	17.005	16.988	16.981	16.98	16.971	16.966	16.945	16.938	16.926	16.899	16.887	16.864	16.847	16.834	16.822	16.813	16.797	16.782	16.768	16.761	16.748	16.732	16.721	16.717	16.699	16.69	16.679	16.66	16.658	16.635	16.633	16.629	16.621	16.609	16.6	16.579	16.576	16.564	16.546	16.53	16.525	16.501	16.497	16.484	16.463	16.448	16.427	16.405	16.389	16.375	16.357	16.341	16.338	16.322	16.314	16.298	16.284	16.273	16.256	16.243	16.231	16.216	16.202	16.193	16.185
17.24	17.255	17.261	17.265	17.267	17.279	17.292	17.313	17.324	17.328	17.333	17.34	17.337	17.335	17.342	17.352	17.362	17.373	17.385	17.385	17.387	17.382	17.376	17.379	17.377	17.373	17.363	17.349	17.335	17.332	17.318	17.308	17.297	17.284	17.279	17.267	17.253	17.244	17.235	17.228	17.213	17.195	17.191	17.182	17.174	17.173	17.159	17.166	17.158	17.148	17.138	17.119	17.124	17.101	17.083	17.08	17.073	17.057	17.053	17.037	17.023	17.011	17.005	16.995	16.983	16.966	16.955	16.944	16.934	16.917	16.904	16.894	16.88	16.86	16.842	16.836	16.822	16.823	16.804	16.787	16.769	16.751	16.738	16.716	16.697	16.683	16.67	16.662	16.656	16.645	16.637	16.626	16.614	16.596	16.588	16.578	16.564	16.555	16.548	16.53	16.521	16.512	16.492	16.491	16.484	16.471	16.461	16.46	16.442	16.434	16.424	16.404	16.397	16.377	16.365	16.356	16.344	16.324	16.308	16.288	16.264	16.251	16.233	16.214	16.209	16.183	16.176	16.161	16.14	16.135	16.118	16.093	16.086	16.076	16.067	16.061	16.05
17.023	17.04	17.051	17.067	17.066	17.073	17.081	17.09	17.11	17.125	17.135	17.139	17.147	17.149	17.153	17.162	17.167	17.184	17.196	17.205	17.207	17.207	17.203	17.196	17.191	17.194	17.197	17.189	17.169	17.165	17.156	17.151	17.138	17.122	17.1	17.088	17.083	17.078	17.072	17.058	17.059	17.045	17.041	17.03	17.019	17.02	17.005	17.006	16.997	16.989	16.983	16.97	16.943	16.943	16.933	16.922	16.915	16.904	16.898	16.881	16.874	16.86	16.842	16.835	16.819	16.818	16.813	16.796	16.778	16.766	16.762	16.755	16.743	16.724	16.708	16.699	16.688	16.677	16.659	16.64	16.62	16.601	16.577	16.561	16.545	16.531	16.515	16.513	16.51	16.5	16.489	16.48	16.466	16.457	16.439	16.437	16.432	16.418	16.399	16.389	16.371	16.367	16.357	16.348	16.34	16.336	16.317	16.322	16.309	16.3	16.29	16.272	16.261	16.254	16.239	16.223	16.21	16.187	16.164	16.158	16.145	16.137	16.12	16.095	16.073	16.058	16.04	16.029	16.014	15.996	15.972	15.959	15.943	15.937	15.931	15.927	15.92
16.802	16.821	16.838	16.85	16.86	16.873	16.888	16.901	16.916	16.926	16.938	16.947	16.954	16.956	16.962	16.976	16.985	16.995	17.004	17.01	17.014	17.011	17.005	17.012	17.018	17.011	17.013	17.013	17.007	16.992	16.983	16.974	16.965	16.959	16.946	16.943	16.93	16.927	16.92	16.9	16.899	16.88	16.874	16.87	16.868	16.865	16.848	16.843	16.845	16.836	16.823	16.816	16.806	16.795	16.786	16.773	16.767	16.755	16.762	16.745	16.731	16.717	16.699	16.685	16.675	16.665	16.649	16.647	16.642	16.625	16.619	16.605	16.597	16.585	16.571	16.554	16.544	16.523	16.514	16.495	16.469	16.452	16.441	16.42	16.396	16.383	16.376	16.366	16.357	16.345	16.34	16.327	16.315	16.31	16.306	16.294	16.287	16.272	16.263	16.257	16.239	16.218	16.212	16.193	16.183	16.185	16.172	16.171	16.167	16.158	16.143	16.137	16.129	16.114	16.11	16.092	16.075	16.06	16.037	16.02	16.003	15.991	15.977	15.96	15.945	15.936	15.915	15.901	15.888	15.866	15.844	15.826	15.804	15.796	15.789	15.777	15.774
16.58	16.594	16.616	16.631	16.655	16.663	16.67	16.683	16.702	16.71	16.732	16.747	16.757	16.774	16.785	16.788	16.796	16.805	16.813	16.821	16.82	16.822	16.819	16.817	16.819	16.822	16.82	16.827	16.833	16.819	16.815	16.803	16.799	16.806	16.783	16.785	16.774	16.771	16.763	16.747	16.733	16.729	16.722	16.72	16.713	16.696	16.691	16.675	16.673	16.68	16.673	16.665	16.664	16.654	16.641	16.632	16.625	16.617	16.612	16.607	16.594	16.581	16.564	16.54	16.52	16.521	16.504	16.49	16.487	16.473	16.464	16.457	16.447	16.431	16.415	16.397	16.391	16.375	16.36	16.343	16.325	16.312	16.287	16.275	16.257	16.248	16.235	16.223	16.215	16.197	16.177	16.166	16.155	16.146	16.147	16.139	16.13	16.124	16.117	16.098	16.097	16.073	16.054	16.048	16.043	16.034	16.036	16.023	16.012	16.006	16.001	15.987	15.979	15.961	15.955	15.948	15.938	15.923	15.906	15.884	15.867	15.852	15.833	15.82	15.804	15.793	15.782	15.765	15.75	15.73	15.712	15.69	15.677	15.662	15.653	15.642	15.642
16.355	16.377	16.399	16.41	16.415	16.434	16.452	16.472	16.488	16.502	16.515	16.533	16.551	16.565	16.582	16.592	16.599	16.61	16.614	16.617	16.617	16.625	16.627	16.632	16.633	16.634	16.635	16.633	16.652	16.645	16.647	16.638	16.633	16.641	16.621	16.618	16.608	16.6	16.597	16.589	16.574	16.577	16.562	16.559	16.556	16.547	16.545	16.53	16.516	16.518	16.514	16.509	16.508	16.512	16.498	16.492	16.486	16.477	16.464	16.46	16.453	16.44	16.42	16.404	16.379	16.373	16.355	16.338	16.321	16.319	16.306	16.288	16.276	16.267	16.255	16.244	16.225	16.213	16.202	16.191	16.18	16.167	16.144	16.131	16.114	16.105	16.089	16.076	16.056	16.051	16.028	16.009	15.996	15.983	15.978	15.979	15.963	15.953	15.947	15.937	15.927	15.915	15.899	15.891	15.885	15.875	15.88	15.867	15.854	15.846	15.835	15.822	15.816	15.805	15.794	15.787	15.787	15.768	15.757	15.741	15.728	15.713	15.695	15.675	15.667	15.652	15.64	15.621	15.606	15.587	15.573	15.562	15.554	15.539	15.523	15.514	15.506
16.117	16.14	16.16	16.185	16.188	16.212	16.233	16.247	16.267	16.284	16.294	16.316	16.332	16.354	16.37	16.382	16.393	16.396	16.405	16.408	16.416	16.423	16.425	16.449	16.444	16.45	16.447	16.447	16.46	16.454	16.457	16.453	16.457	16.462	16.464	16.448	16.436	16.429	16.419	16.418	16.412	16.418	16.408	16.405	16.396	16.39	16.379	16.374	16.371	16.359	16.357	16.354	16.352	16.357	16.353	16.345	16.343	16.339	16.324	16.316	16.306	16.29	16.271	16.251	16.231	16.215	16.206	16.188	16.173	16.166	16.145	16.128	16.117	16.108	16.099	16.089	16.068	16.055	16.043	16.037	16.027	16.012	16.001	15.98	15.963	15.952	15.945	15.929	15.905	15.893	15.876	15.857	15.84	15.83	15.809	15.809	15.798	15.791	15.789	15.782	15.763	15.753	15.747	15.742	15.73	15.726	15.715	15.705	15.695	15.68	15.668	15.671	15.655	15.647	15.636	15.629	15.616	15.604	15.602	15.589	15.577	15.568	15.553	15.533	15.52	15.505	15.493	15.475	15.456	15.438	15.42	15.415	15.407	15.398	15.387	15.373	15.361
15.858	15.889	15.915	15.935	15.945	15.97	15.996	16.019	16.043	16.064	16.071	16.092	16.106	16.123	16.144	16.157	16.177	16.188	16.201	16.202	16.206	16.226	16.22	16.24	16.252	16.256	16.256	16.253	16.253	16.26	16.267	16.268	16.274	16.277	16.289	16.272	16.273	16.268	16.253	16.255	16.251	16.25	16.243	16.232	16.233	16.231	16.229	16.216	16.21	16.203	16.193	16.189	16.188	16.195	16.198	16.196	16.197	16.183	16.173	16.165	16.151	16.135	16.113	16.091	16.077	16.06	16.049	16.031	16.015	16.001	15.985	15.978	15.965	15.959	15.946	15.938	15.92	15.904	15.888	15.878	15.868	15.855	15.849	15.82	15.802	15.789	15.772	15.759	15.75	15.722	15.71	15.694	15.682	15.672	15.658	15.654	15.647	15.636	15.627	15.615	15.605	15.592	15.584	15.578	15.571	15.568	15.557	15.547	15.537	15.521	15.511	15.511	15.497	15.494	15.482	15.476	15.464	15.452	15.441	15.433	15.423	15.415	15.399	15.387	15.372	15.354	15.341	15.322	15.299	15.285	15.27	15.26	15.248	15.247	15.245	15.231	15.219
15.6	15.63	15.651	15.678	15.695	15.718	15.747	15.774	15.795	15.817	15.84	15.859	15.87	15.886	15.907	15.921	15.946	15.959	15.982	15.99	16.004	16.018	16.016	16.034	16.048	16.055	16.055	16.059	16.058	16.069	16.071	16.081	16.088	16.089	16.099	16.099	16.105	16.101	16.086	16.086	16.088	16.086	16.08	16.065	16.06	16.067	16.068	16.054	16.045	16.035	16.029	16.019	16.016	16.028	16.03	16.03	16.023	16.014	16.006	15.996	15.982	15.97	15.95	15.93	15.919	15.901	15.887	15.872	15.863	15.851	15.835	15.827	15.807	15.797	15.795	15.778	15.765	15.754	15.736	15.724	15.706	15.694	15.679	15.66	15.651	15.632	15.615	15.596	15.588	15.561	15.541	15.528	15.518	15.512	15.505	15.496	15.495	15.485	15.472	15.457	15.452	15.433	15.429	15.421	15.409	15.405	15.403	15.384	15.375	15.367	15.352	15.348	15.34	15.334	15.323	15.319	15.311	15.3	15.284	15.275	15.27	15.255	15.244	15.229	15.218	15.199	15.183	15.167	15.148	15.134	15.122	15.117	15.102	15.093	15.093	15.086	15.081
15.333	15.361	15.386	15.417	15.444	15.462	15.488	15.509	15.529	15.563	15.583	15.611	15.626	15.646	15.662	15.67	15.699	15.716	15.745	15.764	15.784	15.805	15.812	15.823	15.839	15.85	15.863	15.87	15.871	15.879	15.882	15.891	15.898	15.907	15.919	15.919	15.917	15.914	15.912	15.913	15.907	15.917	15.904	15.903	15.901	15.89	15.887	15.887	15.876	15.872	15.866	15.852	15.848	15.849	15.859	15.856	15.85	15.84	15.836	15.824	15.811	15.796	15.781	15.766	15.748	15.735	15.726	15.72	15.713	15.699	15.681	15.668	15.655	15.645	15.633	15.618	15.607	15.591	15.579	15.568	15.549	15.532	15.518	15.508	15.489	15.479	15.467	15.449	15.432	15.42	15.399	15.382	15.372	15.357	15.347	15.346	15.332	15.328	15.317	15.302	15.294	15.284	15.278	15.269	15.258	15.239	15.242	15.221	15.209	15.2	15.192	15.183	15.18	15.174	15.167	15.155	15.147	15.139	15.124	15.113	15.109	15.098	15.087	15.077	15.062	15.043	15.02	15.007	14.996	14.989	14.981	14.97	14.96	14.952	14.941	14.934	14.927
15.077	15.102	15.129	15.154	15.186	15.204	15.222	15.247	15.272	15.306	15.321	15.346	15.365	15.388	15.408	15.424	15.446	15.477	15.493	15.514	15.54	15.564	15.588	15.603	15.629	15.64	15.652	15.667	15.674	15.681	15.69	15.699	15.708	15.713	15.72	15.73	15.731	15.73	15.734	15.733	15.723	15.742	15.732	15.725	15.723	15.717	15.711	15.708	15.702	15.694	15.689	15.687	15.675	15.674	15.678	15.686	15.678	15.679	15.663	15.653	15.642	15.627	15.615	15.601	15.588	15.576	15.568	15.559	15.552	15.54	15.528	15.51	15.503	15.484	15.47	15.457	15.448	15.427	15.422	15.411	15.39	15.386	15.364	15.351	15.341	15.323	15.312	15.299	15.27	15.268	15.245	15.23	15.22	15.207	15.188	15.181	15.166	15.153	15.141	15.13	15.119	15.121	15.106	15.095	15.087	15.073	15.058	15.059	15.048	15.038	15.025	15.018	15.022	15.01	15.007	14.994	14.983	14.965	14.96	14.953	14.942	14.932	14.926	14.912	14.9	14.885	14.868	14.857	14.843	14.829	14.827	14.821	14.811	14.802	14.789	14.774	14.766
14.815	14.842	14.873	14.892	14.934	14.946	14.965	14.991	15.008	15.037	15.064	15.101	15.13	15.162	15.186	15.206	15.215	15.236	15.25	15.279	15.312	15.336	15.366	15.382	15.402	15.423	15.441	15.458	15.473	15.478	15.492	15.504	15.512	15.524	15.523	15.522	15.527	15.524	15.529	15.542	15.543	15.539	15.541	15.546	15.548	15.544	15.541	15.529	15.521	15.516	15.512	15.505	15.498	15.497	15.498	15.496	15.491	15.487	15.483	15.473	15.456	15.444	15.436	15.431	15.417	15.403	15.389	15.388	15.384	15.372	15.351	15.338	15.327	15.323	15.308	15.29	15.284	15.271	15.264	15.253	15.243	15.229	15.215	15.197	15.187	15.171	15.152	15.143	15.123	15.099	15.086	15.071	15.058	15.046	15.029	15.019	15.005	14.988	14.972	14.965	14.947	14.944	14.935	14.918	14.906	14.905	14.89	14.877	14.87	14.865	14.86	14.848	14.843	14.839	14.831	14.818	14.81	14.81	14.795	14.789	14.78	14.771	14.766	14.759	14.748	14.734	14.719	14.709	14.697	14.684	14.679	14.664	14.657	14.646	14.633	14.621	14.605
14.567	14.597	14.628	14.651	14.69	14.705	14.724	14.743	14.765	14.799	14.827	14.848	14.89	14.927	14.954	14.975	14.991	15.011	15.026	15.051	15.077	15.098	15.122	15.144	15.169	15.19	15.212	15.231	15.26	15.265	15.278	15.295	15.309	15.317	15.328	15.333	15.342	15.342	15.335	15.34	15.346	15.351	15.355	15.358	15.353	15.349	15.35	15.344	15.337	15.337	15.332	15.328	15.324	15.321	15.313	15.304	15.298	15.291	15.288	15.279	15.274	15.268	15.263	15.246	15.242	15.233	15.223	15.218	15.21	15.197	15.186	15.177	15.164	15.157	15.145	15.129	15.122	15.102	15.092	15.081	15.074	15.066	15.063	15.044	15.033	15.019	15.002	14.98	14.965	14.942	14.932	14.914	14.895	14.877	14.873	14.849	14.837	14.82	14.805	14.795	14.786	14.772	14.77	14.758	14.743	14.738	14.724	14.719	14.706	14.699	14.692	14.68	14.671	14.663	14.658	14.648	14.644	14.638	14.626	14.623	14.617	14.606	14.599	14.596	14.587	14.581	14.566	14.556	14.546	14.53	14.512	14.5	14.492	14.483	14.473	14.459	14.447
14.32	14.347	14.38	14.408	14.446	14.464	14.485	14.499	14.524	14.555	14.586	14.609	14.65	14.689	14.721	14.748	14.763	14.79	14.807	14.829	14.853	14.884	14.9	14.92	14.944	14.964	14.984	15.009	15.029	15.049	15.066	15.08	15.095	15.106	15.117	15.124	15.129	15.134	15.144	15.146	15.152	15.156	15.153	15.16	15.169	15.166	15.158	15.158	15.156	15.147	15.146	15.145	15.138	15.137	15.134	15.121	15.112	15.105	15.103	15.096	15.097	15.091	15.086	15.08	15.075	15.066	15.061	15.054	15.046	15.034	15.014	15.003	14.993	14.979	14.969	14.96	14.942	14.929	14.921	14.92	14.909	14.891	14.886	14.879	14.869	14.86	14.848	14.827	14.811	14.798	14.767	14.752	14.74	14.719	14.702	14.688	14.671	14.653	14.638	14.63	14.622	14.614	14.603	14.595	14.584	14.574	14.562	14.548	14.54	14.534	14.524	14.513	14.504	14.489	14.481	14.47	14.462	14.455	14.461	14.454	14.453	14.447	14.442	14.43	14.422	14.417	14.403	14.396	14.385	14.368	14.36	14.343	14.33	14.312	14.3	14.285	14.276
14.082	14.113	14.137	14.169	14.194	14.229	14.244	14.27	14.294	14.331	14.364	14.395	14.42	14.456	14.485	14.506	14.536	14.55	14.57	14.591	14.613	14.64	14.668	14.687	14.712	14.737	14.756	14.78	14.799	14.826	14.844	14.861	14.88	14.893	14.902	14.912	14.929	14.936	14.939	14.951	14.951	14.953	14.961	14.96	14.966	14.969	14.97	14.97	14.971	14.975	14.968	14.961	14.957	14.954	14.951	14.949	14.937	14.924	14.925	14.925	14.921	14.916	14.908	14.909	14.902	14.9	14.899	14.894	14.883	14.867	14.848	14.835	14.816	14.803	14.792	14.781	14.764	14.764	14.762	14.75	14.744	14.733	14.722	14.717	14.711	14.701	14.683	14.67	14.647	14.64	14.619	14.599	14.583	14.561	14.54	14.532	14.507	14.496	14.485	14.47	14.459	14.449	14.438	14.427	14.421	14.409	14.394	14.388	14.376	14.367	14.358	14.348	14.335	14.325	14.316	14.308	14.298	14.288	14.288	14.285	14.289	14.282	14.275	14.264	14.251	14.243	14.238	14.231	14.226	14.212	14.194	14.183	14.166	14.155	14.141	14.124	14.113
13.849	13.877	13.905	13.932	13.956	13.996	14.021	14.046	14.075	14.106	14.129	14.165	14.194	14.23	14.254	14.266	14.294	14.31	14.33	14.359	14.384	14.408	14.435	14.463	14.485	14.506	14.533	14.557	14.58	14.606	14.621	14.637	14.654	14.665	14.682	14.697	14.714	14.721	14.729	14.735	14.745	14.751	14.761	14.768	14.769	14.768	14.771	14.775	14.779	14.781	14.778	14.773	14.772	14.767	14.765	14.764	14.756	14.749	14.74	14.743	14.746	14.743	14.742	14.741	14.738	14.735	14.727	14.721	14.702	14.687	14.675	14.66	14.647	14.636	14.624	14.613	14.606	14.6	14.595	14.59	14.581	14.574	14.559	14.55	14.55	14.533	14.527	14.511	14.487	14.472	14.46	14.444	14.425	14.412	14.39	14.379	14.36	14.341	14.329	14.307	14.295	14.287	14.279	14.265	14.258	14.245	14.233	14.223	14.218	14.208	14.196	14.183	14.172	14.163	14.151	14.147	14.14	14.128	14.128	14.126	14.126	14.118	14.107	14.103	14.087	14.08	14.073	14.068	14.057	14.056	14.039	14.028	14.013	13.993	13.984	13.969	13.963
