21.446	21.445	21.448	21.446	21.444	21.441	21.434	21.432	21.43	21.425	21.425	21.423	21.423	21.421	21.416	21.418	21.417	21.416	21.415	21.416	21.414	21.415	21.415	21.411	21.402	21.401	21.4	21.39	21.39	21.382	21.383	21.38	21.375	21.373	21.373	21.366	21.36	21.354	21.354	21.349	21.345	21.339	21.339	21.337	21.33	21.328	21.32	21.318	21.316	21.311	21.306	21.301	21.299	21.296	21.293	21.285	21.284	21.278	21.272	21.27	21.268	21.268	21.266	21.259	21.26	21.255	21.254	21.251	21.244	21.238	21.242	21.24	21.238	21.237	21.237	21.236	21.236	21.232	21.228	21.224	21.218	21.214	21.214	21.207	21.207	21.197	21.191	21.184	21.178	21.174	21.172	21.165	21.165	21.161	21.163	21.158	21.152	21.148	21.143	21.139	21.13	21.122	21.116	21.108	21.104	21.094	21.086	21.083	21.074	21.07	21.065	21.06	21.057	21.049	21.044	21.042	21.031	21.022	21.017	21.011	21.006	20.999	20.993	20.984	20.979	20.971	20.968	20.954	20.955	20.949	20.947	20.944	20.933	20.925	20.92	20.915	20.91
21.447	21.446	21.443	21.44	21.442	21.437	21.432	21.431	21.431	21.427	21.425	21.423	21.42	21.42	21.414	21.412	21.41	21.412	21.411	21.405	21.406	21.408	21.4	21.396	21.395	21.392	21.388	21.38	21.379	21.374	21.374	21.366	21.359	21.359	21.36	21.355	21.349	21.344	21.345	21.339	21.335	21.327	21.328	21.324	21.318	21.314	21.31	21.306	21.302	21.303	21.298	21.291	21.289	21.282	21.282	21.271	21.268	21.263	21.258	21.256	21.257	21.256	21.256	21.246	21.245	21.242	21.236	21.233	21.225	21.222	21.224	21.222	21.22	21.216	21.214	21.213	21.208	21.203	21.199	21.197	21.194	21.188	21.186	21.18	21.178	21.17	21.164	21.159	21.151	21.148	21.144	21.137	21.138	21.134	21.132	21.128	21.12	21.115	21.113	21.107	21.096	21.093	21.086	21.078	21.074	21.067	21.059	21.053	21.045	21.038	21.034	21.03	21.023	21.015	21.011	21.008	21.003	20.995	20.982	20.98	20.969	20.964	20.954	20.946	20.941	20.931	20.926	20.92	20.911	20.907	20.901	20.898	20.894	20.886	20.882	20.877	20.868
21.446	21.443	21.437	21.442	21.441	21.439	21.432	21.431	21.431	21.43	21.423	21.417	21.411	21.411	21.407	21.406	21.405	21.407	21.403	21.402	21.398	21.395	21.385	21.386	21.385	21.382	21.381	21.375	21.369	21.364	21.361	21.35	21.351	21.351	21.347	21.344	21.339	21.336	21.334	21.331	21.323	21.321	21.321	21.313	21.305	21.299	21.296	21.291	21.288	21.291	21.287	21.28	21.277	21.273	21.266	21.26	21.252	21.251	21.242	21.243	21.242	21.238	21.236	21.233	21.227	21.226	21.221	21.216	21.211	21.206	21.204	21.202	21.2	21.196	21.193	21.191	21.182	21.18	21.175	21.169	21.17	21.164	21.157	21.153	21.145	21.138	21.133	21.129	21.123	21.121	21.112	21.108	21.103	21.103	21.094	21.091	21.084	21.075	21.075	21.069	21.062	21.058	21.054	21.046	21.039	21.032	21.024	21.019	21.013	21.006	21.001	21	20.984	20.98	20.973	20.965	20.961	20.955	20.942	20.94	20.933	20.927	20.92	20.912	20.903	20.895	20.885	20.885	20.87	20.872	20.86	20.856	20.85	20.844	20.838	20.831	20.823
21.439	21.438	21.438	21.433	21.43	21.425	21.425	21.429	21.425	21.42	21.418	21.414	21.413	21.41	21.402	21.399	21.398	21.397	21.392	21.396	21.385	21.382	21.383	21.379	21.378	21.375	21.371	21.363	21.355	21.35	21.35	21.348	21.345	21.341	21.336	21.332	21.33	21.328	21.319	21.32	21.316	21.309	21.303	21.296	21.289	21.29	21.277	21.281	21.275	21.273	21.27	21.267	21.264	21.262	21.249	21.244	21.239	21.233	21.234	21.228	21.227	21.228	21.215	21.218	21.206	21.203	21.2	21.195	21.19	21.187	21.185	21.181	21.172	21.172	21.166	21.161	21.16	21.153	21.15	21.147	21.141	21.137	21.125	21.123	21.112	21.109	21.101	21.096	21.092	21.083	21.079	21.076	21.066	21.065	21.059	21.053	21.047	21.042	21.036	21.03	21.028	21.024	21.013	21.012	21.003	20.997	20.989	20.978	20.973	20.967	20.961	20.956	20.949	20.94	20.933	20.929	20.917	20.913	20.906	20.897	20.895	20.89	20.881	20.874	20.863	20.857	20.845	20.84	20.832	20.822	20.819	20.814	20.808	20.802	20.794	20.786	20.781
21.441	21.434	21.429	21.428	21.435	21.436	21.43	21.425	21.423	21.419	21.417	21.401	21.399	21.395	21.394	21.387	21.384	21.39	21.389	21.38	21.379	21.376	21.367	21.363	21.362	21.362	21.351	21.345	21.354	21.34	21.336	21.332	21.33	21.33	21.328	21.324	21.311	21.312	21.307	21.306	21.301	21.295	21.29	21.285	21.28	21.272	21.264	21.261	21.26	21.256	21.258	21.255	21.245	21.245	21.24	21.221	21.22	21.213	21.217	21.214	21.208	21.207	21.198	21.192	21.188	21.183	21.177	21.172	21.17	21.164	21.159	21.156	21.148	21.149	21.14	21.136	21.135	21.13	21.128	21.121	21.11	21.105	21.095	21.09	21.084	21.079	21.073	21.067	21.059	21.053	21.045	21.034	21.031	21.028	21.023	21.021	21.015	21.007	21.002	20.992	20.983	20.983	20.979	20.97	20.963	20.955	20.95	20.943	20.934	20.925	20.923	20.912	20.909	20.9	20.892	20.888	20.881	20.868	20.865	20.848	20.854	20.841	20.835	20.828	20.816	20.809	20.802	20.791	20.789	20.78	20.772	20.768	20.762	20.753	20.748	20.738	20.733
21.432	21.42	21.429	21.425	21.42	21.416	21.414	21.416	21.416	21.41	21.406	21.406	21.405	21.396	21.391	21.387	21.383	21.379	21.378	21.372	21.37	21.363	21.362	21.362	21.355	21.35	21.351	21.346	21.329	21.323	21.325	21.322	21.322	21.318	21.31	21.307	21.308	21.299	21.299	21.29	21.286	21.279	21.273	21.27	21.265	21.257	21.26	21.246	21.249	21.244	21.237	21.234	21.23	21.221	21.214	21.199	21.207	21.197	21.193	21.191	21.185	21.178	21.174	21.165	21.16	21.158	21.157	21.154	21.148	21.141	21.136	21.132	21.127	21.112	21.116	21.112	21.108	21.103	21.099	21.093	21.084	21.077	21.064	21.057	21.056	21.049	21.044	21.037	21.029	21.022	21.012	21	21	20.99	20.986	20.98	20.976	20.971	20.96	20.956	20.946	20.938	20.935	20.925	20.92	20.912	20.905	20.901	20.895	20.877	20.879	20.87	20.861	20.857	20.848	20.838	20.831	20.822	20.819	20.808	20.801	20.795	20.787	20.781	20.774	20.766	20.76	20.751	20.741	20.734	20.723	20.715	20.709	20.702	20.693	20.686	20.674
21.438	21.428	21.422	21.423	21.424	21.425	21.424	21.419	21.413	21.409	21.403	21.395	21.391	21.387	21.383	21.381	21.38	21.378	21.375	21.374	21.363	21.359	21.348	21.346	21.343	21.341	21.337	21.327	21.326	21.324	21.319	21.311	21.307	21.305	21.302	21.299	21.292	21.281	21.281	21.278	21.273	21.266	21.26	21.254	21.257	21.246	21.238	21.233	21.233	21.23	21.221	21.216	21.212	21.203	21.195	21.193	21.176	21.18	21.173	21.169	21.164	21.156	21.149	21.141	21.138	21.134	21.133	21.129	21.122	21.12	21.115	21.102	21.1	21.09	21.091	21.082	21.078	21.075	21.066	21.057	21.055	21.044	21.039	21.032	21.026	21.018	21.012	21.008	21.001	20.991	20.98	20.97	20.961	20.953	20.95	20.94	20.933	20.929	20.919	20.908	20.906	20.898	20.892	20.886	20.88	20.873	20.869	20.863	20.851	20.848	20.827	20.828	20.813	20.807	20.803	20.794	20.787	20.777	20.763	20.762	20.751	20.748	20.737	20.726	20.719	20.712	20.701	20.699	20.685	20.678	20.668	20.659	20.653	20.645	20.637	20.629	20.627
21.429	21.428	21.425	21.421	21.418	21.413	21.408	21.408	21.404	21.402	21.394	21.394	21.384	21.387	21.384	21.379	21.376	21.371	21.364	21.358	21.355	21.353	21.345	21.342	21.341	21.337	21.329	21.324	21.319	21.309	21.305	21.304	21.301	21.296	21.292	21.284	21.282	21.284	21.276	21.269	21.261	21.256	21.25	21.241	21.232	21.231	21.221	21.224	21.207	21.207	21.205	21.197	21.189	21.184	21.174	21.176	21.165	21.164	21.157	21.15	21.146	21.141	21.131	21.126	21.118	21.114	21.107	21.108	21.102	21.095	21.09	21.081	21.079	21.069	21.064	21.057	21.051	21.043	21.035	21.031	21.024	21.016	21.008	21	20.988	20.988	20.979	20.969	20.963	20.951	20.945	20.935	20.93	20.924	20.915	20.905	20.895	20.889	20.882	20.877	20.863	20.859	20.848	20.844	20.837	20.832	20.828	20.821	20.804	20.803	20.784	20.78	20.772	20.763	20.758	20.749	20.736	20.731	20.713	20.711	20.697	20.691	20.684	20.674	20.668	20.659	20.656	20.645	20.637	20.627	20.617	20.607	20.598	20.592	20.586	20.574	20.566
21.43	21.425	21.421	21.419	21.418	21.412	21.409	21.406	21.398	21.394	21.386	21.39	21.383	21.373	21.371	21.372	21.365	21.36	21.356	21.348	21.345	21.34	21.339	21.335	21.329	21.322	21.321	21.316	21.305	21.306	21.3	21.288	21.286	21.283	21.276	21.277	21.273	21.268	21.26	21.258	21.254	21.244	21.235	21.224	21.22	21.218	21.204	21.2	21.193	21.182	21.18	21.172	21.163	21.164	21.152	21.152	21.15	21.144	21.139	21.133	21.128	21.119	21.115	21.107	21.096	21.093	21.085	21.079	21.074	21.069	21.06	21.058	21.047	21.043	21.035	21.031	21.02	21.013	21.008	21.001	20.993	20.986	20.968	20.963	20.953	20.946	20.94	20.934	20.925	20.916	20.909	20.899	20.894	20.888	20.876	20.864	20.857	20.847	20.84	20.831	20.819	20.814	20.804	20.795	20.791	20.785	20.776	20.774	20.761	20.747	20.743	20.731	20.722	20.713	20.707	20.697	20.689	20.68	20.668	20.654	20.647	20.634	20.629	20.622	20.613	20.605	20.598	20.586	20.58	20.569	20.556	20.547	20.54	20.533	20.528	20.516	20.511
21.426	21.42	21.418	21.415	21.414	21.405	21.401	21.395	21.388	21.388	21.383	21.381	21.381	21.373	21.366	21.364	21.358	21.352	21.346	21.336	21.335	21.331	21.328	21.324	21.314	21.315	21.309	21.304	21.295	21.294	21.287	21.276	21.277	21.274	21.264	21.263	21.258	21.25	21.247	21.236	21.232	21.226	21.214	21.208	21.202	21.196	21.191	21.18	21.176	21.166	21.161	21.152	21.143	21.136	21.134	21.127	21.126	21.121	21.114	21.107	21.099	21.095	21.088	21.081	21.071	21.064	21.062	21.054	21.05	21.044	21.034	21.027	21.018	21.014	21.004	20.998	20.99	20.98	20.973	20.966	20.955	20.951	20.932	20.927	20.916	20.91	20.906	20.897	20.892	20.883	20.873	20.863	20.854	20.846	20.835	20.822	20.813	20.809	20.8	20.788	20.782	20.769	20.765	20.753	20.743	20.735	20.728	20.717	20.712	20.692	20.692	20.676	20.669	20.661	20.654	20.649	20.639	20.629	20.624	20.606	20.598	20.583	20.57	20.561	20.555	20.545	20.537	20.527	20.519	20.507	20.496	20.484	20.477	20.472	20.461	20.454	20.45
21.422	21.418	21.414	21.408	21.407	21.397	21.395	21.389	21.379	21.375	21.375	21.369	21.37	21.365	21.36	21.358	21.349	21.343	21.337	21.324	21.324	21.321	21.319	21.312	21.308	21.305	21.296	21.291	21.285	21.277	21.271	21.267	21.266	21.262	21.25	21.247	21.241	21.229	21.231	21.215	21.211	21.205	21.192	21.186	21.182	21.17	21.173	21.164	21.158	21.152	21.145	21.138	21.126	21.115	21.114	21.102	21.101	21.096	21.089	21.079	21.073	21.068	21.059	21.05	21.047	21.034	21.034	21.026	21.02	21.016	21.005	20.997	20.989	20.978	20.97	20.962	20.956	20.945	20.937	20.929	20.921	20.91	20.899	20.89	20.88	20.875	20.868	20.859	20.852	20.843	20.83	20.821	20.814	20.805	20.798	20.784	20.775	20.769	20.76	20.747	20.741	20.723	20.717	20.709	20.696	20.689	20.68	20.665	20.66	20.644	20.64	20.626	20.618	20.607	20.599	20.592	20.584	20.573	20.565	20.555	20.544	20.531	20.519	20.506	20.495	20.486	20.475	20.469	20.455	20.445	20.437	20.423	20.414	20.409	20.4	20.393	20.384
21.417	21.411	21.407	21.403	21.398	21.395	21.392	21.386	21.374	21.361	21.356	21.357	21.353	21.345	21.348	21.345	21.336	21.331	21.324	21.316	21.311	21.308	21.305	21.303	21.296	21.29	21.283	21.275	21.267	21.263	21.259	21.251	21.246	21.239	21.231	21.225	21.223	21.21	21.203	21.203	21.194	21.187	21.173	21.162	21.162	21.15	21.145	21.142	21.136	21.131	21.125	21.113	21.106	21.096	21.087	21.076	21.076	21.067	21.058	21.054	21.046	21.038	21.032	21.02	21.018	21.007	21.002	20.99	20.986	20.979	20.968	20.961	20.952	20.94	20.935	20.929	20.917	20.913	20.905	20.895	20.889	20.874	20.867	20.85	20.844	20.836	20.827	20.818	20.807	20.8	20.789	20.779	20.772	20.765	20.755	20.749	20.738	20.725	20.711	20.7	20.688	20.68	20.666	20.659	20.652	20.642	20.636	20.618	20.608	20.594	20.584	20.574	20.56	20.552	20.543	20.532	20.525	20.52	20.506	20.502	20.488	20.476	20.464	20.45	20.437	20.426	20.411	20.405	20.395	20.385	20.372	20.362	20.353	20.342	20.334	20.328	20.312
21.406	21.401	21.4	21.394	21.387	21.379	21.373	21.363	21.356	21.359	21.348	21.345	21.342	21.346	21.347	21.339	21.327	21.316	21.305	21.297	21.296	21.291	21.289	21.287	21.283	21.276	21.27	21.26	21.246	21.25	21.231	21.232	21.227	21.221	21.212	21.199	21.198	21.194	21.183	21.183	21.172	21.165	21.162	21.152	21.14	21.137	21.119	21.123	21.114	21.108	21.097	21.089	21.08	21.069	21.061	21.054	21.043	21.037	21.034	21.028	21.021	21.011	21.004	20.993	20.981	20.975	20.964	20.96	20.953	20.945	20.934	20.921	20.913	20.907	20.897	20.888	20.883	20.878	20.869	20.858	20.848	20.835	20.829	20.814	20.807	20.794	20.786	20.778	20.768	20.755	20.751	20.736	20.724	20.719	20.71	20.699	20.693	20.683	20.672	20.662	20.638	20.641	20.616	20.61	20.6	20.587	20.576	20.566	20.551	20.543	20.531	20.524	20.512	20.501	20.487	20.474	20.459	20.46	20.446	20.441	20.431	20.421	20.407	20.393	20.382	20.371	20.356	20.34	20.331	20.321	20.308	20.298	20.288	20.277	20.266	20.259	20.253
21.402	21.398	21.389	21.387	21.379	21.375	21.374	21.372	21.356	21.345	21.338	21.337	21.335	21.327	21.322	21.314	21.305	21.304	21.296	21.284	21.278	21.279	21.27	21.266	21.262	21.256	21.248	21.245	21.234	21.228	21.221	21.218	21.205	21.191	21.187	21.187	21.171	21.167	21.16	21.155	21.156	21.15	21.143	21.135	21.12	21.117	21.1	21.096	21.087	21.077	21.073	21.068	21.059	21.05	21.039	21.028	21.018	21.02	21.006	20.997	20.994	20.986	20.97	20.962	20.949	20.941	20.931	20.925	20.918	20.911	20.905	20.896	20.883	20.873	20.856	20.857	20.846	20.838	20.831	20.822	20.813	20.799	20.792	20.78	20.773	20.759	20.747	20.735	20.725	20.719	20.703	20.697	20.682	20.67	20.662	20.651	20.644	20.638	20.624	20.622	20.599	20.59	20.579	20.564	20.553	20.54	20.529	20.518	20.502	20.497	20.48	20.469	20.46	20.444	20.429	20.418	20.407	20.395	20.385	20.378	20.366	20.363	20.351	20.335	20.323	20.306	20.297	20.28	20.269	20.26	20.25	20.239	20.224	20.213	20.207	20.19	20.186
21.387	21.386	21.379	21.377	21.373	21.36	21.345	21.336	21.334	21.33	21.33	21.327	21.322	21.321	21.32	21.311	21.296	21.281	21.271	21.27	21.262	21.258	21.26	21.255	21.25	21.245	21.235	21.225	21.209	21.196	21.198	21.186	21.18	21.176	21.17	21.162	21.154	21.141	21.146	21.133	21.137	21.129	21.119	21.115	21.101	21.085	21.069	21.062	21.063	21.057	21.046	21.037	21.032	21.025	21.011	21.003	20.993	20.982	20.978	20.972	20.963	20.949	20.935	20.928	20.916	20.908	20.9	20.891	20.885	20.876	20.864	20.854	20.84	20.835	20.82	20.816	20.805	20.798	20.791	20.784	20.775	20.761	20.751	20.739	20.725	20.713	20.705	20.693	20.682	20.675	20.658	20.646	20.642	20.627	20.624	20.61	20.599	20.593	20.578	20.565	20.56	20.538	20.532	20.52	20.507	20.494	20.476	20.462	20.452	20.433	20.433	20.42	20.406	20.39	20.376	20.362	20.347	20.334	20.323	20.315	20.303	20.295	20.284	20.276	20.267	20.254	20.242	20.226	20.216	20.2	20.187	20.179	20.17	20.155	20.142	20.131	20.124
21.395	21.38	21.377	21.368	21.359	21.356	21.35	21.341	21.335	21.324	21.318	21.311	21.313	21.306	21.297	21.286	21.277	21.277	21.264	21.252	21.255	21.247	21.241	21.237	21.229	21.221	21.215	21.199	21.2	21.187	21.184	21.174	21.166	21.158	21.146	21.137	21.14	21.121	21.122	21.11	21.106	21.105	21.098	21.085	21.071	21.058	21.054	21.043	21.034	21.026	21.02	21.016	21.01	21	20.989	20.975	20.972	20.957	20.951	20.941	20.928	20.918	20.913	20.894	20.886	20.875	20.869	20.857	20.848	20.841	20.829	20.823	20.811	20.797	20.785	20.779	20.771	20.763	20.752	20.74	20.733	20.72	20.706	20.695	20.689	20.672	20.66	20.651	20.64	20.626	20.621	20.601	20.592	20.583	20.569	20.561	20.549	20.538	20.534	20.513	20.506	20.498	20.485	20.471	20.457	20.446	20.429	20.413	20.404	20.386	20.378	20.367	20.353	20.338	20.322	20.305	20.292	20.283	20.262	20.253	20.241	20.23	20.22	20.21	20.2	20.19	20.179	20.164	20.156	20.145	20.132	20.121	20.108	20.098	20.083	20.076	20.057
21.383	21.371	21.367	21.363	21.353	21.341	21.334	21.327	21.317	21.31	21.311	21.308	21.301	21.296	21.295	21.286	21.272	21.26	21.255	21.24	21.237	21.236	21.229	21.23	21.223	21.21	21.202	21.189	21.18	21.167	21.156	21.157	21.145	21.137	21.141	21.135	21.12	21.102	21.098	21.096	21.084	21.075	21.068	21.063	21.056	21.043	21.024	21.02	21.015	21.009	20.999	20.991	20.981	20.965	20.963	20.942	20.94	20.931	20.921	20.915	20.905	20.893	20.878	20.865	20.858	20.841	20.835	20.822	20.814	20.805	20.796	20.785	20.772	20.764	20.756	20.743	20.733	20.722	20.711	20.702	20.689	20.68	20.668	20.655	20.645	20.634	20.62	20.608	20.598	20.582	20.572	20.557	20.546	20.543	20.526	20.52	20.507	20.486	20.476	20.465	20.454	20.444	20.431	20.419	20.401	20.389	20.38	20.362	20.346	20.337	20.323	20.311	20.301	20.284	20.269	20.257	20.238	20.226	20.211	20.2	20.184	20.174	20.16	20.148	20.14	20.129	20.118	20.11	20.097	20.083	20.076	20.062	20.05	20.041	20.025	20.019	19.999
21.379	21.369	21.356	21.351	21.345	21.335	21.325	21.315	21.311	21.302	21.294	21.287	21.285	21.278	21.274	21.266	21.251	21.249	21.239	21.235	21.221	21.222	21.212	21.21	21.204	21.191	21.182	21.172	21.155	21.156	21.142	21.137	21.13	21.119	21.116	21.104	21.089	21.089	21.072	21.068	21.06	21.051	21.044	21.038	21.027	21.013	21.005	20.995	20.984	20.979	20.967	20.961	20.953	20.939	20.927	20.92	20.911	20.904	20.894	20.885	20.874	20.854	20.848	20.833	20.82	20.809	20.801	20.79	20.779	20.772	20.76	20.751	20.737	20.728	20.715	20.706	20.696	20.684	20.673	20.661	20.651	20.642	20.628	20.617	20.601	20.589	20.576	20.558	20.544	20.536	20.52	20.516	20.497	20.491	20.478	20.466	20.453	20.436	20.426	20.414	20.399	20.389	20.378	20.366	20.348	20.334	20.32	20.311	20.296	20.287	20.274	20.258	20.245	20.23	20.214	20.2	20.188	20.176	20.161	20.151	20.136	20.125	20.11	20.093	20.083	20.068	20.055	20.043	20.037	20.022	20.012	19.999	19.989	19.977	19.962	19.953	19.934
21.37	21.356	21.346	21.337	21.332	21.322	21.313	21.303	21.293	21.288	21.277	21.272	21.269	21.261	21.258	21.246	21.24	21.236	21.221	21.219	21.209	21.206	21.197	21.188	21.178	21.174	21.159	21.155	21.134	21.133	21.123	21.114	21.11	21.099	21.096	21.085	21.069	21.06	21.048	21.045	21.036	21.022	21.015	21.007	20.994	20.987	20.975	20.965	20.955	20.949	20.938	20.929	20.923	20.909	20.898	20.892	20.881	20.875	20.864	20.853	20.836	20.825	20.813	20.798	20.781	20.776	20.763	20.753	20.744	20.732	20.722	20.71	20.697	20.686	20.675	20.665	20.656	20.643	20.631	20.622	20.611	20.6	20.582	20.574	20.562	20.547	20.539	20.52	20.504	20.494	20.472	20.465	20.444	20.431	20.421	20.411	20.397	20.389	20.375	20.364	20.351	20.338	20.329	20.314	20.302	20.286	20.269	20.259	20.249	20.232	20.22	20.204	20.19	20.179	20.167	20.151	20.14	20.128	20.112	20.102	20.088	20.077	20.062	20.045	20.029	20.014	20.007	19.986	19.981	19.966	19.954	19.94	19.928	19.918	19.906	19.893	19.88
21.352	21.335	21.332	21.323	21.319	21.307	21.3	21.288	21.278	21.273	21.263	21.258	21.25	21.241	21.231	21.227	21.218	21.215	21.201	21.196	21.195	21.186	21.183	21.172	21.161	21.155	21.138	21.13	21.116	21.102	21.096	21.09	21.085	21.076	21.07	21.06	21.044	21.03	21.028	21.02	21.01	20.994	20.982	20.972	20.96	20.953	20.939	20.932	20.924	20.91	20.899	20.895	20.885	20.88	20.868	20.86	20.851	20.839	20.828	20.816	20.806	20.793	20.781	20.768	20.754	20.746	20.726	20.72	20.706	20.696	20.685	20.671	20.66	20.646	20.637	20.625	20.614	20.599	20.589	20.577	20.563	20.552	20.541	20.526	20.516	20.504	20.494	20.478	20.46	20.448	20.43	20.415	20.402	20.384	20.37	20.357	20.345	20.334	20.323	20.313	20.302	20.287	20.279	20.267	20.257	20.247	20.229	20.213	20.198	20.182	20.167	20.154	20.142	20.132	20.117	20.102	20.09	20.077	20.062	20.051	20.036	20.027	20.013	20.001	19.985	19.966	19.961	19.94	19.931	19.912	19.898	19.883	19.871	19.859	19.849	19.833	19.828
21.333	21.324	21.312	21.305	21.3	21.294	21.284	21.273	21.266	21.256	21.244	21.234	21.231	21.217	21.207	21.198	21.191	21.186	21.184	21.172	21.172	21.164	21.162	21.156	21.143	21.135	21.121	21.101	21.098	21.079	21.077	21.066	21.059	21.047	21.04	21.025	21.014	21.006	20.998	20.985	20.973	20.964	20.949	20.938	20.926	20.917	20.911	20.9	20.89	20.87	20.864	20.856	20.846	20.842	20.831	20.822	20.813	20.799	20.786	20.778	20.768	20.762	20.747	20.739	20.721	20.706	20.694	20.682	20.671	20.659	20.648	20.634	20.626	20.609	20.596	20.583	20.572	20.56	20.548	20.538	20.523	20.506	20.503	20.477	20.47	20.454	20.44	20.426	20.413	20.401	20.39	20.371	20.359	20.345	20.326	20.315	20.303	20.292	20.28	20.264	20.255	20.239	20.226	20.215	20.204	20.193	20.184	20.168	20.151	20.139	20.121	20.11	20.099	20.085	20.071	20.058	20.044	20.031	20.015	20.001	19.983	19.972	19.961	19.948	19.938	19.921	19.909	19.892	19.878	19.86	19.846	19.834	19.818	19.805	19.795	19.779	19.773
21.307	21.299	21.293	21.284	21.279	21.27	21.262	21.251	21.237	21.227	21.223	21.213	21.211	21.205	21.187	21.18	21.179	21.164	21.159	21.144	21.146	21.137	21.133	21.129	21.118	21.106	21.103	21.081	21.074	21.062	21.045	21.041	21.031	21.021	21.015	21.004	20.995	20.977	20.963	20.954	20.944	20.929	20.917	20.905	20.894	20.88	20.879	20.86	20.852	20.843	20.831	20.82	20.81	20.802	20.794	20.787	20.777	20.76	20.752	20.739	20.731	20.721	20.709	20.697	20.679	20.674	20.659	20.647	20.635	20.624	20.609	20.595	20.588	20.571	20.561	20.548	20.534	20.52	20.507	20.497	20.489	20.467	20.46	20.444	20.43	20.416	20.4	20.386	20.376	20.358	20.348	20.333	20.313	20.302	20.289	20.277	20.264	20.252	20.242	20.222	20.211	20.2	20.177	20.167	20.154	20.143	20.131	20.122	20.102	20.089	20.074	20.062	20.051	20.04	20.027	20.014	20	19.99	19.969	19.956	19.937	19.928	19.915	19.903	19.891	19.879	19.862	19.846	19.825	19.81	19.797	19.786	19.775	19.765	19.753	19.741	19.719
21.296	21.285	21.28	21.275	21.261	21.254	21.245	21.231	21.225	21.212	21.198	21.189	21.173	21.174	21.166	21.156	21.149	21.135	21.13	21.128	21.117	21.116	21.101	21.095	21.086	21.074	21.065	21.06	21.045	21.036	21.028	21.025	21.013	20.997	20.984	20.975	20.962	20.947	20.941	20.929	20.909	20.9	20.885	20.872	20.865	20.846	20.838	20.827	20.82	20.806	20.791	20.781	20.774	20.766	20.76	20.747	20.741	20.729	20.713	20.699	20.687	20.678	20.669	20.66	20.645	20.632	20.619	20.609	20.597	20.582	20.571	20.561	20.545	20.532	20.524	20.513	20.496	20.484	20.473	20.457	20.442	20.428	20.414	20.408	20.39	20.377	20.363	20.348	20.337	20.325	20.305	20.296	20.278	20.265	20.25	20.237	20.223	20.21	20.193	20.181	20.162	20.144	20.135	20.12	20.108	20.096	20.081	20.066	20.058	20.038	20.032	20.016	20.002	19.988	19.979	19.965	19.949	19.937	19.918	19.911	19.896	19.876	19.866	19.854	19.839	19.827	19.811	19.797	19.775	19.763	19.752	19.74	19.729	19.718	19.701	19.696	19.668
21.271	21.268	21.252	21.247	21.238	21.226	21.214	21.196	21.185	21.179	21.16	21.175	21.16	21.154	21.143	21.133	21.128	21.122	21.103	21.096	21.083	21.081	21.077	21.065	21.056	21.053	21.042	21.039	21.023	21.015	21.002	20.986	20.977	20.972	20.964	20.952	20.939	20.93	20.906	20.895	20.884	20.881	20.861	20.836	20.823	20.81	20.796	20.794	20.776	20.765	20.756	20.745	20.733	20.722	20.718	20.703	20.696	20.685	20.673	20.661	20.649	20.637	20.626	20.618	20.599	20.588	20.582	20.568	20.553	20.542	20.529	20.516	20.498	20.489	20.467	20.462	20.455	20.439	20.427	20.413	20.397	20.393	20.37	20.363	20.348	20.333	20.32	20.302	20.289	20.284	20.27	20.256	20.24	20.226	20.21	20.194	20.182	20.167	20.151	20.143	20.128	20.106	20.095	20.076	20.062	20.05	20.035	20.02	20.008	19.993	19.982	19.964	19.954	19.938	19.926	19.913	19.896	19.881	19.87	19.849	19.843	19.834	19.821	19.807	19.793	19.781	19.762	19.749	19.736	19.715	19.703	19.691	19.68	19.67	19.657	19.646	19.626
21.243	21.248	21.238	21.232	21.216	21.199	21.193	21.188	21.173	21.169	21.16	21.139	21.134	21.122	21.118	21.11	21.094	21.086	21.071	21.073	21.071	21.055	21.049	21.037	21.03	21.024	21.017	21.009	20.998	20.984	20.977	20.968	20.958	20.943	20.931	20.924	20.906	20.897	20.884	20.88	20.859	20.84	20.828	20.818	20.8	20.782	20.767	20.761	20.751	20.744	20.725	20.71	20.7	20.693	20.682	20.672	20.664	20.651	20.64	20.624	20.611	20.597	20.586	20.569	20.56	20.543	20.534	20.52	20.513	20.503	20.487	20.473	20.454	20.444	20.43	20.415	20.411	20.396	20.391	20.382	20.365	20.352	20.341	20.326	20.315	20.297	20.285	20.272	20.258	20.24	20.228	20.22	20.201	20.185	20.173	20.158	20.142	20.128	20.116	20.094	20.084	20.072	20.053	20.043	20.028	20.012	19.998	19.982	19.963	19.95	19.937	19.922	19.911	19.899	19.887	19.873	19.855	19.831	19.824	19.804	19.794	19.781	19.769	19.757	19.746	19.732	19.718	19.7	19.687	19.668	19.658	19.645	19.632	19.624	19.61	19.591	19.582
21.222	21.214	21.205	21.194	21.187	21.176	21.165	21.158	21.146	21.135	21.133	21.118	21.126	21.107	21.091	21.082	21.07	21.058	21.058	21.041	21.039	21.027	21.02	21.015	21.006	20.999	20.988	20.978	20.968	20.952	20.937	20.927	20.921	20.91	20.904	20.893	20.882	20.873	20.856	20.831	20.822	20.815	20.803	20.785	20.763	20.758	20.746	20.734	20.719	20.707	20.697	20.682	20.668	20.653	20.645	20.634	20.626	20.609	20.595	20.58	20.566	20.553	20.537	20.521	20.516	20.499	20.493	20.479	20.466	20.453	20.438	20.425	20.412	20.39	20.39	20.373	20.363	20.353	20.342	20.333	20.323	20.311	20.302	20.285	20.271	20.259	20.24	20.224	20.212	20.199	20.187	20.172	20.16	20.141	20.129	20.118	20.104	20.087	20.071	20.057	20.038	20.027	20.013	20.001	19.983	19.967	19.954	19.94	19.922	19.907	19.89	19.88	19.862	19.853	19.838	19.821	19.807	19.789	19.773	19.762	19.752	19.736	19.724	19.712	19.701	19.683	19.672	19.654	19.642	19.627	19.609	19.594	19.582	19.568	19.555	19.542	19.53
21.19	21.18	21.183	21.17	21.157	21.148	21.137	21.124	21.128	21.111	21.109	21.091	21.085	21.075	21.06	21.051	21.041	21.031	21.024	21.013	21.011	21.004	20.988	20.979	20.971	20.958	20.95	20.936	20.927	20.916	20.907	20.894	20.887	20.882	20.869	20.857	20.845	20.828	20.824	20.803	20.791	20.779	20.766	20.746	20.74	20.723	20.707	20.696	20.683	20.672	20.66	20.647	20.631	20.623	20.613	20.593	20.577	20.567	20.553	20.541	20.527	20.513	20.5	20.485	20.471	20.457	20.446	20.434	20.421	20.414	20.402	20.383	20.374	20.353	20.34	20.329	20.318	20.309	20.297	20.287	20.282	20.269	20.26	20.249	20.23	20.218	20.197	20.183	20.169	20.155	20.144	20.13	20.121	20.104	20.088	20.074	20.062	20.044	20.026	20.011	19.994	19.979	19.967	19.951	19.938	19.928	19.914	19.898	19.882	19.867	19.845	19.836	19.821	19.808	19.795	19.778	19.761	19.748	19.731	19.719	19.703	19.694	19.68	19.666	19.65	19.641	19.626	19.61	19.596	19.582	19.566	19.55	19.536	19.522	19.508	19.496	19.478
21.163	21.147	21.143	21.143	21.127	21.119	21.105	21.093	21.089	21.077	21.069	21.062	21.05	21.042	21.031	21.021	21.014	21.005	20.993	20.986	20.973	20.966	20.952	20.948	20.936	20.924	20.911	20.899	20.892	20.879	20.868	20.857	20.846	20.837	20.829	20.812	20.809	20.79	20.787	20.772	20.758	20.748	20.729	20.715	20.702	20.689	20.675	20.662	20.647	20.634	20.622	20.606	20.602	20.591	20.572	20.558	20.54	20.531	20.514	20.5	20.484	20.47	20.457	20.443	20.427	20.418	20.401	20.391	20.382	20.373	20.362	20.343	20.331	20.319	20.298	20.292	20.275	20.265	20.252	20.245	20.233	20.226	20.21	20.201	20.186	20.168	20.155	20.139	20.124	20.109	20.097	20.087	20.075	20.056	20.044	20.028	20.019	20.01	19.99	19.972	19.952	19.935	19.925	19.909	19.897	19.886	19.872	19.858	19.839	19.825	19.803	19.792	19.78	19.767	19.752	19.74	19.724	19.709	19.69	19.676	19.66	19.65	19.642	19.628	19.613	19.597	19.579	19.566	19.548	19.536	19.523	19.509	19.492	19.477	19.462	19.449	19.436
21.128	21.124	21.102	21.105	21.093	21.084	21.076	21.059	21.05	21.043	21.027	21.024	21.014	21.002	20.986	20.981	20.975	20.968	20.953	20.947	20.931	20.926	20.914	20.907	20.901	20.886	20.876	20.861	20.85	20.842	20.825	20.816	20.803	20.798	20.788	20.771	20.768	20.754	20.746	20.73	20.72	20.706	20.692	20.674	20.661	20.649	20.638	20.627	20.611	20.598	20.581	20.567	20.559	20.55	20.53	20.524	20.504	20.488	20.472	20.455	20.444	20.43	20.415	20.402	20.386	20.381	20.361	20.35	20.336	20.325	20.314	20.305	20.285	20.275	20.257	20.25	20.234	20.22	20.21	20.197	20.184	20.177	20.164	20.148	20.135	20.12	20.103	20.09	20.074	20.063	20.05	20.036	20.03	20.01	19.997	19.98	19.968	19.96	19.948	19.93	19.913	19.896	19.881	19.869	19.854	19.84	19.824	19.812	19.791	19.778	19.76	19.743	19.733	19.719	19.708	19.694	19.68	19.662	19.644	19.632	19.62	19.605	19.595	19.581	19.563	19.548	19.532	19.517	19.5	19.487	19.477	19.46	19.448	19.433	19.415	19.402	19.392
21.086	21.089	21.068	21.062	21.05	21.042	21.029	21.023	21.014	21.011	20.99	20.982	20.976	20.956	20.952	20.945	20.929	20.924	20.909	20.905	20.895	20.89	20.873	20.865	20.853	20.841	20.828	20.82	20.805	20.804	20.787	20.774	20.766	20.755	20.75	20.729	20.719	20.708	20.7	20.686	20.671	20.656	20.642	20.632	20.622	20.61	20.592	20.58	20.572	20.554	20.542	20.525	20.511	20.501	20.49	20.48	20.457	20.443	20.427	20.412	20.398	20.39	20.373	20.359	20.342	20.33	20.321	20.309	20.296	20.281	20.266	20.256	20.24	20.224	20.212	20.196	20.183	20.172	20.158	20.148	20.137	20.126	20.11	20.098	20.084	20.068	20.057	20.041	20.028	20.018	20.007	19.988	19.979	19.963	19.944	19.934	19.92	19.91	19.898	19.887	19.871	19.856	19.841	19.823	19.807	19.793	19.776	19.761	19.745	19.73	19.713	19.698	19.686	19.672	19.659	19.648	19.631	19.617	19.603	19.586	19.577	19.56	19.547	19.534	19.514	19.501	19.483	19.465	19.45	19.434	19.424	19.414	19.401	19.387	19.369	19.357	19.341
21.049	21.037	21.033	21.016	21.011	21.006	20.996	20.982	20.965	20.955	20.95	20.934	20.934	20.924	20.917	20.909	20.89	20.882	20.871	20.863	20.853	20.84	20.835	20.826	20.814	20.798	20.784	20.785	20.77	20.762	20.745	20.734	20.72	20.708	20.698	20.688	20.678	20.663	20.653	20.637	20.624	20.605	20.596	20.588	20.573	20.555	20.546	20.537	20.526	20.513	20.495	20.48	20.465	20.457	20.444	20.425	20.416	20.399	20.387	20.368	20.354	20.34	20.323	20.311	20.3	20.28	20.273	20.255	20.244	20.235	20.216	20.202	20.194	20.175	20.165	20.145	20.135	20.118	20.106	20.098	20.088	20.07	20.06	20.047	20.03	20.02	20.008	19.994	19.98	19.962	19.951	19.94	19.921	19.91	19.895	19.883	19.869	19.857	19.849	19.837	19.825	19.81	19.795	19.782	19.763	19.745	19.725	19.708	19.701	19.678	19.665	19.651	19.635	19.622	19.609	19.594	19.579	19.561	19.554	19.541	19.532	19.517	19.502	19.484	19.467	19.452	19.433	19.419	19.403	19.388	19.374	19.361	19.351	19.337	19.319	19.312	19.294
21.013	20.994	21	20.992	20.98	20.967	20.952	20.939	20.937	20.913	20.916	20.888	20.887	20.876	20.862	20.853	20.843	20.833	20.816	20.804	20.801	20.794	20.793	20.782	20.772	20.763	20.75	20.736	20.723	20.713	20.705	20.686	20.675	20.665	20.652	20.635	20.626	20.613	20.602	20.588	20.571	20.559	20.542	20.526	20.513	20.504	20.498	20.475	20.467	20.459	20.445	20.428	20.414	20.4	20.391	20.38	20.366	20.345	20.333	20.321	20.308	20.292	20.278	20.255	20.252	20.226	20.215	20.199	20.186	20.175	20.167	20.156	20.144	20.12	20.109	20.094	20.08	20.067	20.056	20.043	20.03	20.023	20.007	19.989	19.98	19.97	19.952	19.938	19.926	19.908	19.892	19.883	19.867	19.857	19.843	19.828	19.81	19.797	19.785	19.772	19.769	19.756	19.742	19.73	19.712	19.693	19.675	19.657	19.642	19.623	19.611	19.596	19.584	19.573	19.555	19.538	19.528	19.509	19.503	19.494	19.475	19.461	19.444	19.429	19.415	19.398	19.383	19.368	19.346	19.331	19.318	19.303	19.29	19.282	19.265	19.253	19.246
20.972	20.949	20.94	20.936	20.925	20.922	20.911	20.896	20.887	20.866	20.855	20.843	20.839	20.832	20.825	20.816	20.802	20.789	20.782	20.767	20.758	20.743	20.741	20.733	20.725	20.72	20.706	20.688	20.676	20.661	20.654	20.639	20.622	20.611	20.603	20.592	20.578	20.567	20.552	20.539	20.521	20.502	20.488	20.48	20.475	20.452	20.432	20.429	20.419	20.408	20.391	20.374	20.364	20.345	20.34	20.323	20.306	20.299	20.285	20.271	20.256	20.241	20.231	20.206	20.193	20.175	20.157	20.149	20.137	20.128	20.12	20.104	20.086	20.08	20.063	20.049	20.036	20.022	20.012	20	19.983	19.971	19.951	19.947	19.928	19.912	19.899	19.883	19.869	19.859	19.842	19.827	19.818	19.8	19.784	19.774	19.764	19.75	19.738	19.727	19.712	19.7	19.687	19.673	19.654	19.636	19.619	19.601	19.585	19.575	19.562	19.546	19.529	19.517	19.502	19.482	19.47	19.456	19.444	19.432	19.419	19.406	19.39	19.374	19.361	19.346	19.33	19.316	19.303	19.286	19.273	19.257	19.242	19.229	19.218	19.203	19.19
20.911	20.914	20.904	20.905	20.888	20.879	20.872	20.853	20.841	20.827	20.815	20.803	20.794	20.778	20.766	20.76	20.75	20.738	20.733	20.707	20.706	20.699	20.693	20.687	20.676	20.662	20.65	20.634	20.623	20.615	20.599	20.59	20.576	20.561	20.547	20.54	20.526	20.518	20.499	20.486	20.469	20.449	20.436	20.422	20.409	20.405	20.397	20.388	20.367	20.357	20.344	20.328	20.312	20.294	20.279	20.269	20.256	20.244	20.223	20.21	20.202	20.186	20.171	20.157	20.135	20.125	20.111	20.099	20.089	20.077	20.064	20.055	20.042	20.029	20.016	20.004	19.991	19.975	19.958	19.943	19.936	19.922	19.905	19.892	19.878	19.86	19.846	19.831	19.816	19.805	19.792	19.777	19.761	19.748	19.737	19.721	19.707	19.693	19.679	19.672	19.652	19.645	19.628	19.612	19.598	19.579	19.559	19.548	19.532	19.521	19.503	19.492	19.475	19.458	19.446	19.432	19.416	19.405	19.393	19.381	19.367	19.349	19.332	19.317	19.303	19.289	19.275	19.257	19.249	19.229	19.212	19.202	19.19	19.172	19.159	19.149	19.136
20.87	20.877	20.851	20.847	20.837	20.823	20.811	20.8	20.783	20.771	20.752	20.743	20.733	20.731	20.723	20.711	20.7	20.687	20.675	20.665	20.656	20.648	20.639	20.63	20.618	20.616	20.605	20.582	20.565	20.559	20.55	20.534	20.518	20.503	20.494	20.483	20.475	20.467	20.453	20.436	20.417	20.398	20.381	20.374	20.358	20.353	20.335	20.323	20.321	20.306	20.289	20.272	20.261	20.25	20.221	20.211	20.192	20.175	20.162	20.149	20.138	20.128	20.108	20.103	20.087	20.071	20.059	20.045	20.034	20.021	20.009	19.999	19.989	19.971	19.963	19.947	19.931	19.919	19.905	19.89	19.878	19.865	19.854	19.833	19.825	19.81	19.791	19.775	19.765	19.752	19.739	19.727	19.712	19.693	19.681	19.666	19.653	19.646	19.628	19.616	19.602	19.584	19.568	19.55	19.536	19.519	19.502	19.491	19.475	19.47	19.454	19.433	19.417	19.4	19.384	19.37	19.36	19.353	19.336	19.324	19.309	19.294	19.278	19.261	19.25	19.234	19.219	19.206	19.19	19.178	19.164	19.15	19.138	19.122	19.107	19.091	19.079
20.821	20.821	20.812	20.804	20.791	20.776	20.766	20.751	20.736	20.722	20.704	20.701	20.686	20.676	20.665	20.653	20.642	20.637	20.625	20.617	20.597	20.593	20.591	20.579	20.567	20.557	20.544	20.529	20.518	20.502	20.492	20.485	20.467	20.455	20.439	20.429	20.422	20.411	20.393	20.375	20.37	20.347	20.331	20.316	20.304	20.29	20.28	20.268	20.259	20.237	20.225	20.214	20.198	20.192	20.171	20.158	20.142	20.123	20.11	20.093	20.08	20.068	20.056	20.043	20.035	20.025	20.011	19.995	19.981	19.967	19.952	19.938	19.924	19.913	19.9	19.89	19.88	19.868	19.85	19.832	19.827	19.805	19.795	19.782	19.77	19.758	19.739	19.726	19.711	19.698	19.686	19.667	19.66	19.642	19.631	19.614	19.599	19.586	19.569	19.552	19.542	19.526	19.515	19.496	19.478	19.465	19.447	19.436	19.422	19.408	19.397	19.38	19.366	19.347	19.331	19.315	19.303	19.29	19.279	19.267	19.253	19.238	19.221	19.208	19.195	19.179	19.16	19.15	19.134	19.123	19.113	19.099	19.083	19.066	19.049	19.032	19.017
20.77	20.767	20.762	20.751	20.734	20.727	20.71	20.699	20.683	20.676	20.656	20.652	20.641	20.631	20.625	20.61	20.594	20.584	20.574	20.564	20.552	20.539	20.529	20.521	20.508	20.505	20.492	20.474	20.466	20.448	20.439	20.426	20.413	20.395	20.384	20.372	20.366	20.351	20.339	20.321	20.309	20.293	20.271	20.262	20.25	20.234	20.224	20.204	20.194	20.172	20.16	20.15	20.137	20.123	20.117	20.095	20.085	20.067	20.048	20.042	20.026	20.01	19.996	19.988	19.974	19.963	19.95	19.936	19.922	19.907	19.896	19.878	19.862	19.849	19.833	19.826	19.814	19.803	19.781	19.769	19.759	19.746	19.729	19.716	19.709	19.694	19.684	19.669	19.654	19.64	19.627	19.607	19.6	19.582	19.568	19.555	19.537	19.525	19.509	19.488	19.475	19.46	19.447	19.429	19.418	19.4	19.388	19.371	19.364	19.349	19.335	19.319	19.304	19.289	19.268	19.258	19.244	19.228	19.215	19.202	19.19	19.176	19.164	19.148	19.135	19.118	19.103	19.083	19.071	19.059	19.051	19.042	19.028	19.006	18.991	18.976	18.955
20.716	20.709	20.698	20.688	20.681	20.668	20.653	20.643	20.628	20.621	20.612	20.601	20.59	20.58	20.569	20.556	20.54	20.532	20.52	20.506	20.505	20.491	20.479	20.465	20.448	20.441	20.436	20.417	20.407	20.398	20.385	20.375	20.353	20.341	20.323	20.312	20.302	20.287	20.278	20.262	20.252	20.231	20.214	20.2	20.189	20.169	20.159	20.143	20.131	20.118	20.102	20.096	20.077	20.06	20.054	20.036	20.021	20.005	19.987	19.978	19.967	19.947	19.937	19.929	19.914	19.906	19.888	19.88	19.861	19.843	19.828	19.815	19.797	19.783	19.769	19.76	19.742	19.727	19.721	19.706	19.69	19.675	19.662	19.649	19.638	19.628	19.616	19.606	19.589	19.574	19.56	19.545	19.533	19.516	19.5	19.486	19.474	19.459	19.445	19.422	19.404	19.391	19.375	19.366	19.351	19.341	19.322	19.307	19.298	19.283	19.267	19.251	19.239	19.219	19.208	19.195	19.183	19.166	19.151	19.133	19.125	19.112	19.096	19.086	19.07	19.052	19.042	19.019	19.011	18.998	18.988	18.975	18.965	18.945	18.927	18.916	18.9
20.653	20.651	20.639	20.636	20.626	20.617	20.597	20.589	20.572	20.558	20.56	20.548	20.546	20.526	20.519	20.502	20.487	20.474	20.468	20.45	20.439	20.429	20.425	20.416	20.397	20.386	20.374	20.363	20.353	20.337	20.322	20.31	20.3	20.28	20.269	20.254	20.24	20.224	20.204	20.198	20.182	20.168	20.15	20.134	20.12	20.103	20.091	20.079	20.063	20.044	20.036	20.027	20.015	19.996	19.987	19.975	19.957	19.943	19.925	19.913	19.901	19.89	19.879	19.869	19.854	19.848	19.832	19.817	19.804	19.783	19.768	19.752	19.737	19.722	19.704	19.693	19.67	19.658	19.646	19.641	19.625	19.61	19.594	19.579	19.568	19.553	19.54	19.529	19.516	19.5	19.487	19.48	19.464	19.454	19.437	19.422	19.407	19.395	19.377	19.362	19.338	19.323	19.305	19.294	19.283	19.268	19.26	19.245	19.227	19.216	19.201	19.185	19.169	19.155	19.142	19.134	19.118	19.106	19.091	19.069	19.06	19.042	19.03	19.019	19.008	18.988	18.974	18.956	18.944	18.931	18.918	18.905	18.892	18.884	18.869	18.851	18.843
20.59	20.586	20.583	20.565	20.556	20.545	20.534	20.522	20.514	20.5	20.495	20.481	20.479	20.471	20.46	20.451	20.434	20.421	20.407	20.396	20.387	20.375	20.367	20.348	20.341	20.336	20.32	20.308	20.292	20.279	20.262	20.251	20.237	20.222	20.204	20.191	20.172	20.165	20.143	20.13	20.115	20.098	20.083	20.068	20.056	20.043	20.022	20.013	19.992	19.985	19.973	19.957	19.941	19.931	19.92	19.912	19.895	19.876	19.864	19.848	19.836	19.829	19.815	19.801	19.793	19.777	19.764	19.751	19.736	19.72	19.703	19.69	19.674	19.659	19.641	19.625	19.616	19.595	19.581	19.568	19.56	19.539	19.517	19.509	19.494	19.482	19.468	19.456	19.44	19.432	19.422	19.412	19.396	19.385	19.37	19.349	19.336	19.322	19.309	19.298	19.274	19.259	19.235	19.222	19.209	19.196	19.186	19.176	19.159	19.144	19.131	19.115	19.101	19.084	19.071	19.062	19.054	19.034	19.024	19.006	18.99	18.976	18.959	18.943	18.928	18.918	18.899	18.89	18.88	18.86	18.85	18.835	18.82	18.807	18.8	18.781	18.773
20.544	20.534	20.516	20.507	20.495	20.485	20.471	20.459	20.449	20.435	20.426	20.421	20.411	20.398	20.387	20.369	20.358	20.361	20.35	20.34	20.326	20.313	20.308	20.295	20.283	20.275	20.256	20.245	20.219	20.219	20.208	20.186	20.177	20.161	20.144	20.134	20.11	20.098	20.073	20.064	20.047	20.033	20.019	20	19.982	19.974	19.953	19.944	19.931	19.915	19.904	19.887	19.881	19.877	19.86	19.833	19.83	19.812	19.798	19.783	19.767	19.757	19.746	19.737	19.724	19.698	19.695	19.682	19.669	19.653	19.638	19.622	19.602	19.581	19.569	19.552	19.533	19.522	19.514	19.502	19.483	19.469	19.448	19.429	19.416	19.402	19.394	19.38	19.369	19.362	19.351	19.338	19.326	19.308	19.288	19.272	19.258	19.246	19.236	19.222	19.2	19.19	19.17	19.152	19.136	19.121	19.108	19.09	19.082	19.067	19.055	19.044	19.022	19.01	18.996	18.979	18.966	18.958	18.946	18.93	18.915	18.901	18.885	18.865	18.848	18.836	18.819	18.807	18.8	18.791	18.771	18.757	18.743	18.726	18.713	18.705	18.682
20.481	20.474	20.449	20.442	20.42	20.404	20.395	20.392	20.383	20.373	20.359	20.353	20.337	20.328	20.323	20.32	20.31	20.3	20.288	20.279	20.272	20.255	20.249	20.233	20.22	20.211	20.199	20.19	20.166	20.15	20.136	20.125	20.115	20.095	20.075	20.064	20.046	20.032	20.016	19.999	19.983	19.962	19.951	19.936	19.921	19.907	19.896	19.88	19.863	19.842	19.828	19.825	19.813	19.791	19.787	19.773	19.76	19.739	19.723	19.712	19.7	19.688	19.679	19.659	19.645	19.635	19.618	19.6	19.591	19.577	19.562	19.548	19.533	19.507	19.493	19.482	19.464	19.45	19.439	19.425	19.407	19.396	19.38	19.355	19.348	19.331	19.316	19.302	19.287	19.276	19.27	19.264	19.249	19.234	19.221	19.2	19.181	19.166	19.157	19.142	19.135	19.114	19.1	19.086	19.065	19.045	19.035	19.022	19.006	18.992	18.98	18.965	18.949	18.928	18.907	18.891	18.882	18.871	18.859	18.852	18.842	18.824	18.809	18.795	18.78	18.762	18.746	18.737	18.716	18.71	18.691	18.675	18.665	18.651	18.636	18.635	18.612
20.404	20.405	20.392	20.38	20.368	20.353	20.34	20.325	20.312	20.302	20.295	20.281	20.276	20.264	20.253	20.236	20.223	20.209	20.207	20.197	20.196	20.184	20.17	20.157	20.151	20.139	20.124	20.099	20.101	20.086	20.078	20.054	20.036	20.025	20.017	20.001	19.978	19.953	19.942	19.921	19.908	19.895	19.883	19.869	19.858	19.834	19.828	19.804	19.789	19.778	19.759	19.743	19.73	19.718	19.708	19.689	19.669	19.665	19.653	19.642	19.623	19.61	19.598	19.587	19.573	19.556	19.537	19.527	19.511	19.498	19.481	19.461	19.446	19.439	19.419	19.401	19.39	19.372	19.353	19.342	19.333	19.307	19.302	19.287	19.267	19.253	19.237	19.225	19.21	19.196	19.189	19.175	19.167	19.154	19.14	19.124	19.106	19.092	19.075	19.056	19.045	19.032	19.019	19.006	18.989	18.974	18.956	18.938	18.925	18.908	18.894	18.875	18.862	18.844	18.829	18.815	18.799	18.783	18.778	18.757	18.747	18.736	18.716	18.699	18.683	18.674	18.653	18.65	18.635	18.621	18.608	18.592	18.581	18.569	18.553	18.54	18.545
20.34	20.336	20.323	20.311	20.298	20.283	20.272	20.266	20.262	20.244	20.229	20.213	20.198	20.189	20.18	20.17	20.164	20.149	20.145	20.13	20.124	20.109	20.095	20.087	20.075	20.06	20.048	20.036	20.031	20.011	19.997	19.984	19.97	19.956	19.937	19.913	19.911	19.889	19.875	19.861	19.842	19.829	19.815	19.802	19.784	19.768	19.754	19.741	19.717	19.702	19.688	19.67	19.656	19.641	19.617	19.611	19.599	19.584	19.569	19.562	19.549	19.539	19.524	19.51	19.492	19.479	19.466	19.45	19.432	19.417	19.406	19.387	19.374	19.36	19.35	19.336	19.316	19.303	19.284	19.264	19.249	19.241	19.225	19.211	19.193	19.177	19.163	19.149	19.136	19.119	19.107	19.09	19.081	19.071	19.055	19.045	19.031	19.011	18.994	18.984	18.965	18.953	18.94	18.924	18.914	18.897	18.878	18.86	18.838	18.819	18.806	18.79	18.775	18.759	18.742	18.729	18.713	18.698	18.688	18.672	18.662	18.647	18.631	18.612	18.595	18.586	18.575	18.561	18.553	18.53	18.52	18.51	18.496	18.49	18.483	18.462	18.461
20.278	20.269	20.258	20.246	20.243	20.226	20.219	20.207	20.196	20.182	20.168	20.155	20.137	20.129	20.114	20.099	20.087	20.079	20.066	20.059	20.051	20.043	20.021	20.013	20.007	19.996	19.981	19.96	19.947	19.94	19.924	19.91	19.894	19.883	19.865	19.847	19.837	19.815	19.804	19.79	19.773	19.755	19.744	19.728	19.714	19.7	19.676	19.666	19.651	19.635	19.623	19.609	19.584	19.571	19.548	19.535	19.516	19.503	19.502	19.488	19.475	19.458	19.447	19.433	19.416	19.402	19.384	19.371	19.358	19.347	19.329	19.312	19.301	19.283	19.265	19.257	19.239	19.221	19.21	19.19	19.177	19.164	19.145	19.134	19.119	19.101	19.086	19.075	19.06	19.042	19.027	19.018	18.999	18.99	18.981	18.965	18.95	18.929	18.914	18.9	18.885	18.869	18.857	18.85	18.834	18.816	18.793	18.78	18.761	18.743	18.73	18.712	18.696	18.681	18.665	18.649	18.634	18.616	18.599	18.589	18.576	18.557	18.544	18.534	18.518	18.506	18.496	18.478	18.465	18.451	18.432	18.424	18.414	18.405	18.4	18.387	18.375
20.215	20.203	20.187	20.184	20.173	20.161	20.149	20.138	20.122	20.123	20.099	20.087	20.07	20.06	20.051	20.035	20.027	20.017	19.998	19.989	19.974	19.97	19.951	19.939	19.925	19.915	19.899	19.889	19.874	19.866	19.848	19.835	19.827	19.809	19.792	19.776	19.76	19.748	19.731	19.716	19.697	19.677	19.66	19.651	19.632	19.622	19.605	19.589	19.58	19.563	19.551	19.533	19.518	19.501	19.477	19.458	19.44	19.424	19.414	19.405	19.393	19.379	19.359	19.346	19.329	19.317	19.303	19.292	19.279	19.264	19.253	19.237	19.221	19.208	19.186	19.174	19.158	19.141	19.125	19.113	19.095	19.08	19.062	19.052	19.04	19.023	19.016	19.002	18.985	18.972	18.955	18.939	18.924	18.911	18.899	18.884	18.86	18.847	18.83	18.812	18.801	18.787	18.772	18.761	18.748	18.729	18.716	18.695	18.68	18.669	18.648	18.634	18.615	18.597	18.58	18.567	18.55	18.536	18.519	18.504	18.486	18.469	18.455	18.445	18.438	18.422	18.413	18.403	18.383	18.378	18.358	18.339	18.327	18.318	18.309	18.3	18.289
20.144	20.135	20.123	20.113	20.105	20.092	20.083	20.072	20.058	20.055	20.031	20.022	20.007	19.99	19.981	19.966	19.958	19.946	19.928	19.919	19.897	19.89	19.88	19.866	19.861	19.847	19.828	19.819	19.802	19.79	19.772	19.761	19.747	19.733	19.713	19.7	19.68	19.67	19.658	19.638	19.632	19.606	19.592	19.58	19.561	19.544	19.533	19.512	19.502	19.49	19.474	19.46	19.443	19.423	19.402	19.387	19.373	19.352	19.338	19.324	19.312	19.298	19.28	19.266	19.249	19.236	19.224	19.212	19.196	19.186	19.175	19.161	19.138	19.13	19.114	19.096	19.087	19.064	19.045	19.033	19.016	19	18.983	18.967	18.956	18.947	18.936	18.926	18.908	18.9	18.883	18.869	18.858	18.838	18.822	18.799	18.784	18.766	18.75	18.737	18.721	18.707	18.688	18.677	18.657	18.636	18.623	18.614	18.599	18.587	18.567	18.552	18.535	18.516	18.503	18.489	18.474	18.457	18.446	18.427	18.402	18.393	18.374	18.36	18.352	18.34	18.321	18.317	18.3	18.293	18.285	18.266	18.251	18.235	18.227	18.214	18.207
20.068	20.06	20.049	20.033	20.028	20.02	20.009	20.008	19.995	19.987	19.977	19.964	19.949	19.932	19.923	19.903	19.887	19.878	19.861	19.852	19.834	19.817	19.804	19.791	19.783	19.774	19.758	19.745	19.727	19.718	19.707	19.689	19.673	19.659	19.635	19.623	19.603	19.585	19.573	19.555	19.547	19.527	19.521	19.506	19.496	19.471	19.459	19.438	19.43	19.415	19.4	19.389	19.372	19.352	19.333	19.319	19.299	19.282	19.265	19.254	19.239	19.222	19.208	19.193	19.176	19.159	19.142	19.131	19.121	19.117	19.095	19.086	19.065	19.047	19.034	19.018	19.004	18.992	18.97	18.953	18.935	18.914	18.897	18.879	18.873	18.864	18.853	18.847	18.837	18.825	18.807	18.79	18.781	18.759	18.744	18.726	18.711	18.69	18.67	18.656	18.635	18.622	18.607	18.59	18.572	18.555	18.538	18.526	18.511	18.503	18.486	18.472	18.458	18.441	18.428	18.412	18.401	18.384	18.363	18.35	18.328	18.306	18.298	18.278	18.263	18.251	18.235	18.226	18.22	18.206	18.198	18.185	18.169	18.153	18.146	18.126	18.122
19.994	19.982	19.97	19.955	19.941	19.94	19.928	19.929	19.924	19.915	19.914	19.895	19.891	19.875	19.86	19.844	19.825	19.822	19.805	19.789	19.773	19.756	19.734	19.722	19.705	19.694	19.683	19.67	19.654	19.645	19.627	19.613	19.597	19.579	19.56	19.538	19.523	19.504	19.497	19.487	19.469	19.45	19.443	19.417	19.409	19.396	19.383	19.369	19.357	19.336	19.319	19.304	19.294	19.281	19.266	19.241	19.219	19.206	19.191	19.176	19.16	19.147	19.137	19.12	19.106	19.088	19.074	19.058	19.045	19.039	19.01	19.001	18.989	18.972	18.951	18.941	18.92	18.903	18.887	18.869	18.852	18.83	18.814	18.795	18.787	18.776	18.765	18.764	18.75	18.736	18.726	18.714	18.697	18.681	18.665	18.642	18.627	18.611	18.587	18.569	18.556	18.538	18.519	18.5	18.484	18.467	18.447	18.439	18.421	18.409	18.398	18.387	18.37	18.355	18.339	18.322	18.315	18.301	18.287	18.27	18.258	18.232	18.219	18.197	18.179	18.169	18.161	18.138	18.136	18.12	18.106	18.099	18.089	18.073	18.062	18.047	18.029
19.909	19.896	19.885	19.877	19.872	19.875	19.865	19.864	19.852	19.841	19.836	19.828	19.825	19.807	19.791	19.777	19.759	19.735	19.73	19.72	19.708	19.69	19.669	19.651	19.636	19.624	19.612	19.593	19.572	19.554	19.535	19.539	19.52	19.506	19.486	19.471	19.455	19.436	19.413	19.401	19.384	19.369	19.356	19.337	19.332	19.312	19.304	19.288	19.269	19.257	19.242	19.225	19.212	19.2	19.184	19.17	19.155	19.129	19.111	19.094	19.08	19.068	19.05	19.035	19.03	19.01	18.995	18.985	18.962	18.95	18.943	18.922	18.907	18.892	18.876	18.864	18.841	18.831	18.806	18.783	18.773	18.752	18.74	18.716	18.7	18.685	18.672	18.658	18.65	18.645	18.638	18.629	18.616	18.597	18.575	18.553	18.541	18.524	18.507	18.492	18.475	18.448	18.434	18.418	18.402	18.386	18.365	18.344	18.337	18.325	18.309	18.298	18.29	18.269	18.255	18.251	18.232	18.22	18.211	18.187	18.18	18.167	18.143	18.124	18.106	18.088	18.081	18.064	18.056	18.044	18.029	18.017	18.007	17.994	17.976	17.965	17.954
19.827	19.82	19.805	19.795	19.783	19.781	19.772	19.767	19.764	19.757	19.749	19.748	19.74	19.726	19.716	19.707	19.7	19.687	19.674	19.653	19.636	19.616	19.595	19.579	19.567	19.552	19.538	19.519	19.503	19.491	19.472	19.454	19.434	19.423	19.41	19.392	19.366	19.353	19.33	19.315	19.303	19.285	19.272	19.261	19.243	19.229	19.218	19.199	19.179	19.161	19.142	19.13	19.121	19.11	19.098	19.083	19.064	19.058	19.048	19.024	18.999	18.978	18.98	18.952	18.938	18.921	18.904	18.892	18.886	18.862	18.848	18.835	18.824	18.814	18.796	18.781	18.762	18.744	18.726	18.71	18.689	18.673	18.657	18.638	18.623	18.606	18.588	18.57	18.563	18.549	18.533	18.525	18.515	18.501	18.476	18.465	18.445	18.428	18.413	18.398	18.38	18.363	18.351	18.331	18.312	18.297	18.289	18.275	18.261	18.241	18.228	18.21	18.193	18.188	18.164	18.157	18.145	18.134	18.127	18.118	18.099	18.09	18.069	18.055	18.041	18.023	18.001	17.999	17.975	17.959	17.946	17.934	17.918	17.912	17.894	17.882	17.871
19.742	19.73	19.723	19.716	19.704	19.694	19.69	19.685	19.676	19.669	19.656	19.656	19.647	19.649	19.639	19.627	19.607	19.6	19.579	19.573	19.556	19.541	19.524	19.503	19.489	19.472	19.464	19.455	19.431	19.403	19.387	19.369	19.37	19.346	19.325	19.307	19.289	19.266	19.242	19.213	19.192	19.179	19.171	19.161	19.151	19.144	19.123	19.106	19.084	19.069	19.053	19.04	19.028	19.01	18.994	18.984	18.98	18.972	18.955	18.938	18.918	18.903	18.888	18.868	18.847	18.837	18.822	18.8	18.789	18.772	18.756	18.746	18.736	18.721	18.706	18.693	18.675	18.655	18.645	18.627	18.602	18.589	18.568	18.549	18.531	18.513	18.494	18.483	18.467	18.452	18.445	18.433	18.416	18.402	18.384	18.369	18.353	18.338	18.32	18.301	18.288	18.279	18.257	18.248	18.231	18.215	18.203	18.182	18.175	18.154	18.145	18.126	18.101	18.094	18.081	18.062	18.06	18.047	18.033	18.025	18.007	17.989	17.982	17.968	17.95	17.941	17.918	17.903	17.891	17.874	17.856	17.843	17.829	17.817	17.804	17.794	17.785
19.654	19.649	19.639	19.63	19.622	19.602	19.596	19.586	19.58	19.572	19.567	19.559	19.554	19.542	19.534	19.535	19.525	19.515	19.503	19.495	19.475	19.458	19.443	19.419	19.402	19.393	19.381	19.367	19.348	19.331	19.318	19.29	19.275	19.258	19.241	19.224	19.204	19.176	19.161	19.139	19.116	19.101	19.085	19.069	19.053	19.041	19.025	19.006	18.993	18.97	18.957	18.935	18.923	18.912	18.899	18.886	18.875	18.865	18.858	18.84	18.829	18.817	18.789	18.795	18.77	18.746	18.732	18.718	18.698	18.685	18.667	18.652	18.64	18.628	18.619	18.597	18.586	18.571	18.557	18.54	18.515	18.503	18.476	18.461	18.442	18.426	18.412	18.388	18.379	18.359	18.349	18.333	18.318	18.303	18.287	18.269	18.256	18.241	18.229	18.214	18.196	18.184	18.173	18.164	18.146	18.127	18.114	18.094	18.087	18.065	18.048	18.031	18.012	17.995	17.988	17.971	17.962	17.955	17.943	17.932	17.924	17.903	17.893	17.876	17.862	17.848	17.837	17.816	17.8	17.784	17.766	17.747	17.734	17.726	17.718	17.707	17.695
19.539	19.537	19.529	19.517	19.514	19.505	19.501	19.495	19.487	19.481	19.474	19.455	19.454	19.441	19.437	19.432	19.421	19.412	19.402	19.39	19.381	19.37	19.352	19.335	19.314	19.308	19.293	19.273	19.257	19.242	19.222	19.205	19.19	19.18	19.161	19.141	19.117	19.095	19.071	19.048	19.027	19.003	18.991	18.979	18.962	18.941	18.923	18.909	18.892	18.873	18.86	18.837	18.828	18.811	18.791	18.778	18.774	18.761	18.758	18.74	18.722	18.723	18.702	18.689	18.669	18.648	18.637	18.621	18.606	18.592	18.575	18.565	18.549	18.535	18.517	18.503	18.493	18.475	18.457	18.441	18.426	18.41	18.389	18.376	18.355	18.34	18.323	18.297	18.28	18.261	18.236	18.223	18.212	18.195	18.19	18.173	18.162	18.146	18.132	18.121	18.104	18.097	18.078	18.067	18.054	18.037	18.024	18.003	17.986	17.974	17.953	17.938	17.921	17.9	17.882	17.874	17.857	17.85	17.845	17.828	17.819	17.807	17.79	17.784	17.772	17.751	17.736	17.722	17.704	17.684	17.668	17.649	17.638	17.621	17.611	17.604	17.593
19.418	19.414	19.407	19.405	19.399	19.39	19.385	19.387	19.38	19.377	19.372	19.356	19.352	19.341	19.332	19.322	19.311	19.306	19.298	19.288	19.281	19.271	19.252	19.241	19.219	19.207	19.195	19.178	19.155	19.146	19.131	19.116	19.098	19.085	19.073	19.048	19.024	19.004	18.98	18.961	18.938	18.924	18.903	18.889	18.869	18.85	18.83	18.811	18.797	18.782	18.756	18.74	18.723	18.71	18.692	18.679	18.672	18.655	18.648	18.635	18.624	18.62	18.603	18.584	18.568	18.554	18.537	18.52	18.502	18.493	18.474	18.463	18.453	18.435	18.428	18.416	18.396	18.378	18.357	18.345	18.327	18.315	18.297	18.28	18.263	18.246	18.228	18.206	18.185	18.165	18.141	18.123	18.113	18.099	18.094	18.074	18.059	18.047	18.038	18.023	18.009	18.003	17.984	17.971	17.954	17.939	17.919	17.913	17.889	17.875	17.858	17.838	17.825	17.81	17.788	17.778	17.764	17.752	17.74	17.728	17.71	17.703	17.688	17.678	17.67	17.652	17.637	17.626	17.601	17.585	17.569	17.555	17.536	17.523	17.506	17.495	17.485
19.303	19.297	19.293	19.29	19.281	19.276	19.275	19.271	19.267	19.267	19.257	19.249	19.241	19.231	19.226	19.215	19.211	19.198	19.192	19.185	19.175	19.159	19.143	19.135	19.12	19.108	19.096	19.084	19.066	19.055	19.034	19.021	18.996	18.983	18.967	18.948	18.93	18.907	18.887	18.868	18.846	18.83	18.81	18.797	18.782	18.764	18.743	18.715	18.698	18.683	18.655	18.643	18.622	18.604	18.595	18.573	18.563	18.554	18.537	18.535	18.526	18.509	18.499	18.481	18.465	18.446	18.435	18.418	18.4	18.383	18.374	18.361	18.357	18.34	18.33	18.317	18.296	18.279	18.259	18.244	18.228	18.216	18.2	18.179	18.169	18.147	18.13	18.112	18.088	18.071	18.054	18.032	18.019	18.008	17.992	17.974	17.961	17.947	17.932	17.923	17.913	17.897	17.881	17.874	17.856	17.846	17.82	17.818	17.795	17.781	17.758	17.739	17.721	17.717	17.697	17.681	17.668	17.656	17.633	17.627	17.607	17.593	17.582	17.567	17.553	17.547	17.533	17.521	17.505	17.491	17.473	17.46	17.437	17.424	17.406	17.395	17.385
19.178	19.172	19.17	19.169	19.159	19.159	19.153	19.149	19.142	19.137	19.13	19.127	19.129	19.129	19.117	19.108	19.105	19.088	19.083	19.072	19.057	19.054	19.042	19.02	19.011	18.997	18.986	18.978	18.961	18.947	18.935	18.916	18.895	18.88	18.859	18.841	18.818	18.806	18.786	18.764	18.743	18.73	18.712	18.698	18.683	18.66	18.646	18.625	18.599	18.589	18.565	18.547	18.528	18.507	18.498	18.471	18.449	18.447	18.43	18.42	18.407	18.402	18.39	18.375	18.357	18.336	18.322	18.311	18.298	18.275	18.266	18.253	18.25	18.245	18.226	18.212	18.195	18.181	18.163	18.143	18.127	18.115	18.1	18.073	18.062	18.049	18.024	18.014	17.989	17.97	17.959	17.938	17.925	17.909	17.887	17.873	17.862	17.844	17.826	17.816	17.809	17.791	17.787	17.771	17.757	17.749	17.725	17.704	17.688	17.679	17.658	17.646	17.627	17.614	17.601	17.583	17.569	17.556	17.531	17.519	17.497	17.488	17.471	17.455	17.441	17.433	17.42	17.41	17.399	17.385	17.367	17.359	17.34	17.327	17.312	17.301	17.289
19.041	19.037	19.033	19.035	19.033	19.024	19.017	19.013	19.01	19.002	19.001	19.002	19	18.999	19.001	18.985	18.989	18.978	18.977	18.964	18.951	18.94	18.927	18.911	18.902	18.888	18.875	18.87	18.851	18.831	18.822	18.809	18.788	18.77	18.75	18.732	18.713	18.696	18.681	18.663	18.645	18.632	18.608	18.593	18.574	18.553	18.536	18.517	18.498	18.478	18.462	18.436	18.436	18.411	18.399	18.385	18.361	18.339	18.324	18.313	18.301	18.297	18.29	18.267	18.253	18.234	18.213	18.2	18.187	18.169	18.16	18.146	18.145	18.137	18.119	18.11	18.091	18.077	18.06	18.05	18.03	18.008	18	17.977	17.96	17.942	17.926	17.907	17.888	17.874	17.851	17.838	17.822	17.805	17.786	17.773	17.751	17.734	17.72	17.702	17.705	17.688	17.683	17.673	17.659	17.647	17.629	17.599	17.585	17.572	17.553	17.537	17.531	17.503	17.494	17.483	17.464	17.452	17.434	17.411	17.396	17.384	17.368	17.348	17.34	17.318	17.308	17.294	17.282	17.273	17.261	17.251	17.242	17.229	17.217	17.205	17.195
18.894	18.894	18.889	18.893	18.895	18.895	18.898	18.898	18.889	18.886	18.875	18.88	18.875	18.864	18.861	18.852	18.849	18.84	18.831	18.828	18.821	18.809	18.806	18.8	18.787	18.777	18.764	18.748	18.73	18.719	18.701	18.689	18.673	18.658	18.64	18.625	18.603	18.585	18.571	18.558	18.54	18.517	18.509	18.489	18.468	18.456	18.427	18.414	18.394	18.377	18.353	18.332	18.336	18.315	18.296	18.283	18.268	18.238	18.225	18.214	18.201	18.195	18.188	18.172	18.159	18.135	18.116	18.104	18.087	18.07	18.056	18.044	18.038	18.026	18.012	17.997	17.967	17.968	17.947	17.932	17.923	17.904	17.889	17.874	17.858	17.842	17.823	17.805	17.788	17.763	17.748	17.734	17.718	17.702	17.686	17.674	17.65	17.635	17.623	17.603	17.595	17.577	17.561	17.557	17.554	17.534	17.52	17.508	17.479	17.465	17.455	17.434	17.425	17.401	17.385	17.373	17.361	17.341	17.325	17.309	17.291	17.277	17.264	17.245	17.24	17.215	17.203	17.188	17.174	17.162	17.153	17.14	17.137	17.122	17.11	17.103	17.097
18.731	18.724	18.728	18.735	18.742	18.749	18.754	18.753	18.75	18.755	18.744	18.739	18.745	18.738	18.728	18.717	18.706	18.711	18.706	18.702	18.695	18.688	18.682	18.669	18.658	18.651	18.641	18.625	18.612	18.604	18.58	18.575	18.564	18.545	18.515	18.499	18.482	18.467	18.448	18.429	18.426	18.41	18.398	18.38	18.362	18.351	18.322	18.312	18.291	18.267	18.253	18.241	18.211	18.207	18.192	18.174	18.159	18.146	18.126	18.105	18.1	18.094	18.082	18.072	18.051	18.039	18.026	18.009	17.986	17.971	17.961	17.94	17.927	17.912	17.896	17.885	17.866	17.85	17.829	17.816	17.806	17.794	17.773	17.756	17.743	17.727	17.708	17.69	17.677	17.658	17.641	17.62	17.6	17.588	17.569	17.562	17.55	17.53	17.513	17.506	17.476	17.468	17.458	17.444	17.434	17.428	17.409	17.401	17.376	17.359	17.345	17.324	17.306	17.296	17.274	17.256	17.242	17.226	17.206	17.201	17.185	17.173	17.159	17.139	17.123	17.108	17.088	17.078	17.069	17.055	17.045	17.035	17.023	17.013	17.006	16.997	16.989
18.565	18.565	18.567	18.567	18.569	18.58	18.589	18.602	18.61	18.61	18.616	18.602	18.602	18.596	18.589	18.586	18.573	18.563	18.555	18.548	18.547	18.548	18.544	18.543	18.548	18.534	18.512	18.493	18.485	18.467	18.459	18.447	18.436	18.427	18.412	18.394	18.37	18.346	18.329	18.313	18.309	18.285	18.275	18.264	18.25	18.241	18.221	18.202	18.183	18.16	18.142	18.128	18.107	18.096	18.088	18.076	18.062	18.042	18.032	18.013	17.999	17.98	17.969	17.961	17.946	17.935	17.913	17.898	17.887	17.87	17.855	17.831	17.817	17.801	17.782	17.763	17.752	17.725	17.712	17.701	17.686	17.669	17.656	17.638	17.616	17.604	17.591	17.572	17.562	17.547	17.532	17.512	17.493	17.472	17.459	17.438	17.431	17.415	17.404	17.395	17.366	17.347	17.343	17.324	17.309	17.309	17.289	17.281	17.273	17.253	17.232	17.223	17.206	17.182	17.172	17.149	17.127	17.119	17.101	17.089	17.073	17.058	17.046	17.032	17.015	17.009	16.991	16.979	16.969	16.946	16.933	16.921	16.909	16.9	16.895	16.885	16.871
18.382	18.392	18.395	18.399	18.402	18.413	18.418	18.427	18.446	18.446	18.446	18.443	18.45	18.457	18.452	18.441	18.433	18.423	18.422	18.415	18.416	18.413	18.409	18.395	18.393	18.391	18.381	18.37	18.36	18.345	18.341	18.325	18.316	18.312	18.291	18.271	18.246	18.225	18.211	18.194	18.182	18.167	18.16	18.146	18.13	18.112	18.105	18.082	18.071	18.052	18.032	18.01	18	17.991	17.976	17.963	17.952	17.935	17.924	17.906	17.889	17.871	17.854	17.844	17.83	17.822	17.809	17.796	17.778	17.749	17.737	17.724	17.702	17.683	17.663	17.645	17.636	17.616	17.595	17.574	17.564	17.554	17.529	17.512	17.496	17.486	17.473	17.458	17.449	17.434	17.414	17.399	17.383	17.353	17.345	17.316	17.305	17.299	17.289	17.267	17.261	17.237	17.218	17.206	17.193	17.18	17.181	17.167	17.158	17.143	17.128	17.107	17.09	17.066	17.056	17.043	17.024	17.009	16.998	16.976	16.962	16.944	16.931	16.925	16.907	16.895	16.89	16.879	16.865	16.849	16.831	16.815	16.8	16.788	16.777	16.768	16.766
18.223	18.223	18.223	18.23	18.225	18.24	18.242	18.254	18.263	18.274	18.278	18.278	18.281	18.287	18.292	18.286	18.285	18.282	18.269	18.259	18.256	18.257	18.26	18.255	18.253	18.247	18.239	18.226	18.231	18.219	18.209	18.198	18.185	18.176	18.157	18.14	18.117	18.105	18.084	18.062	18.048	18.045	18.032	18.021	18.002	17.989	17.978	17.964	17.948	17.934	17.918	17.901	17.883	17.878	17.862	17.845	17.827	17.821	17.809	17.788	17.778	17.756	17.734	17.718	17.703	17.697	17.685	17.674	17.654	17.64	17.621	17.604	17.583	17.561	17.545	17.524	17.509	17.494	17.476	17.454	17.436	17.425	17.401	17.391	17.37	17.358	17.351	17.335	17.325	17.314	17.293	17.276	17.257	17.238	17.218	17.202	17.183	17.172	17.167	17.147	17.133	17.12	17.098	17.083	17.073	17.061	17.059	17.046	17.034	17.024	17.008	16.988	16.976	16.959	16.94	16.925	16.91	16.895	16.883	16.865	16.845	16.826	16.81	16.8	16.793	16.777	16.77	16.766	16.755	16.742	16.721	16.709	16.698	16.683	16.668	16.66	16.653
18.051	18.049	18.046	18.055	18.053	18.062	18.068	18.075	18.082	18.088	18.089	18.103	18.108	18.116	18.122	18.123	18.122	18.119	18.122	18.108	18.103	18.105	18.093	18.099	18.098	18.102	18.089	18.086	18.089	18.079	18.077	18.059	18.049	18.032	18.023	18.006	17.987	17.974	17.953	17.935	17.918	17.907	17.897	17.89	17.879	17.86	17.847	17.836	17.82	17.804	17.79	17.78	17.758	17.742	17.728	17.714	17.705	17.69	17.679	17.661	17.645	17.631	17.606	17.596	17.582	17.572	17.569	17.552	17.538	17.525	17.497	17.483	17.464	17.441	17.422	17.406	17.389	17.372	17.356	17.328	17.312	17.288	17.276	17.263	17.245	17.229	17.215	17.206	17.191	17.18	17.17	17.151	17.132	17.12	17.096	17.092	17.072	17.049	17.035	17.029	17.009	17.004	16.989	16.972	16.957	16.944	16.932	16.922	16.91	16.894	16.881	16.87	16.857	16.845	16.821	16.802	16.788	16.771	16.76	16.742	16.727	16.71	16.69	16.676	16.668	16.657	16.651	16.645	16.636	16.633	16.614	16.605	16.594	16.59	16.576	16.563	16.552
17.871	17.869	17.867	17.874	17.88	17.879	17.878	17.892	17.902	17.909	17.907	17.92	17.919	17.927	17.933	17.937	17.947	17.951	17.951	17.942	17.934	17.939	17.927	17.939	17.938	17.935	17.937	17.931	17.936	17.933	17.927	17.922	17.904	17.891	17.883	17.866	17.861	17.838	17.822	17.805	17.788	17.767	17.758	17.748	17.729	17.721	17.706	17.698	17.693	17.674	17.655	17.641	17.616	17.608	17.592	17.583	17.578	17.558	17.546	17.528	17.513	17.495	17.483	17.468	17.468	17.456	17.446	17.435	17.415	17.404	17.384	17.368	17.338	17.316	17.302	17.282	17.261	17.249	17.225	17.214	17.185	17.165	17.152	17.13	17.118	17.1	17.081	17.068	17.067	17.048	17.039	17.025	17.003	16.996	16.973	16.961	16.948	16.926	16.909	16.904	16.889	16.876	16.868	16.849	16.828	16.814	16.799	16.793	16.785	16.772	16.76	16.748	16.727	16.723	16.703	16.681	16.664	16.65	16.637	16.62	16.61	16.598	16.581	16.565	16.554	16.541	16.533	16.526	16.521	16.513	16.503	16.498	16.487	16.477	16.467	16.455	16.448
17.672	17.679	17.678	17.687	17.698	17.699	17.704	17.71	17.719	17.721	17.73	17.742	17.733	17.742	17.751	17.749	17.761	17.757	17.772	17.767	17.762	17.765	17.762	17.776	17.77	17.778	17.78	17.785	17.781	17.782	17.771	17.765	17.763	17.751	17.74	17.721	17.716	17.705	17.679	17.671	17.657	17.637	17.622	17.609	17.596	17.585	17.582	17.572	17.556	17.55	17.526	17.505	17.482	17.472	17.465	17.457	17.445	17.427	17.417	17.402	17.376	17.371	17.357	17.342	17.341	17.329	17.321	17.308	17.294	17.284	17.269	17.249	17.213	17.197	17.183	17.164	17.141	17.125	17.104	17.08	17.065	17.039	17.023	17.002	16.987	16.969	16.944	16.923	16.929	16.911	16.906	16.894	16.877	16.858	16.84	16.823	16.812	16.797	16.781	16.765	16.764	16.74	16.726	16.712	16.699	16.68	16.67	16.654	16.647	16.64	16.628	16.621	16.601	16.595	16.579	16.56	16.548	16.533	16.514	16.499	16.486	16.475	16.458	16.444	16.429	16.419	16.413	16.403	16.398	16.388	16.378	16.373	16.367	16.354	16.346	16.337	16.328
17.455	17.468	17.477	17.479	17.498	17.512	17.52	17.529	17.527	17.535	17.537	17.551	17.554	17.556	17.565	17.567	17.578	17.572	17.583	17.581	17.586	17.594	17.592	17.589	17.6	17.604	17.607	17.618	17.618	17.626	17.62	17.618	17.614	17.607	17.589	17.575	17.561	17.547	17.538	17.531	17.52	17.509	17.49	17.484	17.473	17.455	17.446	17.433	17.423	17.413	17.402	17.38	17.355	17.341	17.331	17.319	17.312	17.306	17.289	17.273	17.254	17.243	17.233	17.215	17.209	17.195	17.181	17.176	17.173	17.161	17.146	17.132	17.113	17.085	17.061	17.04	17.02	17	16.98	16.961	16.934	16.913	16.896	16.881	16.854	16.83	16.813	16.794	16.779	16.778	16.766	16.754	16.738	16.714	16.7	16.682	16.664	16.653	16.643	16.629	16.626	16.611	16.599	16.588	16.571	16.551	16.55	16.523	16.516	16.508	16.493	16.482	16.476	16.464	16.451	16.438	16.426	16.411	16.393	16.374	16.361	16.349	16.334	16.323	16.311	16.3	16.289	16.281	16.274	16.264	16.253	16.244	16.242	16.231	16.221	16.209	16.199
17.24	17.252	17.262	17.269	17.284	17.301	17.317	17.326	17.335	17.349	17.349	17.363	17.367	17.371	17.375	17.382	17.391	17.394	17.399	17.399	17.403	17.4	17.411	17.421	17.431	17.434	17.44	17.445	17.446	17.448	17.449	17.446	17.444	17.441	17.435	17.432	17.415	17.399	17.389	17.383	17.366	17.373	17.354	17.345	17.339	17.326	17.311	17.3	17.289	17.28	17.264	17.254	17.232	17.214	17.204	17.189	17.175	17.17	17.149	17.136	17.12	17.108	17.095	17.084	17.067	17.056	17.046	17.037	17.028	17.023	17.015	17.001	16.986	16.96	16.937	16.923	16.899	16.87	16.857	16.833	16.809	16.798	16.768	16.756	16.729	16.707	16.683	16.661	16.63	16.643	16.629	16.615	16.605	16.584	16.563	16.547	16.528	16.51	16.498	16.489	16.48	16.479	16.469	16.461	16.449	16.434	16.42	16.408	16.394	16.378	16.368	16.351	16.346	16.334	16.327	16.317	16.303	16.283	16.271	16.249	16.228	16.21	16.196	16.184	16.172	16.169	16.161	16.15	16.141	16.125	16.122	16.112	16.101	16.094	16.088	16.078	16.065
17	17.024	17.033	17.047	17.073	17.084	17.103	17.115	17.127	17.133	17.133	17.157	17.171	17.183	17.195	17.204	17.198	17.202	17.212	17.221	17.222	17.227	17.239	17.243	17.252	17.258	17.26	17.261	17.273	17.271	17.273	17.271	17.272	17.273	17.275	17.265	17.263	17.257	17.242	17.236	17.226	17.215	17.203	17.199	17.196	17.186	17.178	17.16	17.149	17.142	17.131	17.114	17.1	17.076	17.058	17.045	17.03	17.023	17.011	16.995	16.976	16.965	16.951	16.942	16.927	16.916	16.895	16.886	16.882	16.866	16.863	16.847	16.836	16.823	16.81	16.791	16.778	16.755	16.742	16.714	16.687	16.671	16.65	16.634	16.617	16.588	16.562	16.541	16.517	16.505	16.491	16.48	16.467	16.451	16.436	16.416	16.399	16.381	16.361	16.355	16.341	16.34	16.331	16.328	16.321	16.31	16.288	16.284	16.275	16.261	16.244	16.226	16.212	16.198	16.184	16.172	16.158	16.15	16.133	16.115	16.099	16.074	16.057	16.045	16.036	16.027	16.019	16.013	16.008	16.002	15.998	15.977	15.967	15.959	15.949	15.942	15.929
16.782	16.799	16.812	16.824	16.845	16.853	16.876	16.897	16.913	16.929	16.935	16.939	16.958	16.975	16.988	16.998	17.015	17.017	17.016	17.019	17.028	17.036	17.049	17.065	17.073	17.081	17.093	17.091	17.099	17.097	17.093	17.096	17.1	17.101	17.107	17.094	17.096	17.1	17.092	17.08	17.072	17.062	17.056	17.053	17.046	17.04	17.036	17.037	17.028	17.006	16.994	16.975	16.965	16.952	16.931	16.913	16.899	16.882	16.871	16.855	16.84	16.825	16.811	16.798	16.785	16.773	16.759	16.754	16.743	16.718	16.712	16.701	16.686	16.672	16.658	16.637	16.636	16.615	16.6	16.586	16.565	16.546	16.533	16.508	16.487	16.467	16.445	16.418	16.403	16.374	16.368	16.352	16.329	16.304	16.303	16.279	16.267	16.246	16.227	16.218	16.214	16.202	16.202	16.196	16.182	16.17	16.157	16.143	16.133	16.123	16.112	16.095	16.08	16.066	16.058	16.046	16.031	16.012	15.987	15.976	15.959	15.938	15.923	15.905	15.891	15.885	15.875	15.866	15.857	15.846	15.841	15.827	15.827	15.816	15.807	15.799	15.787
16.541	16.567	16.582	16.606	16.635	16.65	16.658	16.675	16.692	16.705	16.715	16.719	16.734	16.755	16.773	16.794	16.811	16.823	16.835	16.835	16.839	16.843	16.853	16.863	16.876	16.882	16.889	16.903	16.912	16.919	16.918	16.918	16.918	16.917	16.93	16.924	16.916	16.919	16.916	16.909	16.908	16.907	16.904	16.898	16.898	16.896	16.886	16.884	16.875	16.861	16.844	16.832	16.813	16.806	16.789	16.773	16.757	16.739	16.725	16.713	16.696	16.679	16.663	16.653	16.64	16.627	16.617	16.604	16.59	16.579	16.555	16.547	16.53	16.52	16.508	16.49	16.483	16.468	16.458	16.445	16.432	16.411	16.398	16.379	16.352	16.337	16.315	16.289	16.269	16.253	16.224	16.209	16.199	16.179	16.166	16.155	16.138	16.12	16.098	16.082	16.077	16.067	16.056	16.049	16.042	16.034	16.021	16.007	15.991	15.973	15.96	15.952	15.951	15.93	15.924	15.91	15.889	15.868	15.857	15.831	15.817	15.801	15.783	15.769	15.753	15.748	15.733	15.725	15.719	15.705	15.695	15.682	15.671	15.666	15.655	15.642	15.637
16.301	16.325	16.348	16.374	16.398	16.424	16.43	16.446	16.46	16.477	16.493	16.505	16.518	16.533	16.549	16.575	16.596	16.611	16.629	16.632	16.636	16.651	16.65	16.66	16.679	16.684	16.7	16.717	16.728	16.738	16.735	16.731	16.727	16.734	16.741	16.74	16.739	16.738	16.741	16.738	16.742	16.737	16.734	16.73	16.726	16.724	16.722	16.722	16.719	16.706	16.696	16.682	16.671	16.663	16.647	16.629	16.612	16.594	16.581	16.558	16.55	16.535	16.524	16.505	16.483	16.469	16.459	16.452	16.439	16.432	16.414	16.403	16.396	16.382	16.362	16.344	16.319	16.319	16.307	16.294	16.282	16.277	16.256	16.234	16.215	16.198	16.182	16.166	16.144	16.129	16.105	16.077	16.058	16.041	16.024	16.016	15.998	15.977	15.969	15.951	15.937	15.928	15.913	15.904	15.895	15.882	15.869	15.859	15.847	15.833	15.824	15.817	15.803	15.79	15.781	15.768	15.744	15.731	15.715	15.686	15.671	15.655	15.641	15.628	15.616	15.608	15.597	15.584	15.572	15.563	15.549	15.537	15.526	15.514	15.506	15.497	15.482
16.056	16.08	16.108	16.141	16.161	16.183	16.2	16.214	16.236	16.252	16.263	16.274	16.286	16.31	16.332	16.352	16.376	16.392	16.408	16.415	16.429	16.441	16.453	16.462	16.472	16.488	16.502	16.523	16.534	16.546	16.551	16.544	16.545	16.548	16.553	16.556	16.556	16.556	16.551	16.556	16.559	16.563	16.566	16.558	16.549	16.543	16.547	16.545	16.542	16.534	16.52	16.515	16.508	16.505	16.493	16.476	16.461	16.443	16.429	16.411	16.399	16.382	16.366	16.348	16.339	16.323	16.312	16.299	16.29	16.282	16.268	16.26	16.248	16.236	16.219	16.201	16.177	16.17	16.159	16.149	16.139	16.133	16.107	16.09	16.075	16.058	16.045	16.035	16.012	15.993	15.978	15.953	15.928	15.909	15.891	15.878	15.855	15.839	15.825	15.809	15.797	15.78	15.767	15.755	15.751	15.738	15.725	15.704	15.689	15.685	15.674	15.668	15.65	15.639	15.628	15.616	15.597	15.585	15.571	15.553	15.535	15.519	15.504	15.492	15.476	15.463	15.458	15.446	15.432	15.416	15.401	15.391	15.376	15.362	15.351	15.343	15.34
