18.549	18.541	18.538	18.532	18.541	18.535	18.525	18.521	18.497	18.496	18.487	18.478	18.469	18.455	18.431	18.416	18.386	18.344	18.317	18.298	18.286	18.275	18.279	18.268	18.252	18.244	18.22	18.2	18.174	18.153	18.133	18.118	18.097	18.094	18.092	18.066	18.034	18.026	18.013	18.015	18.014	18.017	18.021	17.994	17.963	17.937	17.925	17.911	17.912	17.896	17.889	17.872	17.864	17.834	17.809	17.788	17.783	17.77	17.762	17.735	17.733	17.714	17.7	17.674	17.664	17.634	17.624	17.626	17.623	17.62	17.6	17.598	17.591	17.573	17.564	17.542	17.538	17.533	17.524	17.516	17.514	17.507	17.492	17.473	17.466	17.467	17.466	17.444	17.422	17.396	17.377	17.359	17.361	17.361	17.373	17.376	17.357	17.356	17.346	17.343	17.335	17.315	17.312	17.298	17.281	17.279	17.259	17.256	17.249	17.232	17.227	17.226	17.233	17.23	17.222	17.207	17.194	17.18	17.18	17.192	17.19	17.197	17.199	17.184	17.166	17.161	17.159	17.136	17.143	17.142	17.139	17.134	17.126	17.127	17.114	17.101	17.103
18.504	18.479	18.462	18.457	18.459	18.449	18.442	18.437	18.425	18.425	18.411	18.407	18.392	18.375	18.352	18.335	18.31	18.279	18.249	18.21	18.196	18.194	18.178	18.18	18.176	18.167	18.167	18.147	18.133	18.115	18.095	18.068	18.043	18.035	18.032	18.02	17.994	17.96	17.944	17.937	17.924	17.908	17.898	17.89	17.877	17.869	17.859	17.852	17.837	17.832	17.804	17.781	17.777	17.764	17.755	17.725	17.713	17.705	17.684	17.659	17.637	17.622	17.616	17.6	17.586	17.578	17.562	17.55	17.549	17.535	17.515	17.494	17.479	17.466	17.467	17.452	17.437	17.434	17.422	17.411	17.4	17.397	17.403	17.381	17.363	17.343	17.338	17.337	17.326	17.299	17.271	17.25	17.256	17.25	17.24	17.24	17.243	17.236	17.224	17.216	17.209	17.214	17.209	17.21	17.198	17.19	17.18	17.16	17.16	17.146	17.134	17.126	17.129	17.13	17.129	17.108	17.098	17.087	17.077	17.092	17.093	17.081	17.083	17.067	17.052	17.039	17.03	17.023	17.006	17.015	17.014	17.017	17.013	17.024	17.009	16.989	16.982
18.427	18.404	18.407	18.4	18.39	18.375	18.363	18.374	18.365	18.344	18.325	18.308	18.287	18.277	18.249	18.231	18.225	18.207	18.178	18.149	18.13	18.11	18.1	18.093	18.089	18.074	18.072	18.064	18.054	18.039	18.028	18.012	17.999	17.983	17.96	17.938	17.917	17.897	17.876	17.86	17.833	17.821	17.815	17.797	17.773	17.775	17.772	17.767	17.756	17.749	17.724	17.702	17.694	17.677	17.67	17.66	17.641	17.628	17.608	17.585	17.551	17.528	17.519	17.513	17.503	17.499	17.477	17.471	17.457	17.441	17.417	17.408	17.395	17.372	17.364	17.352	17.34	17.326	17.318	17.298	17.293	17.276	17.274	17.271	17.261	17.237	17.223	17.229	17.217	17.199	17.173	17.16	17.143	17.148	17.137	17.112	17.113	17.111	17.118	17.109	17.083	17.08	17.08	17.088	17.092	17.083	17.067	17.067	17.058	17.046	17.039	17.03	17.027	17.035	17.042	17.02	17.014	16.993	16.983	16.989	16.994	16.981	16.97	16.96	16.95	16.943	16.927	16.929	16.907	16.913	16.897	16.878	16.884	16.896	16.891	16.881	16.882
18.326	18.318	18.311	18.315	18.306	18.296	18.282	18.291	18.291	18.268	18.251	18.22	18.205	18.182	18.158	18.139	18.133	18.118	18.094	18.071	18.043	18.028	18.021	18.007	17.993	17.982	17.968	17.954	17.95	17.938	17.934	17.918	17.903	17.888	17.878	17.865	17.834	17.812	17.783	17.777	17.752	17.738	17.711	17.69	17.674	17.685	17.663	17.669	17.656	17.643	17.637	17.626	17.61	17.59	17.565	17.562	17.553	17.545	17.526	17.502	17.492	17.46	17.431	17.419	17.399	17.395	17.392	17.378	17.377	17.352	17.329	17.304	17.287	17.279	17.27	17.259	17.242	17.228	17.215	17.207	17.184	17.167	17.153	17.149	17.141	17.144	17.134	17.108	17.094	17.082	17.06	17.061	17.053	17.046	17.029	17.019	17.004	16.991	16.981	16.974	16.967	16.967	16.953	16.961	16.952	16.946	16.943	16.94	16.939	16.939	16.943	16.944	16.939	16.94	16.936	16.928	16.913	16.897	16.892	16.883	16.883	16.884	16.881	16.865	16.843	16.842	16.827	16.816	16.811	16.805	16.803	16.802	16.797	16.791	16.781	16.776	16.767
18.27	18.238	18.226	18.226	18.231	18.223	18.203	18.196	18.193	18.177	18.156	18.134	18.107	18.098	18.077	18.062	18.044	18.034	18.019	17.99	17.976	17.965	17.935	17.917	17.913	17.894	17.866	17.837	17.842	17.835	17.825	17.805	17.792	17.79	17.771	17.752	17.738	17.722	17.715	17.686	17.661	17.642	17.629	17.607	17.584	17.563	17.553	17.537	17.525	17.513	17.521	17.524	17.5	17.496	17.47	17.455	17.444	17.434	17.428	17.406	17.377	17.376	17.357	17.337	17.313	17.3	17.294	17.278	17.263	17.257	17.236	17.212	17.196	17.192	17.175	17.154	17.141	17.134	17.128	17.113	17.09	17.068	17.056	17.053	17.041	17.028	17.018	16.994	16.989	16.978	16.955	16.927	16.934	16.935	16.922	16.906	16.899	16.883	16.873	16.865	16.857	16.852	16.857	16.837	16.817	16.815	16.816	16.814	16.818	16.81	16.817	16.811	16.823	16.831	16.828	16.825	16.821	16.798	16.797	16.776	16.785	16.765	16.77	16.76	16.752	16.737	16.74	16.717	16.709	16.701	16.699	16.7	16.702	16.688	16.684	16.673	16.671
18.18	18.15	18.152	18.151	18.145	18.127	18.116	18.114	18.106	18.088	18.064	18.063	18.046	18.021	18.013	18.003	17.992	17.974	17.947	17.923	17.905	17.88	17.876	17.853	17.83	17.805	17.795	17.769	17.736	17.725	17.727	17.714	17.702	17.684	17.663	17.645	17.638	17.62	17.611	17.594	17.58	17.561	17.543	17.524	17.515	17.486	17.475	17.442	17.427	17.402	17.387	17.395	17.397	17.374	17.362	17.334	17.338	17.327	17.326	17.313	17.288	17.272	17.265	17.254	17.229	17.205	17.182	17.16	17.145	17.133	17.13	17.13	17.124	17.108	17.098	17.076	17.063	17.045	17.042	17.029	17.003	16.98	16.96	16.952	16.952	16.944	16.931	16.903	16.871	16.867	16.85	16.819	16.82	16.81	16.81	16.799	16.786	16.78	16.766	16.746	16.736	16.744	16.746	16.732	16.721	16.7	16.693	16.698	16.697	16.687	16.7	16.701	16.691	16.698	16.705	16.707	16.703	16.701	16.692	16.674	16.672	16.673	16.663	16.662	16.654	16.651	16.658	16.645	16.634	16.628	16.612	16.594	16.585	16.583	16.575	16.569	16.557
18.127	18.098	18.079	18.068	18.072	18.064	18.052	18.041	18.028	18.021	17.998	17.98	17.967	17.959	17.944	17.917	17.9	17.895	17.881	17.854	17.847	17.831	17.806	17.785	17.771	17.758	17.732	17.708	17.698	17.673	17.656	17.622	17.594	17.563	17.558	17.55	17.536	17.513	17.496	17.499	17.49	17.483	17.475	17.443	17.433	17.412	17.4	17.386	17.35	17.327	17.303	17.28	17.272	17.262	17.255	17.238	17.217	17.21	17.197	17.19	17.186	17.162	17.158	17.132	17.139	17.112	17.092	17.064	17.049	17.028	17.012	17.001	17.014	17.009	17.004	16.996	16.981	16.97	16.951	16.933	16.92	16.904	16.897	16.888	16.882	16.879	16.862	16.841	16.815	16.791	16.778	16.748	16.739	16.712	16.698	16.686	16.683	16.675	16.666	16.654	16.65	16.643	16.648	16.642	16.632	16.615	16.62	16.603	16.585	16.6	16.585	16.595	16.587	16.583	16.587	16.592	16.6	16.595	16.582	16.586	16.564	16.565	16.571	16.567	16.56	16.56	16.552	16.552	16.553	16.548	16.526	16.515	16.5	16.481	16.486	16.483	16.468
18.014	18.009	18.005	17.989	17.987	17.969	17.949	17.942	17.933	17.93	17.892	17.898	17.875	17.883	17.88	17.858	17.828	17.801	17.785	17.783	17.772	17.764	17.755	17.733	17.713	17.696	17.668	17.645	17.619	17.59	17.565	17.545	17.519	17.487	17.463	17.449	17.437	17.44	17.419	17.41	17.405	17.392	17.388	17.371	17.36	17.34	17.322	17.303	17.268	17.249	17.224	17.192	17.166	17.147	17.116	17.122	17.111	17.114	17.109	17.089	17.075	17.058	17.05	17.055	17.034	17.027	17.007	16.988	16.966	16.951	16.928	16.917	16.92	16.899	16.898	16.886	16.888	16.877	16.871	16.846	16.831	16.823	16.814	16.804	16.786	16.781	16.769	16.752	16.725	16.708	16.691	16.673	16.658	16.642	16.622	16.607	16.603	16.589	16.576	16.571	16.566	16.568	16.56	16.551	16.533	16.519	16.508	16.507	16.495	16.497	16.485	16.485	16.482	16.485	16.491	16.495	16.484	16.483	16.48	16.484	16.484	16.486	16.479	16.476	16.477	16.474	16.465	16.451	16.463	16.454	16.453	16.434	16.419	16.412	16.399	16.393	16.387
17.92	17.899	17.897	17.891	17.889	17.876	17.876	17.867	17.851	17.827	17.797	17.791	17.782	17.776	17.776	17.765	17.751	17.735	17.72	17.704	17.699	17.696	17.683	17.678	17.652	17.639	17.607	17.571	17.526	17.493	17.475	17.446	17.426	17.409	17.382	17.382	17.369	17.345	17.331	17.318	17.308	17.299	17.287	17.277	17.264	17.258	17.218	17.205	17.182	17.164	17.146	17.118	17.087	17.056	17.033	17.025	17.018	17.011	17.003	16.995	16.973	16.959	16.96	16.949	16.936	16.934	16.926	16.909	16.898	16.873	16.863	16.835	16.823	16.818	16.817	16.812	16.794	16.79	16.778	16.778	16.763	16.756	16.737	16.713	16.694	16.67	16.671	16.654	16.637	16.626	16.614	16.593	16.584	16.576	16.549	16.544	16.529	16.517	16.503	16.491	16.482	16.483	16.48	16.47	16.465	16.449	16.437	16.427	16.414	16.387	16.398	16.393	16.388	16.39	16.381	16.385	16.383	16.379	16.376	16.366	16.384	16.384	16.387	16.379	16.374	16.379	16.372	16.358	16.354	16.359	16.339	16.339	16.341	16.34	16.323	16.309	16.293
17.834	17.82	17.791	17.781	17.784	17.778	17.796	17.796	17.791	17.76	17.729	17.718	17.716	17.71	17.691	17.69	17.67	17.665	17.648	17.625	17.628	17.605	17.596	17.584	17.574	17.55	17.522	17.49	17.447	17.413	17.386	17.346	17.335	17.321	17.298	17.281	17.255	17.234	17.233	17.214	17.206	17.2	17.189	17.181	17.176	17.164	17.138	17.112	17.089	17.075	17.06	17.041	17.012	16.992	16.956	16.943	16.921	16.901	16.881	16.872	16.863	16.846	16.854	16.856	16.854	16.854	16.841	16.831	16.807	16.791	16.774	16.762	16.74	16.735	16.725	16.721	16.712	16.693	16.683	16.669	16.664	16.65	16.628	16.616	16.594	16.576	16.547	16.537	16.52	16.523	16.523	16.515	16.514	16.498	16.489	16.47	16.457	16.442	16.436	16.425	16.412	16.405	16.399	16.403	16.376	16.374	16.362	16.361	16.351	16.325	16.318	16.296	16.3	16.294	16.293	16.282	16.284	16.28	16.28	16.267	16.268	16.272	16.268	16.269	16.266	16.259	16.262	16.258	16.258	16.247	16.256	16.241	16.246	16.245	16.235	16.225	16.22
17.735	17.729	17.716	17.697	17.687	17.697	17.708	17.709	17.711	17.713	17.689	17.656	17.641	17.631	17.613	17.615	17.594	17.572	17.556	17.535	17.529	17.513	17.497	17.471	17.454	17.444	17.423	17.392	17.366	17.343	17.318	17.29	17.277	17.249	17.218	17.2	17.178	17.149	17.15	17.13	17.115	17.115	17.089	17.088	17.092	17.073	17.057	17.035	17.018	17.008	16.996	16.97	16.946	16.912	16.894	16.868	16.849	16.829	16.811	16.791	16.784	16.782	16.769	16.767	16.769	16.759	16.754	16.751	16.735	16.717	16.696	16.672	16.651	16.63	16.621	16.621	16.623	16.614	16.577	16.57	16.551	16.536	16.525	16.521	16.508	16.479	16.469	16.438	16.436	16.425	16.422	16.418	16.417	16.412	16.396	16.387	16.381	16.375	16.369	16.357	16.338	16.341	16.329	16.319	16.307	16.296	16.294	16.271	16.27	16.256	16.248	16.227	16.21	16.197	16.197	16.187	16.182	16.176	16.173	16.174	16.179	16.177	16.176	16.169	16.168	16.163	16.16	16.157	16.156	16.156	16.153	16.151	16.151	16.134	16.134	16.128	16.115
17.619	17.618	17.626	17.613	17.601	17.605	17.621	17.614	17.611	17.624	17.632	17.6	17.564	17.537	17.527	17.52	17.506	17.493	17.474	17.447	17.432	17.421	17.408	17.39	17.365	17.335	17.318	17.291	17.271	17.259	17.232	17.209	17.187	17.165	17.14	17.129	17.114	17.076	17.061	17.056	17.048	17.024	17.016	17.002	17.015	16.997	16.98	16.971	16.959	16.938	16.92	16.917	16.901	16.87	16.844	16.812	16.8	16.777	16.765	16.74	16.719	16.706	16.695	16.683	16.681	16.668	16.659	16.642	16.646	16.642	16.613	16.599	16.57	16.552	16.543	16.534	16.531	16.515	16.506	16.478	16.466	16.438	16.435	16.42	16.409	16.402	16.381	16.369	16.343	16.334	16.322	16.305	16.308	16.3	16.289	16.28	16.268	16.26	16.265	16.269	16.256	16.26	16.248	16.232	16.225	16.222	16.207	16.193	16.179	16.17	16.162	16.15	16.123	16.111	16.106	16.095	16.091	16.087	16.07	16.068	16.067	16.068	16.059	16.061	16.057	16.07	16.062	16.06	16.054	16.052	16.053	16.049	16.043	16.039	16.026	16.022	16.007
17.506	17.5	17.516	17.515	17.504	17.5	17.504	17.504	17.496	17.5	17.49	17.478	17.47	17.447	17.444	17.428	17.405	17.384	17.37	17.345	17.33	17.333	17.323	17.314	17.279	17.237	17.205	17.185	17.166	17.155	17.124	17.113	17.103	17.088	17.075	17.049	17.038	17.02	16.994	16.983	16.963	16.944	16.926	16.914	16.884	16.886	16.883	16.89	16.883	16.865	16.853	16.837	16.832	16.817	16.795	16.766	16.746	16.729	16.715	16.689	16.663	16.631	16.616	16.599	16.585	16.58	16.572	16.568	16.559	16.543	16.517	16.503	16.489	16.461	16.445	16.438	16.431	16.418	16.4	16.384	16.367	16.337	16.338	16.326	16.316	16.304	16.283	16.273	16.263	16.252	16.231	16.213	16.212	16.2	16.188	16.171	16.16	16.165	16.148	16.149	16.146	16.153	16.13	16.126	16.118	16.117	16.105	16.092	16.083	16.075	16.061	16.051	16.044	16.031	16.015	16.011	15.999	16.003	15.987	15.989	15.978	15.975	15.969	15.956	15.954	15.956	15.963	15.956	15.947	15.944	15.937	15.935	15.927	15.92	15.909	15.903	15.891
17.377	17.392	17.394	17.399	17.403	17.403	17.404	17.401	17.395	17.384	17.351	17.358	17.339	17.327	17.32	17.312	17.301	17.292	17.269	17.263	17.229	17.219	17.206	17.193	17.182	17.152	17.116	17.095	17.058	17.052	17.033	17.028	17.01	17	16.983	16.98	16.954	16.941	16.921	16.903	16.897	16.881	16.861	16.834	16.815	16.799	16.791	16.799	16.788	16.777	16.771	16.765	16.752	16.738	16.72	16.698	16.677	16.671	16.65	16.619	16.594	16.567	16.527	16.512	16.492	16.494	16.488	16.482	16.476	16.456	16.442	16.421	16.402	16.382	16.354	16.343	16.318	16.293	16.283	16.267	16.253	16.234	16.219	16.22	16.224	16.22	16.208	16.194	16.179	16.162	16.146	16.134	16.12	16.107	16.103	16.09	16.071	16.057	16.05	16.044	16.026	16.016	16.013	15.999	15.991	15.983	15.973	15.978	15.957	15.959	15.952	15.948	15.95	15.941	15.938	15.918	15.919	15.902	15.9	15.895	15.886	15.892	15.881	15.875	15.861	15.855	15.858	15.858	15.843	15.833	15.832	15.83	15.829	15.817	15.807	15.797	15.782
17.246	17.249	17.25	17.26	17.27	17.266	17.252	17.257	17.256	17.25	17.241	17.221	17.22	17.208	17.201	17.195	17.186	17.166	17.157	17.147	17.137	17.118	17.097	17.075	17.064	17.056	17.044	17.024	16.99	16.965	16.94	16.916	16.907	16.892	16.883	16.873	16.857	16.848	16.847	16.817	16.805	16.777	16.768	16.762	16.742	16.725	16.697	16.702	16.706	16.698	16.687	16.67	16.655	16.647	16.63	16.61	16.603	16.59	16.569	16.556	16.542	16.512	16.48	16.452	16.419	16.404	16.391	16.38	16.374	16.376	16.364	16.363	16.33	16.311	16.281	16.251	16.222	16.203	16.181	16.156	16.133	16.114	16.108	16.105	16.097	16.106	16.109	16.101	16.089	16.064	16.045	16.038	16.04	16.032	16.025	16.008	15.982	15.968	15.95	15.941	15.932	15.915	15.893	15.888	15.875	15.876	15.869	15.862	15.859	15.849	15.856	15.846	15.841	15.84	15.834	15.813	15.798	15.797	15.806	15.802	15.805	15.795	15.786	15.782	15.765	15.757	15.751	15.744	15.745	15.742	15.735	15.728	15.715	15.701	15.687	15.687	15.681
17.131	17.128	17.126	17.127	17.118	17.126	17.127	17.121	17.114	17.111	17.095	17.083	17.087	17.093	17.081	17.057	17.055	17.039	17.037	17.016	17.03	17.025	17.022	17.003	16.984	16.968	16.961	16.927	16.915	16.883	16.875	16.843	16.833	16.828	16.816	16.79	16.781	16.753	16.751	16.741	16.72	16.702	16.682	16.661	16.644	16.638	16.632	16.617	16.629	16.597	16.59	16.573	16.559	16.548	16.539	16.528	16.524	16.509	16.483	16.461	16.45	16.438	16.417	16.379	16.359	16.331	16.32	16.303	16.297	16.297	16.293	16.283	16.261	16.246	16.218	16.193	16.164	16.12	16.103	16.077	16.053	16.025	15.998	15.99	15.983	15.978	15.981	15.98	15.98	15.965	15.958	15.952	15.94	15.934	15.924	15.922	15.901	15.884	15.864	15.845	15.832	15.815	15.813	15.799	15.796	15.785	15.778	15.762	15.756	15.738	15.746	15.746	15.754	15.754	15.744	15.734	15.713	15.707	15.695	15.693	15.68	15.673	15.672	15.672	15.664	15.651	15.646	15.637	15.63	15.631	15.628	15.62	15.609	15.598	15.582	15.574	15.563
16.986	16.995	16.979	16.991	16.998	16.982	16.988	16.974	16.969	16.967	16.967	16.973	16.959	16.965	16.973	16.97	16.952	16.93	16.922	16.916	16.927	16.915	16.907	16.903	16.895	16.884	16.877	16.851	16.834	16.81	16.775	16.767	16.751	16.736	16.733	16.726	16.706	16.682	16.682	16.671	16.658	16.629	16.613	16.591	16.578	16.553	16.536	16.54	16.536	16.532	16.514	16.5	16.475	16.462	16.455	16.438	16.428	16.406	16.389	16.379	16.356	16.333	16.319	16.31	16.29	16.256	16.245	16.232	16.217	16.206	16.197	16.194	16.182	16.168	16.156	16.123	16.097	16.069	16.041	16.005	15.971	15.938	15.911	15.886	15.87	15.87	15.866	15.877	15.879	15.879	15.866	15.857	15.859	15.844	15.827	15.816	15.805	15.786	15.767	15.753	15.746	15.753	15.73	15.722	15.714	15.701	15.692	15.681	15.669	15.658	15.661	15.649	15.65	15.637	15.634	15.632	15.618	15.601	15.587	15.576	15.567	15.556	15.55	15.546	15.538	15.539	15.533	15.523	15.521	15.505	15.509	15.505	15.499	15.49	15.479	15.477	15.464
16.879	16.869	16.853	16.858	16.848	16.868	16.851	16.846	16.824	16.818	16.809	16.813	16.832	16.837	16.844	16.834	16.832	16.825	16.814	16.813	16.803	16.809	16.793	16.797	16.784	16.772	16.751	16.746	16.728	16.722	16.698	16.679	16.666	16.65	16.636	16.621	16.613	16.626	16.608	16.606	16.582	16.564	16.537	16.525	16.494	16.458	16.453	16.442	16.437	16.43	16.429	16.421	16.409	16.384	16.381	16.345	16.322	16.311	16.304	16.292	16.269	16.242	16.232	16.213	16.194	16.182	16.173	16.155	16.137	16.117	16.1	16.073	16.063	16.056	16.047	16.036	16.022	15.992	15.967	15.949	15.907	15.882	15.839	15.822	15.803	15.793	15.793	15.786	15.79	15.783	15.769	15.761	15.746	15.749	15.733	15.728	15.711	15.696	15.673	15.668	15.664	15.66	15.656	15.63	15.623	15.609	15.598	15.588	15.576	15.563	15.558	15.547	15.543	15.53	15.519	15.507	15.499	15.489	15.468	15.454	15.433	15.433	15.426	15.429	15.422	15.421	15.414	15.395	15.386	15.384	15.384	15.377	15.374	15.371	15.369	15.374	15.356
16.759	16.749	16.734	16.727	16.73	16.72	16.722	16.698	16.687	16.675	16.658	16.67	16.678	16.704	16.717	16.714	16.697	16.698	16.676	16.687	16.677	16.682	16.68	16.667	16.678	16.674	16.646	16.638	16.604	16.621	16.608	16.59	16.573	16.562	16.538	16.533	16.528	16.527	16.526	16.525	16.518	16.488	16.465	16.432	16.405	16.391	16.375	16.357	16.347	16.347	16.342	16.341	16.325	16.306	16.279	16.271	16.243	16.23	16.238	16.215	16.187	16.16	16.141	16.124	16.102	16.104	16.083	16.073	16.045	16.021	16	15.972	15.947	15.921	15.922	15.919	15.91	15.905	15.889	15.868	15.844	15.821	15.797	15.77	15.743	15.731	15.719	15.708	15.699	15.693	15.671	15.662	15.649	15.633	15.62	15.598	15.594	15.582	15.572	15.554	15.545	15.542	15.533	15.532	15.517	15.502	15.482	15.474	15.465	15.441	15.437	15.43	15.421	15.407	15.395	15.387	15.378	15.374	15.356	15.343	15.328	15.313	15.304	15.3	15.3	15.294	15.288	15.27	15.265	15.254	15.249	15.252	15.25	15.244	15.25	15.251	15.252
16.644	16.615	16.611	16.617	16.61	16.621	16.585	16.585	16.563	16.555	16.538	16.536	16.539	16.535	16.56	16.557	16.557	16.558	16.548	16.543	16.553	16.56	16.564	16.555	16.546	16.551	16.54	16.526	16.51	16.519	16.515	16.495	16.495	16.471	16.458	16.436	16.429	16.421	16.427	16.442	16.432	16.413	16.384	16.363	16.33	16.322	16.304	16.285	16.28	16.266	16.257	16.246	16.229	16.22	16.205	16.188	16.167	16.149	16.136	16.127	16.108	16.084	16.069	16.056	16.04	16.021	16.01	15.978	15.954	15.928	15.902	15.869	15.845	15.815	15.794	15.787	15.783	15.79	15.788	15.783	15.766	15.742	15.725	15.696	15.681	15.652	15.64	15.625	15.617	15.598	15.579	15.555	15.549	15.541	15.518	15.497	15.474	15.463	15.452	15.438	15.427	15.421	15.421	15.415	15.414	15.386	15.376	15.366	15.352	15.336	15.312	15.306	15.288	15.286	15.27	15.266	15.247	15.242	15.241	15.231	15.214	15.193	15.188	15.175	15.18	15.172	15.171	15.152	15.143	15.135	15.142	15.131	15.127	15.133	15.13	15.134	15.126
16.509	16.51	16.5	16.493	16.498	16.487	16.472	16.468	16.451	16.428	16.422	16.404	16.402	16.404	16.4	16.411	16.412	16.421	16.422	16.403	16.41	16.407	16.421	16.426	16.428	16.416	16.414	16.407	16.408	16.412	16.417	16.412	16.396	16.39	16.375	16.356	16.349	16.346	16.332	16.333	16.337	16.323	16.308	16.289	16.274	16.24	16.234	16.212	16.193	16.168	16.14	16.144	16.131	16.132	16.111	16.096	16.079	16.05	16.04	16.014	16.008	15.994	15.984	15.969	15.95	15.943	15.922	15.905	15.884	15.855	15.816	15.777	15.747	15.719	15.695	15.674	15.674	15.667	15.671	15.663	15.659	15.643	15.619	15.605	15.589	15.574	15.548	15.533	15.512	15.505	15.489	15.467	15.464	15.453	15.437	15.407	15.386	15.353	15.345	15.322	15.304	15.299	15.296	15.3	15.29	15.287	15.264	15.266	15.249	15.237	15.21	15.187	15.176	15.164	15.16	15.145	15.133	15.13	15.118	15.109	15.097	15.083	15.067	15.061	15.055	15.045	15.035	15.025	15.03	15.013	14.995	15.006	15.019	15.016	15.019	15.014	15.02
16.342	16.339	16.353	16.344	16.337	16.345	16.34	16.331	16.316	16.299	16.291	16.275	16.277	16.276	16.287	16.275	16.293	16.286	16.294	16.286	16.288	16.279	16.281	16.287	16.3	16.3	16.315	16.303	16.304	16.295	16.289	16.285	16.283	16.259	16.259	16.245	16.242	16.219	16.225	16.221	16.219	16.205	16.187	16.171	16.16	16.154	16.148	16.131	16.117	16.094	16.069	16.042	16.026	16.023	16.007	15.979	15.966	15.942	15.927	15.902	15.886	15.886	15.882	15.871	15.852	15.844	15.823	15.818	15.805	15.768	15.745	15.704	15.67	15.64	15.619	15.602	15.577	15.57	15.558	15.554	15.548	15.545	15.525	15.507	15.487	15.467	15.45	15.432	15.414	15.387	15.375	15.359	15.344	15.332	15.315	15.301	15.282	15.263	15.241	15.227	15.202	15.195	15.183	15.175	15.179	15.168	15.164	15.15	15.148	15.13	15.119	15.089	15.065	15.052	15.041	15.029	15.012	15.011	14.993	14.987	14.972	14.967	14.963	14.956	14.953	14.938	14.929	14.912	14.909	14.911	14.898	14.894	14.895	14.899	14.892	14.901	14.894
16.161	16.176	16.183	16.212	16.213	16.207	16.208	16.194	16.191	16.179	16.158	16.157	16.136	16.153	16.148	16.15	16.162	16.159	16.164	16.167	16.167	16.161	16.157	16.147	16.162	16.165	16.176	16.178	16.187	16.189	16.19	16.191	16.177	16.162	16.137	16.121	16.108	16.101	16.115	16.106	16.087	16.075	16.072	16.055	16.039	16.027	16.016	16.02	16.006	16.004	15.972	15.967	15.948	15.924	15.906	15.878	15.854	15.849	15.835	15.812	15.79	15.767	15.758	15.76	15.76	15.748	15.734	15.713	15.695	15.676	15.644	15.622	15.581	15.553	15.525	15.51	15.493	15.485	15.479	15.467	15.451	15.429	15.401	15.398	15.381	15.372	15.342	15.323	15.301	15.272	15.24	15.231	15.217	15.202	15.187	15.172	15.171	15.154	15.136	15.116	15.085	15.087	15.078	15.059	15.051	15.049	15.034	15.035	15.026	15.013	14.997	14.981	14.964	14.958	14.951	14.938	14.92	14.911	14.886	14.88	14.866	14.865	14.859	14.852	14.842	14.841	14.832	14.813	14.793	14.796	14.793	14.785	14.773	14.771	14.773	14.772	14.764
16.013	16.013	16.019	16.031	16.043	16.047	16.047	16.044	16.034	16.031	16.015	16.036	16.023	16.019	16.017	16.019	16.033	16.043	16.038	16.041	16.038	16.038	16.038	16.039	16.045	16.057	16.056	16.047	16.05	16.059	16.063	16.061	16.049	16.05	16.037	16.013	15.995	15.987	15.985	15.971	15.962	15.96	15.951	15.919	15.901	15.899	15.899	15.906	15.881	15.877	15.869	15.867	15.857	15.838	15.82	15.795	15.782	15.761	15.743	15.731	15.704	15.676	15.666	15.656	15.649	15.634	15.625	15.606	15.583	15.571	15.56	15.533	15.499	15.454	15.432	15.425	15.41	15.394	15.377	15.368	15.343	15.329	15.299	15.291	15.278	15.27	15.264	15.23	15.211	15.183	15.155	15.136	15.116	15.096	15.077	15.063	15.058	15.041	15.019	15.009	14.991	14.972	14.967	14.956	14.936	14.92	14.903	14.897	14.892	14.882	14.882	14.866	14.858	14.849	14.833	14.824	14.806	14.797	14.786	14.772	14.767	14.765	14.773	14.77	14.759	14.748	14.726	14.71	14.698	14.68	14.679	14.676	14.667	14.657	14.646	14.637	14.632
15.859	15.864	15.869	15.877	15.882	15.878	15.895	15.905	15.887	15.897	15.9	15.888	15.902	15.884	15.891	15.889	15.897	15.895	15.906	15.919	15.922	15.913	15.903	15.91	15.921	15.928	15.931	15.942	15.933	15.929	15.932	15.939	15.938	15.929	15.919	15.903	15.877	15.857	15.837	15.84	15.837	15.832	15.817	15.79	15.774	15.766	15.75	15.737	15.736	15.744	15.733	15.73	15.741	15.733	15.723	15.688	15.684	15.663	15.645	15.631	15.619	15.599	15.583	15.565	15.547	15.533	15.527	15.503	15.483	15.466	15.453	15.436	15.421	15.393	15.368	15.354	15.326	15.304	15.277	15.252	15.232	15.225	15.214	15.19	15.171	15.155	15.152	15.141	15.122	15.099	15.075	15.045	15.034	15.024	15.01	14.992	14.973	14.958	14.939	14.909	14.898	14.887	14.875	14.857	14.837	14.819	14.808	14.796	14.785	14.771	14.765	14.758	14.748	14.745	14.731	14.726	14.712	14.697	14.689	14.674	14.669	14.662	14.667	14.661	14.655	14.64	14.627	14.614	14.601	14.593	14.585	14.575	14.566	14.554	14.534	14.528	14.525
15.701	15.686	15.712	15.69	15.71	15.716	15.737	15.743	15.746	15.728	15.725	15.73	15.754	15.75	15.757	15.765	15.754	15.763	15.771	15.766	15.771	15.774	15.783	15.776	15.78	15.782	15.792	15.784	15.79	15.785	15.778	15.78	15.78	15.79	15.787	15.766	15.75	15.739	15.729	15.694	15.694	15.695	15.686	15.664	15.636	15.627	15.614	15.604	15.595	15.597	15.604	15.614	15.617	15.612	15.614	15.61	15.594	15.565	15.546	15.515	15.497	15.489	15.48	15.47	15.442	15.427	15.415	15.406	15.376	15.359	15.343	15.324	15.311	15.283	15.278	15.264	15.24	15.214	15.185	15.168	15.157	15.138	15.119	15.104	15.079	15.064	15.048	15.045	15.033	15.02	14.99	14.969	14.951	14.939	14.932	14.919	14.899	14.876	14.845	14.836	14.804	14.796	14.791	14.78	14.761	14.743	14.723	14.713	14.71	14.684	14.674	14.663	14.655	14.637	14.629	14.629	14.631	14.615	14.606	14.597	14.585	14.584	14.574	14.569	14.557	14.539	14.539	14.523	14.511	14.501	14.49	14.488	14.472	14.451	14.442	14.431	14.425
15.55	15.532	15.546	15.543	15.541	15.568	15.563	15.561	15.576	15.567	15.572	15.566	15.587	15.586	15.589	15.6	15.618	15.609	15.606	15.6	15.627	15.631	15.629	15.636	15.629	15.628	15.621	15.629	15.624	15.611	15.619	15.606	15.623	15.622	15.632	15.614	15.608	15.579	15.581	15.565	15.553	15.552	15.541	15.53	15.517	15.497	15.49	15.478	15.475	15.469	15.471	15.477	15.484	15.485	15.484	15.49	15.475	15.465	15.43	15.407	15.379	15.366	15.334	15.335	15.322	15.311	15.295	15.273	15.262	15.245	15.235	15.195	15.182	15.17	15.156	15.147	15.127	15.104	15.081	15.061	15.06	15.048	15.031	15.024	15.01	14.972	14.957	14.939	14.926	14.908	14.89	14.874	14.862	14.851	14.834	14.82	14.797	14.768	14.744	14.727	14.708	14.686	14.682	14.671	14.667	14.662	14.647	14.625	14.611	14.601	14.576	14.565	14.537	14.534	14.526	14.528	14.516	14.509	14.5	14.504	14.508	14.506	14.501	14.485	14.478	14.462	14.452	14.441	14.428	14.421	14.41	14.401	14.389	14.373	14.354	14.341	14.322
15.405	15.391	15.376	15.379	15.381	15.384	15.398	15.379	15.401	15.391	15.395	15.401	15.402	15.402	15.39	15.409	15.414	15.426	15.437	15.445	15.45	15.456	15.457	15.466	15.48	15.462	15.458	15.448	15.442	15.437	15.431	15.431	15.423	15.437	15.449	15.455	15.451	15.42	15.421	15.404	15.41	15.407	15.402	15.393	15.385	15.372	15.368	15.353	15.341	15.341	15.327	15.333	15.341	15.347	15.344	15.339	15.338	15.322	15.309	15.281	15.272	15.242	15.236	15.208	15.187	15.193	15.165	15.16	15.15	15.141	15.104	15.082	15.058	15.051	15.037	15.027	15.017	15.001	14.972	14.959	14.945	14.924	14.911	14.897	14.886	14.878	14.842	14.825	14.807	14.798	14.784	14.773	14.761	14.746	14.736	14.73	14.714	14.689	14.655	14.635	14.591	14.574	14.563	14.559	14.554	14.563	14.553	14.54	14.517	14.506	14.477	14.458	14.446	14.432	14.421	14.414	14.411	14.408	14.403	14.401	14.406	14.407	14.396	14.39	14.375	14.368	14.354	14.342	14.325	14.307	14.307	14.29	14.286	14.273	14.254	14.245	14.242
15.228	15.24	15.223	15.221	15.21	15.218	15.201	15.224	15.223	15.224	15.214	15.222	15.221	15.216	15.21	15.214	15.23	15.24	15.26	15.276	15.275	15.296	15.286	15.288	15.287	15.287	15.283	15.288	15.28	15.279	15.268	15.255	15.256	15.245	15.256	15.262	15.281	15.276	15.265	15.258	15.25	15.254	15.24	15.259	15.249	15.226	15.211	15.206	15.204	15.194	15.182	15.164	15.18	15.19	15.195	15.194	15.184	15.171	15.164	15.162	15.124	15.127	15.109	15.091	15.064	15.061	15.052	15.043	15.024	15.01	14.996	14.964	14.937	14.921	14.907	14.905	14.89	14.886	14.851	14.825	14.799	14.793	14.787	14.78	14.765	14.754	14.739	14.719	14.695	14.683	14.677	14.665	14.663	14.65	14.641	14.628	14.614	14.591	14.56	14.53	14.492	14.483	14.453	14.449	14.446	14.447	14.447	14.434	14.414	14.399	14.377	14.355	14.349	14.342	14.333	14.326	14.314	14.31	14.295	14.294	14.295	14.28	14.271	14.261	14.249	14.235	14.231	14.221	14.204	14.198	14.188	14.174	14.172	14.169	14.154	14.146	14.143
15.042	15.056	15.053	15.05	15.045	15.029	15.031	15.024	15.046	15.051	15.053	15.053	15.052	15.047	15.047	15.054	15.043	15.059	15.067	15.081	15.106	15.114	15.113	15.105	15.116	15.108	15.112	15.124	15.119	15.118	15.108	15.103	15.09	15.086	15.077	15.089	15.092	15.098	15.098	15.089	15.081	15.082	15.08	15.075	15.08	15.066	15.045	15.041	15.039	15.04	15.027	15.01	14.991	15.008	15.018	15.012	15.019	15.015	15.01	15.009	15	14.984	14.986	14.986	14.973	14.964	14.944	14.926	14.896	14.882	14.852	14.848	14.812	14.799	14.78	14.765	14.762	14.741	14.721	14.702	14.696	14.673	14.655	14.639	14.639	14.631	14.615	14.605	14.592	14.577	14.57	14.554	14.557	14.547	14.536	14.511	14.501	14.472	14.447	14.422	14.388	14.385	14.369	14.349	14.334	14.332	14.322	14.32	14.302	14.278	14.269	14.249	14.243	14.228	14.218	14.202	14.197	14.192	14.184	14.172	14.171	14.16	14.141	14.126	14.11	14.1	14.092	14.084	14.079	14.067	14.066	14.061	14.062	14.054	14.049	14.045	14.037
14.853	14.85	14.858	14.852	14.849	14.849	14.836	14.855	14.859	14.869	14.866	14.872	14.886	14.885	14.877	14.866	14.858	14.857	14.863	14.879	14.893	14.908	14.929	14.936	14.926	14.924	14.916	14.936	14.94	14.927	14.926	14.918	14.919	14.914	14.913	14.904	14.904	14.909	14.902	14.899	14.889	14.899	14.904	14.907	14.907	14.891	14.869	14.865	14.856	14.851	14.843	14.834	14.825	14.823	14.828	14.821	14.833	14.839	14.844	14.844	14.837	14.831	14.817	14.826	14.825	14.811	14.823	14.799	14.782	14.755	14.736	14.704	14.695	14.662	14.636	14.621	14.609	14.596	14.578	14.577	14.561	14.549	14.53	14.524	14.519	14.512	14.502	14.488	14.481	14.458	14.458	14.449	14.438	14.42	14.402	14.391	14.368	14.353	14.332	14.315	14.292	14.271	14.257	14.248	14.228	14.207	14.194	14.192	14.185	14.167	14.158	14.146	14.13	14.12	14.103	14.088	14.074	14.065	14.057	14.047	14.043	14.028	14.011	14.005	14.001	13.992	13.976	13.968	13.965	13.96	13.957	13.952	13.942	13.937	13.936	13.929	13.921
14.656	14.651	14.669	14.664	14.678	14.664	14.652	14.648	14.66	14.653	14.666	14.67	14.67	14.674	14.676	14.68	14.672	14.665	14.658	14.657	14.679	14.684	14.706	14.718	14.731	14.757	14.757	14.739	14.751	14.763	14.765	14.757	14.757	14.764	14.741	14.729	14.723	14.727	14.729	14.716	14.703	14.695	14.696	14.701	14.706	14.699	14.694	14.679	14.651	14.653	14.645	14.647	14.654	14.648	14.648	14.65	14.645	14.64	14.658	14.668	14.667	14.659	14.652	14.619	14.636	14.635	14.645	14.652	14.641	14.63	14.597	14.575	14.545	14.526	14.516	14.501	14.481	14.458	14.453	14.443	14.434	14.415	14.401	14.391	14.387	14.386	14.365	14.349	14.335	14.322	14.304	14.299	14.299	14.28	14.259	14.256	14.243	14.23	14.221	14.195	14.185	14.157	14.143	14.138	14.121	14.105	14.091	14.091	14.088	14.073	14.06	14.047	14.031	14.025	14.009	13.985	13.972	13.953	13.944	13.943	13.935	13.922	13.9	13.891	13.877	13.868	13.856	13.85	13.842	13.841	13.836	13.821	13.814	13.806	13.808	13.794	13.793
14.439	14.435	14.45	14.449	14.455	14.466	14.465	14.467	14.479	14.482	14.476	14.473	14.492	14.484	14.49	14.486	14.485	14.474	14.477	14.483	14.493	14.477	14.479	14.493	14.507	14.518	14.535	14.558	14.567	14.57	14.58	14.58	14.582	14.577	14.574	14.567	14.557	14.541	14.553	14.552	14.535	14.499	14.483	14.495	14.498	14.501	14.478	14.48	14.461	14.458	14.455	14.446	14.448	14.454	14.463	14.458	14.45	14.461	14.458	14.471	14.467	14.461	14.467	14.452	14.456	14.46	14.464	14.459	14.464	14.456	14.45	14.427	14.398	14.39	14.362	14.357	14.341	14.324	14.31	14.304	14.285	14.28	14.265	14.266	14.237	14.231	14.234	14.226	14.204	14.185	14.174	14.154	14.157	14.153	14.146	14.134	14.138	14.122	14.115	14.095	14.073	14.066	14.043	14.034	14.022	14.003	13.989	13.981	13.982	13.982	13.961	13.94	13.916	13.901	13.878	13.865	13.856	13.849	13.835	13.824	13.819	13.809	13.801	13.79	13.783	13.77	13.763	13.75	13.739	13.719	13.707	13.699	13.691	13.685	13.685	13.683	13.663
14.22	14.22	14.24	14.268	14.273	14.278	14.286	14.299	14.291	14.302	14.298	14.286	14.288	14.303	14.308	14.309	14.317	14.304	14.302	14.307	14.301	14.305	14.287	14.293	14.302	14.306	14.315	14.327	14.359	14.379	14.379	14.389	14.387	14.39	14.396	14.386	14.387	14.37	14.366	14.366	14.366	14.351	14.335	14.333	14.318	14.32	14.306	14.306	14.3	14.295	14.286	14.272	14.276	14.279	14.283	14.29	14.286	14.286	14.273	14.269	14.28	14.273	14.262	14.258	14.261	14.278	14.282	14.284	14.286	14.292	14.284	14.275	14.255	14.25	14.228	14.226	14.209	14.195	14.182	14.176	14.159	14.149	14.136	14.123	14.094	14.081	14.073	14.074	14.057	14.047	14.041	14.035	14.02	14.008	14.011	14.005	14.001	13.997	13.985	13.974	13.957	13.942	13.929	13.913	13.905	13.889	13.875	13.856	13.843	13.855	13.836	13.834	13.817	13.81	13.792	13.779	13.751	13.736	13.715	13.699	13.697	13.692	13.697	13.693	13.686	13.671	13.655	13.637	13.622	13.61	13.602	13.586	13.58	13.577	13.572	13.574	13.558
14.038	14.039	14.044	14.057	14.084	14.096	14.106	14.108	14.102	14.095	14.091	14.108	14.1	14.119	14.132	14.144	14.144	14.133	14.128	14.131	14.13	14.127	14.12	14.111	14.122	14.118	14.124	14.11	14.128	14.137	14.154	14.17	14.174	14.184	14.198	14.205	14.206	14.204	14.201	14.193	14.184	14.158	14.158	14.147	14.134	14.14	14.134	14.127	14.132	14.14	14.137	14.127	14.106	14.105	14.087	14.1	14.104	14.101	14.095	14.087	14.099	14.09	14.091	14.085	14.081	14.093	14.102	14.108	14.106	14.114	14.115	14.117	14.103	14.089	14.084	14.077	14.072	14.06	14.048	14.043	14.03	14.008	13.997	13.978	13.961	13.95	13.927	13.917	13.913	13.912	13.903	13.89	13.885	13.865	13.865	13.855	13.854	13.859	13.849	13.833	13.828	13.814	13.8	13.784	13.771	13.762	13.756	13.743	13.722	13.726	13.718	13.698	13.695	13.682	13.671	13.648	13.642	13.627	13.594	13.577	13.573	13.568	13.561	13.551	13.549	13.545	13.538	13.53	13.511	13.49	13.488	13.476	13.474	13.473	13.466	13.457	13.453
13.858	13.851	13.853	13.876	13.882	13.901	13.902	13.912	13.91	13.923	13.908	13.927	13.931	13.923	13.931	13.935	13.943	13.941	13.927	13.942	13.938	13.947	13.934	13.936	13.927	13.928	13.914	13.911	13.918	13.911	13.931	13.95	13.968	13.969	13.998	13.987	13.982	13.981	13.985	13.992	13.988	13.981	13.961	13.966	13.951	13.944	13.934	13.919	13.917	13.919	13.944	13.95	13.948	13.931	13.906	13.901	13.901	13.896	13.895	13.894	13.897	13.905	13.905	13.904	13.902	13.899	13.915	13.933	13.943	13.936	13.951	13.95	13.95	13.948	13.939	13.931	13.918	13.92	13.904	13.901	13.891	13.882	13.864	13.839	13.824	13.806	13.799	13.777	13.772	13.769	13.773	13.748	13.745	13.725	13.708	13.696	13.693	13.7	13.703	13.696	13.681	13.668	13.671	13.657	13.649	13.637	13.642	13.633	13.617	13.612	13.577	13.566	13.549	13.548	13.533	13.516	13.5	13.483	13.468	13.455	13.451	13.435	13.435	13.422	13.413	13.414	13.416	13.404	13.401	13.389	13.367	13.372	13.364	13.364	13.351	13.338	13.332
13.663	13.652	13.657	13.668	13.683	13.685	13.7	13.71	13.731	13.735	13.74	13.744	13.748	13.742	13.755	13.752	13.748	13.752	13.741	13.741	13.736	13.738	13.733	13.741	13.738	13.725	13.727	13.722	13.731	13.734	13.727	13.744	13.76	13.772	13.78	13.777	13.782	13.776	13.787	13.793	13.797	13.79	13.79	13.784	13.779	13.769	13.766	13.742	13.735	13.729	13.73	13.747	13.75	13.736	13.734	13.722	13.713	13.71	13.709	13.713	13.714	13.721	13.718	13.728	13.734	13.73	13.723	13.738	13.738	13.765	13.773	13.776	13.771	13.772	13.774	13.774	13.763	13.749	13.743	13.733	13.73	13.718	13.707	13.694	13.693	13.677	13.657	13.651	13.629	13.63	13.623	13.602	13.597	13.58	13.569	13.555	13.538	13.533	13.533	13.526	13.522	13.516	13.512	13.522	13.518	13.519	13.508	13.501	13.48	13.462	13.454	13.446	13.43	13.411	13.413	13.39	13.385	13.37	13.354	13.332	13.324	13.315	13.303	13.302	13.294	13.285	13.288	13.258	13.262	13.265	13.255	13.243	13.251	13.241	13.229	13.221	13.205
13.469	13.455	13.45	13.453	13.465	13.483	13.484	13.501	13.51	13.521	13.54	13.531	13.548	13.548	13.562	13.57	13.564	13.56	13.558	13.552	13.557	13.556	13.557	13.552	13.556	13.555	13.546	13.553	13.548	13.555	13.547	13.56	13.562	13.577	13.584	13.585	13.585	13.595	13.591	13.602	13.601	13.618	13.605	13.612	13.601	13.578	13.58	13.577	13.57	13.557	13.556	13.557	13.566	13.555	13.554	13.54	13.537	13.536	13.538	13.539	13.531	13.53	13.536	13.538	13.542	13.552	13.545	13.546	13.563	13.563	13.585	13.583	13.587	13.581	13.584	13.591	13.59	13.591	13.577	13.579	13.567	13.561	13.551	13.538	13.547	13.527	13.517	13.494	13.485	13.475	13.468	13.456	13.444	13.435	13.421	13.416	13.404	13.389	13.385	13.381	13.383	13.381	13.375	13.371	13.368	13.366	13.365	13.351	13.327	13.311	13.299	13.296	13.29	13.293	13.28	13.27	13.249	13.243	13.232	13.217	13.205	13.192	13.186	13.17	13.165	13.155	13.156	13.153	13.135	13.132	13.121	13.12	13.108	13.108	13.099	13.094	13.08
13.249	13.243	13.248	13.24	13.246	13.252	13.267	13.28	13.298	13.3	13.33	13.334	13.346	13.336	13.345	13.366	13.371	13.379	13.365	13.363	13.357	13.35	13.362	13.357	13.358	13.374	13.369	13.367	13.372	13.374	13.371	13.378	13.378	13.391	13.401	13.419	13.416	13.411	13.401	13.416	13.423	13.42	13.427	13.417	13.407	13.393	13.393	13.386	13.385	13.388	13.389	13.391	13.392	13.393	13.386	13.374	13.363	13.349	13.355	13.358	13.355	13.35	13.348	13.344	13.351	13.373	13.378	13.371	13.381	13.379	13.361	13.376	13.38	13.373	13.374	13.375	13.379	13.392	13.399	13.403	13.398	13.395	13.395	13.393	13.39	13.378	13.365	13.352	13.338	13.333	13.322	13.315	13.298	13.297	13.288	13.272	13.265	13.259	13.243	13.235	13.237	13.241	13.246	13.243	13.227	13.221	13.201	13.19	13.163	13.147	13.139	13.141	13.143	13.144	13.143	13.129	13.125	13.116	13.106	13.1	13.084	13.075	13.059	13.049	13.037	13.034	13.019	13.03	13.015	13.002	12.995	12.986	12.977	12.974	12.973	12.957	12.941
13.025	13.035	13.045	13.028	13.025	13.029	13.032	13.05	13.065	13.071	13.096	13.113	13.125	13.129	13.146	13.164	13.174	13.189	13.189	13.171	13.177	13.176	13.166	13.15	13.148	13.17	13.167	13.193	13.194	13.197	13.182	13.187	13.191	13.203	13.219	13.231	13.231	13.234	13.224	13.23	13.222	13.224	13.225	13.225	13.224	13.213	13.198	13.188	13.184	13.196	13.209	13.215	13.214	13.211	13.21	13.197	13.181	13.165	13.163	13.163	13.165	13.164	13.163	13.171	13.176	13.178	13.186	13.193	13.188	13.188	13.181	13.17	13.172	13.169	13.165	13.165	13.169	13.185	13.204	13.227	13.236	13.234	13.221	13.231	13.214	13.208	13.21	13.201	13.18	13.176	13.173	13.169	13.16	13.156	13.143	13.148	13.131	13.113	13.107	13.11	13.098	13.102	13.098	13.092	13.092	13.077	13.064	13.041	13.026	13.005	13.002	12.998	12.991	12.998	13.002	12.992	12.978	12.978	12.976	12.969	12.963	12.94	12.935	12.923	12.909	12.897	12.893	12.896	12.886	12.873	12.863	12.853	12.842	12.84	12.834	12.822	12.799
12.823	12.839	12.832	12.839	12.837	12.832	12.835	12.839	12.845	12.844	12.865	12.884	12.899	12.91	12.924	12.95	12.958	12.978	12.98	12.98	12.977	12.966	12.972	12.961	12.962	12.965	12.963	12.983	12.997	13.013	13.021	13.006	13.002	13.016	13.035	13.058	13.065	13.071	13.059	13.055	13.056	13.048	13.048	13.024	13.023	13.026	13.019	13.013	13.007	13.009	13.014	13.031	13.043	13.042	13.037	13.026	13.018	12.998	12.994	12.995	13.004	13.007	13.007	13.004	12.993	13.007	13.005	13.003	13.011	13.013	13.01	13.019	13.009	12.993	12.992	12.998	13.013	13.019	13.029	13.035	13.038	13.059	13.058	13.053	13.048	13.031	13.029	13.025	13.016	13.016	13.011	13.007	12.999	13.001	12.997	12.997	12.995	12.988	12.971	12.963	12.96	12.951	12.959	12.955	12.947	12.94	12.926	12.897	12.887	12.862	12.854	12.853	12.853	12.849	12.851	12.852	12.848	12.834	12.833	12.837	12.837	12.819	12.811	12.789	12.775	12.771	12.763	12.753	12.745	12.745	12.739	12.725	12.719	12.703	12.693	12.69	12.66
12.623	12.635	12.62	12.63	12.632	12.638	12.639	12.647	12.646	12.651	12.652	12.659	12.675	12.691	12.71	12.726	12.745	12.752	12.76	12.776	12.796	12.783	12.767	12.75	12.75	12.757	12.777	12.797	12.81	12.828	12.832	12.845	12.834	12.831	12.841	12.848	12.873	12.881	12.87	12.875	12.862	12.865	12.855	12.853	12.85	12.843	12.85	12.83	12.828	12.814	12.814	12.831	12.846	12.843	12.845	12.847	12.842	12.821	12.814	12.816	12.818	12.832	12.825	12.823	12.817	12.822	12.811	12.805	12.815	12.838	12.842	12.846	12.831	12.825	12.832	12.835	12.846	12.855	12.851	12.854	12.86	12.872	12.886	12.878	12.862	12.858	12.86	12.859	12.866	12.857	12.855	12.856	12.854	12.848	12.848	12.851	12.854	12.852	12.837	12.822	12.831	12.819	12.827	12.828	12.812	12.796	12.779	12.758	12.744	12.727	12.723	12.702	12.702	12.697	12.691	12.702	12.695	12.693	12.7	12.692	12.693	12.676	12.668	12.663	12.651	12.638	12.63	12.625	12.61	12.611	12.606	12.598	12.589	12.58	12.564	12.562	12.545
12.424	12.427	12.427	12.426	12.433	12.442	12.443	12.449	12.458	12.471	12.477	12.47	12.483	12.5	12.502	12.515	12.534	12.542	12.557	12.555	12.568	12.581	12.58	12.574	12.57	12.569	12.582	12.594	12.608	12.639	12.656	12.653	12.655	12.665	12.658	12.654	12.667	12.67	12.672	12.676	12.673	12.674	12.665	12.655	12.653	12.649	12.658	12.655	12.659	12.644	12.645	12.634	12.637	12.644	12.655	12.664	12.657	12.65	12.65	12.644	12.645	12.653	12.652	12.655	12.655	12.65	12.657	12.659	12.65	12.644	12.662	12.672	12.678	12.669	12.673	12.675	12.683	12.696	12.694	12.693	12.699	12.697	12.7	12.713	12.707	12.711	12.714	12.703	12.705	12.718	12.723	12.718	12.711	12.713	12.697	12.7	12.7	12.7	12.703	12.692	12.669	12.668	12.665	12.67	12.674	12.665	12.65	12.625	12.623	12.601	12.59	12.578	12.569	12.568	12.559	12.562	12.556	12.559	12.568	12.568	12.568	12.556	12.544	12.536	12.531	12.521	12.498	12.481	12.481	12.477	12.471	12.468	12.458	12.45	12.441	12.43	12.418
12.213	12.216	12.223	12.227	12.23	12.238	12.24	12.255	12.27	12.275	12.288	12.291	12.287	12.29	12.302	12.324	12.335	12.354	12.355	12.365	12.369	12.367	12.377	12.38	12.382	12.376	12.389	12.407	12.407	12.44	12.451	12.464	12.471	12.473	12.466	12.456	12.468	12.474	12.485	12.486	12.487	12.474	12.47	12.46	12.462	12.478	12.485	12.49	12.493	12.479	12.475	12.472	12.466	12.475	12.464	12.468	12.478	12.471	12.473	12.479	12.475	12.479	12.485	12.481	12.489	12.498	12.489	12.502	12.497	12.494	12.487	12.483	12.506	12.502	12.51	12.516	12.528	12.539	12.549	12.55	12.55	12.536	12.547	12.536	12.541	12.557	12.55	12.559	12.557	12.557	12.552	12.569	12.556	12.556	12.55	12.551	12.551	12.55	12.555	12.553	12.532	12.524	12.508	12.511	12.503	12.502	12.498	12.491	12.477	12.468	12.462	12.453	12.441	12.432	12.427	12.418	12.42	12.408	12.408	12.414	12.408	12.404	12.406	12.405	12.396	12.393	12.385	12.366	12.358	12.35	12.343	12.339	12.329	12.32	12.317	12.303	12.282
12.016	12.014	12.024	12.032	12.034	12.038	12.048	12.067	12.072	12.09	12.094	12.099	12.108	12.103	12.107	12.11	12.136	12.154	12.162	12.174	12.175	12.182	12.183	12.193	12.192	12.2	12.203	12.219	12.238	12.259	12.268	12.256	12.264	12.267	12.268	12.262	12.275	12.277	12.292	12.295	12.299	12.3	12.285	12.281	12.274	12.288	12.283	12.288	12.306	12.31	12.315	12.307	12.308	12.31	12.3	12.3	12.284	12.287	12.288	12.3	12.305	12.318	12.324	12.326	12.314	12.328	12.326	12.338	12.341	12.339	12.34	12.329	12.337	12.337	12.342	12.35	12.365	12.384	12.391	12.399	12.403	12.395	12.389	12.391	12.394	12.376	12.39	12.397	12.406	12.395	12.388	12.395	12.395	12.4	12.405	12.402	12.397	12.406	12.4	12.402	12.39	12.391	12.364	12.346	12.341	12.325	12.329	12.324	12.316	12.324	12.315	12.316	12.303	12.298	12.288	12.285	12.274	12.264	12.254	12.258	12.257	12.25	12.252	12.255	12.263	12.25	12.238	12.23	12.226	12.224	12.21	12.203	12.194	12.185	12.169	12.161	12.141
11.817	11.814	11.829	11.829	11.841	11.845	11.856	11.865	11.882	11.893	11.898	11.904	11.91	11.921	11.92	11.928	11.932	11.953	11.959	11.976	11.977	11.984	11.994	11.994	12.012	12.01	12.022	12.034	12.051	12.066	12.073	12.08	12.08	12.085	12.078	12.078	12.08	12.092	12.112	12.111	12.116	12.114	12.105	12.1	12.1	12.099	12.099	12.088	12.094	12.106	12.127	12.13	12.128	12.136	12.121	12.12	12.111	12.103	12.099	12.095	12.11	12.13	12.137	12.146	12.141	12.158	12.155	12.166	12.163	12.175	12.188	12.193	12.18	12.19	12.187	12.191	12.201	12.201	12.23	12.218	12.234	12.23	12.24	12.242	12.245	12.242	12.233	12.255	12.244	12.239	12.237	12.227	12.227	12.223	12.247	12.234	12.236	12.252	12.248	12.255	12.239	12.242	12.221	12.205	12.183	12.171	12.164	12.162	12.16	12.17	12.166	12.166	12.163	12.147	12.149	12.146	12.142	12.129	12.12	12.123	12.118	12.109	12.097	12.104	12.1	12.092	12.094	12.093	12.084	12.082	12.082	12.06	12.052	12.035	12.021	12.006	12
11.636	11.635	11.645	11.644	11.657	11.675	11.674	11.679	11.681	11.696	11.698	11.707	11.721	11.721	11.732	11.738	11.742	11.747	11.76	11.768	11.777	11.784	11.792	11.796	11.797	11.812	11.818	11.841	11.857	11.866	11.878	11.886	11.895	11.893	11.897	11.891	11.901	11.905	11.92	11.928	11.924	11.918	11.914	11.91	11.905	11.909	11.911	11.908	11.91	11.918	11.938	11.943	11.951	11.958	11.945	11.947	11.929	11.932	11.916	11.915	11.917	11.929	11.941	11.959	11.964	11.979	11.98	11.99	11.998	11.999	12.013	12.016	12.022	12.027	12.029	12.023	12.034	12.031	12.032	12.049	12.056	12.064	12.076	12.072	12.091	12.091	12.097	12.082	12.079	12.067	12.066	12.067	12.076	12.069	12.069	12.074	12.075	12.085	12.087	12.094	12.084	12.086	12.079	12.057	12.039	12.014	12.004	11.993	11.994	12.007	12.008	12.012	12.005	11.997	11.987	11.99	11.996	11.986	11.981	11.972	11.96	11.952	11.954	11.943	11.945	11.947	11.941	11.933	11.942	11.937	11.928	11.921	11.9	11.894	11.875	11.85	11.841
11.454	11.459	11.476	11.473	11.492	11.505	11.511	11.505	11.504	11.507	11.511	11.518	11.528	11.533	11.531	11.541	11.549	11.558	11.559	11.57	11.579	11.58	11.596	11.599	11.604	11.61	11.621	11.63	11.648	11.672	11.675	11.69	11.699	11.706	11.699	11.695	11.704	11.696	11.707	11.717	11.717	11.716	11.719	11.713	11.71	11.719	11.724	11.727	11.748	11.745	11.761	11.777	11.774	11.782	11.774	11.787	11.771	11.757	11.751	11.743	11.749	11.758	11.766	11.775	11.781	11.799	11.791	11.811	11.816	11.832	11.833	11.838	11.853	11.853	11.858	11.868	11.864	11.873	11.874	11.882	11.885	11.89	11.905	11.905	11.922	11.915	11.92	11.916	11.914	11.907	11.897	11.893	11.904	11.909	11.914	11.908	11.915	11.925	11.922	11.938	11.926	11.916	11.912	11.898	11.881	11.857	11.84	11.832	11.835	11.835	11.838	11.841	11.843	11.853	11.843	11.834	11.839	11.841	11.833	11.824	11.822	11.803	11.793	11.794	11.786	11.787	11.794	11.782	11.792	11.783	11.779	11.769	11.749	11.731	11.71	11.697	11.687
11.275	11.283	11.297	11.307	11.314	11.326	11.32	11.325	11.316	11.312	11.326	11.321	11.332	11.346	11.348	11.349	11.36	11.381	11.387	11.39	11.387	11.39	11.401	11.41	11.434	11.438	11.445	11.456	11.461	11.473	11.473	11.495	11.512	11.514	11.516	11.512	11.512	11.512	11.522	11.519	11.525	11.518	11.52	11.513	11.512	11.52	11.534	11.547	11.566	11.571	11.584	11.599	11.599	11.6	11.591	11.588	11.587	11.581	11.58	11.576	11.575	11.58	11.595	11.601	11.611	11.621	11.631	11.642	11.627	11.645	11.648	11.65	11.663	11.674	11.682	11.695	11.687	11.7	11.692	11.694	11.707	11.701	11.719	11.726	11.732	11.733	11.735	11.735	11.735	11.729	11.727	11.732	11.727	11.735	11.742	11.751	11.761	11.762	11.762	11.76	11.771	11.758	11.74	11.72	11.701	11.691	11.681	11.677	11.682	11.68	11.683	11.676	11.681	11.69	11.685	11.675	11.672	11.68	11.681	11.673	11.671	11.659	11.643	11.635	11.633	11.626	11.637	11.638	11.641	11.63	11.619	11.602	11.586	11.574	11.557	11.546	11.536
11.087	11.091	11.107	11.117	11.116	11.137	11.137	11.144	11.144	11.148	11.151	11.143	11.151	11.157	11.17	11.184	11.196	11.202	11.206	11.216	11.214	11.215	11.218	11.231	11.259	11.26	11.276	11.281	11.286	11.292	11.287	11.304	11.303	11.311	11.322	11.322	11.339	11.33	11.337	11.337	11.343	11.336	11.327	11.335	11.341	11.346	11.362	11.368	11.367	11.383	11.371	11.389	11.39	11.394	11.399	11.386	11.397	11.395	11.391	11.398	11.406	11.411	11.414	11.424	11.438	11.447	11.458	11.462	11.475	11.464	11.481	11.476	11.486	11.498	11.5	11.507	11.506	11.506	11.507	11.515	11.53	11.526	11.54	11.544	11.543	11.553	11.548	11.54	11.547	11.546	11.547	11.546	11.548	11.551	11.553	11.562	11.567	11.573	11.569	11.574	11.579	11.577	11.558	11.555	11.535	11.523	11.524	11.513	11.523	11.522	11.526	11.523	11.517	11.519	11.525	11.531	11.52	11.522	11.529	11.521	11.515	11.512	11.494	11.494	11.49	11.489	11.484	11.486	11.479	11.47	11.459	11.446	11.429	11.422	11.402	11.402	11.393
10.898	10.904	10.918	10.934	10.945	10.951	10.954	10.957	10.968	10.973	10.974	10.983	10.988	10.985	11	11.011	11.019	11.04	11.026	11.029	11.032	11.045	11.053	11.057	11.066	11.071	11.082	11.082	11.087	11.112	11.11	11.112	11.115	11.127	11.129	11.137	11.149	11.145	11.163	11.163	11.164	11.165	11.162	11.157	11.162	11.161	11.17	11.18	11.184	11.2	11.185	11.203	11.199	11.199	11.205	11.202	11.193	11.203	11.21	11.219	11.224	11.227	11.241	11.247	11.24	11.263	11.268	11.277	11.298	11.294	11.292	11.294	11.3	11.308	11.313	11.318	11.328	11.327	11.333	11.344	11.352	11.359	11.361	11.374	11.377	11.384	11.384	11.364	11.362	11.371	11.372	11.38	11.378	11.374	11.379	11.382	11.387	11.396	11.395	11.396	11.399	11.412	11.403	11.399	11.387	11.378	11.376	11.357	11.36	11.352	11.358	11.365	11.362	11.365	11.363	11.373	11.379	11.375	11.364	11.37	11.363	11.355	11.358	11.345	11.335	11.332	11.316	11.308	11.313	11.303	11.294	11.286	11.277	11.272	11.259	11.262	11.253
10.713	10.718	10.729	10.747	10.766	10.779	10.792	10.802	10.81	10.812	10.821	10.819	10.83	10.833	10.845	10.851	10.853	10.866	10.857	10.877	10.888	10.895	10.901	10.892	10.9	10.899	10.91	10.912	10.915	10.936	10.942	10.949	10.951	10.954	10.968	10.964	10.975	10.969	10.977	10.983	10.987	10.998	10.993	10.99	10.996	11.001	11.004	11.005	11.009	11.023	11.02	11.024	11.024	11.025	11.03	11.025	11.039	11.042	11.044	11.045	11.051	11.068	11.056	11.076	11.069	11.082	11.091	11.102	11.118	11.125	11.131	11.139	11.137	11.146	11.149	11.143	11.158	11.161	11.179	11.194	11.193	11.212	11.206	11.21	11.218	11.217	11.219	11.219	11.205	11.201	11.207	11.216	11.221	11.222	11.227	11.222	11.234	11.222	11.221	11.223	11.234	11.242	11.235	11.238	11.239	11.228	11.214	11.2	11.21	11.206	11.211	11.215	11.212	11.211	11.218	11.226	11.233	11.236	11.223	11.22	11.219	11.207	11.212	11.2	11.19	11.182	11.174	11.149	11.148	11.152	11.145	11.132	11.126	11.125	11.119	11.113	11.11
10.543	10.553	10.562	10.573	10.589	10.613	10.619	10.64	10.648	10.655	10.673	10.664	10.676	10.664	10.676	10.681	10.692	10.7	10.706	10.722	10.724	10.733	10.743	10.734	10.745	10.749	10.756	10.747	10.749	10.766	10.779	10.791	10.792	10.794	10.8	10.808	10.803	10.81	10.806	10.815	10.817	10.821	10.827	10.839	10.851	10.853	10.845	10.855	10.851	10.854	10.859	10.845	10.85	10.865	10.872	10.864	10.882	10.88	10.89	10.892	10.88	10.891	10.884	10.897	10.903	10.908	10.92	10.926	10.943	10.96	10.963	10.968	10.973	10.981	10.991	10.985	11.008	11.019	11.032	11.041	11.042	11.045	11.04	11.053	11.053	11.054	11.049	11.046	11.041	11.057	11.052	11.054	11.066	11.057	11.063	11.066	11.066	11.072	11.062	11.063	11.068	11.077	11.08	11.08	11.082	11.079	11.074	11.058	11.069	11.064	11.06	11.059	11.062	11.061	11.07	11.077	11.081	11.086	11.09	11.071	11.065	11.059	11.047	11.048	11.047	11.045	11.039	11.025	11.016	11.016	11.009	10.996	10.995	10.983	10.983	10.977	10.971
10.37	10.38	10.391	10.409	10.418	10.447	10.466	10.479	10.498	10.5	10.512	10.51	10.516	10.509	10.506	10.517	10.511	10.526	10.536	10.548	10.562	10.573	10.579	10.585	10.587	10.584	10.588	10.59	10.591	10.599	10.604	10.615	10.628	10.624	10.629	10.636	10.627	10.637	10.633	10.641	10.646	10.654	10.667	10.672	10.671	10.68	10.681	10.686	10.692	10.683	10.681	10.679	10.684	10.701	10.706	10.708	10.72	10.721	10.723	10.717	10.721	10.719	10.724	10.719	10.727	10.743	10.754	10.773	10.781	10.796	10.805	10.817	10.822	10.822	10.832	10.846	10.863	10.864	10.864	10.874	10.882	10.874	10.883	10.881	10.884	10.881	10.881	10.875	10.877	10.887	10.897	10.902	10.898	10.891	10.89	10.904	10.909	10.908	10.909	10.9	10.898	10.908	10.914	10.929	10.932	10.937	10.925	10.921	10.925	10.928	10.922	10.919	10.926	10.927	10.923	10.936	10.926	10.93	10.925	10.922	10.913	10.904	10.902	10.893	10.899	10.896	10.897	10.891	10.885	10.876	10.859	10.856	10.858	10.844	10.841	10.827	10.823
10.213	10.212	10.225	10.245	10.255	10.277	10.293	10.31	10.319	10.333	10.338	10.341	10.348	10.342	10.351	10.345	10.341	10.356	10.367	10.392	10.398	10.406	10.415	10.423	10.424	10.426	10.428	10.422	10.423	10.42	10.43	10.439	10.445	10.451	10.457	10.461	10.457	10.459	10.469	10.48	10.487	10.492	10.503	10.501	10.496	10.497	10.509	10.521	10.523	10.527	10.521	10.522	10.528	10.543	10.557	10.553	10.553	10.562	10.554	10.556	10.557	10.553	10.564	10.555	10.559	10.565	10.584	10.599	10.615	10.636	10.644	10.652	10.655	10.656	10.661	10.683	10.688	10.694	10.704	10.706	10.708	10.708	10.712	10.711	10.712	10.713	10.709	10.707	10.71	10.718	10.729	10.727	10.725	10.731	10.725	10.733	10.739	10.743	10.742	10.747	10.745	10.753	10.757	10.756	10.773	10.775	10.774	10.779	10.773	10.781	10.779	10.781	10.781	10.785	10.786	10.784	10.783	10.774	10.767	10.769	10.759	10.748	10.75	10.751	10.75	10.753	10.744	10.746	10.742	10.731	10.725	10.714	10.708	10.704	10.7	10.693	10.685
10.037	10.044	10.058	10.071	10.078	10.108	10.117	10.128	10.136	10.147	10.161	10.165	10.173	10.169	10.177	10.182	10.178	10.196	10.211	10.235	10.245	10.252	10.261	10.26	10.262	10.257	10.261	10.255	10.263	10.252	10.265	10.275	10.28	10.288	10.289	10.291	10.292	10.291	10.3	10.315	10.324	10.341	10.33	10.328	10.323	10.32	10.333	10.337	10.34	10.364	10.364	10.362	10.364	10.367	10.39	10.383	10.379	10.393	10.384	10.396	10.397	10.393	10.39	10.385	10.392	10.402	10.411	10.437	10.445	10.449	10.467	10.465	10.478	10.48	10.489	10.509	10.512	10.527	10.525	10.536	10.536	10.538	10.545	10.538	10.538	10.537	10.534	10.541	10.55	10.555	10.571	10.566	10.571	10.575	10.576	10.578	10.582	10.584	10.581	10.59	10.602	10.598	10.604	10.605	10.603	10.621	10.622	10.634	10.637	10.638	10.64	10.644	10.642	10.634	10.629	10.634	10.633	10.626	10.613	10.617	10.606	10.601	10.607	10.605	10.605	10.612	10.608	10.603	10.598	10.588	10.578	10.576	10.569	10.564	10.558	10.557	10.553
9.863	9.876	9.881	9.884	9.902	9.926	9.936	9.944	9.954	9.964	9.98	9.98	10	10.003	10.004	10.019	10.026	10.036	10.049	10.06	10.059	10.075	10.081	10.09	10.097	10.095	10.099	10.088	10.097	10.095	10.102	10.108	10.104	10.118	10.119	10.122	10.127	10.126	10.137	10.142	10.151	10.162	10.159	10.166	10.159	10.158	10.158	10.159	10.166	10.176	10.19	10.185	10.193	10.19	10.201	10.207	10.204	10.224	10.216	10.218	10.213	10.216	10.217	10.215	10.224	10.244	10.249	10.269	10.273	10.282	10.303	10.297	10.317	10.313	10.319	10.333	10.333	10.353	10.351	10.364	10.38	10.381	10.383	10.379	10.38	10.372	10.372	10.374	10.378	10.391	10.401	10.411	10.416	10.428	10.43	10.436	10.435	10.431	10.437	10.439	10.445	10.443	10.447	10.443	10.435	10.451	10.459	10.462	10.473	10.474	10.482	10.486	10.485	10.482	10.486	10.489	10.476	10.484	10.485	10.476	10.469	10.46	10.459	10.455	10.457	10.465	10.461	10.46	10.449	10.44	10.425	10.422	10.42	10.424	10.421	10.42	10.419
9.701	9.712	9.715	9.72	9.731	9.752	9.759	9.769	9.787	9.794	9.808	9.816	9.822	9.83	9.836	9.851	9.861	9.875	9.888	9.891	9.887	9.888	9.886	9.916	9.921	9.93	9.94	9.936	9.937	9.944	9.952	9.952	9.953	9.951	9.955	9.965	9.966	9.962	9.966	9.973	9.987	9.987	9.997	9.997	10.007	10.007	9.99	10	9.995	10.013	10.021	10.005	10.01	10.018	10.027	10.041	10.043	10.04	10.06	10.059	10.064	10.063	10.064	10.069	10.072	10.09	10.095	10.1	10.102	10.102	10.11	10.113	10.125	10.131	10.137	10.151	10.152	10.162	10.17	10.182	10.201	10.211	10.221	10.225	10.218	10.209	10.202	10.207	10.208	10.221	10.238	10.25	10.259	10.26	10.265	10.278	10.275	10.283	10.28	10.28	10.287	10.283	10.284	10.278	10.281	10.287	10.293	10.302	10.306	10.316	10.324	10.332	10.339	10.344	10.347	10.354	10.353	10.341	10.336	10.331	10.324	10.33	10.324	10.32	10.315	10.308	10.316	10.318	10.306	10.293	10.286	10.286	10.285	10.288	10.285	10.283	10.278
9.535	9.544	9.541	9.548	9.561	9.58	9.59	9.6	9.617	9.627	9.634	9.645	9.656	9.667	9.678	9.68	9.698	9.71	9.713	9.712	9.709	9.717	9.717	9.737	9.744	9.76	9.78	9.787	9.784	9.789	9.786	9.791	9.793	9.786	9.788	9.793	9.797	9.807	9.818	9.815	9.831	9.814	9.824	9.826	9.828	9.84	9.829	9.842	9.845	9.843	9.854	9.854	9.843	9.864	9.863	9.87	9.875	9.88	9.891	9.879	9.895	9.907	9.905	9.914	9.911	9.919	9.927	9.93	9.935	9.938	9.934	9.941	9.944	9.953	9.963	9.967	9.974	9.99	9.996	10.006	10.023	10.047	10.05	10.051	10.049	10.045	10.047	10.045	10.045	10.056	10.065	10.079	10.089	10.097	10.103	10.103	10.108	10.112	10.108	10.106	10.111	10.12	10.12	10.123	10.126	10.133	10.131	10.153	10.158	10.172	10.179	10.175	10.178	10.186	10.186	10.189	10.193	10.189	10.184	10.179	10.176	10.176	10.183	10.18	10.184	10.173	10.177	10.174	10.17	10.162	10.156	10.148	10.154	10.16	10.16	10.151	10.145
9.368	9.381	9.378	9.384	9.396	9.42	9.429	9.439	9.45	9.468	9.474	9.492	9.499	9.511	9.517	9.524	9.533	9.543	9.55	9.55	9.552	9.552	9.555	9.567	9.58	9.59	9.605	9.611	9.625	9.624	9.622	9.623	9.626	9.625	9.623	9.636	9.638	9.646	9.655	9.652	9.67	9.658	9.666	9.676	9.675	9.678	9.678	9.681	9.688	9.686	9.685	9.69	9.676	9.687	9.691	9.696	9.702	9.708	9.713	9.707	9.723	9.737	9.744	9.752	9.739	9.75	9.758	9.764	9.77	9.771	9.772	9.784	9.789	9.797	9.803	9.805	9.827	9.827	9.842	9.852	9.865	9.875	9.877	9.879	9.882	9.88	9.877	9.879	9.88	9.888	9.903	9.91	9.913	9.924	9.935	9.939	9.957	9.96	9.957	9.966	9.959	9.964	9.967	9.971	9.976	9.986	9.987	10.001	10.011	10.013	10.019	10.032	10.024	10.031	10.037	10.036	10.044	10.044	10.037	10.037	10.031	10.029	10.033	10.031	10.035	10.035	10.032	10.036	10.032	10.024	10.024	10.028	10.024	10.026	10.024	10.007	9.997
9.201	9.216	9.219	9.223	9.251	9.256	9.278	9.295	9.308	9.319	9.325	9.343	9.349	9.357	9.363	9.371	9.38	9.383	9.384	9.39	9.398	9.396	9.403	9.401	9.418	9.428	9.435	9.445	9.459	9.445	9.454	9.452	9.448	9.456	9.447	9.462	9.465	9.478	9.491	9.498	9.503	9.506	9.509	9.52	9.526	9.52	9.529	9.511	9.52	9.523	9.519	9.52	9.522	9.529	9.529	9.538	9.54	9.541	9.548	9.551	9.563	9.577	9.583	9.592	9.598	9.603	9.601	9.605	9.615	9.616	9.614	9.625	9.628	9.643	9.656	9.66	9.673	9.681	9.695	9.705	9.711	9.722	9.728	9.729	9.726	9.726	9.725	9.723	9.732	9.739	9.746	9.756	9.762	9.768	9.788	9.789	9.79	9.794	9.799	9.802	9.81	9.811	9.813	9.822	9.835	9.839	9.856	9.861	9.871	9.884	9.883	9.889	9.892	9.889	9.896	9.899	9.903	9.91	9.899	9.898	9.897	9.905	9.902	9.899	9.887	9.891	9.894	9.891	9.889	9.89	9.895	9.897	9.891	9.89	9.886	9.877	9.877
9.045	9.055	9.066	9.076	9.102	9.098	9.118	9.131	9.14	9.163	9.173	9.185	9.195	9.2	9.21	9.209	9.218	9.225	9.231	9.24	9.237	9.239	9.236	9.246	9.25	9.261	9.276	9.277	9.293	9.291	9.291	9.281	9.275	9.289	9.277	9.299	9.311	9.32	9.334	9.34	9.337	9.357	9.349	9.358	9.368	9.36	9.367	9.359	9.357	9.354	9.351	9.351	9.356	9.373	9.385	9.389	9.387	9.396	9.395	9.399	9.408	9.42	9.433	9.434	9.442	9.448	9.453	9.457	9.457	9.457	9.465	9.472	9.484	9.497	9.504	9.52	9.526	9.54	9.549	9.562	9.57	9.585	9.57	9.579	9.588	9.575	9.576	9.572	9.577	9.59	9.598	9.612	9.618	9.631	9.634	9.643	9.645	9.644	9.651	9.651	9.664	9.669	9.664	9.679	9.698	9.699	9.731	9.732	9.746	9.744	9.749	9.752	9.754	9.758	9.76	9.772	9.774	9.772	9.776	9.772	9.777	9.778	9.777	9.763	9.752	9.743	9.757	9.756	9.752	9.757	9.754	9.754	9.753	9.754	9.756	9.756	9.753
8.886	8.905	8.915	8.928	8.935	8.945	8.964	8.973	8.988	9.001	9.013	9.023	9.024	9.036	9.038	9.044	9.053	9.057	9.072	9.07	9.069	9.079	9.061	9.081	9.083	9.1	9.117	9.127	9.14	9.13	9.132	9.129	9.125	9.133	9.143	9.152	9.167	9.173	9.174	9.188	9.178	9.189	9.186	9.19	9.197	9.194	9.192	9.188	9.188	9.191	9.19	9.194	9.193	9.206	9.212	9.216	9.226	9.236	9.238	9.249	9.261	9.274	9.274	9.276	9.281	9.283	9.296	9.3	9.301	9.303	9.309	9.313	9.333	9.34	9.349	9.369	9.377	9.396	9.409	9.417	9.427	9.427	9.422	9.436	9.432	9.431	9.427	9.428	9.431	9.442	9.456	9.455	9.461	9.479	9.475	9.488	9.502	9.498	9.511	9.519	9.518	9.53	9.539	9.545	9.559	9.576	9.601	9.608	9.617	9.62	9.614	9.617	9.618	9.626	9.625	9.627	9.632	9.635	9.637	9.64	9.641	9.643	9.639	9.623	9.613	9.6	9.611	9.616	9.628	9.625	9.617	9.616	9.613	9.619	9.626	9.63	9.627
8.735	8.754	8.767	8.779	8.786	8.799	8.802	8.814	8.83	8.844	8.841	8.856	8.859	8.875	8.876	8.873	8.89	8.888	8.909	8.91	8.91	8.92	8.909	8.925	8.926	8.935	8.959	8.96	8.97	8.967	8.957	8.958	8.966	8.965	8.991	8.982	9.004	9.009	9.014	9.028	9.025	9.034	9.03	9.038	9.037	9.033	9.03	9.023	9.029	9.032	9.038	9.036	9.046	9.052	9.05	9.06	9.069	9.079	9.082	9.089	9.106	9.12	9.121	9.119	9.126	9.13	9.14	9.15	9.146	9.148	9.147	9.16	9.178	9.188	9.201	9.209	9.219	9.236	9.252	9.262	9.262	9.266	9.281	9.281	9.283	9.282	9.287	9.283	9.291	9.29	9.301	9.301	9.306	9.323	9.325	9.332	9.347	9.35	9.36	9.371	9.37	9.379	9.393	9.409	9.424	9.445	9.463	9.468	9.473	9.468	9.47	9.48	9.482	9.5	9.494	9.494	9.492	9.495	9.499	9.508	9.504	9.503	9.502	9.48	9.466	9.464	9.464	9.475	9.479	9.49	9.491	9.484	9.483	9.483	9.489	9.491	9.497
8.576	8.595	8.615	8.63	8.64	8.653	8.654	8.661	8.672	8.676	8.676	8.696	8.691	8.704	8.716	8.711	8.738	8.736	8.759	8.764	8.765	8.769	8.761	8.766	8.773	8.783	8.79	8.791	8.784	8.802	8.801	8.809	8.813	8.812	8.839	8.83	8.84	8.843	8.843	8.859	8.858	8.867	8.867	8.872	8.876	8.876	8.871	8.869	8.864	8.878	8.892	8.895	8.901	8.904	8.903	8.908	8.919	8.918	8.922	8.932	8.944	8.957	8.964	8.97	8.977	8.99	9.005	9.001	8.997	8.992	8.989	9.01	9.015	9.029	9.042	9.055	9.062	9.079	9.091	9.096	9.104	9.112	9.133	9.133	9.138	9.148	9.147	9.146	9.155	9.153	9.163	9.166	9.173	9.176	9.185	9.19	9.194	9.193	9.205	9.216	9.239	9.246	9.262	9.275	9.286	9.296	9.313	9.32	9.326	9.325	9.337	9.355	9.359	9.366	9.364	9.359	9.356	9.362	9.365	9.371	9.367	9.361	9.353	9.34	9.327	9.321	9.324	9.331	9.341	9.349	9.349	9.351	9.349	9.347	9.357	9.361	9.372
8.43	8.444	8.46	8.478	8.492	8.504	8.507	8.513	8.52	8.522	8.514	8.535	8.539	8.55	8.561	8.56	8.585	8.587	8.604	8.609	8.612	8.618	8.616	8.613	8.622	8.626	8.631	8.633	8.626	8.64	8.647	8.66	8.668	8.673	8.683	8.686	8.692	8.691	8.69	8.693	8.693	8.704	8.709	8.715	8.717	8.722	8.714	8.715	8.715	8.724	8.737	8.745	8.751	8.75	8.753	8.759	8.768	8.771	8.769	8.771	8.788	8.798	8.808	8.824	8.835	8.843	8.856	8.868	8.867	8.866	8.863	8.874	8.878	8.881	8.9	8.901	8.91	8.922	8.937	8.944	8.945	8.958	8.974	8.986	8.992	8.996	8.997	9.005	9.012	9.022	9.025	9.032	9.042	9.044	9.052	9.057	9.062	9.065	9.077	9.075	9.107	9.117	9.127	9.135	9.14	9.141	9.154	9.167	9.172	9.191	9.206	9.218	9.225	9.232	9.232	9.224	9.22	9.229	9.231	9.234	9.229	9.212	9.2	9.194	9.186	9.188	9.188	9.197	9.203	9.21	9.21	9.213	9.217	9.223	9.233	9.23	9.236
8.283	8.299	8.303	8.324	8.347	8.34	8.348	8.352	8.356	8.372	8.359	8.387	8.392	8.405	8.424	8.425	8.437	8.446	8.457	8.464	8.472	8.469	8.474	8.463	8.48	8.478	8.477	8.488	8.482	8.496	8.501	8.506	8.515	8.52	8.525	8.538	8.534	8.536	8.539	8.542	8.542	8.552	8.556	8.561	8.567	8.573	8.568	8.578	8.581	8.582	8.59	8.603	8.606	8.608	8.609	8.611	8.619	8.618	8.628	8.628	8.639	8.649	8.664	8.682	8.694	8.702	8.711	8.717	8.73	8.74	8.727	8.742	8.751	8.757	8.759	8.766	8.767	8.775	8.793	8.797	8.803	8.813	8.823	8.848	8.857	8.864	8.87	8.881	8.873	8.892	8.893	8.893	8.902	8.91	8.913	8.93	8.93	8.935	8.944	8.954	8.963	8.983	8.996	8.995	8.999	9.001	9.003	9.016	9.023	9.042	9.055	9.063	9.086	9.08	9.08	9.078	9.082	9.088	9.087	9.085	9.077	9.062	9.061	9.059	9.051	9.061	9.064	9.067	9.074	9.067	9.07	9.076	9.089	9.101	9.103	9.11	9.104
8.146	8.162	8.169	8.168	8.192	8.184	8.205	8.203	8.206	8.234	8.227	8.248	8.257	8.263	8.276	8.289	8.279	8.3	8.307	8.316	8.319	8.318	8.334	8.324	8.34	8.343	8.34	8.339	8.337	8.343	8.355	8.364	8.368	8.379	8.385	8.387	8.383	8.384	8.381	8.39	8.399	8.402	8.407	8.409	8.408	8.413	8.42	8.423	8.434	8.444	8.454	8.46	8.458	8.466	8.469	8.477	8.481	8.477	8.483	8.493	8.502	8.514	8.526	8.535	8.55	8.555	8.564	8.572	8.581	8.59	8.594	8.606	8.619	8.627	8.631	8.642	8.647	8.65	8.663	8.671	8.675	8.691	8.696	8.702	8.721	8.731	8.728	8.728	8.737	8.754	8.75	8.758	8.763	8.773	8.782	8.794	8.808	8.804	8.81	8.826	8.829	8.844	8.858	8.858	8.861	8.869	8.863	8.877	8.886	8.9	8.914	8.919	8.932	8.929	8.935	8.93	8.931	8.934	8.929	8.927	8.927	8.922	8.924	8.922	8.919	8.929	8.932	8.939	8.945	8.945	8.953	8.954	8.964	8.971	8.976	8.979	8.974
8.004	8.019	8.034	8.026	8.052	8.042	8.066	8.073	8.077	8.089	8.102	8.118	8.133	8.129	8.134	8.148	8.133	8.157	8.154	8.17	8.186	8.174	8.193	8.187	8.183	8.186	8.194	8.192	8.207	8.204	8.214	8.217	8.227	8.239	8.235	8.233	8.232	8.232	8.233	8.246	8.262	8.254	8.255	8.271	8.272	8.273	8.283	8.278	8.292	8.302	8.313	8.322	8.32	8.327	8.342	8.344	8.346	8.352	8.348	8.36	8.371	8.389	8.4	8.4	8.413	8.419	8.428	8.441	8.454	8.458	8.471	8.483	8.49	8.504	8.51	8.512	8.521	8.529	8.534	8.547	8.556	8.559	8.571	8.576	8.578	8.583	8.589	8.587	8.607	8.603	8.625	8.637	8.643	8.642	8.669	8.667	8.684	8.69	8.691	8.695	8.707	8.709	8.725	8.735	8.738	8.737	8.736	8.75	8.758	8.774	8.782	8.781	8.777	8.781	8.781	8.777	8.781	8.79	8.783	8.782	8.786	8.794	8.79	8.792	8.791	8.801	8.801	8.803	8.812	8.82	8.83	8.825	8.835	8.836	8.838	8.843	8.849
7.871	7.885	7.897	7.884	7.907	7.911	7.919	7.933	7.95	7.96	7.978	7.981	8.002	8.001	8.001	8.008	7.989	8.012	8.022	8.031	8.041	8.037	8.041	8.05	8.051	8.055	8.054	8.057	8.071	8.074	8.079	8.084	8.089	8.088	8.081	8.091	8.09	8.095	8.105	8.108	8.106	8.129	8.133	8.135	8.138	8.145	8.144	8.146	8.156	8.165	8.172	8.187	8.188	8.206	8.218	8.22	8.232	8.242	8.236	8.247	8.25	8.257	8.27	8.279	8.286	8.299	8.313	8.321	8.33	8.342	8.345	8.359	8.363	8.375	8.386	8.399	8.401	8.406	8.402	8.421	8.438	8.436	8.444	8.462	8.456	8.454	8.459	8.456	8.477	8.491	8.501	8.516	8.524	8.53	8.551	8.553	8.561	8.568	8.572	8.574	8.582	8.587	8.594	8.597	8.595	8.598	8.606	8.619	8.644	8.656	8.659	8.66	8.66	8.654	8.656	8.658	8.658	8.65	8.646	8.649	8.65	8.658	8.666	8.677	8.678	8.676	8.677	8.681	8.689	8.696	8.697	8.697	8.697	8.7	8.705	8.712	8.711
7.734	7.745	7.755	7.753	7.755	7.771	7.781	7.8	7.815	7.821	7.845	7.85	7.867	7.872	7.875	7.88	7.881	7.882	7.892	7.897	7.899	7.906	7.9	7.902	7.907	7.916	7.923	7.938	7.941	7.949	7.949	7.95	7.947	7.948	7.952	7.954	7.958	7.961	7.968	7.982	7.979	7.995	8.003	8.007	8.015	8.021	8.02	8.028	8.036	8.047	8.059	8.064	8.071	8.079	8.094	8.109	8.118	8.123	8.123	8.133	8.137	8.135	8.144	8.155	8.162	8.172	8.188	8.198	8.207	8.221	8.232	8.244	8.25	8.258	8.27	8.277	8.271	8.283	8.294	8.307	8.313	8.323	8.318	8.32	8.325	8.33	8.337	8.354	8.363	8.382	8.39	8.399	8.406	8.424	8.421	8.447	8.449	8.452	8.454	8.454	8.456	8.466	8.471	8.474	8.48	8.483	8.491	8.505	8.52	8.535	8.542	8.55	8.547	8.538	8.535	8.534	8.526	8.525	8.521	8.52	8.528	8.535	8.542	8.549	8.551	8.555	8.559	8.563	8.566	8.574	8.583	8.583	8.582	8.581	8.578	8.582	8.586
7.608	7.619	7.613	7.624	7.622	7.639	7.648	7.665	7.68	7.694	7.708	7.716	7.716	7.729	7.736	7.74	7.751	7.744	7.756	7.757	7.762	7.758	7.762	7.775	7.783	7.787	7.794	7.81	7.812	7.828	7.825	7.82	7.821	7.815	7.818	7.82	7.829	7.83	7.834	7.846	7.854	7.865	7.879	7.88	7.888	7.887	7.889	7.909	7.924	7.934	7.941	7.942	7.955	7.954	7.973	7.987	7.999	8.005	8.009	8.014	8.02	8.029	8.04	8.044	8.049	8.064	8.074	8.082	8.094	8.101	8.111	8.129	8.134	8.142	8.153	8.161	8.165	8.167	8.183	8.188	8.196	8.206	8.204	8.207	8.223	8.235	8.241	8.258	8.258	8.265	8.276	8.277	8.286	8.303	8.3	8.325	8.327	8.331	8.342	8.341	8.341	8.35	8.358	8.364	8.363	8.371	8.373	8.383	8.394	8.406	8.42	8.43	8.417	8.425	8.419	8.407	8.403	8.397	8.395	8.401	8.4	8.405	8.411	8.421	8.424	8.428	8.434	8.438	8.443	8.452	8.454	8.464	8.465	8.469	8.47	8.468	8.483
7.478	7.481	7.484	7.487	7.492	7.512	7.519	7.532	7.547	7.562	7.571	7.589	7.592	7.605	7.614	7.602	7.618	7.615	7.613	7.619	7.626	7.629	7.638	7.639	7.652	7.662	7.672	7.678	7.679	7.695	7.691	7.69	7.694	7.686	7.693	7.686	7.693	7.702	7.71	7.719	7.729	7.737	7.744	7.754	7.763	7.769	7.77	7.795	7.807	7.821	7.828	7.83	7.837	7.84	7.858	7.87	7.877	7.89	7.894	7.902	7.912	7.917	7.926	7.931	7.94	7.957	7.961	7.976	7.982	7.981	7.995	8.004	8.013	8.026	8.039	8.048	8.057	8.062	8.071	8.079	8.087	8.088	8.1	8.1	8.114	8.132	8.137	8.145	8.156	8.154	8.162	8.166	8.169	8.188	8.19	8.202	8.212	8.222	8.233	8.23	8.237	8.242	8.248	8.252	8.25	8.253	8.259	8.259	8.277	8.285	8.291	8.293	8.287	8.3	8.294	8.291	8.292	8.282	8.285	8.285	8.289	8.285	8.295	8.304	8.311	8.311	8.313	8.311	8.32	8.336	8.341	8.356	8.359	8.364	8.369	8.359	8.37
