1015.925	1016	1016	1016	1016	1016	1016	1016	1016	1016	1016	1016	1016	1016	1016	1016	1016	1016	1016	1016	1016	1016	1016	1016	1016	1016	1016	1016	1016	1016	1016	1016	1016	1016	1016	1016	1016	1016	1016	1016	1016	1016	1016	1016	1016	1016	1016	1016	1016	1016	1016	1016	1016	1016	1016	1016	1016	1016	1016	1016	1016	1016	1016	1016	1016	1016	1016	1016	1016	1016	1016	1016	1016	1016	1016	1016	1016	1016	1016	1016	1016	1016	1016	1016	1016	1016	1016	1016	1016	1016	1016	1016	1016	1016	1016	1016	1016	1016	1016	1016	1016	1016	1016	1016	1016	1016	1016	1016	1016	1016	1016	1016	1016	1016	1016	1016	1016	1016	1016	1016	1016	1016	1016	1016	1016	1016	1016	1016	1016	1016	1016	1016	1016	1016	1016	1016	1016
1016	1016	1016	1016	1016	1016	1016	1016	1016	1016	1016	1016	1016	1016	1016	1016	1016	1016	1016	1016	1016	1016	1016	1016	1016	1016	1016	1016	1016	1016	1016	1016	1016	1016	1016	1016	1016	1016	1016	1016	1016	1016	1016	1016	1016	1016	1016	1016	1016	1016	1016	1016	1016	1016	1016	1016	1016	1016	1016	1016	1016	1016	1016	1016	1016	1016	1016	1016	1016	1016	1016	1016	1016	1016	1016	1016	1016	1016	1016	1016	1016	1016	1016	1016	1016	1016	1016	1016	1016	1016	1016	1016	1016	1016	1016	1016	1016	1016	1016	1016	1016	1016	1016	1016	1016	1016	1016	1016	1016	1016	1016	1016	1016	1016	1016	1016	1016	1016	1016	1016	1016	1016	1016	1016	1016	1016	1016	1016	1016	1016	1016	1016	1016	1016	1016	1016	1016
1016	1016	1016	1016	1016	1016	1016	1016	1016	1016	1016	1016	1016	1016	1016	1016	1016	1016	1016	1016	1016	1016	1016	1016	1016	1016	1016	1016	1016	1016	1016	1016	1016	1016.389	1016	1016	1016	1016	1016	1016	1016	1016	1016	1016	1016	1016	1016	1016	1016	1016	1016	1016	1016	1016	1016	1016	1016	1016	1016	1016	1016	1016	1016	1016	1016	1016	1016	1016	1016	1016	1016	1016	1016	1016	1016	1016	1016	1016	1016	1016	1016	1016	1016	1016	1016	1016	1016	1016	1016	1016	1016	1016	1016	1016	1016	1016	1016	1016	1016	1016	1016	1016	1016	1016	1016	1016	1016	1016	1016	1016	1016	1016	1016	1016	1016	1016	1016	1016	1016	1016	1016	1016	1016	1016	1016	1016	1016	1016	1016	1016	1016	1016	1016	1016	1016	1016	1016
1016	1016	1016	1016	1016	1016	1016	1016	1016	1016	1016	1016	1016	1016	1016	1016	1016	1016	1016	1016	1016	1016	1016	1016	1016	1016	1016	1016	1016	1016	1016.422	1016.418	1016.459	1016.446	1016.389	1016.41	1016.433	1016.459	1016	1016	1016	1016	1016	1016	1016	1016.528	1016	1016.524	1016.536	1016.532	1016.499	1016.508	1016.526	1016	1016	1016.508	1016.416	1016.501	1016.49	1016.408	1016.414	1016.431	1016	1016.451	1016	1016	1016	1016	1016	1016	1016	1016	1016	1016	1016	1016	1016	1016	1016	1016	1016	1016	1016	1016	1016	1016	1016	1016	1016	1016	1016	1016	1016	1016	1016	1016	1016	1016	1016	1016	1016	1016	1016	1016	1016	1016	1016	1016	1016	1016	1016	1016	1016	1016	1016	1016	1016	1016	1016	1016	1016	1016	1016	1016	1016	1016	1016	1016	1016	1016	1016	1016	1016	1016	1016	1016	1016
1016	1016	1016	1016	1016	1016	1016	1016	1016	1016	1016	1016	1016	1016	1016	1016	1016	1016	1016	1016	1016	1016	1016	1016	1016	1016	1016	1016	1016.68	1016.483	1016.494	1016.469	1016.442	1016.459	1016.5	1016.507	1016.453	1016.467	1016.552	1016.589	1016.51	1016.5	1016.472	1016.479	1016.644	1016.475	1016.459	1016.701	1016.669	1016.665	1016.672	1016.662	1016.607	1016.681	1016.681	1016.608	1016.547	1016.534	1016.567	1016.547	1016.54	1016.547	1016.453	1016.493	1016	1016.507	1016	1016	1016	1016	1016	1016	1016	1016	1016	1016	1016	1016	1016	1016	1016	1016	1016	1016	1016	1016	1016	1016	1016	1016	1016	1016	1016	1016	1016	1016	1016	1016	1016	1016	1016	1016	1016	1016	1016	1016	1016	1016	1016	1016	1016	1016	1016	1016	1016	1016	1016	1016	1016	1016	1016	1016	1016	1016	1016	1016	1016	1016	1016	1016	1016	1016	1016	1016	1016	1016	1016
1016.438	1016	1016.602	1016.493	1016	1016	1016	1016	1016	1016	1016	1016	1016	1016	1016	1016	1016	1016	1016	1016	1016	1016	1016	1016	1016	1016	1016.618	1016.676	1016.491	1016.465	1016.501	1016.531	1016.628	1016.635	1016.527	1016.498	1016.622	1016.708	1016.694	1016.522	1016.511	1016.619	1016.641	1016.689	1016.591	1016.705	1016.836	1016.704	1016.724	1016.72	1016.734	1016.721	1016.696	1016.711	1016.693	1016.626	1016.75	1016.633	1016.652	1016.65	1016.644	1016.663	1016.65	1016.501	1016.486	1016.516	1016	1016.539	1016	1016	1016	1016	1016	1016	1016	1016	1016	1016	1016	1016	1016	1016	1016	1016	1016	1016	1016	1016	1016	1016	1016	1016	1016	1016	1016	1016	1016	1016	1016	1016	1016	1016	1016	1016	1016	1016	1016	1016	1016	1016	1016.575	1016	1016	1016	1016	1016	1016	1016	1016	1016	1016	1016	1016	1016	1016	1016	1016	1016	1016	1016	1016	1016	1016	1016	1016	1016	1016
1016.64	1016.567	1016.488	1016.491	1016.52	1016.535	1016.561	1016.564	1016	1016	1016	1016	1016	1016	1016	1016	1016	1016	1016	1016	1016	1016	1016	1016	1016	1016.553	1016.713	1016.685	1016.684	1016.869	1016.743	1016.648	1016.647	1016.643	1016.642	1016.732	1016.749	1016.627	1016.707	1016.736	1016.807	1016.795	1016.714	1016.652	1016.871	1016.878	1016.812	1016.744	1016.929	1016.807	1016.796	1016.827	1016.831	1016.812	1016.835	1016.761	1016.76	1016.757	1016.757	1016.755	1016.749	1016.754	1016.699	1016.711	1016.716	1016.7	1016.652	1016.561	1016	1016.577	1016.585	1016	1016.585	1016	1016.676	1016	1016	1016	1016	1016	1016	1016	1016	1016	1016	1016	1016	1016.568	1016.65	1016.643	1016.557	1016.568	1016	1016	1016.578	1016.574	1016.578	1016.59	1016.566	1016	1016.599	1016	1016	1016	1016	1016	1016	1016.584	1016.587	1016.677	1016.656	1016.683	1016.652	1016.671	1016.685	1016.673	1016.681	1016.59	1016.588	1016.681	1016.59	1016.609	1016.601	1016.593	1016.593	1016.575	1016.577	1016.613	1016	1016.605	1016	1016	1016.609	1016.598	1016.599	1016.64	1016.603
1016.627	1016.77	1016.713	1016.73	1016.669	1016.632	1016.549	1016.565	1016	1016.593	1016	1016	1016	1016	1016	1016	1016	1016	1016	1016	1016	1016	1016	1016	1016.763	1016.767	1016.752	1016.766	1016.781	1016.754	1016.749	1016.755	1016.776	1016.773	1016.818	1016.767	1016.76	1016.834	1016.89	1016.746	1016.762	1016.954	1016.915	1016.912	1017.016	1016.931	1016.943	1016.996	1016.849	1016.894	1016.909	1016.915	1016.896	1016.891	1016.905	1016.902	1016.789	1016.918	1016.809	1016.807	1016.808	1016.802	1016.807	1016.808	1016.853	1016.843	1016.81	1016.749	1016.816	1016.83	1016.808	1016.811	1016.834	1016.806	1016.868	1016.807	1016.824	1016.698	1016.603	1016.62	1016.614	1016.613	1016.715	1016.614	1016.706	1016.708	1016.697	1016.697	1016.698	1016.678	1016.772	1016.759	1016.761	1016.832	1016.712	1016.701	1016.705	1016.711	1016.702	1016.712	1016.705	1016.692	1016.708	1016.708	1016.693	1016.706	1016.714	1016.706	1016.697	1016.754	1016.69	1016.759	1016.717	1016.722	1016.73	1016.723	1016.735	1016.73	1016.722	1016.753	1016.694	1016.729	1016.721	1016.712	1016.806	1016.744	1016.639	1016.645	1016.632	1016.729	1016.743	1016.73	1016.737	1016.817	1016.877	1016.745	1016.818
1016.791	1016.82	1016.792	1016.805	1016.807	1016.747	1016.827	1016.839	1016.754	1016.773	1016.605	1016.794	1016.711	1016	1016.615	1016.723	1016.723	1016.636	1016.727	1016.717	1016.723	1016.726	1016.868	1016.856	1016.784	1016.773	1016.794	1016.808	1016.804	1016.864	1016.87	1016.839	1016.851	1016.899	1016.893	1016.948	1016.999	1016.953	1016.851	1016.904	1017.057	1017.101	1017.051	1017.013	1017.048	1017.162	1017.033	1017.091	1016.988	1017.018	1017.061	1017.022	1017.02	1017.026	1016.928	1017.037	1016.983	1016.995	1016.952	1016.951	1016.9	1016.892	1016.95	1016.899	1016.99	1016.987	1016.983	1016.978	1016.945	1016.902	1016.846	1016.905	1016.847	1016.904	1016.949	1016.949	1016.901	1016.897	1016.94	1016.955	1016.937	1016.957	1016.895	1016.918	1016.907	1016.909	1016.804	1016.859	1016.86	1016.857	1016.876	1016.85	1016.87	1016.865	1016.865	1016.864	1016.815	1016.81	1016.811	1016.819	1016.737	1016.829	1016.819	1016.822	1016.818	1016.798	1016.788	1016.832	1016.741	1016.897	1016.756	1016.939	1016.937	1016.889	1016.84	1016.834	1016.835	1016.835	1016.827	1016.932	1016.879	1016.883	1016.886	1016.831	1016.944	1016.879	1016.946	1016.877	1017.002	1016.897	1016.897	1016.841	1016.899	1016.911	1017	1016.944	1017.057
1016.882	1016.941	1016.88	1016.938	1016.894	1016.888	1016.961	1016.91	1016.897	1016.908	1016.908	1016.911	1016.918	1016.845	1016.856	1016.922	1016.863	1016.852	1016.924	1016.899	1016.93	1016.909	1016.969	1017.002	1016.865	1016.875	1016.973	1016.97	1016.966	1017.018	1016.97	1016.919	1017.1	1017.131	1017.05	1017.121	1017.091	1016.977	1017.082	1017.082	1017.151	1017.177	1017.109	1017.18	1017.208	1017.251	1017.161	1017.214	1017.225	1017.227	1017.173	1017.136	1017.087	1017.082	1017.122	1017.133	1017.089	1017.121	1017.12	1017.116	1017.112	1017.078	1017.095	1017.046	1017.064	1017.019	1017.036	1017.029	1017.031	1016.986	1016.969	1017.018	1017.011	1017.099	1017.052	1017.093	1017.055	1017.056	1017.062	1017.06	1017.022	1017.069	1016.971	1017.039	1016.981	1017.024	1017.034	1017.035	1017.032	1016.912	1016.911	1016.907	1016.915	1016.908	1016.912	1016.883	1016.885	1016.961	1016.963	1016.958	1016.955	1016.959	1016.963	1016.955	1016.964	1016.949	1016.936	1017.003	1016.997	1017.002	1017.014	1016.955	1017.006	1016.997	1017.005	1017.023	1017.019	1017.021	1017.073	1017.012	1017.069	1017.064	1017.056	1017.054	1017.096	1017.09	1017.112	1017.076	1017.176	1017.169	1017.139	1017.177	1017.213	1017.073	1017.111	1017.067	1017.161
1017.105	1017.11	1017.104	1017.119	1017.076	1017.032	1017.087	1016.967	1016.968	1016.968	1017.032	1016.976	1017.023	1017.026	1017.098	1017.102	1017.052	1017.047	1017.11	1017.005	1017.113	1017.056	1017.104	1017.036	1017.076	1017.121	1017.074	1017.115	1017.11	1017.111	1017.092	1017.139	1017.257	1017.218	1017.199	1017.23	1017.224	1017.226	1017.319	1017.224	1017.264	1017.264	1017.248	1017.288	1017.306	1017.307	1017.32	1017.285	1017.301	1017.273	1017.247	1017.246	1017.207	1017.205	1017.253	1017.235	1017.217	1017.249	1017.216	1017.215	1017.221	1017.248	1017.246	1017.215	1017.256	1017.144	1017.224	1017.151	1017.159	1017.135	1017.092	1017.095	1017.159	1017.195	1017.144	1017.158	1017.149	1017.15	1017.156	1017.086	1017.087	1017.092	1017.091	1017.131	1017.086	1017.126	1017.168	1017.168	1017.132	1017.135	1017.104	1017.139	1017.071	1017.107	1017.081	1016.975	1016.977	1017.082	1016.993	1016.993	1017.048	1016.981	1017.042	1017.038	1017.049	1017.096	1017.049	1017.039	1017.129	1017.069	1017.162	1017.109	1017.159	1017.15	1017.118	1017.132	1017.131	1017.126	1017.2	1017.127	1017.202	1017.199	1017.198	1017.152	1017.159	1017.169	1017.194	1017.234	1017.223	1017.238	1017.231	1017.271	1017.305	1017.267	1017.274	1017.27	1017.239
1017.23	1017.231	1017.218	1017.229	1017.218	1017.221	1017.245	1017.237	1017.206	1017.096	1017.153	1017.188	1017.125	1017.12	1017.153	1017.19	1017.16	1017.275	1017.286	1017.218	1017.225	1017.218	1017.28	1017.198	1017.227	1017.29	1017.163	1017.268	1017.192	1017.229	1017.231	1017.268	1017.264	1017.221	1017.219	1017.305	1017.339	1017.328	1017.341	1017.332	1017.464	1017.367	1017.305	1017.403	1017.407	1017.371	1017.46	1017.354	1017.387	1017.391	1017.363	1017.366	1017.37	1017.399	1017.396	1017.341	1017.399	1017.368	1017.314	1017.364	1017.369	1017.371	1017.343	1017.342	1017.348	1017.336	1017.348	1017.285	1017.318	1017.322	1017.296	1017.326	1017.319	1017.268	1017.298	1017.297	1017.265	1017.297	1017.274	1017.278	1017.271	1017.229	1017.379	1017.234	1017.325	1017.353	1017.302	1017.277	1017.249	1017.25	1017.28	1017.278	1017.255	1017.251	1017.262	1017.289	1017.265	1017.242	1017.2	1017.2	1017.181	1017.101	1017.104	1017.101	1017.106	1017.114	1017.249	1017.172	1017.288	1017.196	1017.277	1017.266	1017.254	1017.226	1017.224	1017.22	1017.221	1017.254	1017.247	1017.36	1017.33	1017.387	1017.415	1017.332	1017.358	1017.48	1017.244	1017.513	1017.286	1017.376	1017.345	1017.347	1017.376	1017.37	1017.375	1017.405	1017.348
1017.302	1017.356	1017.352	1017.455	1017.45	1017.421	1017.378	1017.292	1017.291	1017.415	1017.31	1017.335	1017.358	1017.403	1017.458	1017.416	1017.386	1017.406	1017.363	1017.484	1017.401	1017.346	1017.443	1017.442	1017.483	1017.49	1017.491	1017.49	1017.287	1017.497	1017.292	1017.376	1017.527	1017.566	1017.587	1017.392	1017.59	1017.415	1017.463	1017.593	1017.504	1017.439	1017.505	1017.625	1017.685	1017.546	1017.483	1017.529	1017.615	1017.592	1017.443	1017.466	1017.569	1017.61	1017.507	1017.648	1017.569	1017.484	1017.512	1017.495	1017.472	1017.448	1017.454	1017.43	1017.41	1017.414	1017.413	1017.414	1017.42	1017.418	1017.436	1017.441	1017.412	1017.461	1017.438	1017.358	1017.409	1017.48	1017.496	1017.451	1017.576	1017.45	1017.6	1017.43	1017.541	1017.456	1017.521	1017.524	1017.479	1017.458	1017.425	1017.396	1017.45	1017.43	1017.449	1017.43	1017.43	1017.387	1017.443	1017.437	1017.35	1017.492	1017.216	1017.369	1017.396	1017.368	1017.398	1017.37	1017.42	1017.369	1017.428	1017.356	1017.381	1017.389	1017.391	1017.386	1017.358	1017.419	1017.402	1017.462	1017.405	1017.47	1017.499	1017.519	1017.561	1017.624	1017.511	1017.616	1017.531	1017.583	1017.523	1017.581	1017.583	1017.521	1017.455	1017.636	1017.636
1017.525	1017.599	1017.572	1017.507	1017.465	1017.51	1017.634	1017.691	1017.535	1017.631	1017.546	1017.55	1017.572	1017.567	1017.565	1017.504	1017.583	1017.753	1017.684	1017.549	1017.612	1017.667	1017.611	1017.613	1017.65	1017.632	1017.592	1017.633	1017.597	1017.773	1017.575	1017.807	1017.691	1017.588	1017.611	1017.609	1017.656	1017.655	1017.638	1017.6	1017.594	1017.689	1017.757	1017.704	1017.681	1017.754	1017.755	1017.742	1017.702	1017.668	1017.756	1017.806	1017.788	1017.754	1017.788	1017.789	1017.669	1017.775	1017.689	1017.671	1017.674	1017.691	1017.658	1017.606	1017.588	1017.571	1017.532	1017.534	1017.495	1017.515	1017.555	1017.553	1017.555	1017.628	1017.529	1017.698	1017.663	1017.663	1017.663	1017.662	1017.682	1017.658	1017.679	1017.626	1017.682	1017.626	1017.665	1017.647	1017.626	1017.672	1017.635	1017.622	1017.498	1017.525	1017.567	1017.531	1017.57	1017.587	1017.488	1017.645	1017.458	1017.687	1017.57	1017.615	1017.539	1017.456	1017.485	1017.485	1017.485	1017.55	1017.484	1017.486	1017.533	1017.529	1017.51	1017.553	1017.53	1017.553	1017.536	1017.474	1017.595	1017.612	1017.611	1017.609	1017.604	1017.623	1017.68	1017.659	1017.679	1017.679	1017.657	1017.675	1017.708	1017.784	1017.831	1017.74	1017.774
1017.636	1017.657	1017.582	1017.693	1017.698	1017.692	1017.65	1017.651	1017.632	1017.649	1017.66	1017.776	1017.756	1017.771	1017.85	1017.851	1017.803	1017.734	1017.77	1017.851	1017.805	1017.849	1017.85	1017.865	1017.866	1017.866	1017.881	1017.897	1017.819	1017.806	1017.823	1017.762	1017.727	1017.792	1017.913	1017.913	1017.744	1017.728	1017.792	1017.836	1017.912	1017.837	1017.758	1017.883	1017.899	1017.898	1017.79	1017.809	1017.912	1017.912	1017.838	1017.836	1017.838	1017.912	1017.883	1017.838	1017.825	1017.855	1017.793	1017.84	1017.841	1017.807	1017.823	1017.811	1017.796	1017.764	1017.782	1017.752	1017.72	1017.796	1017.767	1017.782	1017.797	1017.828	1017.765	1017.829	1017.748	1017.766	1017.843	1017.797	1017.797	1017.857	1017.873	1017.814	1017.815	1017.815	1017.788	1017.759	1017.746	1017.793	1017.687	1017.837	1017.778	1017.717	1017.704	1017.667	1017.734	1017.753	1017.696	1017.829	1017.768	1017.717	1017.723	1017.706	1017.691	1017.757	1017.785	1017.677	1017.728	1017.724	1017.745	1017.728	1017.745	1017.76	1017.759	1017.747	1017.687	1017.652	1017.74	1017.639	1017.655	1017.689	1017.657	1017.752	1017.822	1017.705	1017.849	1017.714	1017.835	1017.818	1017.847	1017.911	1017.898	1017.897	1017.923	1017.831	1017.96
1017.873	1017.798	1017.817	1017.799	1017.734	1017.784	1017.814	1017.784	1017.927	1017.901	1017.856	1017.81	1017.855	1017.885	1017.869	1017.869	1017.87	1017.898	1017.992	1017.966	1017.953	1017.952	1018	1017.979	1017.979	1018	1017.992	1017.965	1018	1018	1018	1017.966	1018	1018	1017.911	1017.912	1018	1018	1018	1017.94	1017.98	1017.992	1018	1018	1017.939	1017.953	1017.993	1017.993	1017.967	1017.992	1017.98	1018	1018	1017.98	1017.967	1018	1018	1017.98	1018	1018	1017.967	1017.98	1018	1017.967	1018	1017.992	1018	1017.98	1018	1018	1017.928	1018	1017.915	1017.98	1017.968	1017.942	1018	1018	1017.942	1017.929	1017.93	1017.929	1017.93	1017.903	1017.943	1017.93	1017.943	1017.931	1017.931	1017.944	1017.993	1017.892	1017.919	1017.906	1017.933	1017.894	1017.893	1017.907	1017.92	1017.813	1017.883	1017.909	1017.922	1017.845	1017.884	1017.871	1017.857	1017.884	1017.899	1017.817	1017.887	1017.835	1017.821	1017.849	1017.848	1017.821	1017.863	1017.877	1017.794	1017.971	1017.9	1017.982	1017.913	1017.888	1017.971	1017.924	1017.982	1017.913	1017.96	1017.901	1017.913	1017.937	1018	1018	1018	1018	1018
1017.93	1017.833	1017.942	1017.968	1017.862	1017.889	1017.967	1017.915	1017.941	1017.887	1017.98	1018	1017.98	1018	1018	1018	1018	1018	1018	1018	1018	1018	1018	1018	1018	1018	1018	1018	1018	1018	1018	1018	1018	1018	1018	1018	1018	1018	1018	1018	1018	1018	1018	1018	1018	1018	1018	1018	1018	1018	1018	1018	1018	1018	1018	1018	1018	1018	1018	1018	1018	1018	1018	1018	1018	1018	1018	1018	1018	1018	1018	1018	1018	1018	1018	1018	1018	1018	1018	1018	1018	1018	1018	1018	1018	1018	1018	1018	1018	1018	1018	1018	1018	1018	1018	1018.164	1018.147	1018	1018.141	1018	1018.141	1018.087	1018	1018	1018	1018	1018	1018	1017.982	1018	1017.982	1017.994	1017.972	1017.949	1017.96	1018	1017.961	1018	1017.971	1018	1017.983	1018	1018	1018	1018	1018	1018	1018	1018	1018	1018	1018	1018	1018	1018	1018	1018
1018	1018	1018	1018	1018	1018	1018	1018	1018	1018	1018	1018	1018	1018	1018	1018	1018	1018	1018	1018	1018	1018	1018	1018	1018	1018	1018	1018	1018	1018	1018	1018	1018	1018	1018	1018	1018	1018	1018	1018	1018	1018	1018	1018	1018	1018	1018	1018	1018	1018	1018	1018	1018	1018	1018	1018	1018	1018	1018	1018	1018	1018	1018	1018	1018	1018	1018	1018	1018	1018	1018	1018	1018	1018	1018	1018	1018	1018	1018	1018	1018	1018	1018	1018	1018	1018	1018	1018	1018	1018	1018	1018	1018	1018.243	1018.186	1018.23	1018.251	1018.239	1018.234	1018.191	1018.211	1018.164	1018.164	1018.147	1018.153	1018.128	1018.159	1018	1018	1018	1018	1018	1018	1018	1018	1018	1018	1018	1018	1018	1018	1018	1018	1018	1018	1018	1018	1018	1018	1018	1018	1018	1018	1018	1018	1018	1018
1018	1018	1018	1018	1018	1018	1018	1018	1018	1018	1018	1018	1018	1018	1018	1018	1018	1018	1018	1018	1018	1018	1018	1018	1018	1018	1018	1018	1018	1018	1018	1018	1018	1018	1018	1018	1018	1018	1018	1018	1018	1018	1018	1018	1018	1018	1018.353	1018.356	1018.324	1018.33	1018.324	1018.342	1018.347	1018	1018.333	1018.333	1018.339	1018	1018	1018	1018	1018	1018	1018	1018	1018	1018	1018	1018	1018	1018	1018	1018	1018	1018	1018	1018	1018	1018	1018	1018	1018	1018	1018	1018	1018	1018	1018	1018.35	1018.353	1018.317	1018.359	1018.29	1018.336	1018.324	1018.301	1018.311	1018.324	1018.304	1018.301	1018.317	1018.271	1018.304	1018.29	1018.368	1018.314	1018.271	1018.275	1018.268	1018.251	1018.279	1018	1018	1018	1018	1018	1018	1018	1018	1018	1018	1018	1018	1018	1018	1018	1018	1018	1018	1018	1018	1018	1018	1018	1018	1018	1018
1018	1018	1018	1018	1018	1018	1018	1018	1018	1018.317	1018.304	1018.327	1018.339	1018.342	1018.301	1018.304	1018.353	1018.387	1018.324	1018.379	1018	1018.439	1018	1018	1018.379	1018.394	1018	1018.418	1018	1018.403	1018	1018	1018.401	1018	1018.405	1018.418	1018	1018	1018.416	1018.436	1018.408	1018.414	1018.414	1018.387	1018.401	1018.414	1018.408	1018.399	1018.401	1018.399	1018.396	1018.403	1018.41	1018.408	1018.499	1018.481	1018.478	1018.543	1018.533	1018.42	1018.51	1018.446	1018.45	1018	1018	1018	1018	1018.429	1018.435	1018.429	1018.429	1018.433	1018	1018	1018	1018	1018	1018	1018.412	1018.414	1018.403	1018.387	1018.392	1018.399	1018	1018	1018.396	1018.399	1018.387	1018.418	1018.382	1018.431	1018.387	1018.41	1018.401	1018.379	1018.384	1018.401	1018.461	1018.478	1018.478	1018.476	1018.492	1018.471	1018.518	1018.506	1018.463	1018.468	1018.478	1018.364	1018.483	1018.379	1018.387	1018	1018	1018	1018.392	1018	1018	1018.412	1018	1018.416	1018.42	1018.42	1018.422	1018	1018.45	1018	1018.427	1018.414	1018	1018	1018	1018	1018	1018	1018
1018	1018	1018.425	1018.384	1018.396	1018.396	1018.379	1018.367	1018.414	1018.41	1018.403	1018.403	1018.399	1018.418	1018.399	1018.403	1018.414	1018.425	1018.483	1018.52	1018.503	1018.543	1018.481	1018.495	1018.564	1018.599	1018.526	1018.54	1018.457	1018.457	1018.536	1018.547	1018.547	1018.541	1018.54	1018.528	1018.545	1018.564	1018.603	1018.557	1018.467	1018.483	1018.564	1018.475	1018.626	1018.623	1018.54	1018.556	1018.577	1018.538	1018.567	1018.572	1018.556	1018.679	1018.672	1018.658	1018.683	1018.674	1018.605	1018.612	1018.674	1018.676	1018.607	1018.731	1018.619	1018.624	1018.623	1018.704	1018.633	1018.624	1018.616	1018.607	1018.667	1018.543	1018.621	1018.547	1018.564	1018.485	1018.48	1018.5	1018.477	1018.462	1018.506	1018.433	1018.497	1018.475	1018.471	1018.465	1018.436	1018.479	1018.459	1018.472	1018.577	1018.574	1018.549	1018.617	1018.621	1018.605	1018.616	1018.61	1018.607	1018.619	1018.614	1018.623	1018.601	1018.591	1018.619	1018.534	1018.55	1018.55	1018.562	1018.552	1018.603	1018.605	1018.605	1018.472	1018.483	1018.472	1018.486	1018.649	1018.557	1018.579	1018.612	1018.623	1018.746	1018.577	1018.689	1018.575	1018.577	1018.58	1018.579	1018.507	1018.508	1018	1018	1018	1018
1018.518	1018.541	1018.518	1018.51	1018.518	1018.547	1018.547	1018.528	1018.522	1018.438	1018.528	1018.53	1018.699	1018.678	1018.532	1018.61	1018.693	1018.697	1018.699	1018.599	1018.733	1018.722	1018.742	1018.729	1018.715	1018.739	1018.793	1018.676	1018.769	1018.742	1018.733	1018.691	1018.697	1018.659	1018.677	1018.649	1018.698	1018.686	1018.606	1018.605	1018.692	1018.697	1018.699	1018.693	1018.668	1018.688	1018.73	1018.7	1018.68	1018.68	1018.722	1018.763	1018.686	1018.788	1018.766	1018.836	1018.824	1018.803	1018.827	1018.83	1018.831	1018.824	1018.761	1018.849	1018.755	1018.802	1018.811	1018.789	1018.782	1018.788	1018.794	1018.72	1018.851	1018.716	1018.788	1018.727	1018.684	1018.668	1018.656	1018.68	1018.684	1018.605	1018.847	1018.501	1018.816	1018.615	1018.537	1018.684	1018.622	1018.622	1018.826	1018.779	1018.72	1018.783	1018.773	1018.787	1018.739	1018.736	1018.76	1018.677	1018.684	1018.701	1018.665	1018.7	1018.672	1018.669	1018.763	1018.738	1018.754	1018.801	1018.716	1018.799	1018.744	1018.732	1018.832	1018.878	1018.863	1018.896	1018.744	1018.757	1018.808	1018.81	1018.804	1018.849	1018.856	1018.864	1018.836	1018.872	1018.863	1018.861	1018.861	1018.727	1018.727	1018.746	1018.681	1018.693	1018.678
1018.557	1018.599	1018.732	1018.761	1018.652	1018.647	1018.676	1018.769	1018.783	1018.867	1018.874	1018.689	1018.734	1018.765	1018.772	1018.792	1018.789	1018.759	1018.791	1018.766	1018.863	1018.824	1018.816	1018.872	1018.867	1018.852	1018.874	1018.851	1018.879	1018.828	1018.851	1018.914	1018.912	1018.85	1018.849	1018.897	1018.889	1018.837	1018.927	1018.935	1018.775	1018.764	1018.78	1018.804	1018.811	1018.802	1018.748	1018.724	1018.81	1018.87	1018.857	1018.837	1018.887	1018.981	1018.972	1018.971	1018.922	1018.931	1019.012	1018.993	1018.989	1019.001	1019	1018.992	1018.961	1019.016	1018.831	1018.979	1018.975	1018.927	1018.93	1018.926	1018.939	1018.876	1018.902	1018.898	1018.89	1018.904	1018.903	1018.849	1018.94	1018.759	1018.926	1018.924	1018.875	1018.823	1018.914	1018.924	1018.921	1018.916	1018.872	1018.944	1018.91	1018.928	1018.922	1018.915	1018.92	1018.914	1018.876	1018.925	1018.781	1018.924	1018.83	1018.924	1018.934	1018.899	1018.85	1018.848	1018.895	1018.842	1018.982	1018.93	1018.93	1018.968	1019.002	1019.012	1018.972	1019.03	1018.982	1019.041	1019.038	1018.937	1018.995	1018.967	1018.956	1018.984	1018.981	1018.968	1018.968	1018.934	1018.945	1018.949	1018.861	1018.809	1018.815	1018.764	1018.751
1018.872	1018.973	1018.721	1018.75	1018.851	1018.874	1018.866	1018.851	1018.899	1018.852	1018.844	1019.069	1018.945	1018.953	1018.898	1018.888	1018.914	1018.956	1019.005	1018.945	1018.898	1018.959	1018.959	1018.997	1019.004	1018.96	1018.955	1019.024	1018.972	1019.013	1019.003	1018.982	1019.001	1019.014	1019.045	1019.054	1019.017	1019.108	1018.975	1018.96	1018.987	1019.119	1019.073	1018.917	1018.961	1018.995	1019.008	1019.154	1018.973	1018.925	1019.005	1019.059	1019.117	1018.996	1019.104	1019.068	1019.149	1019.114	1019.003	1019.108	1019.115	1019.044	1019.037	1019.059	1019.044	1019.057	1019.043	1019.06	1019.046	1018.973	1019.119	1019.08	1019.011	1019.159	1018.998	1019.055	1019.003	1019.008	1018.976	1018.926	1019.078	1019.127	1019.073	1019.145	1019.073	1019.115	1019.082	1019.025	1019.042	1019.147	1018.976	1019.062	1018.973	1019.011	1019.017	1019.025	1019.032	1019.025	1019.008	1019.075	1019.04	1019.018	1019.041	1018.975	1018.978	1018.989	1018.989	1019.068	1019.109	1018.971	1019.09	1019.016	1019.078	1019.079	1019.072	1019.15	1019.153	1019.133	1019.145	1019.102	1019.153	1019.159	1019.159	1019.157	1019.155	1019.13	1019.125	1019.14	1019.176	1019.169	1019.166	1019.139	1019.146	1019.119	1019.115	1019.124	1018.917
1018.73	1019.173	1019.108	1019.139	1019.072	1019.06	1019.067	1019.098	1019.108	1019.192	1019.132	1019.113	1019.039	1019.118	1019.122	1019.094	1019.107	1019.065	1019.036	1019.152	1019.114	1019.122	1019.149	1019.101	1019.137	1019.153	1019.137	1019.143	1019	1019.147	1019.157	1019.152	1019.159	1019.176	1019.171	1019.21	1019.139	1019.216	1019.086	1019.288	1019.191	1019.124	1019.212	1019.251	1019.31	1019.249	1019.185	1019.271	1019.24	1019.342	1019.335	1019.302	1019.277	1019.305	1019.441	1019.249	1019.255	1019.277	1019.34	1019.34	1019.284	1019.233	1019.318	1019.344	1019.249	1019.315	1019.318	1019.253	1019.287	1019.34	1019.332	1019.379	1019.325	1019.501	1019.341	1019.456	1019.41	1019.378	1019.433	1019.455	1019.351	1019.36	1019.326	1019.31	1019.292	1019.226	1019.233	1019.345	1019.298	1019.173	1019.239	1019.269	1019.162	1019.164	1019.195	1019.098	1019.06	1019.099	1019.141	1019.095	1019.208	1019.131	1019.165	1019.199	1019.2	1019.255	1019.256	1019.16	1019.172	1019.205	1019.208	1019.177	1019.212	1019.184	1019.178	1019.214	1019.238	1019.237	1019.37	1019.293	1019.3	1019.312	1019.278	1019.284	1019.342	1019.287	1019.287	1019.336	1019.276	1019.287	1019.298	1019.295	1019.321	1019.328	1019.325	1019.303	1019.367
1019.169	1019.298	1019.173	1019.178	1019.154	1019.151	1019.192	1019.192	1019.165	1019.215	1019.207	1019.233	1019.263	1019.246	1019.245	1019.27	1019.258	1019.261	1019.267	1019.295	1019.294	1019.193	1019.265	1019.32	1019.345	1019.293	1019.263	1019.391	1019.483	1019.429	1019.363	1019.412	1019.452	1019.315	1019.389	1019.483	1019.385	1019.513	1019.369	1019.392	1019.368	1019.448	1019.455	1019.404	1019.393	1019.407	1019.45	1019.455	1019.446	1019.517	1019.466	1019.443	1019.538	1019.556	1019.489	1019.467	1019.581	1019.47	1019.56	1019.531	1019.468	1019.541	1019.538	1019.473	1019.568	1019.45	1019.582	1019.494	1019.582	1019.58	1019.535	1019.625	1019.474	1019.519	1019.522	1019.485	1019.573	1019.591	1019.61	1019.612	1019.614	1019.596	1019.602	1019.5	1019.527	1019.484	1019.432	1019.443	1019.492	1019.46	1019.616	1019.438	1019.573	1019.445	1019.469	1019.5	1019.458	1019.388	1019.46	1019.277	1019.414	1019.342	1019.313	1019.349	1019.341	1019.318	1019.381	1019.424	1019.4	1019.446	1019.345	1019.432	1019.42	1019.448	1019.531	1019.469	1019.448	1019.473	1019.443	1019.479	1019.474	1019.482	1019.484	1019.444	1019.417	1019.449	1019.465	1019.462	1019.488	1019.465	1019.448	1019.431	1019.432	1019.434	1019.481	1019.411	1019.438
1019.366	1019.366	1019.394	1019.337	1019.416	1019.387	1019.299	1019.265	1019.382	1019.404	1019.402	1019.379	1019.433	1019.302	1019.356	1019.431	1019.405	1019.402	1019.426	1019.384	1019.49	1019.484	1019.427	1019.5	1019.523	1019.517	1019.621	1019.596	1019.602	1019.62	1019.64	1019.615	1019.672	1019.677	1019.665	1019.643	1019.625	1019.625	1019.608	1019.585	1019.632	1019.633	1019.55	1019.504	1019.553	1019.668	1019.588	1019.652	1019.593	1019.649	1019.629	1019.611	1019.631	1019.666	1019.692	1019.668	1019.707	1019.666	1019.722	1019.634	1019.615	1019.653	1019.655	1019.635	1019.763	1019.611	1019.728	1019.687	1019.741	1019.794	1019.778	1019.794	1019.723	1019.774	1019.809	1019.771	1019.822	1019.807	1019.725	1019.725	1019.794	1019.726	1019.748	1019.716	1019.696	1019.787	1019.735	1019.629	1019.683	1019.612	1019.651	1019.623	1019.721	1019.715	1019.695	1019.702	1019.701	1019.684	1019.722	1019.738	1019.668	1019.685	1019.636	1019.521	1019.504	1019.545	1019.603	1019.606	1019.526	1019.645	1019.528	1019.611	1019.609	1019.645	1019.626	1019.602	1019.613	1019.638	1019.589	1019.622	1019.562	1019.584	1019.62	1019.62	1019.6	1019.603	1019.642	1019.546	1019.627	1019.589	1019.592	1019.595	1019.594	1019.595	1019.65	1019.614	1019.652
1019.624	1019.487	1019.587	1019.521	1019.524	1019.588	1019.52	1019.475	1019.544	1019.495	1019.525	1019.494	1019.497	1019.491	1019.485	1019.532	1019.555	1019.535	1019.592	1019.61	1019.59	1019.611	1019.603	1019.646	1019.665	1019.642	1019.646	1019.66	1019.715	1019.712	1019.748	1019.728	1019.744	1019.763	1019.762	1019.744	1019.782	1019.707	1019.768	1019.748	1019.768	1019.715	1019.691	1019.749	1019.783	1019.768	1019.765	1019.769	1019.767	1019.753	1019.75	1019.733	1019.831	1019.862	1019.907	1019.844	1019.875	1019.921	1019.921	1019.949	1019.963	1019.935	1019.95	1019.845	1019.892	1019.891	1019.906	1019.89	1019.891	1019.935	1019.935	1019.846	1019.936	1019.936	1019.877	1019.978	1019.951	1019.937	1019.95	1019.964	1019.95	1019.951	1019.908	1019.992	1019.909	1019.952	1019.952	1019.896	1019.896	1019.909	1019.91	1019.897	1019.882	1019.883	1019.897	1019.88	1019.836	1019.854	1019.839	1019.953	1019.883	1019.897	1019.912	1019.883	1019.926	1019.94	1019.884	1019.927	1019.842	1019.86	1019.844	1019.801	1019.816	1019.802	1019.77	1019.804	1019.82	1019.776	1019.834	1019.836	1019.835	1019.877	1019.821	1019.779	1019.781	1019.78	1019.879	1019.852	1019.867	1019.879	1019.854	1019.783	1019.753	1019.841	1019.829	1019.816	1019.844
1019.726	1019.653	1019.653	1019.685	1019.683	1019.707	1019.688	1019.65	1019.654	1019.631	1019.718	1019.684	1019.666	1019.682	1019.678	1019.678	1019.712	1019.728	1019.726	1019.826	1019.692	1019.791	1019.758	1019.793	1019.822	1019.79	1019.806	1019.851	1019.91	1019.821	1019.88	1019.909	1019.895	1019.924	1019.937	1019.879	1019.951	1019.849	1019.938	1019.88	1019.938	1019.881	1019.851	1019.952	1019.91	1019.952	1019.952	1019.938	1019.938	1019.952	1019.896	1019.965	1019.992	1019.992	1019.965	1020	1019.992	1020	1020	1020	1020	1020	1020	1020	1020	1020	1020	1020	1020	1020	1020	1020	1020	1020	1020	1020	1020	1020	1020	1020	1020	1020	1020	1020	1020	1020	1020	1020	1020	1020	1020	1020	1020	1020	1020	1020	1020	1020	1020	1020	1020	1020	1020	1020	1020	1020	1020	1020	1020	1020	1020	1020	1020	1020	1020	1020	1020	1020	1020	1020	1020	1020	1019.981	1020	1020	1020	1020	1020	1020	1020	1020	1020	1020	1020	1020	1020	1020
1019.806	1020	1019.805	1019.891	1019.877	1019.85	1019.876	1019.875	1019.942	1019.929	1019.861	1019.903	1019.876	1019.861	1019.916	1019.929	1019.915	1019.928	1019.872	1019.955	1019.9	1020.004	1019.954	1020.013	1020	1020	1020	1020	1020	1020	1020	1020	1020	1020	1020	1020	1020	1020	1020	1020	1020	1020	1020	1020	1020	1020	1020	1020	1020	1020	1020	1020	1020	1020	1020	1020	1020	1020	1020	1020	1020	1020	1020	1020	1020	1020	1020	1020	1020	1020	1020	1020	1020	1020	1020.164	1020.141	1020.147	1020.153	1020.153	1020.181	1020.159	1020.175	1020.153	1020	1020	1020	1020	1020	1020	1020	1020	1020	1020	1020	1020	1020	1020	1020	1020	1020	1020	1020	1020	1020	1020	1020	1020	1020	1020	1020	1020	1020	1020	1020	1020	1020	1020	1020.216	1020.216	1020.186	1020.221	1020.197	1020.216	1020.239	1020.234	1020	1020	1020	1020	1020	1020	1020	1020	1020	1020	1020	1020
1020	1020	1020	1020	1020	1020	1020	1020	1020	1020.04	1020.022	1020.013	1020.068	1020.022	1020.189	1020.196	1020.058	1020.161	1020.138	1020.19	1020.173	1020.173	1020.147	1020.205	1020.213	1020.22	1020.249	1020.235	1020.182	1020.262	1020.209	1020.262	1020.221	1020.233	1020.272	1020	1020.327	1020.225	1020.239	1020.23	1020.234	1020.181	1020.186	1020.264	1020.275	1020.23	1020	1020.247	1020	1020	1020	1020	1020	1020	1020	1020	1020	1020	1020	1020	1020	1020	1020	1020.301	1020.271	1020.264	1020.311	1020.275	1020.271	1020.283	1020.271	1020.279	1020.341	1020.239	1020.337	1020.197	1020.306	1020.287	1020.316	1020.362	1020.371	1020.282	1020.38	1020.333	1020.267	1020.234	1020.268	1020.279	1020.275	1020	1020	1020	1020	1020	1020	1020	1020	1020	1020	1020	1020	1020	1020	1020	1020	1020	1020	1020	1020	1020	1020	1020	1020	1020	1020.369	1020.345	1020.353	1020.347	1020.361	1020.374	1020.401	1020.384	1020.403	1020.394	1020.374	1020.394	1020.379	1020.372	1020	1020	1020	1020	1020	1020	1020	1020	1020
1020	1020	1020	1020.32	1020.311	1020.368	1020.357	1020.361	1020.292	1020.227	1020.481	1020.233	1020.428	1020.31	1020.267	1020.316	1020.39	1020.454	1020.372	1020.454	1020.418	1020.429	1020.468	1020.459	1020.407	1020.378	1020.339	1020.468	1020.429	1020.477	1020.402	1020.482	1020.477	1020.477	1020.449	1020.449	1020.51	1020.414	1020.454	1020.432	1020.47	1020.496	1020.471	1020.412	1020.286	1020.35	1020.512	1020.412	1020.431	1020.406	1020.425	1020.436	1020.425	1020.483	1020	1020.389	1020.485	1020	1020	1020.369	1020.392	1020.389	1020.364	1020.35	1020.507	1020.428	1020.498	1020.425	1020.428	1020.504	1020.489	1020.486	1020.612	1020.433	1020.578	1020.548	1020.548	1020.529	1020.517	1020.506	1020.538	1020.541	1020.523	1020.495	1020.562	1020.575	1020.545	1020.562	1020.578	1020.499	1020.533	1020.551	1020.425	1020.559	1020.45	1020.377	1020.439	1020.489	1020.501	1020.498	1020.528	1020	1020	1020	1020	1020	1020	1020	1020	1020	1020	1020	1020	1020.453	1020.444	1020.453	1020.474	1020.448	1020.49	1020.462	1020.469	1020.477	1020.48	1020.493	1020.5	1020.494	1020.477	1020.5	1020.477	1020	1020	1020	1020	1020	1020	1020.537	1020.511
1020.679	1020	1020.42	1020.458	1020.45	1020.442	1020.409	1020.439	1020.688	1020.406	1020.67	1020.41	1020.578	1020.599	1020.648	1020.651	1020.637	1020.625	1020.578	1020.659	1020.622	1020.628	1020.622	1020.574	1020.634	1020.688	1020.643	1020.648	1020.599	1020.659	1020.659	1020.654	1020.634	1020.643	1020.654	1020.588	1020.622	1020.665	1020.733	1020.647	1020.642	1020.616	1020.608	1020.644	1020.738	1020.642	1020.647	1020.507	1020.674	1020.67	1020.601	1020.61	1020.568	1020.56	1020.695	1020.634	1020.619	1020.668	1020.687	1020.642	1020.619	1020.63	1020.7	1020.615	1020.795	1020.612	1020.63	1020.697	1020.64	1020.636	1020.656	1020.652	1020.638	1020.753	1020.828	1020.815	1020.758	1020.803	1020.826	1020.794	1020.718	1020.842	1020.743	1020.842	1020.728	1020.742	1020.751	1020.745	1020.795	1020.876	1020.733	1020.903	1020.768	1020.762	1020.751	1020.76	1020.772	1020.772	1020.664	1020.71	1020.665	1020.685	1020.705	1020.702	1020.603	1020.532	1020.527	1020.533	1020.534	1020.558	1020.552	1020	1020.543	1020.56	1020.56	1020.559	1020.568	1020.54	1020.578	1020.553	1020.582	1020.66	1020.647	1020.647	1020.662	1020.575	1020.681	1020.674	1020.68	1020.67	1020.68	1020.665	1020.668	1020.74	1020.724	1020.788	1020.851
1020.53	1020.623	1020.831	1020.787	1020.726	1020.851	1020.87	1020.756	1020.797	1020.692	1020.851	1020.828	1020.828	1020.786	1020.79	1020.775	1020.724	1020.813	1020.828	1020.786	1020.817	1020.736	1020.835	1020.837	1020.749	1020.726	1020.723	1020.797	1020.736	1020.78	1020.758	1020.774	1020.813	1020.819	1020.83	1020.832	1020.854	1020.766	1020.753	1020.782	1020.79	1020.842	1020.804	1020.802	1020.795	1020.699	1020.848	1020.853	1020.779	1020.779	1020.785	1020.848	1020.849	1020.799	1020.856	1020.78	1020.886	1020.935	1020.791	1020.905	1020.953	1020.957	1020.925	1020.867	1020.897	1020.939	1020.909	1020.905	1020.905	1020.934	1020.974	1020.966	1020.924	1021.013	1020.906	1020.944	1021.034	1020.953	1020.947	1020.993	1020.986	1020.992	1020.877	1021.039	1020.908	1020.934	1020.992	1020.972	1020.96	1021.002	1020.953	1020.981	1021.019	1020.971	1020.995	1020.962	1020.914	1020.913	1020.89	1020.915	1020.866	1020.89	1020.851	1020.827	1020.842	1020.849	1020.785	1020.798	1020.79	1020.738	1020.794	1020.803	1020.746	1020.749	1020.758	1020.765	1020.765	1020.78	1020.826	1020.783	1020.775	1020.776	1020.786	1020.733	1020.791	1020.787	1020.856	1020.768	1020.915	1020.798	1020.796	1020.953	1020.942	1020.934	1021.076	1020.979	1020.994
1021.029	1021.045	1020.926	1021.097	1020.942	1020.906	1020.913	1020.961	1020.954	1020.969	1020.954	1020.88	1020.917	1020.902	1020.91	1020.938	1020.963	1021.009	1020.947	1020.938	1021.019	1020.981	1020.957	1020.945	1020.966	1021.029	1021.044	1021.02	1020.897	1020.98	1020.927	1020.947	1020.938	1020.931	1020.929	1020.933	1020.939	1020.985	1020.979	1021.026	1021.001	1021.007	1021.006	1020.995	1020.935	1020.97	1020.91	1020.913	1020.963	1020.974	1020.967	1020.998	1021.03	1021.08	1021.072	1021.119	1021.108	1021.038	1021.036	1021.086	1021.174	1021.073	1021.024	1021.178	1021.065	1021.107	1021.104	1021.068	1021.218	1021.188	1021.149	1021.192	1021.129	1021.131	1021.105	1021.094	1021.13	1021.138	1021.167	1021.138	1021.123	1021.184	1021.2	1021.182	1021.247	1021.234	1021.218	1021.199	1021.213	1021.199	1021.232	1021.209	1021.226	1021.228	1021.213	1021.206	1021.178	1021.222	1021.227	1021.101	1021.176	1021.008	1021.055	1020.951	1020.953	1020.951	1020.91	1020.92	1020.953	1021.007	1020.905	1020.928	1020.923	1020.92	1020.926	1020.966	1020.958	1020.976	1020.957	1021.023	1021.013	1021.12	1021.15	1021.119	1021.162	1021.133	1021.143	1021.102	1021.111	1021.154	1021.14	1021.151	1021.145	1021.112	1021.239	1021.146	1021.273
1021.051	1021.203	1021.089	1021.153	1021.148	1021.124	1021.153	1021.185	1021.107	1021.144	1021.133	1021.233	1021.226	1021.172	1021.165	1021.157	1021.128	1021.12	1021.161	1021.158	1021.133	1021.138	1021.16	1021.144	1021.141	1021.155	1021.141	1021.12	1021.118	1021.118	1021.094	1021.068	1021.095	1021.106	1021.113	1021.081	1021.064	1021.137	1021.079	1021.099	1021.223	1021.14	1021.147	1021.176	1021.111	1021.178	1021.103	1021.24	1021.238	1021.151	1021.161	1021.306	1021.34	1021.343	1021.279	1021.415	1021.354	1021.358	1021.4	1021.392	1021.359	1021.361	1021.276	1021.382	1021.332	1021.353	1021.409	1021.353	1021.407	1021.409	1021.364	1021.416	1021.409	1021.405	1021.426	1021.371	1021.321	1021.354	1021.351	1021.292	1021.306	1021.322	1021.396	1021.375	1021.391	1021.397	1021.29	1021.3	1021.337	1021.293	1021.35	1021.277	1021.343	1021.313	1021.311	1021.315	1021.319	1021.319	1021.389	1021.339	1021.403	1021.272	1021.332	1021.222	1021.253	1021.281	1021.307	1021.283	1021.227	1021.37	1021.262	1021.267	1021.296	1021.269	1021.298	1021.242	1021.243	1021.375	1021.239	1021.358	1021.273	1021.39	1021.314	1021.309	1021.347	1021.288	1021.313	1021.425	1021.284	1021.423	1021.372	1021.397	1021.468	1021.494	1021.467	1021.508	1021.549
1021.154	1021.415	1021.293	1021.349	1021.293	1021.319	1021.319	1021.294	1021.31	1021.309	1021.295	1021.388	1021.26	1021.32	1021.349	1021.292	1021.321	1021.29	1021.295	1021.288	1021.233	1021.234	1021.271	1021.295	1021.261	1021.297	1021.238	1021.29	1021.318	1021.255	1021.388	1021.36	1021.409	1021.417	1021.333	1021.382	1021.4	1021.43	1021.399	1021.37	1021.455	1021.383	1021.362	1021.441	1021.41	1021.482	1021.462	1021.463	1021.464	1021.405	1021.485	1021.518	1021.419	1021.441	1021.444	1021.469	1021.513	1021.483	1021.535	1021.565	1021.561	1021.558	1021.548	1021.566	1021.599	1021.592	1021.573	1021.572	1021.572	1021.575	1021.597	1021.556	1021.58	1021.583	1021.558	1021.567	1021.544	1021.522	1021.503	1021.528	1021.597	1021.458	1021.514	1021.518	1021.466	1021.478	1021.463	1021.51	1021.531	1021.506	1021.574	1021.479	1021.554	1021.471	1021.471	1021.492	1021.511	1021.55	1021.612	1021.549	1021.627	1021.585	1021.646	1021.587	1021.634	1021.674	1021.652	1021.687	1021.634	1021.6	1021.658	1021.677	1021.679	1021.566	1021.567	1021.607	1021.626	1021.664	1021.609	1021.704	1021.612	1021.689	1021.691	1021.658	1021.691	1021.688	1021.651	1021.759	1021.616	1021.675	1021.691	1021.711	1021.779	1021.761	1021.712	1021.778	1021.713
1021.513	1021.798	1021.413	1021.514	1021.53	1021.588	1021.606	1021.587	1021.607	1021.586	1021.518	1021.57	1021.469	1021.521	1021.506	1021.457	1021.465	1021.438	1021.444	1021.354	1021.525	1021.455	1021.454	1021.495	1021.444	1021.488	1021.531	1021.522	1021.609	1021.599	1021.667	1021.597	1021.601	1021.651	1021.584	1021.61	1021.61	1021.586	1021.693	1021.59	1021.634	1021.627	1021.604	1021.65	1021.634	1021.633	1021.676	1021.608	1021.653	1021.654	1021.748	1021.768	1021.695	1021.641	1021.698	1021.595	1021.681	1021.654	1021.636	1021.698	1021.654	1021.634	1021.716	1021.749	1021.75	1021.768	1021.747	1021.751	1021.751	1021.731	1021.733	1021.713	1021.718	1021.739	1021.68	1021.724	1021.699	1021.68	1021.757	1021.776	1021.778	1021.76	1021.688	1021.747	1021.69	1021.71	1021.696	1021.699	1021.716	1021.7	1021.716	1021.749	1021.766	1021.718	1021.753	1021.8	1021.863	1021.893	1021.892	1021.846	1021.878	1021.832	1021.878	1021.848	1021.894	1021.937	1021.878	1021.908	1021.922	1021.878	1021.909	1021.895	1021.937	1021.909	1021.896	1021.925	1021.91	1021.897	1021.869	1021.869	1021.911	1021.854	1021.952	1021.966	1021.939	1022	1022	1021.953	1022	1021.967	1021.98	1021.992	1022	1022	1022	1022	1022
1021.904	1022	1021.722	1021.936	1021.907	1021.862	1021.845	1021.799	1021.747	1021.747	1021.731	1021.767	1021.716	1021.717	1021.733	1021.695	1021.693	1021.671	1021.782	1021.652	1021.778	1021.739	1021.791	1021.79	1021.737	1021.753	1021.823	1021.75	1021.872	1021.819	1021.839	1021.766	1021.768	1021.87	1021.82	1021.87	1021.917	1021.803	1021.887	1021.855	1021.903	1021.887	1021.856	1021.855	1021.872	1021.84	1021.856	1021.872	1021.856	1021.808	1021.809	1021.843	1021.843	1021.825	1021.905	1021.841	1021.859	1021.875	1021.844	1021.829	1021.809	1021.823	1021.906	1021.905	1021.873	1021.934	1021.919	1021.921	1021.921	1021.92	1021.92	1021.935	1021.934	1021.935	1021.934	1021.935	1021.812	1021.814	1021.878	1021.923	1021.833	1021.924	1021.819	1021.822	1021.867	1021.837	1021.868	1021.925	1021.925	1021.925	1021.882	1021.953	1021.966	1022.006	1022.02	1022.034	1022.06	1022.088	1022.018	1022.048	1022.087	1022.087	1022.08	1022.072	1022.072	1022	1022	1022	1022	1022	1022	1022	1022	1022	1022	1022	1022	1022	1022	1022	1022	1022	1022	1022	1022	1022	1022	1022	1022	1022	1022	1022	1022	1022	1022	1022	1022
1021.672	1022	1022	1022	1022	1022	1022	1022	1021.992	1022	1021.992	1021.924	1021.895	1021.964	1022.022	1022.056	1022.056	1021.964	1022.128	1021.992	1022.064	1022.048	1022.087	1022.108	1022.108	1022.115	1022.115	1022.087	1022.164	1022	1022.135	1022.135	1022	1022	1022	1022	1022	1022	1022	1022	1022	1022	1022	1022	1022	1022	1022	1022	1021.978	1022	1022	1022	1022	1021.992	1022.048	1022.087	1022.022	1022.072	1022.056	1022.031	1022.087	1022.105	1022.066	1022.043	1022.077	1022.077	1022.034	1022.034	1022.085	1022.131	1022.131	1022.165	1022.142	1022.131	1022.131	1022.131	1022.217	1022.131	1022.08	1022.176	1022.131	1022.154	1022.131	1022.154	1022.186	1022.186	1022.197	1022.191	1022.142	1022.181	1022.209	1022.242	1022.209	1022.28	1022.258	1022.25	1022.25	1022.294	1022.308	1022.372	1022.28	1022.314	1022.327	1022.327	1022.272	1022.277	1022.302	1022.287	1022.297	1022.302	1022.315	1022.357	1022.349	1022.279	1022.279	1022.286	1022.29	1022	1022.374	1022	1022	1022	1022	1022	1022	1022	1022	1022	1022	1022	1022	1022	1022	1022	1022	1022	1022
1022	1022	1022	1022	1022.33	1022.311	1022.279	1022.256	1022.264	1022.247	1022.202	1022.311	1022.297	1022.345	1022.339	1022.308	1022.327	1022.39	1022.378	1022.402	1022.449	1022.429	1022.407	1022.368	1022.429	1022.424	1022.316	1022.332	1022.234	1022.368	1022.292	1022.25	1022.272	1022.368	1022.462	1022.418	1022.261	1022.337	1022.202	1022.332	1022	1022	1022.272	1022.211	1022.186	1022.287	1022.147	1022.256	1022.202	1022.337	1022.239	1022.181	1022.191	1022.287	1022.202	1022.227	1022.25	1022.281	1022.357	1022.339	1022.321	1022.308	1022.287	1022.339	1022.373	1022.2	1022.365	1022.365	1022.346	1022.372	1022.332	1022.352	1022.384	1022.378	1022.429	1022.346	1022.498	1022.488	1022.451	1022.462	1022.434	1022.39	1022.521	1022.478	1022.488	1022.468	1022.488	1022.483	1022.483	1022.507	1022.468	1022.488	1022.468	1022.445	1022.432	1022.47	1022.515	1022.511	1022.549	1022.623	1022.486	1022.724	1022.604	1022.647	1022.634	1022.552	1022.545	1022.486	1022.568	1022.507	1022.428	1022.526	1022.492	1022.555	1022.573	1022.566	1022.599	1022.485	1022.536	1022.526	1022.457	1022.49	1022.482	1022.469	1022.472	1022.479	1022	1022	1022	1022	1022	1022	1022.51	1022.653	1022	1022	1022.511
1022.462	1022.387	1022.399	1022.414	1022.364	1022.342	1022.364	1022.448	1022.486	1022.542	1022.542	1022.578	1022.458	1022.523	1022.562	1022.562	1022.562	1022.575	1022.53	1022.565	1022.503	1022.519	1022.569	1022.555	1022.511	1022.507	1022.507	1022.591	1022.477	1022.605	1022.527	1022.597	1022.674	1022.559	1022.473	1022.597	1022.516	1022.677	1022.515	1022.538	1022.566	1022.555	1022.559	1022.499	1022.499	1022.581	1022.499	1022.604	1022.542	1022.449	1022.507	1022.552	1022.581	1022.486	1022.486	1022.491	1022.575	1022.445	1022.462	1022.474	1022.47	1022.519	1022.566	1022.503	1022.521	1022.534	1022.555	1022.516	1022.516	1022.559	1022.605	1022.622	1022.674	1022.478	1022.766	1022.733	1022.641	1022.725	1022.77	1022.77	1022.783	1022.768	1022.755	1022.677	1022.771	1022.755	1022.738	1022.694	1022.694	1022.691	1022.637	1022.708	1022.678	1022.708	1022.724	1022.768	1022.808	1022.819	1022.819	1022.882	1022.795	1022.824	1022.775	1022.813	1022.821	1022.837	1022.897	1022.832	1022.813	1022.806	1022.857	1022.89	1022.699	1022.72	1022.662	1022.634	1022.735	1022.695	1022.689	1022.712	1022.697	1022.7	1022.705	1022.713	1022.855	1022.859	1022.824	1022.773	1022.78	1022.835	1022.826	1022.869	1022.781	1022.809	1022.823	1022.881	1022.784
1022.459	1022.464	1022.617	1022.621	1022.623	1022.667	1022.678	1022.65	1022.636	1022.699	1022.68	1022.685	1022.74	1022.676	1022.665	1022.659	1022.649	1022.649	1022.644	1022.753	1022.764	1022.76	1022.708	1022.673	1022.74	1022.819	1022.695	1022.755	1022.684	1022.745	1022.75	1022.745	1022.765	1022.768	1022.775	1022.781	1022.748	1022.789	1022.791	1022.784	1022.791	1022.778	1022.77	1022.789	1022.786	1022.718	1022.765	1022.706	1022.758	1022.755	1022.784	1022.816	1022.762	1022.737	1022.93	1022.781	1022.794	1022.806	1022.768	1022.77	1022.724	1022.714	1022.733	1022.703	1022.803	1022.801	1022.73	1022.812	1022.867	1022.859	1022.847	1022.805	1022.88	1022.92	1022.814	1022.941	1022.949	1022.954	1022.943	1022.934	1022.96	1022.958	1022.964	1022.993	1022.993	1022.96	1022.972	1022.951	1022.94	1022.953	1022.995	1022.915	1022.879	1022.887	1022.971	1022.926	1022.993	1023.02	1022.998	1023.027	1023.013	1023.017	1023.066	1023.07	1023.041	1022.98	1023.019	1023.034	1023.014	1023.122	1022.98	1023.047	1023.022	1023.054	1023.079	1023.172	1023.066	1023.035	1023.036	1023.038	1023.145	1023.114	1023.093	1023.065	1023.062	1023.086	1023.121	1023.156	1023.117	1023.212	1023.214	1023.269	1023.304	1023.278	1023.272	1023.322	1023.185
1022.856	1022.847	1022.882	1022.721	1022.743	1022.78	1022.772	1022.827	1022.92	1022.864	1022.876	1022.852	1022.865	1022.808	1022.813	1022.897	1022.933	1022.966	1022.961	1022.867	1022.937	1022.897	1022.941	1022.941	1022.941	1022.931	1022.926	1022.929	1022.985	1022.924	1022.974	1022.963	1022.828	1022.872	1022.915	1022.844	1022.938	1022.889	1022.924	1022.929	1022.931	1022.916	1022.903	1022.886	1022.926	1022.882	1023.011	1022.921	1022.932	1023.01	1022.938	1022.975	1023.057	1023.098	1023.034	1023.022	1023.041	1023.048	1022.984	1023.015	1022.993	1022.965	1022.921	1022.99	1022.876	1023.037	1023.045	1023.06	1023.023	1023.016	1023.101	1023.133	1023.028	1023.133	1023.054	1023.108	1023.103	1023.111	1023.113	1023.109	1023.124	1023.047	1023.073	1023.074	1023.075	1023.084	1023.124	1023.119	1023.122	1023.13	1023.104	1023.088	1023.205	1023.143	1023.237	1023.263	1023.271	1023.279	1023.196	1023.26	1023.263	1023.27	1023.237	1023.234	1023.387	1023.437	1023.29	1023.4	1023.265	1023.356	1023.358	1023.331	1023.41	1023.376	1023.403	1023.411	1023.357	1023.462	1023.516	1023.395	1023.448	1023.444	1023.51	1023.512	1023.518	1023.528	1023.429	1023.521	1023.52	1023.515	1023.542	1023.511	1023.514	1023.602	1023.578	1023.617	1023.702
1022.95	1022.944	1022.995	1022.979	1023.023	1023.052	1023.058	1023.123	1023.114	1023.028	1023.175	1023.065	1023.099	1023.138	1023.13	1023.069	1023.039	1023.015	1023.026	1023.05	1023.098	1023.078	1023.075	1023.084	1023.068	1023.06	1023.077	1023.057	1023.07	1023.062	1023.062	1023.126	1023.095	1023.1	1023.122	1023.08	1023.251	1023.097	1023.148	1023.176	1023.1	1023.171	1023.226	1023.135	1023.242	1023.166	1023.226	1023.224	1023.246	1023.295	1023.243	1023.163	1023.198	1023.202	1023.19	1023.293	1023.251	1023.246	1023.282	1023.267	1023.221	1023.252	1023.179	1023.263	1023.15	1023.298	1023.229	1023.193	1023.164	1023.161	1023.163	1023.256	1023.172	1023.308	1023.274	1023.361	1023.301	1023.315	1023.315	1023.307	1023.352	1023.32	1023.36	1023.292	1023.351	1023.324	1023.282	1023.387	1023.418	1023.359	1023.441	1023.348	1023.509	1023.423	1023.488	1023.489	1023.486	1023.548	1023.577	1023.579	1023.58	1023.538	1023.646	1023.622	1023.672	1023.632	1023.607	1023.697	1023.62	1023.603	1023.772	1023.697	1023.79	1023.771	1023.755	1023.773	1023.776	1023.794	1023.793	1023.796	1023.797	1023.746	1023.765	1023.746	1023.747	1023.85	1023.782	1023.817	1023.852	1023.749	1023.869	1023.834	1023.799	1023.8	1023.853	1023.821	1023.853
1023.463	1023.418	1023.37	1023.416	1023.391	1023.442	1023.438	1023.34	1023.335	1023.311	1023.392	1023.312	1023.343	1023.363	1023.325	1023.274	1023.338	1023.289	1023.237	1023.147	1023.153	1023.214	1023.206	1023.206	1023.199	1023.164	1023.171	1023.168	1023.222	1023.351	1023.193	1023.372	1023.337	1023.382	1023.438	1023.407	1023.412	1023.378	1023.407	1023.412	1023.374	1023.348	1023.328	1023.304	1023.342	1023.406	1023.429	1023.426	1023.521	1023.494	1023.498	1023.489	1023.491	1023.528	1023.442	1023.455	1023.452	1023.403	1023.529	1023.404	1023.448	1023.511	1023.407	1023.556	1023.449	1023.509	1023.506	1023.479	1023.48	1023.479	1023.431	1023.504	1023.505	1023.531	1023.502	1023.553	1023.528	1023.553	1023.533	1023.536	1023.587	1023.558	1023.609	1023.602	1023.626	1023.607	1023.628	1023.71	1023.708	1023.663	1023.789	1023.648	1023.769	1023.714	1023.789	1023.823	1023.823	1023.823	1023.842	1023.826	1023.927	1023.86	1023.959	1023.959	1023.96	1023.88	1023.863	1023.929	1023.991	1023.961	1023.976	1024	1024	1024	1024	1024	1024	1024	1024	1024	1024	1024	1024	1024	1024	1024	1024	1024	1024	1024	1024	1024	1024	1024	1024	1024	1024
1023.812	1023.861	1023.756	1023.792	1023.68	1023.699	1023.736	1023.641	1023.64	1023.642	1023.539	1023.545	1023.547	1023.546	1023.537	1023.488	1023.566	1023.565	1023.52	1023.526	1023.405	1023.563	1023.455	1023.456	1023.482	1023.456	1023.431	1023.585	1023.49	1023.619	1023.532	1023.655	1023.593	1023.587	1023.69	1023.727	1023.663	1023.782	1023.703	1023.723	1023.745	1023.746	1023.766	1023.762	1023.72	1023.669	1023.734	1023.623	1023.696	1023.614	1023.636	1023.696	1023.714	1023.75	1023.653	1023.646	1023.752	1023.691	1023.731	1023.628	1023.649	1023.769	1023.689	1023.804	1023.746	1023.747	1023.803	1023.803	1023.837	1023.874	1023.82	1023.73	1023.688	1023.789	1023.71	1023.755	1023.697	1023.702	1023.738	1023.756	1023.813	1023.755	1023.879	1023.862	1023.862	1023.928	1023.96	1023.912	1023.879	1023.879	1024.006	1023.944	1024.005	1024.018	1024.018	1024.031	1024.038	1024.058	1024.077	1024	1024.094	1024	1024	1024	1024	1024	1024	1024	1024	1024	1024	1024	1024	1024	1024	1024	1024	1024	1024	1024	1024	1024.256	1024.264	1024.256	1024.271	1024.243	1024.294	1024.256	1024.264	1024.283	1024.268	1024.271	1024.29	1024	1024	1024	1024
1024	1024	1024	1024	1024	1024	1024	1024	1024	1023.928	1023.879	1023.991	1023.847	1023.781	1023.881	1023.799	1023.709	1023.848	1023.689	1023.991	1023.797	1023.912	1023.88	1023.813	1023.88	1023.912	1023.844	1024.013	1023.809	1023.975	1023.975	1023.959	1024	1024	1024	1024	1024	1024	1023.975	1023.927	1024	1023.943	1023.96	1023.991	1023.991	1023.959	1024.022	1023.878	1023.991	1023.929	1023.912	1024.005	1023.944	1023.975	1023.991	1024.018	1024.097	1024.047	1024.034	1024.06	1024.047	1024.034	1024.034	1024.034	1024.047	1024.06	1024.08	1024.006	1024.022	1023.975	1024.037	1024.037	1023.912	1023.991	1023.897	1023.946	1023.961	1024.022	1024.071	1024.024	1024.128	1024.1	1024.086	1024.141	1024.1	1024.212	1024.166	1024.197	1024.217	1024.253	1024.217	1024.217	1024.279	1024.19	1024.234	1024.205	1024.205	1024.181	1024.262	1024.273	1024.228	1024.368	1024.267	1024.302	1024.311	1024.256	1024.247	1024.275	1024.256	1024.357	1024.306	1024.364	1024.333	1024.376	1024.396	1024.386	1024.471	1024.386	1024.461	1024.477	1024.461	1024.495	1024.489	1024.419	1024.461	1024.431	1024.453	1024.463	1024.445	1024.497	1024.458	1024.49	1024.473	1024.488	1024.478	1024.483	1024.485
1024.26	1024.243	1024	1024	1024	1024	1024	1024	1024	1024	1024	1024	1024	1024	1024	1024.153	1024.141	1024.251	1024.108	1024.202	1024.159	1024.153	1024.17	1024.17	1024.159	1024.147	1024.101	1024.094	1024.138	1024.227	1024.227	1024.159	1024.164	1024	1024	1024	1024	1024	1024	1024	1024.186	1024.197	1024.227	1024.159	1024.255	1024.156	1024.19	1024.228	1024.22	1024.235	1024.147	1024.213	1024.181	1024.205	1024.258	1024.181	1024.181	1024.191	1024.25	1024.234	1024.2	1024.2	1024.262	1024.152	1024.176	1024.165	1024.176	1024.207	1024.279	1024.207	1024.186	1024.217	1024.299	1024.332	1024.253	1024.332	1024.299	1024.353	1024.361	1024.336	1024.344	1024.384	1024.344	1024.369	1024.407	1024.399	1024.399	1024.399	1024.414	1024.39	1024.416	1024.462	1024.451	1024.402	1024.449	1024.362	1024.429	1024.423	1024.454	1024.485	1024.441	1024.52	1024.47	1024.562	1024.602	1024.588	1024.581	1024.657	1024.53	1024.643	1024.667	1024.667	1024.662	1024.706	1024.708	1024.698	1024.753	1024.74	1024.703	1024.788	1024.716	1024.742	1024.749	1024.756	1024.78	1024.755	1024.726	1024.726	1024.741	1024.574	1024.638	1024.758	1024.624	1024.705	1024.693	1024.734	1024.747
1024.436	1024.485	1024.492	1024.489	1024.458	1024.474	1024.345	1024.361	1024.353	1024.345	1024.353	1024.264	1024.436	1024.333	1024.345	1024.345	1024.301	1024.32	1024.33	1024.4	1024.409	1024.406	1024.39	1024.396	1024.361	1024.447	1024.433	1024.429	1024.397	1024.316	1024.347	1024.47	1024.432	1024.437	1024.385	1024.38	1024.421	1024.406	1024.406	1024.406	1024.366	1024.385	1024.421	1024.321	1024.481	1024.385	1024.402	1024.393	1024.342	1024.402	1024.385	1024.389	1024.404	1024.379	1024.351	1024.389	1024.409	1024.459	1024.39	1024.418	1024.439	1024.444	1024.449	1024.459	1024.424	1024.434	1024.507	1024.493	1024.416	1024.478	1024.548	1024.553	1024.537	1024.548	1024.578	1024.573	1024.563	1024.563	1024.568	1024.587	1024.578	1024.587	1024.596	1024.582	1024.587	1024.582	1024.587	1024.642	1024.559	1024.619	1024.623	1024.627	1024.642	1024.626	1024.765	1024.589	1024.842	1024.824	1024.748	1024.839	1024.802	1024.835	1024.791	1024.791	1024.913	1024.92	1024.891	1024.92	1024.945	1024.964	1024.93	1024.948	1024.995	1024.928	1025.062	1025	1024.987	1024.958	1024.965	1025.002	1025.006	1025.019	1025.028	1024.979	1024.972	1025.032	1025.052	1024.95	1025.067	1025.023	1025.018	1025.03	1024.965	1025.056	1024.95	1024.948	1024.978
1024.624	1024.61	1024.612	1024.649	1024.613	1024.708	1024.559	1024.659	1024.576	1024.533	1024.642	1024.581	1024.612	1024.466	1024.531	1024.557	1024.546	1024.548	1024.583	1024.55	1024.541	1024.538	1024.536	1024.564	1024.606	1024.598	1024.594	1024.632	1024.659	1024.678	1024.659	1024.64	1024.513	1024.556	1024.583	1024.556	1024.539	1024.565	1024.517	1024.629	1024.622	1024.559	1024.578	1024.529	1024.57	1024.529	1024.559	1024.568	1024.562	1024.578	1024.529	1024.559	1024.64	1024.628	1024.628	1024.672	1024.574	1024.595	1024.663	1024.684	1024.654	1024.623	1024.634	1024.726	1024.739	1024.674	1024.713	1024.751	1024.723	1024.762	1024.717	1024.749	1024.793	1024.811	1024.783	1024.678	1024.8	1024.802	1024.791	1024.797	1024.8	1024.78	1024.867	1024.773	1024.798	1024.92	1024.925	1024.932	1024.88	1025.005	1024.913	1024.954	1024.991	1024.936	1025.033	1025.02	1025.027	1025.085	1025.132	1025.146	1025.139	1025.135	1025.187	1025.206	1025.172	1025.172	1025.282	1025.259	1025.37	1025.376	1025.353	1025.361	1025.384	1025.295	1025.394	1025.391	1025.294	1025.411	1025.444	1025.286	1025.406	1025.306	1025.25	1025.314	1025.272	1025.185	1025.319	1025.206	1025.238	1025.262	1025.269	1025.275	1025.214	1025.271	1025.291	1025.376	1025.324
1024.971	1024.886	1024.908	1024.924	1024.832	1024.913	1024.826	1024.842	1024.879	1024.869	1024.83	1024.821	1024.788	1024.862	1024.8	1024.623	1024.696	1024.707	1024.624	1024.639	1024.746	1024.758	1024.791	1024.782	1024.787	1024.791	1024.839	1024.83	1024.736	1024.774	1024.769	1024.797	1024.935	1024.835	1024.848	1024.901	1024.799	1024.942	1024.824	1024.799	1024.726	1024.706	1024.77	1024.782	1024.776	1024.872	1024.822	1024.817	1024.824	1024.836	1024.852	1024.832	1024.815	1024.815	1024.819	1024.805	1024.86	1024.876	1024.903	1024.805	1024.799	1024.874	1025.005	1024.812	1024.941	1024.932	1024.913	1024.946	1024.975	1024.993	1024.96	1025.002	1024.988	1024.975	1024.985	1025.004	1024.999	1024.993	1025	1025.039	1025.05	1025.031	1025.158	1025.115	1025.131	1025.092	1025.093	1025.228	1025.172	1025.215	1025.2	1025.265	1025.265	1025.247	1025.285	1025.337	1025.244	1025.318	1025.344	1025.333	1025.434	1025.504	1025.369	1025.454	1025.487	1025.512	1025.554	1025.552	1025.552	1025.555	1025.564	1025.565	1025.584	1025.643	1025.59	1025.624	1025.647	1025.669	1025.632	1025.659	1025.611	1025.663	1025.579	1025.586	1025.591	1025.564	1025.506	1025.614	1025.573	1025.615	1025.654	1025.635	1025.693	1025.751	1025.638	1025.753	1025.75
1025.143	1025.142	1025.145	1025.155	1025.05	1025.161	1025.095	1025.055	1025.023	1025.009	1024.987	1025.076	1024.971	1024.985	1024.982	1024.956	1024.972	1024.895	1024.864	1024.955	1024.85	1024.889	1024.904	1024.901	1024.944	1024.935	1024.975	1025.13	1025.129	1025.117	1025.129	1025.058	1025.105	1025.023	1025.063	1025.111	1025.009	1025.109	1025.078	1025.051	1025.058	1025.034	1024.999	1025.007	1024.925	1024.997	1024.988	1024.985	1025.032	1025.017	1025.084	1025.078	1025.024	1025.001	1025.069	1025.056	1025.135	1025.112	1025.117	1025.124	1025.201	1025.162	1025.185	1025.154	1025.163	1025.147	1025.143	1025.151	1025.088	1025.157	1025.154	1025.152	1025.146	1025.146	1025.178	1025.186	1025.116	1025.269	1025.287	1025.229	1025.233	1025.311	1025.348	1025.37	1025.401	1025.444	1025.469	1025.521	1025.467	1025.549	1025.552	1025.52	1025.519	1025.644	1025.642	1025.667	1025.649	1025.636	1025.659	1025.659	1025.601	1025.622	1025.622	1025.684	1025.689	1025.707	1025.748	1025.734	1025.815	1025.778	1025.798	1025.78	1025.758	1025.821	1025.762	1025.855	1025.857	1025.837	1025.839	1025.959	1025.822	1025.975	1026	1025.991	1026	1026	1026	1026	1026	1026	1026	1026	1026	1026	1026	1026	1026
1025.447	1025.422	1025.324	1025.342	1025.376	1025.304	1025.315	1025.264	1025.24	1025.159	1025.149	1025.183	1025.186	1025.181	1025.154	1025.153	1025.122	1025.098	1025.093	1025.021	1024.988	1025.037	1025.183	1025.173	1025.175	1025.206	1025.158	1025.197	1025.198	1025.182	1025.288	1025.234	1025.302	1025.308	1025.307	1025.302	1025.268	1025.256	1025.256	1025.248	1025.217	1025.243	1025.239	1025.286	1025.222	1025.225	1025.206	1025.258	1025.278	1025.224	1025.257	1025.222	1025.306	1025.335	1025.326	1025.298	1025.294	1025.36	1025.336	1025.33	1025.33	1025.363	1025.367	1025.395	1025.39	1025.38	1025.363	1025.344	1025.347	1025.343	1025.37	1025.361	1025.367	1025.373	1025.336	1025.367	1025.388	1025.458	1025.477	1025.472	1025.528	1025.547	1025.549	1025.612	1025.636	1025.7	1025.706	1025.659	1025.764	1025.721	1025.786	1025.764	1025.782	1025.807	1025.805	1025.828	1025.866	1025.846	1025.865	1025.903	1025.869	1025.904	1025.923	1025.923	1025.924	1025.908	1025.926	1025.875	1025.991	1025.927	1025.944	1026.018	1026.027	1026.005	1026.027	1026.031	1026.031	1026.056	1026.094	1026.087	1026.128	1026.101	1026.135	1026.147	1026.159	1026	1026	1026	1026	1026	1026	1026	1026	1026	1026	1026	1026
1025.7	1025.779	1025.683	1025.642	1025.725	1025.558	1025.625	1025.562	1025.54	1025.538	1025.562	1025.433	1025.464	1025.395	1025.394	1025.391	1025.41	1025.434	1025.54	1025.424	1025.498	1025.585	1025.432	1025.457	1025.302	1025.459	1025.378	1025.405	1025.403	1025.397	1025.471	1025.493	1025.419	1025.532	1025.509	1025.462	1025.596	1025.483	1025.528	1025.567	1025.521	1025.568	1025.528	1025.483	1025.482	1025.501	1025.519	1025.501	1025.502	1025.483	1025.571	1025.524	1025.569	1025.524	1025.454	1025.618	1025.482	1025.598	1025.578	1025.47	1025.558	1025.604	1025.535	1025.577	1025.576	1025.663	1025.664	1025.653	1025.698	1025.609	1025.699	1025.674	1025.573	1025.637	1025.659	1025.794	1025.698	1025.751	1025.712	1025.749	1025.788	1025.807	1025.826	1025.866	1025.81	1025.849	1025.921	1025.848	1026.055	1025.956	1026.027	1026.027	1026.013	1026	1026	1026.04	1026.068	1026.038	1026.016	1026.058	1026.077	1026.105	1026.105	1026.156	1026.2	1026.138	1026.156	1026.147	1026.226	1026.198	1026.138	1026.242	1026.287	1026.273	1026.314	1026.294	1026.287	1026.308	1026.333	1026.281	1026.399	1026.314	1026.321	1026.384	1026.342	1026.352	1026.376	1026.337	1026.361	1026.32	1026.345	1026.336	1026.347	1026.359	1026.359	1026.356	1026.364
1026	1026	1026	1026	1026	1025.957	1025.99	1025.924	1025.974	1025.99	1025.99	1025.855	1025.924	1025.855	1025.907	1025.89	1025.873	1025.804	1025.857	1025.821	1025.89	1025.835	1025.725	1025.958	1025.742	1025.836	1025.838	1025.708	1025.855	1025.803	1025.766	1025.891	1025.802	1025.801	1025.856	1025.799	1025.855	1025.8	1025.871	1025.837	1025.8	1025.836	1025.836	1025.744	1025.763	1025.782	1025.763	1025.837	1025.799	1025.853	1025.871	1025.835	1025.888	1025.94	1025.796	1025.99	1025.852	1025.906	1025.906	1025.889	1025.888	1025.923	1025.854	1025.941	1025.837	1025.924	1025.941	1025.872	1026.005	1025.889	1026.038	1026.048	1026.06	1026.097	1026.073	1026.142	1026.109	1026.165	1026.165	1026.142	1026.176	1026.154	1026.097	1026.176	1026.181	1026.147	1026.209	1026.156	1026.253	1026.191	1026.253	1026.28	1026.262	1026.262	1026.316	1026.295	1026.324	1026.332	1026.336	1026.373	1026.398	1026.444	1026.398	1026.444	1026.451	1026.414	1026.453	1026.489	1026.477	1026.489	1026.548	1026.537	1026.609	1026.619	1026.609	1026.645	1026.658	1026.581	1026.7	1026.585	1026.696	1026.555	1026.588	1026.615	1026.588	1026.608	1026.622	1026.613	1026.637	1026.673	1026.688	1026.606	1026.617	1026.621	1026.503	1026.462	1026.451
1026.25	1026.181	1026.186	1026.191	1026	1026	1026	1026	1026	1026	1026	1026	1026	1026	1026	1026	1026	1026	1026	1026	1026	1026	1026	1026	1026	1026	1026	1026	1026	1026	1026	1026	1026	1026	1026	1026	1026	1026	1026	1026	1026	1026	1026	1026	1026.077	1026.058	1026.077	1026.066	1026.055	1026.088	1026.098	1026.098	1026.088	1026.119	1026.066	1026.077	1026.109	1026.077	1026.066	1026.066	1026.043	1026.098	1026.138	1026.22	1026.098	1026.147	1026.173	1026.226	1026.287	1026.262	1026.27	1026.295	1026.317	1026.346	1026.359	1026.359	1026.39	1026.396	1026.402	1026.372	1026.359	1026.424	1026.352	1026.41	1026.392	1026.384	1026.397	1026.427	1026.427	1026.465	1026.481	1026.458	1026.484	1026.534	1026.527	1026.607	1026.624	1026.631	1026.655	1026.671	1026.621	1026.626	1026.707	1026.751	1026.771	1026.764	1026.771	1026.779	1026.721	1026.786	1026.831	1026.844	1026.866	1026.919	1026.886	1026.942	1026.992	1026.895	1026.972	1026.949	1026.864	1026.88	1026.908	1026.904	1026.915	1026.969	1026.955	1026.93	1026.913	1026.849	1026.91	1026.839	1026.846	1026.92	1026.915	1026.916	1026.881
1026.481	1026.441	1026.341	1026.481	1026.29	1026.339	1026	1026	1026	1026	1026	1026	1026	1026	1026	1026	1026.336	1026	1026.33	1026.301	1026	1026.327	1026	1026	1026	1026	1026	1026	1026	1026	1026	1026	1026	1026	1026	1026	1026	1026	1026	1026.245	1026.351	1026.339	1026.351	1026.379	1026.333	1026.301	1026.351	1026.294	1026.327	1026.308	1026.287	1026.339	1026.209	1026.301	1026.287	1026.265	1026.308	1026.327	1026.281	1026.262	1026.293	1026.332	1026.316	1026.262	1026.384	1026.39	1026.402	1026.418	1026.407	1026.444	1026.444	1026.429	1026.464	1026.464	1026.464	1026.491	1026.593	1026.477	1026.581	1026.63	1026.634	1026.638	1026.642	1026.693	1026.713	1026.685	1026.695	1026.804	1026.777	1026.817	1026.768	1026.798	1026.812	1026.842	1026.817	1026.947	1026.914	1026.876	1026.868	1026.906	1026.93	1026.966	1027.011	1027.042	1027.014	1027.073	1026.988	1027.056	1027.167	1027.067	1027.101	1027.162	1027.052	1027.172	1027.172	1027.179	1027.185	1027.226	1027.219	1027.265	1027.298	1027.329	1027.332	1027.321	1027.337	1027.285	1027.294	1027.272	1027.279	1027.247	1027.286	1027.29	1027.266	1027.321	1027.28	1027.226	1027.256
1026.702	1026.74	1026.647	1026.647	1026.605	1026.616	1026.581	1026.476	1026.405	1026.42	1026.41	1026.433	1026.374	1026.384	1026.41	1026.382	1026.429	1026.374	1026.401	1026.394	1026.361	1026.367	1026.405	1026.41	1026.408	1026	1026	1026	1026	1026.436	1026.422	1026.333	1026.324	1026.458	1026.454	1026.536	1026.458	1026.458	1026.51	1026.52	1026.51	1026.481	1026.47	1026.489	1026.485	1026.503	1026.612	1026.47	1026.602	1026.527	1026.495	1026.534	1026.519	1026.538	1026.523	1026.515	1026.503	1026.445	1026.562	1026.549	1026.491	1026.538	1026.627	1026.551	1026.678	1026.559	1026.588	1026.615	1026.615	1026.605	1026.581	1026.7	1026.674	1026.7	1026.739	1026.739	1026.7	1026.817	1026.828	1026.842	1026.839	1026.82	1026.992	1026.848	1026.922	1026.972	1026.966	1026.977	1026.998	1027.021	1026.998	1027.027	1027.001	1027.06	1027.16	1027.058	1027.101	1027.143	1027.21	1027.139	1027.264	1027.201	1027.249	1027.292	1027.276	1027.32	1027.396	1027.291	1027.33	1027.307	1027.364	1027.469	1027.437	1027.425	1027.425	1027.376	1027.38	1027.47	1027.468	1027.463	1027.492	1027.493	1027.496	1027.527	1027.55	1027.594	1027.62	1027.612	1027.596	1027.727	1027.662	1027.627	1027.65	1027.649	1027.587	1027.629	1027.652
1026.821	1026.813	1026.768	1026.861	1026.927	1026.78	1026.793	1026.741	1026.683	1026.741	1026.51	1026.646	1026.7	1026.7	1026.654	1026.524	1026.522	1026.545	1026.536	1026.561	1026.639	1026.559	1026.672	1026.438	1026.442	1026.614	1026.835	1026.736	1026.751	1026.704	1026.649	1026.717	1026.721	1026.663	1026.637	1026.64	1026.678	1026.702	1026.702	1026.719	1026.665	1026.756	1026.733	1026.713	1026.706	1026.67	1026.683	1026.667	1026.683	1026.68	1026.685	1026.688	1026.67	1026.675	1026.632	1026.683	1026.715	1026.708	1026.648	1026.808	1026.823	1026.833	1026.84	1026.833	1026.838	1026.731	1026.966	1026.911	1026.801	1026.97	1026.89	1026.968	1026.899	1026.899	1026.939	1026.947	1026.943	1026.988	1026.932	1026.972	1027.072	1027.067	1027.12	1027.169	1027.235	1027.231	1027.204	1027.229	1027.224	1027.245	1027.277	1027.29	1027.343	1027.283	1027.396	1027.467	1027.468	1027.471	1027.469	1027.5	1027.547	1027.572	1027.57	1027.601	1027.602	1027.531	1027.642	1027.621	1027.621	1027.616	1027.64	1027.54	1027.602	1027.594	1027.625	1027.669	1027.668	1027.619	1027.671	1027.715	1027.697	1027.703	1027.834	1027.799	1027.798	1027.798	1027.907	1027.907	1027.907	1027.941	1027.85	1027.99	1027.99	1027.973	1028	1028	1028
1027.034	1027.101	1027.187	1026.938	1027.072	1027.034	1027.015	1026.969	1026.989	1027.048	1026.967	1026.886	1026.832	1026.822	1026.844	1026.94	1026.705	1026.881	1026.809	1026.718	1026.728	1026.723	1026.813	1026.894	1026.884	1026.912	1026.884	1026.841	1026.941	1026.898	1026.897	1026.891	1026.886	1026.946	1026.988	1026.952	1027.001	1026.927	1026.835	1026.889	1026.846	1026.892	1026.795	1026.795	1026.762	1026.811	1026.824	1026.835	1026.756	1026.764	1026.777	1026.767	1026.775	1026.824	1026.868	1026.811	1026.844	1026.968	1026.949	1026.966	1026.934	1026.966	1027.053	1027.087	1027.149	1027.149	1027.111	1027.13	1027.142	1027.211	1027.121	1027.18	1027.194	1027.189	1027.161	1027.168	1027.124	1027.155	1027.223	1027.26	1027.305	1027.273	1027.376	1027.452	1027.497	1027.468	1027.519	1027.601	1027.522	1027.585	1027.558	1027.579	1027.633	1027.687	1027.658	1027.687	1027.69	1027.692	1027.724	1027.833	1027.651	1027.795	1027.732	1027.775	1027.8	1027.802	1027.724	1027.789	1027.751	1027.756	1027.778	1027.758	1027.94	1027.889	1027.837	1027.872	1027.856	1027.877	1027.86	1027.862	1027.878	1027.959	1027.975	1027.926	1028.152	1028.077	1028.077	1028.13	1028.153	1028.141	1028.181	1028	1028	1028	1028	1028	1028
1027.266	1027.294	1027.323	1027.26	1027.378	1027.294	1027.269	1027.224	1027.187	1027.098	1027.275	1027.154	1027.195	1027.136	1027.159	1027.223	1027.088	1027.161	1027.131	1027.076	1027.136	1027.1	1027.035	1027.019	1027.085	1027.146	1027.114	1027.15	1027.08	1027.108	1027.117	1027.175	1027.167	1027.133	1027.254	1027.061	1027.159	1027.186	1027.102	1027.149	1027.092	1027.074	1027.09	1027.088	1027.052	1027.063	1026.963	1026.954	1026.98	1027.012	1027.018	1026.976	1027.157	1026.957	1027.166	1027.152	1027.139	1027.182	1027.212	1027.259	1027.284	1027.335	1027.407	1027.406	1027.43	1027.403	1027.375	1027.47	1027.452	1027.335	1027.451	1027.366	1027.424	1027.389	1027.389	1027.485	1027.532	1027.509	1027.536	1027.531	1027.551	1027.67	1027.734	1027.62	1027.688	1027.757	1027.8	1027.779	1027.778	1027.846	1027.869	1027.87	1027.849	1027.831	1027.895	1027.835	1027.934	1027.897	1027.934	1028.007	1027.917	1027.99	1027.922	1027.956	1027.973	1027.99	1027.974	1028.029	1028.029	1027.991	1028.046	1028.099	1028.06	1028.06	1028.17	1028.131	1028.064	1028.146	1028.082	1028.228	1028.228	1028.337	1028.346	1028.336	1028.369	1028.377	1028.427	1028.441	1028.46	1028.477	1028.478	1028.362	1028.389	1028.372	1028.376	1028	1028
1027.587	1027.627	1027.602	1027.617	1027.666	1027.597	1027.551	1027.621	1027.539	1027.449	1027.568	1027.4	1027.358	1027.358	1027.304	1027.351	1027.377	1027.327	1027.352	1027.34	1027.363	1027.395	1027.446	1027.386	1027.459	1027.478	1027.375	1027.428	1027.319	1027.491	1027.432	1027.454	1027.439	1027.406	1027.416	1027.384	1027.377	1027.359	1027.306	1027.232	1027.309	1027.21	1027.338	1027.205	1027.146	1027.295	1027.229	1027.291	1027.171	1027.209	1027.235	1027.249	1027.373	1027.307	1027.363	1027.384	1027.401	1027.449	1027.484	1027.511	1027.56	1027.558	1027.579	1027.596	1027.593	1027.647	1027.598	1027.594	1027.593	1027.595	1027.815	1027.684	1027.685	1027.788	1027.849	1027.828	1027.929	1027.968	1028.004	1028.004	1028.04	1028.004	1027.968	1027.988	1028.027	1028.048	1028.038	1028.058	1028.066	1028.043	1028.043	1028.088	1028.073	1028.047	1028.1	1028.04	1028.086	1028.086	1028.086	1028.137	1028.2	1028.139	1028.207	1028.266	1028.325	1028.246	1028.295	1028.31	1028.367	1028.324	1028.296	1028.325	1028.38	1028.375	1028.442	1028.442	1028.394	1028.511	1028.393	1028.564	1028.508	1028.546	1028.568	1028.579	1028.592	1028.609	1028.618	1028.649	1028.653	1028.677	1028.677	1028.687	1028.7	1028.706	1028.709	1028.706	1028.589
1027.864	1027.847	1027.828	1027.812	1027.792	1027.85	1027.831	1027.869	1027.777	1027.774	1027.757	1027.758	1027.698	1027.68	1027.659	1027.596	1027.656	1027.637	1027.656	1027.65	1027.69	1027.651	1027.751	1027.587	1027.674	1027.612	1027.581	1027.731	1027.6	1027.733	1027.67	1027.63	1027.631	1027.525	1027.591	1027.608	1027.544	1027.67	1027.666	1027.599	1027.67	1027.56	1027.626	1027.602	1027.578	1027.586	1027.471	1027.571	1027.474	1027.542	1027.564	1027.54	1027.481	1027.504	1027.524	1027.521	1027.564	1027.612	1027.624	1027.705	1027.744	1027.701	1027.738	1027.804	1027.741	1027.841	1027.878	1027.879	1027.916	1027.989	1027.933	1027.989	1028.022	1028.031	1028.048	1028.087	1028.094	1028.094	1028.094	1028.13	1028.156	1028.147	1028.19	1028.213	1028.213	1028.205	1028.19	1028.181	1028.165	1028.217	1028.226	1028.299	1028.317	1028.275	1028.337	1028.335	1028.355	1028.373	1028.358	1028.392	1028.462	1028.417	1028.44	1028.482	1028.513	1028.513	1028.6	1028.56	1028.604	1028.622	1028.604	1028.604	1028.777	1028.703	1028.703	1028.746	1028.802	1028.844	1028.881	1028.846	1028.824	1028.92	1028.949	1028.913	1028.985	1028.977	1028.998	1028.976	1028.992	1028.97	1028.88	1028.897	1028.928	1028.984	1029.048	1028.979	1028.951
1028	1028	1028	1028	1027.99	1028	1028	1028	1028	1028	1027.923	1028	1028	1027.974	1027.974	1027.957	1027.922	1028	1028	1027.973	1028	1027.955	1027.99	1027.884	1027.904	1027.921	1027.902	1028	1027.848	1027.99	1027.902	1027.901	1027.92	1027.902	1027.903	1027.885	1027.866	1027.938	1027.903	1027.83	1027.938	1027.848	1027.937	1027.774	1027.715	1027.814	1027.678	1027.851	1027.868	1027.904	1027.796	1027.74	1027.778	1027.796	1027.761	1027.853	1027.888	1027.886	1027.939	1027.973	1028	1028	1028	1028	1028	1028	1028	1028.064	1028.101	1028.182	1028.072	1028.161	1028.153	1028.146	1028.182	1028.242	1028.205	1028.255	1028.249	1028.249	1028.301	1028.301	1028.339	1028.339	1028.345	1028.384	1028.372	1028.403	1028.369	1028.473	1028.457	1028.481	1028.518	1028.579	1028.541	1028.63	1028.623	1028.686	1028.759	1028.715	1028.687	1028.735	1028.728	1028.79	1028.803	1028.79	1028.866	1028.926	1028.91	1028.905	1028.988	1028.953	1028.957	1029.056	1029.072	1029.11	1029.127	1029.107	1029.141	1029.132	1029.154	1029.199	1029.209	1029.144	1029.193	1029.162	1029.183	1029.212	1029.212	1029.261	1029.234	1029.271	1029.241	1029.307	1029.297	1029.211	1029.222
1028.307	1028.301	1028	1028	1028	1028	1028	1028	1028	1028	1028	1028	1028	1028	1028	1028	1028	1028	1028	1028	1028	1028	1028	1028	1028	1028	1028	1028	1028	1028	1028	1028	1028	1028	1028	1028	1028	1028	1028	1028	1028	1028	1028	1028	1027.99	1028	1028	1028.031	1028.004	1028.013	1028.031	1028.048	1028.087	1028.04	1028.04	1028.08	1028.087	1028.031	1028.128	1028	1028	1028	1028	1028	1028.225	1028.216	1028.267	1028.245	1028.245	1028.277	1028.287	1028.342	1028.321	1028.389	1028.404	1028.423	1028.362	1028.437	1028.414	1028.418	1028.418	1028.394	1028.464	1028.402	1028.525	1028.521	1028.531	1028.659	1028.65	1028.655	1028.73	1028.777	1028.748	1028.89	1028.803	1028.911	1028.924	1028.945	1028.949	1029.019	1029.006	1029.095	1029.088	1029.099	1029.131	1029.134	1029.117	1029.181	1029.178	1029.16	1029.259	1029.309	1029.263	1029.321	1029.288	1029.296	1029.356	1029.34	1029.396	1029.355	1029.359	1029.362	1029.365	1029.379	1029.387	1029.345	1029.356	1029.359	1029.412	1029.423	1029.462	1029.564	1029.539	1029.567	1029.572	1029.532	1029.578
1028.396	1028.419	1028.409	1028.386	1028.403	1028.379	1028.422	1028.353	1028	1028	1028	1028	1028	1028	1028.283	1028.301	1028.225	1028.251	1028.239	1028.292	1028.32	1028.256	1028.315	1028.287	1028.311	1028.328	1028.337	1028.26	1028.385	1028.243	1028	1028.23	1028.221	1028.256	1028.186	1028.202	1028.211	1028.186	1028.186	1028.221	1028.221	1028.233	1028.287	1028.282	1028.267	1028.261	1028.221	1028.182	1028.168	1028.268	1028.265	1028.242	1028.19	1028.234	1028.22	1028.19	1028.249	1028.255	1028.287	1028.261	1028.277	1028.264	1028.306	1028.256	1028.337	1028.311	1028.349	1028.393	1028.402	1028.462	1028.47	1028.441	1028.511	1028.549	1028.549	1028.534	1028.541	1028.592	1028.57	1028.585	1028.588	1028.585	1028.647	1028.612	1028.696	1028.706	1028.782	1028.913	1028.963	1028.962	1029.067	1029.087	1029.072	1029.107	1029.164	1029.159	1029.274	1029.305	1029.298	1029.324	1029.348	1029.322	1029.372	1029.38	1029.357	1029.379	1029.391	1029.36	1029.402	1029.431	1029.437	1029.517	1029.532	1029.521	1029.479	1029.498	1029.516	1029.524	1029.49	1029.508	1029.578	1029.58	1029.604	1029.654	1029.634	1029.68	1029.663	1029.706	1029.728	1029.827	1029.69	1029.81	1029.828	1029.829	1029.883	1029.937	1030
1028.721	1028.672	1028.678	1028.562	1028.559	1028.498	1028.486	1028.509	1028.476	1028.461	1028.548	1028.35	1028.473	1028.439	1028.4	1028.434	1028.409	1028.439	1028.458	1028.464	1028.492	1028.492	1028.474	1028.529	1028.444	1028.458	1028.477	1028.447	1028.474	1028.389	1028.449	1028.474	1028.425	1028.418	1028.414	1028.421	1028.393	1028.397	1028.361	1028.341	1028.337	1028.368	1028.32	1028.341	1028.389	1028.362	1028.393	1028.41	1028.357	1028.384	1028.418	1028.477	1028.394	1028.423	1028.423	1028.428	1028.449	1028.454	1028.342	1028.444	1028.433	1028.462	1028.466	1028.397	1028.454	1028.481	1028.481	1028.545	1028.575	1028.591	1028.616	1028.64	1028.635	1028.659	1028.648	1028.675	1028.67	1028.698	1028.701	1028.737	1028.776	1028.802	1028.905	1028.922	1028.911	1029.037	1029.162	1029.094	1029.109	1029.192	1029.18	1029.236	1029.289	1029.32	1029.345	1029.392	1029.402	1029.416	1029.408	1029.402	1029.458	1029.421	1029.477	1029.476	1029.495	1029.507	1029.549	1029.474	1029.602	1029.632	1029.655	1029.7	1029.723	1029.726	1029.775	1029.817	1029.835	1029.817	1029.841	1029.822	1029.823	1029.826	1029.845	1029.847	1029.866	1029.921	1029.99	1030.037	1030.131	1030.097	1030.128	1030.138	1030.119	1030.156	1030.153	1030.138	1030.175
1028.842	1028.828	1028.808	1028.808	1028.688	1028.87	1028.695	1028.697	1028.663	1028.531	1028.656	1028.642	1028.768	1028.726	1028.555	1028.649	1028.526	1028.649	1028.661	1028.617	1028.606	1028.668	1028.568	1028.77	1028.67	1028.648	1028.645	1028.625	1028.703	1028.726	1028.669	1028.612	1028.592	1028.609	1028.559	1028.575	1028.575	1028.565	1028.562	1028.578	1028.536	1028.576	1028.542	1028.533	1028.542	1028.526	1028.51	1028.496	1028.549	1028.562	1028.517	1028.51	1028.631	1028.503	1028.526	1028.506	1028.523	1028.591	1028.569	1028.637	1028.588	1028.597	1028.697	1028.762	1028.674	1028.777	1028.777	1028.701	1028.708	1028.736	1028.747	1028.738	1028.808	1028.893	1028.968	1028.96	1028.791	1028.934	1028.968	1028.997	1029.096	1029.185	1029.029	1029.321	1029.363	1029.341	1029.329	1029.419	1029.505	1029.566	1029.431	1029.529	1029.547	1029.529	1029.51	1029.56	1029.504	1029.54	1029.56	1029.565	1029.617	1029.627	1029.623	1029.655	1029.709	1029.752	1029.773	1029.857	1029.856	1029.798	1029.84	1029.881	1029.936	1029.881	1029.937	1029.955	1029.955	1030.008	1030.026	1030.008	1030.008	1030.092	1030.123	1030.166	1030.212	1030.226	1030.217	1030.295	1030.317	1030.325	1030.396	1030.384	1030.339	1030.351	1030.332	1030.316	1030.362
1028.985	1028.979	1029.006	1029.027	1028.84	1028.908	1028.811	1028.884	1028.888	1028.84	1029.012	1028.911	1028.87	1028.817	1028.828	1028.822	1028.797	1028.815	1028.858	1028.895	1028.921	1028.944	1028.893	1028.936	1028.893	1028.908	1028.942	1028.86	1028.817	1028.758	1028.796	1028.812	1028.874	1028.862	1028.706	1028.801	1028.836	1028.819	1028.784	1028.797	1028.654	1028.578	1028.61	1028.656	1028.596	1028.578	1028.598	1028.583	1028.635	1028.64	1028.665	1028.659	1028.736	1028.711	1028.775	1028.77	1028.716	1028.758	1028.798	1028.748	1028.905	1028.908	1028.9	1028.942	1028.932	1028.922	1028.932	1029.01	1029.131	1029.052	1029.12	1029.069	1029.115	1029.085	1029.074	1029.07	1029.188	1029.25	1029.328	1029.263	1029.323	1029.56	1029.391	1029.572	1029.574	1029.646	1029.677	1029.707	1029.617	1029.653	1029.71	1029.727	1029.704	1029.737	1029.79	1029.791	1029.82	1029.821	1029.845	1029.81	1029.705	1029.878	1029.859	1029.84	1029.84	1029.88	1029.898	1029.99	1030.009	1030.009	1030.069	1029.99	1030.082	1030.139	1030.155	1030.17	1030.185	1030.2	1030.155	1030.254	1030.313	1030.324	1030.327	1030.382	1030.353	1030.46	1030.489	1030.505	1030.531	1030.53	1030.525	1030.516	1030.593	1030.581	1030.593	1030.654	1030.542
1029.199	1029.067	1029.061	1029.222	1029.146	1029.262	1029.175	1029.198	1029.186	1029.205	1029.192	1029.19	1029.186	1029.169	1029.168	1029.104	1029.307	1029.079	1029.079	1029.075	1029.061	1029.061	1029.161	1029.157	1029.146	1029.13	1029.046	1029.081	1029.13	1029.093	1029.146	1029.111	1029.058	1029.024	1029.164	1029.028	1029.007	1028.981	1028.887	1028.87	1028.895	1028.887	1028.786	1028.704	1028.788	1028.795	1028.721	1028.821	1028.779	1028.708	1028.795	1028.772	1028.822	1028.89	1028.766	1028.836	1028.974	1028.987	1029.133	1029.151	1029.192	1029.214	1029.23	1029.221	1029.224	1029.26	1029.252	1029.287	1029.31	1029.256	1029.279	1029.273	1029.331	1029.456	1029.436	1029.438	1029.608	1029.502	1029.7	1029.766	1029.691	1029.69	1029.856	1029.786	1029.832	1029.855	1029.9	1029.921	1029.966	1029.923	1029.967	1029.946	1029.927	1029.949	1029.949	1029.885	1029.989	1029.97	1029.971	1030.092	1030.009	1030.073	1030.081	1030.081	1030.144	1030.131	1030.181	1030.201	1030.221	1030.276	1030.306	1030.34	1030.34	1030.324	1030.387	1030.41	1030.381	1030.433	1030.478	1030.519	1030.576	1030.613	1030.677	1030.716	1030.734	1030.775	1030.744	1030.756	1030.709	1030.728	1030.774	1030.757	1030.789	1030.76	1030.755	1030.795	1030.788
1029.533	1029.399	1029.422	1029.471	1029.39	1029.443	1029.437	1029.378	1029.433	1029.411	1029.381	1029.437	1029.305	1029.374	1029.565	1029.567	1029.494	1029.487	1029.467	1029.473	1029.43	1029.329	1029.317	1029.286	1029.33	1029.322	1029.272	1029.302	1029.365	1029.366	1029.339	1029.375	1029.348	1029.287	1029.316	1029.283	1029.229	1029.26	1029.241	1029.134	1029.126	1029.091	1029.111	1029.023	1029.042	1029.091	1028.899	1029.027	1029.002	1028.998	1028.998	1029.053	1028.984	1029.187	1029.106	1029.161	1029.284	1029.21	1029.356	1029.375	1029.369	1029.422	1029.484	1029.544	1029.465	1029.523	1029.548	1029.574	1029.572	1029.58	1029.553	1029.666	1029.531	1029.625	1029.672	1029.711	1029.761	1029.845	1029.845	1029.864	1029.884	1029.945	1030.005	1030.043	1030.055	1030.088	1030.077	1030.055	1030.109	1030.055	1030.066	1030.097	1030.12	1030.047	1030.109	1030.106	1030.153	1030.211	1030.196	1030.251	1030.295	1030.34	1030.34	1030.34	1030.386	1030.356	1030.356	1030.432	1030.558	1030.583	1030.55	1030.617	1030.714	1030.674	1030.726	1030.757	1030.715	1030.741	1030.768	1030.807	1030.862	1030.866	1030.843	1030.841	1030.902	1030.893	1030.908	1030.995	1031.012	1030.947	1030.979	1030.928	1030.903	1030.921	1030.96	1030.96	1031.043
1029.778	1029.753	1029.692	1029.755	1029.715	1029.693	1029.695	1029.668	1029.687	1029.709	1029.681	1029.705	1029.699	1029.722	1029.725	1029.722	1029.693	1029.739	1029.688	1029.735	1029.696	1029.607	1029.694	1029.65	1029.59	1029.557	1029.514	1029.606	1029.529	1029.65	1029.581	1029.609	1029.562	1029.517	1029.43	1029.537	1029.481	1029.468	1029.403	1029.391	1029.417	1029.326	1029.438	1029.412	1029.21	1029.272	1029.22	1029.216	1029.198	1029.153	1029.128	1029.228	1029.219	1029.383	1029.411	1029.457	1029.524	1029.494	1029.621	1029.592	1029.641	1029.641	1029.693	1029.801	1029.735	1029.865	1029.847	1029.908	1029.887	1029.988	1029.863	1030.005	1029.929	1029.928	1029.909	1029.969	1030.005	1030.02	1030.006	1030.047	1030.06	1030.085	1030.085	1030.12	1030.131	1030.131	1030.131	1030.162	1030.186	1030.214	1030.214	1030.279	1030.302	1030.264	1030.286	1030.346	1030.325	1030.432	1030.459	1030.459	1030.459	1030.509	1030.53	1030.55	1030.675	1030.619	1030.748	1030.695	1030.733	1030.806	1030.806	1030.834	1030.889	1030.926	1030.945	1030.975	1031.079	1031.072	1031.033	1031.101	1031.118	1031.129	1031.099	1031.09	1031.127	1031.105	1031.135	1031.201	1031.212	1031.218	1031.219	1031.288	1031.278	1031.185	1031.117	1031.114	1031.19
