1015.414	1015.483	1015.486	1015.473	1015.516	1015.495	1015.497	1015.536	1015.551	1015.508	1015.532	1015.503	1015.586	1015.568	1015.583	1015.601	1015.615	1015.605	1015.606	1015.683	1015.621	1015.675	1015.703	1015.68	1015.58	1015.642	1015.753	1015.641	1015.731	1015.663	1015.725	1015.665	1015.632	1015.719	1015.766	1015.71	1015.784	1015.729	1015.811	1015.752	1015.715	1015.699	1015.791	1015.837	1015.792	1015.811	1015.765	1015.759	1015.778	1015.803	1015.799	1015.768	1015.721	1015.695	1015.689	1015.677	1015.651	1015.614	1015.638	1015.654	1015.678	1015.726	1015.726	1015.678	1015.712	1015.662	1015.72	1015.7	1015.691	1015.653	1015.703	1015.739	1015.712	1015.754	1015.727	1015.734	1015.778	1015.694	1015.673	1015.716	1015.702	1015.722	1015.722	1015.7	1015.749	1015.737	1015.719	1015.747	1015.701	1015.608	1015.688	1015.646	1015.676	1015.653	1015.696	1015.701	1015.708	1015.728	1015.707	1015.773	1015.773	1015.701	1015.78	1015.779	1015.844	1015.805	1015.7	1015.801	1015.693	1015.747	1015.703	1015.709	1015.734	1015.719	1015.752	1015.802	1015.778	1015.772	1015.815	1015.758	1015.819	1015.795	1015.777	1015.807	1015.789	1015.836	1015.833	1015.79	1015.867	1015.779	1015.855	1015.905	1015.868	1015.851	1015.839	1015.839	1015.817
1015.538	1015.588	1015.578	1015.549	1015.607	1015.544	1015.524	1015.673	1015.696	1015.637	1015.638	1015.681	1015.701	1015.756	1015.768	1015.711	1015.684	1015.74	1015.741	1015.733	1015.731	1015.845	1015.737	1015.701	1015.786	1015.831	1015.844	1015.737	1015.819	1015.757	1015.85	1015.773	1015.724	1015.781	1015.818	1015.843	1015.817	1015.874	1015.818	1015.843	1015.873	1015.842	1015.914	1015.954	1015.948	1015.92	1015.89	1015.92	1015.908	1015.921	1015.943	1015.904	1015.827	1015.839	1015.916	1015.724	1015.883	1015.78	1015.807	1015.826	1015.783	1015.803	1015.869	1015.756	1015.874	1015.827	1015.869	1015.858	1015.851	1015.821	1015.852	1015.846	1015.887	1015.845	1015.88	1015.869	1015.858	1015.816	1015.803	1015.818	1015.807	1015.836	1015.811	1015.825	1015.832	1015.814	1015.804	1015.808	1015.734	1015.79	1015.816	1015.76	1015.862	1015.757	1015.806	1015.806	1015.781	1015.805	1015.811	1015.863	1015.851	1015.874	1015.902	1015.869	1015.923	1015.943	1015.869	1015.938	1015.819	1015.934	1015.837	1015.843	1015.826	1015.796	1015.802	1015.86	1015.919	1015.865	1015.978	1015.929	1015.954	1015.983	1015.964	1015.983	1015.974	1015.934	1015.959	1015.954	1015.93	1015.898	1015.887	1015.92	1015.925	1015.91	1015.979	1015.93	1015.915
1015.789	1015.683	1015.608	1015.723	1015.844	1015.812	1015.791	1015.791	1015.835	1015.848	1015.798	1015.802	1015.795	1015.86	1015.859	1015.802	1015.776	1015.875	1015.88	1015.943	1015.898	1015.932	1015.763	1015.824	1015.915	1015.91	1015.88	1015.915	1015.992	1015.981	1015.971	1015.818	1015.926	1016.017	1015.965	1015.981	1015.849	1016	1015.981	1016	1015.992	1016	1016	1016	1015.997	1015.997	1016	1016	1015.981	1016	1016	1015.981	1015.981	1016	1016	1015.911	1015.992	1015.961	1016	1015.972	1015.945	1015.89	1015.94	1015.924	1015.952	1015.962	1015.93	1015.977	1015.967	1015.967	1015.982	1015.982	1016	1015.919	1016	1015.957	1015.941	1015.972	1015.962	1015.936	1015.952	1015.968	1015.947	1015.988	1015.937	1015.932	1015.911	1015.9	1015.888	1016	1015.968	1015.968	1015.998	1015.983	1015.988	1015.978	1015.933	1015.928	1015.978	1015.983	1015.973	1015.983	1015.968	1015.978	1015.959	1015.993	1015.978	1015.969	1015.959	1016	1015.919	1015.984	1015.925	1015.979	1015.96	1015.924	1016	1015.998	1015.988	1016	1016	1016	1016	1016	1016	1016	1016	1016	1015.993	1016	1016	1016	1016	1015.979	1016	1016	1016
1015.813	1015.891	1015.891	1016	1015.889	1015.835	1015.847	1015.911	1015.944	1015.893	1015.921	1015.966	1016	1015.955	1015.928	1015.955	1015.982	1015.971	1015.91	1016	1015.965	1016	1016	1016	1016	1016	1016	1016	1015.997	1016	1016.058	1016.053	1016.102	1016.087	1016.017	1016.042	1016.07	1016.102	1016	1016	1016	1016	1016	1016	1016	1016.116	1016	1016.111	1016.125	1016.121	1016.078	1016.09	1016.113	1016	1016	1016.09	1016.05	1016.081	1016.067	1016.039	1016.047	1016.068	1016	1016.093	1015.961	1016	1016	1016	1016	1016	1016	1016	1016	1016	1016	1016	1016	1016	1016	1016	1016	1016	1016	1016	1016	1016	1016	1016	1016	1016	1016	1016	1016	1016	1016	1016	1016	1016	1016	1016	1016	1016	1016	1016	1016	1016	1016	1016	1016	1016	1016	1016	1016	1016	1016	1016	1016	1016	1016	1016	1016	1016	1016	1016	1016	1016	1016	1016	1016	1016	1016	1016	1016	1016	1016	1016	1016
1016	1016	1015.855	1015.934	1016	1016	1016	1016	1016	1016	1016	1016	1016	1016	1016	1016	1016	1016	1016	1016	1016	1016	1016	1016	1016	1016	1016	1016	1016.258	1016.133	1016.146	1016.115	1016.082	1016.102	1016.153	1016.162	1016.096	1016.113	1016.146	1016.194	1016.165	1016.153	1016.119	1016.127	1016.21	1016.123	1016.102	1016.238	1016.196	1016.191	1016.2	1016.186	1016.161	1016.212	1016.212	1016.163	1016.14	1016.123	1016.166	1016.14	1016.13	1016.14	1016.096	1016.144	1016	1016.162	1016	1016	1016	1016	1016	1016	1016	1016	1016	1016	1016	1016	1016	1016	1016	1016	1016	1016	1016	1016	1016	1016	1016	1016	1016	1016	1016	1016	1016	1016	1016	1016	1016	1016	1016	1016	1016	1016	1016	1016	1016	1016	1016	1016	1016	1016	1016	1016	1016	1016	1016	1016	1016	1016	1016	1016	1016	1016	1016	1016	1016	1016	1016	1016	1016	1016	1016	1016	1016	1016	1016
1016.077	1016	1016.21	1016.144	1016	1016	1016	1016	1016	1016	1016	1016	1016	1016	1016	1016	1016	1016	1016	1016	1016	1016	1016	1016	1016	1016	1016.231	1016.252	1016.142	1016.111	1016.155	1016.191	1016.244	1016.253	1016.186	1016.151	1016.236	1016.295	1016.276	1016.18	1016.167	1016.232	1016.26	1016.27	1016.196	1016.245	1016.383	1016.243	1016.27	1016.265	1016.283	1016.267	1016.232	1016.253	1016.228	1016.187	1016.306	1016.195	1016.22	1016.218	1016.21	1016.236	1016.218	1016.155	1016.137	1016.173	1016	1016.201	1016	1016	1016	1016	1016	1016	1016	1016	1016	1016	1016	1016	1016	1016	1016	1016	1016	1016	1016	1016	1016	1016	1016	1016	1016	1016	1016	1016	1016	1016	1016	1016	1016	1016	1016	1016	1016	1016	1016	1016	1016	1016	1016.245	1016	1016	1016	1016	1016	1016	1016	1016	1016	1016	1016	1016	1016	1016	1016	1016	1016	1016	1016	1016	1016	1016	1016	1016	1016	1016
1016.259	1016.166	1016.138	1016.142	1016.178	1016.197	1016.229	1016.231	1016	1016	1016	1016	1016	1016	1016	1016	1016	1016	1016	1016	1016	1016	1016	1016	1016	1016.218	1016.301	1016.265	1016.263	1016.429	1016.341	1016.269	1016.268	1016.263	1016.262	1016.327	1016.349	1016.242	1016.294	1016.332	1016.382	1016.367	1016.303	1016.275	1016.395	1016.405	1016.35	1016.297	1016.442	1016.342	1016.327	1016.37	1016.376	1016.35	1016.381	1016.32	1016.319	1016.316	1016.316	1016.312	1016.304	1016.311	1016.283	1016.298	1016.306	1016.284	1016.275	1016.229	1016	1016.248	1016.258	1016	1016.258	1016	1016.305	1016	1016	1016	1016	1016	1016	1016	1016	1016	1016	1016	1016	1016.237	1016.272	1016.263	1016.224	1016.237	1016	1016	1016.249	1016.244	1016.249	1016.264	1016.234	1016	1016.275	1016	1016	1016	1016	1016	1016	1016.257	1016.26	1016.306	1016.279	1016.314	1016.275	1016.298	1016.317	1016.301	1016.312	1016.264	1016.262	1016.312	1016.264	1016.287	1016.278	1016.267	1016.267	1016.245	1016.248	1016.292	1016	1016.282	1016	1016	1016.287	1016.274	1016.275	1016.325	1016.28
1016.242	1016.333	1016.301	1016.324	1016.296	1016.248	1016.214	1016.233	1016	1016.268	1016	1016	1016	1016	1016	1016	1016	1016	1016	1016	1016	1016	1016	1016	1016.368	1016.372	1016.352	1016.371	1016.391	1016.356	1016.349	1016.357	1016.384	1016.381	1016.398	1016.372	1016.363	1016.419	1016.458	1016.345	1016.366	1016.479	1016.457	1016.452	1016.505	1016.446	1016.463	1016.508	1016.363	1016.427	1016.449	1016.457	1016.43	1016.423	1016.442	1016.439	1016.359	1016.462	1016.386	1016.382	1016.385	1016.376	1016.382	1016.385	1016.407	1016.392	1016.387	1016.349	1016.395	1016.414	1016.385	1016.388	1016.419	1016.381	1016.428	1016.383	1016.406	1016.333	1016.28	1016.301	1016.293	1016.292	1016.355	1016.293	1016.343	1016.346	1016.331	1016.331	1016.334	1016.307	1016.379	1016.362	1016.365	1016.417	1016.351	1016.337	1016.342	1016.349	1016.338	1016.35	1016.342	1016.326	1016.345	1016.345	1016.327	1016.343	1016.353	1016.343	1016.331	1016.404	1016.322	1016.411	1016.357	1016.363	1016.375	1016.365	1016.38	1016.375	1016.363	1016.403	1016.328	1016.373	1016.362	1016.351	1016.423	1016.392	1016.324	1016.332	1016.316	1016.373	1016.391	1016.375	1016.384	1016.438	1016.477	1016.394	1016.44
1016.361	1016.4	1016.363	1016.38	1016.383	1016.346	1016.409	1016.427	1016.356	1016.38	1016.282	1016.408	1016.349	1016	1016.295	1016.365	1016.365	1016.321	1016.371	1016.357	1016.365	1016.369	1016.466	1016.449	1016.396	1016.381	1016.409	1016.427	1016.421	1016.46	1016.468	1016.427	1016.443	1016.471	1016.462	1016.504	1016.545	1016.511	1016.443	1016.477	1016.567	1016.604	1016.559	1016.533	1016.555	1016.643	1016.531	1016.59	1016.496	1016.541	1016.573	1016.546	1016.543	1016.553	1016.476	1016.568	1016.521	1016.538	1016.51	1016.508	1016.472	1016.461	1016.507	1016.47	1016.531	1016.526	1016.52	1016.514	1016.5	1016.475	1016.436	1016.479	1016.437	1016.477	1016.506	1016.505	1016.473	1016.468	1016.493	1016.513	1016.489	1016.517	1016.465	1016.497	1016.482	1016.484	1016.422	1016.453	1016.454	1016.45	1016.476	1016.441	1016.469	1016.462	1016.461	1016.46	1016.436	1016.429	1016.431	1016.442	1016.383	1016.455	1016.441	1016.445	1016.439	1016.413	1016.4	1016.458	1016.388	1016.504	1016.407	1016.526	1016.523	1016.494	1016.469	1016.461	1016.462	1016.462	1016.452	1016.516	1016.48	1016.486	1016.49	1016.457	1016.534	1016.481	1016.536	1016.478	1016.581	1016.505	1016.505	1016.471	1016.507	1016.523	1016.579	1016.534	1016.628
1016.447	1016.494	1016.444	1016.49	1016.464	1016.455	1016.522	1016.485	1016.467	1016.483	1016.483	1016.487	1016.496	1016.435	1016.449	1016.503	1016.459	1016.444	1016.505	1016.47	1016.513	1016.485	1016.534	1016.549	1016.462	1016.475	1016.54	1016.535	1016.53	1016.571	1016.535	1016.498	1016.634	1016.651	1016.588	1016.636	1016.619	1016.545	1016.605	1016.605	1016.653	1016.666	1016.618	1016.672	1016.688	1016.733	1016.641	1016.699	1016.717	1016.72	1016.688	1016.659	1016.614	1016.606	1016.637	1016.654	1016.616	1016.636	1016.634	1016.628	1016.621	1016.6	1016.625	1016.582	1016.608	1016.574	1016.598	1016.587	1016.591	1016.559	1016.534	1016.571	1016.562	1016.632	1016.591	1016.623	1016.595	1016.596	1016.606	1016.603	1016.578	1016.616	1016.537	1016.603	1016.552	1016.581	1016.595	1016.596	1016.592	1016.525	1016.524	1016.519	1016.529	1016.52	1016.524	1016.486	1016.488	1016.557	1016.559	1016.552	1016.548	1016.554	1016.559	1016.548	1016.561	1016.54	1016.522	1016.583	1016.574	1016.581	1016.598	1016.548	1016.586	1016.574	1016.586	1016.61	1016.605	1016.608	1016.652	1016.595	1016.646	1016.638	1016.626	1016.624	1016.656	1016.647	1016.68	1016.626	1016.722	1016.711	1016.692	1016.722	1016.752	1016.651	1016.679	1016.644	1016.725
1016.612	1016.619	1016.61	1016.633	1016.596	1016.561	1016.614	1016.531	1016.532	1016.532	1016.593	1016.544	1016.579	1016.584	1016.63	1016.636	1016.591	1016.583	1016.648	1016.553	1016.652	1016.596	1016.64	1016.598	1016.626	1016.665	1016.624	1016.656	1016.648	1016.65	1016.62	1016.664	1016.77	1016.733	1016.703	1016.726	1016.716	1016.718	1016.794	1016.715	1016.754	1016.754	1016.727	1016.767	1016.772	1016.773	1016.796	1016.762	1016.791	1016.77	1016.753	1016.752	1016.715	1016.712	1016.763	1016.734	1016.732	1016.757	1016.73	1016.728	1016.738	1016.754	1016.752	1016.729	1016.768	1016.672	1016.743	1016.682	1016.695	1016.686	1016.651	1016.655	1016.695	1016.724	1016.671	1016.693	1016.679	1016.681	1016.69	1016.642	1016.643	1016.651	1016.649	1016.68	1016.641	1016.672	1016.709	1016.709	1016.682	1016.686	1016.668	1016.692	1016.65	1016.672	1016.663	1016.576	1016.579	1016.666	1016.601	1016.601	1016.646	1016.584	1016.637	1016.632	1016.648	1016.685	1016.648	1016.634	1016.705	1016.645	1016.727	1016.675	1016.723	1016.708	1016.689	1016.71	1016.708	1016.701	1016.758	1016.702	1016.761	1016.757	1016.756	1016.712	1016.723	1016.737	1016.749	1016.785	1016.768	1016.791	1016.781	1016.818	1016.849	1016.813	1016.823	1016.817	1016.793
1016.726	1016.726	1016.705	1016.723	1016.705	1016.71	1016.749	1016.736	1016.713	1016.627	1016.686	1016.712	1016.671	1016.664	1016.686	1016.716	1016.697	1016.773	1016.793	1016.733	1016.744	1016.733	1016.782	1016.728	1016.747	1016.799	1016.701	1016.788	1016.719	1016.751	1016.755	1016.787	1016.781	1016.738	1016.735	1016.798	1016.829	1016.811	1016.833	1016.817	1016.928	1016.854	1016.798	1016.865	1016.873	1016.834	1016.921	1016.829	1016.864	1016.871	1016.846	1016.852	1016.858	1016.885	1016.879	1016.833	1016.885	1016.856	1016.813	1016.849	1016.858	1016.86	1016.837	1016.836	1016.847	1016.825	1016.846	1016.791	1016.819	1016.827	1016.808	1016.833	1016.821	1016.787	1016.812	1016.811	1016.784	1016.811	1016.798	1016.805	1016.794	1016.751	1016.875	1016.76	1016.833	1016.856	1016.818	1016.803	1016.783	1016.785	1016.807	1016.805	1016.793	1016.787	1016.805	1016.823	1016.809	1016.798	1016.758	1016.759	1016.756	1016.692	1016.696	1016.692	1016.699	1016.712	1016.81	1016.743	1016.847	1016.752	1016.829	1016.811	1016.817	1016.799	1016.796	1016.789	1016.791	1016.818	1016.806	1016.893	1016.866	1016.915	1016.94	1016.869	1016.889	1016.988	1016.801	1017.028	1016.844	1016.92	1016.891	1016.895	1016.92	1016.91	1016.918	1016.948	1016.897
1016.793	1016.833	1016.827	1016.911	1016.901	1016.873	1016.846	1016.775	1016.773	1016.889	1016.806	1016.823	1016.836	1016.865	1016.917	1016.891	1016.862	1016.872	1016.845	1016.941	1016.889	1016.842	1016.916	1016.913	1016.94	1016.954	1016.955	1016.955	1016.794	1016.969	1016.803	1016.869	1016.975	1017.002	1017.019	1016.873	1017.028	1016.888	1016.927	1017.033	1016.955	1016.908	1016.956	1017.047	1017.104	1016.988	1016.94	1016.978	1017.054	1017.031	1016.916	1016.933	1017.009	1017.044	1016.961	1017.074	1017.009	1016.941	1016.972	1016.964	1016.945	1016.925	1016.936	1016.917	1016.905	1016.914	1016.911	1016.913	1016.924	1016.921	1016.929	1016.938	1016.909	1016.95	1016.933	1016.863	1016.904	1016.962	1016.966	1016.931	1017.024	1016.93	1017.051	1016.918	1017.005	1016.94	1016.989	1016.997	1016.959	1016.945	1016.934	1016.907	1016.956	1016.944	1016.953	1016.943	1016.942	1016.916	1016.967	1016.957	1016.876	1017.01	1016.783	1016.908	1016.93	1016.906	1016.934	1016.91	1016.949	1016.908	1016.964	1016.911	1016.929	1016.942	1016.947	1016.938	1016.913	1016.972	1016.942	1017.001	1016.947	1016.992	1017.025	1017.039	1017.075	1017.135	1017.022	1017.117	1017.038	1017.096	1017.047	1017.092	1017.096	1017.043	1016.989	1017.137	1017.136
1016.97	1017.049	1017.015	1016.961	1016.932	1016.966	1017.072	1017.122	1016.991	1017.063	1016.988	1016.997	1017.016	1017.005	1016.999	1016.954	1017.01	1017.156	1017.1	1016.994	1017.048	1017.089	1017.046	1017.05	1017.079	1017.065	1017.032	1017.067	1017.043	1017.181	1017.023	1017.214	1017.121	1017.023	1017.046	1017.042	1017.095	1017.091	1017.082	1017.051	1017.036	1017.114	1017.169	1017.122	1017.092	1017.161	1017.164	1017.162	1017.116	1017.093	1017.167	1017.211	1017.189	1017.16	1017.191	1017.196	1017.096	1017.191	1017.116	1017.1	1017.11	1017.123	1017.101	1017.064	1017.051	1017.043	1017.014	1017.018	1016.99	1017.005	1017.036	1017.032	1017.034	1017.089	1017.008	1017.142	1017.113	1017.112	1017.113	1017.109	1017.13	1017.1	1017.123	1017.083	1017.13	1017.082	1017.118	1017.103	1017.082	1017.136	1017.105	1017.102	1016.997	1017.025	1017.062	1017.038	1017.068	1017.079	1017.003	1017.129	1016.97	1017.176	1017.068	1017.115	1017.055	1016.992	1017.021	1017.022	1017.022	1017.077	1017.02	1017.023	1017.067	1017.059	1017.046	1017.083	1017.061	1017.082	1017.073	1017.024	1017.123	1017.135	1017.132	1017.127	1017.116	1017.133	1017.189	1017.163	1017.185	1017.184	1017.159	1017.175	1017.201	1017.262	1017.312	1017.23	1017.266
1017.075	1017.096	1017.039	1017.126	1017.142	1017.124	1017.08	1017.08	1017.066	1017.076	1017.105	1017.193	1017.165	1017.175	1017.238	1017.246	1017.201	1017.136	1017.17	1017.245	1017.206	1017.234	1017.239	1017.251	1017.254	1017.256	1017.267	1017.289	1017.214	1017.213	1017.231	1017.186	1017.154	1017.208	1017.316	1017.316	1017.168	1017.156	1017.205	1017.231	1017.312	1017.239	1017.175	1017.285	1017.303	1017.299	1017.199	1017.222	1017.311	1017.313	1017.243	1017.232	1017.243	1017.308	1017.281	1017.243	1017.238	1017.262	1017.209	1017.252	1017.256	1017.217	1017.23	1017.232	1017.22	1017.195	1017.213	1017.195	1017.169	1017.223	1017.205	1017.212	1017.223	1017.253	1017.196	1017.255	1017.181	1017.199	1017.266	1017.226	1017.226	1017.275	1017.298	1017.245	1017.248	1017.249	1017.237	1017.218	1017.213	1017.253	1017.145	1017.293	1017.242	1017.196	1017.192	1017.155	1017.21	1017.233	1017.169	1017.303	1017.247	1017.195	1017.213	1017.197	1017.188	1017.246	1017.267	1017.181	1017.225	1017.216	1017.244	1017.227	1017.245	1017.255	1017.254	1017.25	1017.206	1017.175	1017.26	1017.17	1017.181	1017.209	1017.186	1017.264	1017.322	1017.223	1017.344	1017.219	1017.33	1017.306	1017.336	1017.391	1017.375	1017.368	1017.394	1017.314	1017.436
1017.298	1017.23	1017.255	1017.231	1017.176	1017.22	1017.245	1017.222	1017.337	1017.317	1017.269	1017.227	1017.262	1017.294	1017.273	1017.271	1017.279	1017.298	1017.376	1017.347	1017.341	1017.334	1017.383	1017.361	1017.357	1017.379	1017.369	1017.34	1017.43	1017.442	1017.437	1017.353	1017.432	1017.402	1017.305	1017.307	1017.424	1017.401	1017.451	1017.335	1017.371	1017.376	1017.393	1017.433	1017.332	1017.351	1017.394	1017.392	1017.363	1017.383	1017.377	1017.426	1017.447	1017.378	1017.361	1017.446	1017.432	1017.375	1017.441	1017.424	1017.367	1017.378	1017.445	1017.366	1017.412	1017.39	1017.421	1017.379	1017.428	1017.408	1017.338	1017.425	1017.331	1017.391	1017.381	1017.359	1017.418	1017.419	1017.363	1017.35	1017.364	1017.353	1017.357	1017.336	1017.373	1017.362	1017.374	1017.365	1017.365	1017.379	1017.429	1017.34	1017.365	1017.354	1017.384	1017.351	1017.344	1017.358	1017.376	1017.287	1017.351	1017.373	1017.387	1017.327	1017.355	1017.346	1017.331	1017.358	1017.382	1017.301	1017.375	1017.33	1017.315	1017.342	1017.341	1017.317	1017.361	1017.374	1017.298	1017.453	1017.389	1017.458	1017.401	1017.378	1017.444	1017.406	1017.457	1017.4	1017.444	1017.395	1017.405	1017.423	1017.495	1017.512	1017.501	1017.618	1017.506
1017.361	1017.273	1017.366	1017.386	1017.302	1017.319	1017.374	1017.332	1017.352	1017.305	1017.384	1017.437	1017.382	1017.424	1017.486	1017.469	1017.457	1017.463	1017.503	1017.413	1017.521	1017.515	1017.541	1017.561	1017.553	1017.544	1017.521	1017.51	1017.595	1017.494	1017.559	1017.536	1017.457	1017.46	1017.577	1017.665	1017.569	1017.429	1017.508	1017.587	1017.554	1017.548	1017.526	1017.489	1017.466	1017.571	1017.448	1017.527	1017.533	1017.567	1017.541	1017.557	1017.547	1017.519	1017.596	1017.528	1017.549	1017.604	1017.61	1017.6	1017.574	1017.583	1017.548	1017.539	1017.637	1017.555	1017.623	1017.553	1017.556	1017.526	1017.499	1017.548	1017.498	1017.529	1017.52	1017.51	1017.504	1017.458	1017.446	1017.48	1017.482	1017.453	1017.537	1017.492	1017.501	1017.494	1017.493	1017.515	1017.501	1017.486	1017.639	1017.501	1017.588	1017.553	1017.558	1017.64	1017.615	1017.514	1017.612	1017.5	1017.613	1017.547	1017.496	1017.499	1017.508	1017.5	1017.505	1017.513	1017.457	1017.489	1017.461	1017.478	1017.462	1017.439	1017.45	1017.486	1017.451	1017.544	1017.455	1017.598	1017.464	1017.576	1017.61	1017.594	1017.612	1017.604	1017.605	1017.584	1017.571	1017.587	1017.674	1017.62	1017.651	1017.674	1017.623	1017.699	1017.632
1017.522	1017.513	1017.479	1017.506	1017.538	1017.514	1017.519	1017.517	1017.554	1017.58	1017.541	1017.536	1017.536	1017.567	1017.569	1017.61	1017.592	1017.605	1017.662	1017.669	1017.682	1017.659	1017.676	1017.707	1017.699	1017.676	1017.694	1017.662	1017.673	1017.681	1017.682	1017.744	1017.673	1017.665	1017.78	1017.67	1017.665	1017.792	1017.716	1017.74	1017.71	1017.717	1017.747	1017.739	1017.691	1017.699	1017.619	1017.799	1017.742	1017.785	1017.742	1017.773	1017.802	1017.721	1017.739	1017.701	1017.782	1017.774	1017.745	1017.752	1017.759	1017.736	1017.773	1017.808	1017.809	1017.686	1017.81	1017.761	1017.749	1017.758	1017.75	1017.709	1017.679	1017.739	1017.649	1017.711	1017.667	1017.659	1017.683	1017.693	1017.656	1017.66	1017.615	1017.631	1017.629	1017.707	1017.67	1017.654	1017.682	1017.679	1017.717	1017.733	1017.704	1017.755	1017.67	1017.738	1017.773	1017.752	1017.747	1017.683	1017.717	1017.649	1017.654	1017.632	1017.641	1017.614	1017.651	1017.639	1017.576	1017.719	1017.568	1017.614	1017.679	1017.614	1017.666	1017.729	1017.606	1017.717	1017.637	1017.731	1017.707	1017.721	1017.736	1017.725	1017.753	1017.738	1017.76	1017.726	1017.821	1017.758	1017.808	1017.753	1017.747	1017.766	1017.778	1017.851	1017.804
1017.739	1017.603	1017.62	1017.616	1017.663	1017.708	1017.699	1017.642	1017.634	1017.711	1017.677	1017.685	1017.716	1017.743	1017.674	1017.726	1017.785	1017.812	1017.78	1017.85	1017.779	1017.85	1017.849	1017.828	1017.82	1017.82	1017.802	1017.804	1017.773	1017.914	1017.767	1017.874	1017.894	1017.881	1017.932	1017.874	1017.835	1017.967	1017.828	1017.925	1017.937	1017.925	1017.961	1017.906	1017.874	1017.912	1017.95	1017.956	1017.888	1017.902	1017.889	1017.926	1017.939	1017.863	1017.908	1017.908	1017.921	1017.902	1017.896	1017.889	1017.865	1017.89	1017.951	1017.872	1017.879	1017.909	1017.853	1017.86	1017.866	1017.867	1017.916	1017.911	1017.856	1017.911	1017.842	1017.869	1017.832	1017.825	1017.839	1017.864	1017.858	1017.907	1017.755	1017.907	1017.795	1017.918	1017.975	1017.953	1017.947	1017.953	1017.883	1017.965	1017.835	1017.92	1017.897	1017.855	1017.874	1017.898	1017.864	1017.858	1017.889	1017.811	1017.867	1017.842	1017.886	1017.885	1017.814	1017.822	1017.81	1017.786	1017.829	1017.78	1017.864	1017.882	1017.921	1017.915	1017.848	1017.9	1017.82	1017.878	1017.872	1017.895	1017.911	1017.916	1017.922	1017.884	1017.973	1017.867	1018	1017.948	1017.988	1018	1017.988	1017.983	1018	1017.968	1017.993
1017.913	1017.705	1017.877	1017.851	1017.857	1017.912	1017.875	1017.81	1017.811	1017.88	1017.855	1017.898	1017.922	1017.928	1017.847	1017.853	1017.951	1018.014	1017.89	1018.005	1017.909	1018.002	1017.969	1017.957	1018.005	1018.022	1018	1018.053	1017.968	1018.034	1017.991	1018	1018.031	1018	1018.037	1018.053	1018	1018	1018.05	1018.075	1018.039	1018.047	1018.047	1018.014	1018.031	1018.047	1018.039	1018.028	1018.031	1018.028	1018.025	1018.034	1018.042	1018.039	1018.078	1018.055	1018.052	1018.077	1018.064	1018.055	1018.092	1018.087	1018.091	1018	1018	1018	1018	1018.065	1018.073	1018.065	1018.065	1018.07	1018	1018	1018	1018	1018	1018	1018.045	1018.047	1018.034	1018.014	1018.02	1018.028	1017.992	1017.981	1018.025	1018.028	1018.014	1018.053	1018.008	1018.068	1018.014	1018.042	1018.031	1018.005	1018.011	1018.031	1018.03	1018.052	1018.052	1018.049	1018.07	1018.042	1018.103	1018.087	1018.033	1018.039	1018.052	1017.977	1018.058	1018.005	1018.014	1018	1018	1018	1018.02	1018	1018	1018.045	1018	1018.05	1018.055	1018.055	1018.058	1018	1018.091	1018	1018.063	1018.047	1018	1018	1018	1018	1018	1018	1018
1018	1018	1018.06	1018.011	1018.025	1018.025	1018.005	1017.981	1018.047	1018.042	1018.034	1018.034	1018.028	1018.053	1018.028	1018.034	1018.047	1018.06	1018.058	1018.105	1018.084	1018.077	1018.055	1018.073	1018.105	1018.151	1018.113	1018.13	1018.1	1018.1	1018.125	1018.14	1018.14	1018.133	1018.13	1018.116	1018.137	1018.162	1018.212	1018.153	1018.113	1018.133	1018.162	1018.123	1018.187	1018.182	1018.13	1018.151	1018.178	1018.128	1018.166	1018.172	1018.151	1018.21	1018.2	1018.181	1018.214	1018.203	1018.158	1018.168	1018.203	1018.205	1018.161	1018.237	1018.177	1018.184	1018.182	1018.243	1018.195	1018.184	1018.173	1018.161	1018.193	1018.135	1018.18	1018.14	1018.162	1018.135	1018.129	1018.153	1018.125	1018.106	1018.16	1018.07	1018.149	1018.123	1018.117	1018.111	1018.075	1018.127	1018.102	1018.119	1018.178	1018.174	1018.142	1018.175	1018.18	1018.158	1018.173	1018.166	1018.161	1018.177	1018.17	1018.182	1018.153	1018.141	1018.177	1018.123	1018.144	1018.144	1018.16	1018.146	1018.156	1018.158	1018.158	1018.119	1018.133	1018.119	1018.137	1018.216	1018.153	1018.18	1018.168	1018.182	1018.257	1018.178	1018.223	1018.176	1018.178	1018.182	1018.18	1018.162	1018.163	1018	1018	1018	1018
1018.103	1018.133	1018.103	1018.092	1018.103	1018.14	1018.14	1018.116	1018.108	1018.077	1018.116	1018.118	1018.236	1018.207	1018.121	1018.166	1018.228	1018.234	1018.236	1018.151	1018.239	1018.225	1018.253	1018.234	1018.215	1018.248	1018.284	1018.205	1018.29	1018.253	1018.239	1018.226	1018.234	1018.23	1018.254	1018.216	1018.281	1018.266	1018.216	1018.214	1018.273	1018.279	1018.283	1018.275	1018.242	1018.268	1018.324	1018.284	1018.258	1018.258	1018.313	1018.324	1018.266	1018.316	1018.286	1018.345	1018.328	1018.298	1018.332	1018.336	1018.337	1018.328	1018.278	1018.363	1018.27	1018.335	1018.348	1018.318	1018.307	1018.316	1018.325	1018.265	1018.367	1018.259	1018.316	1018.274	1018.263	1018.242	1018.226	1018.258	1018.263	1018.214	1018.36	1018.155	1018.355	1018.227	1018.198	1018.263	1018.236	1018.236	1018.33	1018.303	1018.265	1018.309	1018.296	1018.314	1018.29	1018.287	1018.319	1018.254	1018.263	1018.286	1018.238	1018.284	1018.247	1018.243	1018.324	1018.289	1018.311	1018.334	1018.259	1018.332	1018.297	1018.281	1018.339	1018.368	1018.346	1018.394	1018.297	1018.316	1018.343	1018.347	1018.339	1018.363	1018.373	1018.384	1018.345	1018.396	1018.383	1018.38	1018.38	1018.32	1018.32	1018.345	1018.312	1018.327	1018.307
1018.153	1018.207	1018.281	1018.32	1018.22	1018.214	1018.252	1018.29	1018.309	1018.352	1018.363	1018.223	1018.241	1018.284	1018.294	1018.322	1018.318	1018.276	1018.32	1018.286	1018.383	1018.328	1018.317	1018.359	1018.352	1018.33	1018.363	1018.328	1018.37	1018.334	1018.367	1018.42	1018.417	1018.365	1018.363	1018.396	1018.384	1018.346	1018.439	1018.451	1018.339	1018.325	1018.346	1018.378	1018.388	1018.376	1018.347	1018.316	1018.387	1018.43	1018.412	1018.384	1018.418	1018.485	1018.472	1018.47	1018.432	1018.446	1018.499	1018.47	1018.465	1018.483	1018.48	1018.469	1018.455	1018.506	1018.376	1018.482	1018.476	1018.439	1018.444	1018.438	1018.456	1018.402	1018.439	1018.432	1018.422	1018.441	1018.44	1018.4	1018.458	1018.317	1018.438	1018.435	1018.401	1018.365	1018.42	1018.435	1018.431	1018.423	1018.359	1018.464	1018.414	1018.44	1018.432	1018.422	1018.429	1018.42	1018.402	1018.436	1018.347	1018.435	1018.374	1018.435	1018.45	1018.435	1018.402	1018.399	1018.428	1018.391	1018.486	1018.444	1018.444	1018.466	1018.485	1018.499	1018.472	1018.527	1018.486	1018.544	1018.538	1018.454	1018.507	1018.498	1018.481	1018.522	1018.517	1018.499	1018.499	1018.485	1018.499	1018.505	1018.456	1018.428	1018.436	1018.418	1018.401
1018.432	1018.506	1018.267	1018.306	1018.367	1018.399	1018.387	1018.367	1018.399	1018.33	1018.318	1018.524	1018.431	1018.444	1018.397	1018.382	1018.42	1018.448	1018.489	1018.431	1018.397	1018.452	1018.452	1018.476	1018.487	1018.454	1018.446	1018.517	1018.472	1018.501	1018.486	1018.454	1018.482	1018.502	1018.517	1018.531	1018.507	1018.585	1018.477	1018.454	1018.494	1018.603	1018.562	1018.459	1018.489	1018.507	1018.525	1018.63	1018.507	1018.472	1018.52	1018.57	1018.6	1018.508	1018.579	1018.554	1018.622	1018.595	1018.518	1018.585	1018.597	1018.548	1018.537	1018.57	1018.548	1018.567	1018.546	1018.572	1018.551	1018.507	1018.603	1018.572	1018.529	1018.637	1018.51	1018.564	1018.518	1018.525	1018.51	1018.473	1018.57	1018.616	1018.561	1018.614	1018.561	1018.597	1018.575	1018.518	1018.545	1018.648	1018.511	1018.575	1018.506	1018.53	1018.539	1018.551	1018.56	1018.551	1018.526	1018.596	1018.542	1018.541	1018.574	1018.509	1018.513	1018.529	1018.53	1018.585	1018.617	1018.504	1018.617	1018.538	1018.6	1018.601	1018.591	1018.651	1018.656	1018.625	1018.644	1018.607	1018.657	1018.666	1018.667	1018.664	1018.661	1018.65	1018.642	1018.665	1018.693	1018.682	1018.677	1018.663	1018.675	1018.662	1018.656	1018.669	1018.531
1018.278	1018.659	1018.585	1018.634	1018.56	1018.541	1018.552	1018.571	1018.586	1018.663	1018.593	1018.563	1018.508	1018.571	1018.578	1018.563	1018.584	1018.55	1018.504	1018.627	1018.595	1018.608	1018.622	1018.575	1018.601	1018.629	1018.602	1018.612	1018.514	1018.618	1018.635	1018.626	1018.637	1018.636	1018.628	1018.663	1018.606	1018.673	1018.581	1018.739	1018.661	1018.61	1018.667	1018.704	1018.75	1018.7	1018.651	1018.71	1018.685	1018.779	1018.767	1018.736	1018.721	1018.741	1018.854	1018.701	1018.711	1018.721	1018.777	1018.775	1018.732	1018.701	1018.764	1018.784	1018.701	1018.759	1018.764	1018.708	1018.737	1018.775	1018.762	1018.791	1018.748	1018.886	1018.748	1018.854	1018.82	1018.789	1018.836	1018.852	1018.768	1018.784	1018.749	1018.75	1018.747	1018.69	1018.702	1018.785	1018.758	1018.659	1018.712	1018.736	1018.672	1018.675	1018.695	1018.631	1018.603	1018.632	1018.667	1018.625	1018.716	1018.652	1018.675	1018.703	1018.703	1018.739	1018.741	1018.669	1018.687	1018.711	1018.717	1018.696	1018.723	1018.707	1018.696	1018.727	1018.738	1018.737	1018.86	1018.777	1018.789	1018.81	1018.778	1018.789	1018.835	1018.794	1018.794	1018.826	1018.774	1018.793	1018.812	1018.807	1018.826	1018.836	1018.831	1018.821	1018.879
1018.654	1018.786	1018.66	1018.668	1018.658	1018.653	1018.692	1018.691	1018.647	1018.701	1018.687	1018.702	1018.753	1018.724	1018.723	1018.737	1018.717	1018.722	1018.732	1018.752	1018.75	1018.665	1018.728	1018.768	1018.786	1018.748	1018.724	1018.815	1018.879	1018.83	1018.789	1018.825	1018.845	1018.759	1018.811	1018.88	1018.803	1018.912	1018.801	1018.816	1018.799	1018.868	1018.881	1018.84	1018.817	1018.845	1018.872	1018.882	1018.864	1018.923	1018.875	1018.858	1018.937	1018.945	1018.892	1018.878	1018.973	1018.882	1018.956	1018.92	1018.88	1018.945	1018.936	1018.889	1018.975	1018.871	1018.975	1018.903	1018.973	1018.97	1018.931	1019.013	1018.891	1018.926	1018.934	1018.883	1018.951	1018.961	1018.975	1018.979	1018.985	1018.975	1018.99	1018.915	1018.944	1018.912	1018.865	1018.887	1018.929	1018.893	1019.024	1018.877	1018.985	1018.891	1018.911	1018.946	1018.916	1018.865	1018.92	1018.777	1018.886	1018.836	1018.812	1018.848	1018.834	1018.82	1018.879	1018.906	1018.887	1018.921	1018.841	1018.92	1018.898	1018.925	1018.982	1018.939	1018.924	1018.948	1018.915	1018.959	1018.949	1018.964	1018.968	1018.944	1018.918	1018.927	1018.958	1018.953	1018.978	1018.958	1018.952	1018.944	1018.947	1018.95	1018.988	1018.932	1018.959
1018.851	1018.851	1018.875	1018.827	1018.89	1018.863	1018.786	1018.756	1018.854	1018.868	1018.865	1018.848	1018.896	1018.791	1018.834	1018.892	1018.869	1018.864	1018.882	1018.83	1018.925	1018.912	1018.856	1018.917	1018.936	1018.923	1019.002	1018.974	1018.99	1019.001	1019.017	1018.987	1019.027	1019.043	1019.046	1019.025	1019.012	1019.014	1019.004	1018.982	1019.031	1019.035	1018.965	1018.924	1018.972	1019.057	1018.989	1019.048	1019.001	1019.041	1019.024	1019.013	1019.029	1019.052	1019.085	1019.056	1019.091	1019.05	1019.095	1019.038	1019.021	1019.051	1019.056	1019.041	1019.144	1019.012	1019.115	1019.072	1019.116	1019.162	1019.152	1019.163	1019.1	1019.135	1019.168	1019.124	1019.166	1019.161	1019.105	1019.105	1019.164	1019.111	1019.138	1019.119	1019.099	1019.186	1019.138	1019.057	1019.1	1019.048	1019.081	1019.042	1019.134	1019.117	1019.097	1019.115	1019.113	1019.1	1019.137	1019.147	1019.091	1019.105	1019.076	1018.989	1018.982	1019.014	1019.057	1019.064	1019	1019.099	1019.005	1019.078	1019.072	1019.1	1019.083	1019.055	1019.081	1019.112	1019.055	1019.103	1019.051	1019.072	1019.097	1019.097	1019.08	1019.086	1019.121	1019.043	1019.115	1019.082	1019.09	1019.096	1019.094	1019.096	1019.142	1019.112	1019.146
1019.078	1018.949	1019.051	1018.991	1018.997	1019.053	1018.987	1018.951	1019.012	1018.964	1019	1018.963	1018.967	1018.956	1018.944	1018.985	1019.006	1018.992	1019.031	1019.043	1019.027	1019.045	1019.027	1019.068	1019.084	1019.057	1019.069	1019.072	1019.115	1019.107	1019.138	1019.117	1019.125	1019.146	1019.144	1019.124	1019.169	1019.092	1019.164	1019.138	1019.164	1019.118	1019.084	1019.141	1019.171	1019.164	1019.152	1019.168	1019.161	1019.155	1019.144	1019.131	1019.211	1019.237	1019.27	1019.207	1019.234	1019.281	1019.276	1019.293	1019.3	1019.28	1019.303	1019.216	1019.26	1019.248	1019.264	1019.247	1019.248	1019.286	1019.287	1019.22	1019.297	1019.299	1019.247	1019.339	1019.317	1019.306	1019.309	1019.317	1019.31	1019.32	1019.281	1019.359	1019.286	1019.329	1019.332	1019.283	1019.287	1019.29	1019.296	1019.292	1019.277	1019.281	1019.291	1019.267	1019.235	1019.262	1019.246	1019.339	1019.281	1019.292	1019.314	1019.283	1019.324	1019.337	1019.291	1019.335	1019.26	1019.291	1019.269	1019.24	1019.254	1019.244	1019.215	1019.25	1019.27	1019.234	1019.279	1019.285	1019.281	1019.319	1019.273	1019.246	1019.252	1019.249	1019.328	1019.307	1019.323	1019.331	1019.317	1019.257	1019.234	1019.309	1019.305	1019.296	1019.322
1019.187	1019.12	1019.12	1019.14	1019.135	1019.167	1019.147	1019.111	1019.121	1019.095	1019.165	1019.137	1019.122	1019.13	1019.119	1019.119	1019.145	1019.156	1019.151	1019.245	1019.124	1019.203	1019.173	1019.21	1019.228	1019.198	1019.212	1019.242	1019.294	1019.224	1019.264	1019.289	1019.277	1019.304	1019.308	1019.261	1019.324	1019.234	1019.318	1019.266	1019.32	1019.27	1019.242	1019.329	1019.292	1019.328	1019.329	1019.315	1019.318	1019.33	1019.283	1019.336	1019.363	1019.359	1019.327	1019.432	1019.351	1019.46	1019.388	1019.396	1019.457	1019.456	1019.479	1019.405	1019.43	1019.48	1019.397	1019.453	1019.44	1019.395	1019.404	1019.39	1019.418	1019.462	1019.394	1019.476	1019.451	1019.458	1019.469	1019.452	1019.434	1019.491	1019.403	1019.443	1019.418	1019.433	1019.437	1019.428	1019.44	1019.445	1019.481	1019.484	1019.458	1019.449	1019.481	1019.446	1019.416	1019.479	1019.43	1019.472	1019.466	1019.441	1019.512	1019.483	1019.526	1019.519	1019.489	1019.49	1019.445	1019.463	1019.446	1019.424	1019.463	1019.465	1019.424	1019.459	1019.481	1019.44	1019.509	1019.435	1019.468	1019.46	1019.419	1019.495	1019.506	1019.496	1019.535	1019.545	1019.536	1019.539	1019.553	1019.506	1019.54	1019.571	1019.545	1019.548	1019.555
1019.261	1019.491	1019.257	1019.334	1019.32	1019.299	1019.312	1019.308	1019.361	1019.354	1019.294	1019.333	1019.313	1019.293	1019.34	1019.351	1019.33	1019.346	1019.29	1019.366	1019.311	1019.402	1019.356	1019.404	1019.415	1019.423	1019.442	1019.405	1019.434	1019.465	1019.451	1019.475	1019.453	1019.492	1019.525	1019.443	1019.51	1019.451	1019.535	1019.428	1019.582	1019.465	1019.415	1019.495	1019.47	1019.54	1019.444	1019.466	1019.509	1019.52	1019.588	1019.638	1019.67	1019.634	1019.485	1019.753	1019.479	1019.678	1019.603	1019.619	1019.631	1019.614	1019.582	1019.592	1019.585	1019.612	1019.592	1019.698	1019.655	1019.593	1019.556	1019.592	1019.547	1019.593	1019.603	1019.566	1019.577	1019.589	1019.59	1019.634	1019.602	1019.63	1019.593	1019.568	1019.561	1019.62	1019.614	1019.57	1019.565	1019.583	1019.583	1019.557	1019.609	1019.592	1019.61	1019.63	1019.619	1019.627	1019.638	1019.634	1019.667	1019.635	1019.652	1019.638	1019.623	1019.645	1019.638	1019.683	1019.684	1019.687	1019.695	1019.705	1019.707	1019.742	1019.717	1019.659	1019.706	1019.708	1019.709	1019.665	1019.719	1019.681	1019.711	1019.749	1019.743	1019.762	1019.763	1019.694	1019.782	1019.762	1019.796	1019.772	1019.767	1019.749	1019.695	1019.77	1019.701
1019.435	1019.752	1019.515	1019.553	1019.51	1019.493	1019.488	1019.504	1019.456	1019.47	1019.45	1019.439	1019.485	1019.444	1019.613	1019.619	1019.465	1019.571	1019.544	1019.581	1019.56	1019.558	1019.534	1019.594	1019.601	1019.607	1019.642	1019.623	1019.585	1019.655	1019.618	1019.653	1019.633	1019.647	1019.703	1019.672	1019.734	1019.691	1019.721	1019.703	1019.713	1019.62	1019.63	1019.766	1019.787	1019.706	1019.63	1019.736	1019.713	1019.703	1019.737	1019.729	1019.71	1019.804	1019.754	1019.808	1019.753	1019.879	1019.823	1019.791	1019.806	1019.801	1019.773	1019.837	1019.78	1019.767	1019.857	1019.787	1019.783	1019.805	1019.784	1019.798	1019.82	1019.729	1019.816	1019.66	1019.767	1019.739	1019.73	1019.796	1019.811	1019.731	1019.827	1019.812	1019.715	1019.73	1019.786	1019.807	1019.801	1019.765	1019.815	1019.759	1019.814	1019.744	1019.773	1019.849	1019.867	1019.822	1019.905	1019.789	1019.848	1019.904	1019.891	1019.905	1019.904	1019.904	1019.911	1019.878	1019.969	1019.924	1019.899	1019.923	1019.893	1019.992	1019.986	1019.935	1019.953	1019.941	1019.97	1019.997	1020.031	1020.011	1020.034	1020.022	1019.997	1020.022	1020.005	1019.992	1020	1019.954	1019.987	1019.987	1020	1020	1019.992	1020	1019.852
1019.772	1019.819	1019.812	1019.884	1019.864	1019.87	1019.852	1019.858	1019.75	1019.663	1019.927	1019.672	1019.846	1019.729	1019.714	1019.735	1019.756	1019.838	1019.733	1019.836	1019.787	1019.801	1019.855	1019.842	1019.774	1019.739	1019.722	1019.855	1019.8	1019.866	1019.764	1019.872	1019.866	1019.866	1019.872	1019.871	1019.973	1019.817	1019.878	1019.844	1019.904	1019.948	1019.973	1019.948	1019.809	1019.941	1020.036	1019.948	1019.985	1019.936	1019.973	1019.997	1019.973	1019.997	1019.879	1020.017	1020.061	1019.967	1019.943	1019.985	1020.02	1020.017	1019.973	1019.943	1020.029	1019.979	1020.018	1019.973	1019.98	1020.025	1020.006	1020.002	1020.119	1019.906	1020.073	1020.031	1020.031	1020.006	1019.986	1019.969	1019.963	1019.969	1019.94	1019.897	1020.002	1020.02	1019.975	1020.002	1020.025	1019.958	1020.011	1020.035	1019.899	1020.047	1020.016	1020.002	1020.002	1020.006	1020.021	1020.018	1020.057	1020	1020	1020	1020	1020	1020	1020	1020	1020	1020	1020	1020	1020.096	1020.084	1020.096	1020.121	1020.089	1020.14	1020.106	1020.115	1020.125	1020.129	1020.144	1020.153	1020.146	1020.125	1020.153	1020.125	1020	1020	1020	1020	1020	1020	1020.198	1020.167
1020.256	1020	1020.055	1020.026	1020.016	1020.005	1019.944	1020.002	1020.134	1019.939	1020.109	1019.87	1020.025	1020.054	1020.078	1020.082	1020.061	1020.044	1020.025	1020.094	1020.04	1020.049	1020.04	1019.967	1020.057	1020.134	1020.07	1020.078	1020.007	1020.094	1020.094	1020.086	1020.057	1020.07	1020.086	1020.038	1020.085	1020.101	1020.158	1020.12	1020.113	1020.077	1020.066	1020.117	1020.205	1020.113	1020.12	1020.029	1020.158	1020.152	1020.103	1020.116	1020.11	1020.099	1020.186	1020.148	1020.128	1020.149	1020.175	1020.16	1020.128	1020.143	1020.194	1020.122	1020.248	1020.119	1020.143	1020.189	1020.157	1020.151	1020.178	1020.173	1020.154	1020.187	1020.219	1020.2	1020.154	1020.182	1020.216	1020.167	1020.094	1020.241	1020.131	1020.241	1020.151	1020.171	1020.184	1020.174	1020.208	1020.256	1020.158	1020.297	1020.209	1020.239	1020.224	1020.237	1020.254	1020.254	1020.188	1020.251	1020.191	1020.217	1020.245	1020.241	1020.212	1020.192	1020.186	1020.194	1020.195	1020.225	1020.217	1020	1020.206	1020.228	1020.228	1020.226	1020.237	1020.203	1020.249	1020.218	1020.255	1020.284	1020.268	1020.268	1020.287	1020.245	1020.311	1020.302	1020.31	1020.297	1020.31	1020.291	1020.295	1020.337	1020.316	1020.357	1020.404
1020.118	1020.182	1020.337	1020.275	1020.23	1020.328	1020.32	1020.232	1020.25	1020.14	1020.291	1020.258	1020.258	1020.195	1020.202	1020.178	1020.144	1020.235	1020.258	1020.195	1020.241	1020.202	1020.269	1020.271	1020.221	1020.188	1020.185	1020.25	1020.202	1020.226	1020.193	1020.217	1020.235	1020.244	1020.261	1020.263	1020.296	1020.206	1020.187	1020.229	1020.24	1020.279	1020.26	1020.258	1020.248	1020.15	1020.324	1020.333	1020.263	1020.263	1020.273	1020.324	1020.326	1020.292	1020.336	1020.266	1020.344	1020.383	1020.281	1020.336	1020.374	1020.381	1020.366	1020.315	1020.324	1020.388	1020.343	1020.336	1020.336	1020.345	1020.372	1020.361	1020.331	1020.435	1020.302	1020.361	1020.435	1020.374	1020.366	1020.403	1020.393	1020.401	1020.295	1020.443	1020.341	1020.345	1020.401	1020.37	1020.351	1020.417	1020.374	1020.418	1020.444	1020.403	1020.44	1020.423	1020.386	1020.384	1020.386	1020.422	1020.387	1020.422	1020.404	1020.37	1020.391	1020.4	1020.353	1020.371	1020.36	1020.335	1020.365	1020.377	1020.345	1020.349	1020.361	1020.37	1020.37	1020.389	1020.408	1020.394	1020.383	1020.384	1020.398	1020.378	1020.404	1020.399	1020.449	1020.374	1020.493	1020.413	1020.411	1020.512	1020.496	1020.484	1020.596	1020.515	1020.537
1020.494	1020.519	1020.404	1020.538	1020.427	1020.373	1020.384	1020.421	1020.411	1020.433	1020.411	1020.335	1020.39	1020.368	1020.379	1020.387	1020.391	1020.429	1020.366	1020.352	1020.444	1020.384	1020.381	1020.363	1020.361	1020.427	1020.451	1020.413	1020.324	1020.417	1020.371	1020.4	1020.387	1020.377	1020.373	1020.379	1020.388	1020.424	1020.415	1020.455	1020.415	1020.425	1020.423	1020.407	1020.383	1020.435	1020.379	1020.384	1020.425	1020.441	1020.432	1020.445	1020.462	1020.509	1020.497	1020.541	1020.524	1020.475	1020.472	1020.519	1020.571	1020.498	1020.453	1020.578	1020.485	1020.522	1020.516	1020.49	1020.584	1020.563	1020.527	1020.569	1020.525	1020.53	1020.518	1020.499	1020.529	1020.541	1020.559	1020.541	1020.515	1020.588	1020.585	1020.553	1020.636	1020.612	1020.583	1020.582	1020.607	1020.582	1020.641	1020.6	1020.631	1020.633	1020.639	1020.625	1020.609	1020.654	1020.662	1020.575	1020.636	1020.526	1020.564	1020.508	1020.512	1020.508	1020.485	1020.5	1020.511	1020.555	1020.479	1020.51	1020.504	1020.5	1020.508	1020.53	1020.518	1020.543	1020.517	1020.579	1020.565	1020.635	1020.651	1020.633	1020.671	1020.654	1020.67	1020.636	1020.65	1020.687	1020.665	1020.682	1020.672	1020.651	1020.739	1020.674	1020.77
1020.528	1020.681	1020.555	1020.628	1020.621	1020.58	1020.598	1020.62	1020.554	1020.582	1020.565	1020.643	1020.629	1020.598	1020.586	1020.573	1020.557	1020.544	1020.581	1020.575	1020.533	1020.541	1020.578	1020.552	1020.546	1020.57	1020.546	1020.544	1020.539	1020.539	1020.532	1020.522	1020.533	1020.551	1020.563	1020.542	1020.517	1020.572	1020.508	1020.54	1020.626	1020.577	1020.587	1020.606	1020.559	1020.608	1020.547	1020.655	1020.651	1020.563	1020.58	1020.681	1020.714	1020.72	1020.662	1020.767	1020.71	1020.716	1020.77	1020.753	1020.72	1020.724	1020.657	1020.733	1020.699	1020.708	1020.754	1020.708	1020.751	1020.754	1020.729	1020.768	1020.754	1020.746	1020.79	1020.744	1020.711	1020.742	1020.736	1020.688	1020.713	1020.712	1020.793	1020.752	1020.784	1020.796	1020.715	1020.733	1020.77	1020.719	1020.794	1020.721	1020.781	1020.756	1020.752	1020.759	1020.767	1020.766	1020.811	1020.774	1020.837	1020.74	1020.789	1020.712	1020.736	1020.755	1020.774	1020.759	1020.72	1020.831	1020.751	1020.759	1020.781	1020.763	1020.785	1020.745	1020.746	1020.841	1020.739	1020.837	1020.769	1020.87	1020.813	1020.805	1020.844	1020.795	1020.811	1020.908	1020.789	1020.904	1020.863	1020.882	1020.936	1020.961	1020.935	1020.962	1020.994
1020.63	1020.86	1020.749	1020.793	1020.748	1020.767	1020.767	1020.751	1020.75	1020.748	1020.722	1020.809	1020.69	1020.739	1020.763	1020.718	1020.741	1020.714	1020.723	1020.711	1020.673	1020.675	1020.709	1020.723	1020.691	1020.726	1020.681	1020.715	1020.734	1020.682	1020.776	1020.754	1020.788	1020.805	1020.733	1020.765	1020.769	1020.798	1020.767	1020.742	1020.818	1020.767	1020.757	1020.821	1020.79	1020.843	1020.834	1020.836	1020.839	1020.78	1020.85	1020.891	1020.808	1020.821	1020.828	1020.849	1020.879	1020.846	1020.897	1020.933	1020.923	1020.917	1020.89	1020.897	1020.944	1020.927	1020.916	1020.915	1020.912	1020.92	1020.94	1020.91	1020.933	1020.942	1020.916	1020.938	1020.917	1020.901	1020.892	1020.914	1020.978	1020.858	1020.915	1020.924	1020.874	1020.9	1020.898	1020.937	1020.954	1020.928	1020.99	1020.902	1020.974	1020.915	1020.916	1020.929	1020.94	1020.966	1021.015	1020.962	1021.018	1020.982	1021.033	1020.987	1021.038	1021.073	1021.048	1021.071	1021.037	1021.019	1021.065	1021.082	1021.086	1021.003	1021.004	1021.035	1021.05	1021.083	1021.041	1021.122	1021.047	1021.116	1021.123	1021.099	1021.121	1021.112	1021.082	1021.176	1021.059	1021.111	1021.121	1021.142	1021.203	1021.182	1021.145	1021.199	1021.15
1020.945	1021.178	1020.856	1020.946	1020.951	1020.989	1021	1020.987	1021.002	1020.984	1020.925	1020.98	1020.88	1020.931	1020.93	1020.887	1020.902	1020.876	1020.889	1020.803	1020.941	1020.882	1020.881	1020.905	1020.86	1020.889	1020.921	1020.901	1020.971	1020.945	1021.012	1020.94	1020.949	1021.006	1020.943	1020.973	1020.973	1020.948	1021.048	1020.959	1021.001	1020.979	1020.959	1021.005	1020.999	1020.996	1021.038	1020.969	1021.012	1021.017	1021.093	1021.115	1021.054	1021.019	1021.065	1020.971	1021.054	1021.015	1021.005	1021.062	1021.016	1021.001	1021.077	1021.096	1021.1	1021.113	1021.087	1021.104	1021.102	1021.082	1021.087	1021.067	1021.083	1021.108	1021.05	1021.102	1021.066	1021.051	1021.126	1021.146	1021.152	1021.134	1021.075	1021.134	1021.081	1021.102	1021.098	1021.108	1021.121	1021.11	1021.119	1021.143	1021.158	1021.126	1021.155	1021.188	1021.239	1021.265	1021.258	1021.219	1021.252	1021.214	1021.254	1021.227	1021.272	1021.301	1021.251	1021.276	1021.288	1021.253	1021.288	1021.276	1021.309	1021.284	1021.283	1021.31	1021.298	1021.293	1021.274	1021.272	1021.305	1021.26	1021.333	1021.347	1021.329	1021.388	1021.387	1021.344	1021.408	1021.367	1021.379	1021.391	1021.438	1021.423	1021.45	1021.488	1021.446
1021.251	1021.515	1021.096	1021.29	1021.272	1021.232	1021.216	1021.185	1021.137	1021.137	1021.125	1021.159	1021.118	1021.123	1021.131	1021.096	1021.09	1021.065	1021.168	1021.048	1021.151	1021.109	1021.152	1021.149	1021.1	1021.108	1021.17	1021.098	1021.213	1021.155	1021.184	1021.106	1021.114	1021.201	1021.159	1021.204	1021.244	1021.144	1021.221	1021.193	1021.238	1021.226	1021.201	1021.196	1021.213	1021.187	1021.201	1021.213	1021.204	1021.165	1021.171	1021.201	1021.202	1021.181	1021.253	1021.194	1021.217	1021.233	1021.211	1021.201	1021.171	1021.173	1021.261	1021.255	1021.219	1021.278	1021.262	1021.278	1021.277	1021.269	1021.27	1021.283	1021.272	1021.279	1021.278	1021.283	1021.183	1021.192	1021.253	1021.294	1021.216	1021.302	1021.214	1021.225	1021.265	1021.239	1021.265	1021.311	1021.312	1021.315	1021.278	1021.348	1021.343	1021.378	1021.391	1021.396	1021.423	1021.456	1021.389	1021.422	1021.463	1021.475	1021.469	1021.455	1021.452	1021.454	1021.476	1021.486	1021.49	1021.5	1021.521	1021.508	1021.527	1021.521	1021.557	1021.61	1021.576	1021.616	1021.65	1021.545	1021.64	1021.56	1021.581	1021.593	1021.574	1021.625	1021.668	1021.592	1021.751	1021.651	1021.69	1021.66	1021.676	1021.699	1021.692	1021.686	1021.7
1021.068	1021.835	1021.514	1021.52	1021.451	1021.401	1021.361	1021.374	1021.35	1021.408	1021.36	1021.305	1021.277	1021.322	1021.379	1021.414	1021.409	1021.307	1021.501	1021.328	1021.41	1021.382	1021.429	1021.456	1021.461	1021.47	1021.471	1021.43	1021.55	1021.404	1021.501	1021.502	1021.467	1021.461	1021.427	1021.34	1021.435	1021.511	1021.428	1021.473	1021.458	1021.423	1021.444	1021.424	1021.447	1021.445	1021.405	1021.472	1021.314	1021.39	1021.442	1021.402	1021.38	1021.326	1021.405	1021.46	1021.368	1021.437	1021.416	1021.388	1021.44	1021.467	1021.42	1021.396	1021.431	1021.43	1021.385	1021.386	1021.432	1021.46	1021.455	1021.491	1021.465	1021.46	1021.459	1021.46	1021.536	1021.459	1021.418	1021.499	1021.462	1021.486	1021.468	1021.487	1021.527	1021.521	1021.535	1021.543	1021.498	1021.537	1021.559	1021.596	1021.559	1021.638	1021.613	1021.604	1021.606	1021.653	1021.67	1021.72	1021.637	1021.683	1021.698	1021.735	1021.704	1021.711	1021.752	1021.73	1021.744	1021.752	1021.772	1021.843	1021.829	1021.793	1021.793	1021.808	1021.817	1021.808	1021.997	1021.87	1021.991	1021.979	1021.966	1021.966	1021.985	1021.954	1022	1021.967	1021.997	1021.954	1022	1021.985	1022	1022	1021.985	1022	1022
1021.787	1021.931	1021.7	1021.795	1021.89	1021.849	1021.78	1021.733	1021.748	1021.716	1021.635	1021.748	1021.725	1021.704	1021.69	1021.643	1021.668	1021.717	1021.698	1021.729	1021.803	1021.77	1021.735	1021.719	1021.769	1021.763	1021.687	1021.709	1021.676	1021.723	1021.706	1021.638	1021.672	1021.726	1021.782	1021.757	1021.655	1021.726	1021.618	1021.716	1021.649	1021.627	1021.681	1021.648	1021.609	1021.663	1021.545	1021.664	1021.635	1021.736	1021.702	1021.598	1021.618	1021.715	1021.638	1021.625	1021.658	1021.658	1021.723	1021.7	1021.676	1021.661	1021.635	1021.705	1021.749	1021.537	1021.704	1021.702	1021.679	1021.71	1021.662	1021.687	1021.726	1021.718	1021.788	1021.676	1021.844	1021.83	1021.778	1021.795	1021.759	1021.704	1021.881	1021.818	1021.831	1021.803	1021.833	1021.826	1021.826	1021.863	1021.809	1021.836	1021.851	1021.865	1021.843	1021.903	1021.923	1021.916	1021.979	1021.997	1021.876	1022.103	1021.966	1022.032	1022.013	1021.985	1021.973	1022.002	1022.058	1022.029	1021.979	1022.054	1022.01	1022.093	1022.116	1022.108	1022.151	1022.061	1022.125	1022.113	1022.1	1022.14	1022.131	1022.115	1022.119	1022.127	1022	1022	1022	1022	1022	1022	1022.165	1022.222	1022	1022	1022.167
1022.106	1022.014	1022.028	1022.047	1021.971	1021.917	1021.971	1022.012	1022.002	1022.023	1022.023	1022.025	1021.874	1021.929	1022.002	1022.002	1022.002	1022.02	1021.943	1022.007	1021.892	1021.921	1022.011	1021.99	1021.908	1021.9	1021.901	1022.042	1021.85	1022.017	1021.936	1021.95	1022.029	1021.935	1021.797	1021.95	1021.865	1022.034	1021.916	1021.957	1021.951	1021.931	1021.937	1021.889	1021.889	1021.977	1021.89	1021.964	1021.912	1021.813	1021.904	1021.984	1021.977	1021.871	1021.872	1021.879	1022.02	1021.858	1021.886	1021.906	1021.899	1021.927	1021.953	1021.852	1021.88	1021.901	1021.935	1021.874	1021.874	1021.896	1021.922	1021.947	1021.985	1021.817	1022.044	1021.991	1021.934	1021.978	1022.049	1022.049	1022.071	1022.088	1022.068	1021.947	1022.093	1022.068	1022.042	1022.058	1022.058	1022.053	1022.018	1022.122	1022.077	1022.122	1022.144	1022.168	1022.189	1022.206	1022.206	1022.265	1022.208	1022.252	1022.178	1022.235	1022.247	1022.271	1022.324	1022.263	1022.235	1022.263	1022.301	1022.35	1022.236	1022.265	1022.234	1022.198	1022.285	1022.278	1022.27	1022.3	1022.279	1022.284	1022.291	1022.301	1022.372	1022.378	1022.367	1022.337	1022.346	1022.381	1022.368	1022.392	1022.347	1022.345	1022.365	1022.409	1022.311
1022.102	1022.109	1022.175	1022.18	1022.182	1022.193	1022.207	1022.17	1022.151	1022.192	1022.167	1022.172	1022.208	1022.161	1022.146	1022.136	1022.123	1022.123	1022.117	1022.187	1022.203	1022.196	1022.122	1022.112	1022.168	1022.206	1022.102	1022.15	1022.086	1022.135	1022.143	1022.135	1022.165	1022.168	1022.178	1022.189	1022.139	1022.16	1022.164	1022.152	1022.164	1022.144	1022.132	1022.16	1022.156	1022.094	1022.165	1022.077	1022.154	1022.15	1022.152	1022.162	1022.12	1022.123	1022.266	1022.148	1022.167	1022.186	1022.168	1022.172	1022.144	1022.129	1022.158	1022.114	1022.182	1022.178	1022.07	1022.196	1022.203	1022.191	1022.172	1022.106	1022.225	1022.25	1022.12	1022.246	1022.261	1022.268	1022.25	1022.235	1022.278	1022.274	1022.284	1022.334	1022.334	1022.278	1022.297	1022.301	1022.283	1022.304	1022.337	1022.315	1022.297	1022.31	1022.368	1022.333	1022.369	1022.413	1022.376	1022.423	1022.402	1022.408	1022.453	1022.461	1022.447	1022.417	1022.444	1022.469	1022.47	1022.547	1022.417	1022.488	1022.482	1022.501	1022.54	1022.599	1022.519	1022.502	1022.504	1022.506	1022.585	1022.564	1022.562	1022.55	1022.544	1022.55	1022.576	1022.603	1022.569	1022.637	1022.64	1022.676	1022.709	1022.692	1022.682	1022.742	1022.62
1022.373	1022.36	1022.374	1022.267	1022.296	1022.305	1022.294	1022.332	1022.395	1022.348	1022.365	1022.33	1022.35	1022.305	1022.313	1022.36	1022.379	1022.395	1022.387	1022.315	1022.35	1022.324	1022.357	1022.357	1022.357	1022.34	1022.333	1022.338	1022.39	1022.331	1022.372	1022.356	1022.258	1022.287	1022.315	1022.244	1022.352	1022.312	1022.331	1022.338	1022.34	1022.354	1022.334	1022.307	1022.333	1022.265	1022.397	1022.289	1022.306	1022.361	1022.279	1022.304	1022.404	1022.439	1022.366	1022.346	1022.376	1022.389	1022.354	1022.369	1022.369	1022.358	1022.326	1022.399	1022.292	1022.406	1022.419	1022.443	1022.382	1022.372	1022.479	1022.5	1022.392	1022.5	1022.399	1022.457	1022.448	1022.461	1022.465	1022.459	1022.484	1022.422	1022.465	1022.467	1022.469	1022.484	1022.517	1022.51	1022.513	1022.529	1022.516	1022.491	1022.592	1022.516	1022.585	1022.6	1022.614	1022.63	1022.577	1022.627	1022.634	1022.647	1022.618	1022.612	1022.743	1022.78	1022.683	1022.77	1022.669	1022.745	1022.749	1022.729	1022.789	1022.753	1022.774	1022.791	1022.747	1022.833	1022.887	1022.792	1022.837	1022.828	1022.873	1022.878	1022.891	1022.914	1022.83	1022.898	1022.896	1022.885	1022.912	1022.875	1022.883	1022.953	1022.93	1022.954	1023.031
1022.473	1022.464	1022.507	1022.482	1022.516	1022.529	1022.538	1022.579	1022.564	1022.491	1022.605	1022.518	1022.54	1022.573	1022.559	1022.524	1022.508	1022.471	1022.488	1022.494	1022.539	1022.506	1022.501	1022.516	1022.49	1022.476	1022.505	1022.473	1022.493	1022.48	1022.48	1022.552	1022.501	1022.509	1022.513	1022.476	1022.61	1022.473	1022.525	1022.541	1022.477	1022.534	1022.564	1022.504	1022.595	1022.524	1022.564	1022.56	1022.568	1022.591	1022.562	1022.519	1022.547	1022.554	1022.532	1022.623	1022.577	1022.568	1022.636	1022.608	1022.589	1022.612	1022.548	1022.634	1022.529	1022.667	1022.603	1022.572	1022.554	1022.547	1022.552	1022.62	1022.568	1022.652	1022.621	1022.69	1022.638	1022.665	1022.665	1022.651	1022.706	1022.676	1022.721	1022.655	1022.704	1022.683	1022.669	1022.743	1022.774	1022.72	1022.789	1022.697	1022.834	1022.75	1022.823	1022.824	1022.817	1022.851	1022.887	1022.893	1022.894	1022.867	1022.95	1022.926	1022.985	1022.953	1022.926	1023.015	1022.961	1022.955	1023.075	1023.015	1023.087	1023.07	1023.066	1023.079	1023.089	1023.106	1023.099	1023.115	1023.119	1023.084	1023.102	1023.083	1023.087	1023.166	1023.116	1023.143	1023.176	1023.097	1023.198	1023.16	1023.127	1023.133	1023.186	1023.165	1023.184
1022.835	1022.806	1022.773	1022.803	1022.783	1022.825	1022.816	1022.745	1022.737	1022.723	1022.785	1022.724	1022.751	1022.759	1022.717	1022.684	1022.742	1022.712	1022.68	1022.618	1022.629	1022.671	1022.657	1022.656	1022.644	1022.617	1022.628	1022.622	1022.654	1022.735	1022.634	1022.745	1022.708	1022.733	1022.781	1022.75	1022.761	1022.724	1022.751	1022.76	1022.716	1022.697	1022.691	1022.677	1022.719	1022.747	1022.761	1022.755	1022.824	1022.798	1022.809	1022.788	1022.792	1022.842	1022.755	1022.783	1022.776	1022.742	1022.844	1022.744	1022.769	1022.84	1022.751	1022.872	1022.77	1022.834	1022.826	1022.801	1022.804	1022.802	1022.767	1022.823	1022.824	1022.848	1022.819	1022.866	1022.841	1022.865	1022.854	1022.861	1022.912	1022.877	1022.931	1022.912	1022.937	1022.927	1022.941	1023.009	1023.003	1022.954	1023.084	1022.957	1023.062	1023.023	1023.084	1023.102	1023.102	1023.104	1023.122	1023.116	1023.198	1023.143	1023.221	1023.22	1023.231	1023.174	1023.16	1023.213	1023.271	1023.252	1023.27	1023.346	1023.335	1023.309	1023.337	1023.33	1023.338	1023.349	1023.357	1023.411	1023.397	1023.398	1023.411	1023.379	1023.406	1023.402	1023.448	1023.42	1023.481	1023.48	1023.51	1023.519	1023.46	1023.397	1023.445	1023.471	1023.435
1023.123	1023.149	1023.067	1023.097	1023.009	1023.02	1023.048	1022.978	1022.976	1022.981	1022.905	1022.92	1022.924	1022.923	1022.9	1022.858	1022.936	1022.933	1022.897	1022.909	1022.811	1022.928	1022.852	1022.853	1022.877	1022.853	1022.833	1022.946	1022.862	1022.959	1022.889	1022.977	1022.929	1022.913	1022.992	1023.016	1022.954	1023.053	1022.986	1023	1023.027	1023.03	1023.049	1023.032	1022.992	1022.973	1023.042	1022.927	1023.013	1022.946	1022.966	1023.013	1023.022	1023.045	1022.971	1022.951	1023.052	1022.997	1023.03	1022.941	1022.96	1023.06	1022.988	1023.082	1023.03	1023.035	1023.078	1023.077	1023.098	1023.132	1023.089	1023.026	1022.986	1023.082	1023.009	1023.065	1023.016	1023.031	1023.057	1023.067	1023.125	1023.063	1023.167	1023.155	1023.153	1023.21	1023.233	1023.193	1023.17	1023.171	1023.286	1023.22	1023.286	1023.293	1023.293	1023.3	1023.308	1023.333	1023.356	1023.372	1023.412	1023.387	1023.396	1023.423	1023.448	1023.458	1023.497	1023.474	1023.547	1023.587	1023.486	1023.61	1023.555	1023.507	1023.579	1023.561	1023.571	1023.613	1023.659	1023.65	1023.655	1023.722	1023.738	1023.722	1023.755	1023.695	1023.801	1023.722	1023.739	1023.782	1023.75	1023.761	1023.8	1023.751	1023.711	1023.739	1023.727
1023.44	1023.409	1023.382	1023.422	1023.349	1023.347	1023.327	1023.313	1023.284	1023.212	1023.171	1023.259	1023.154	1023.111	1023.183	1023.125	1023.056	1023.157	1023.034	1023.267	1023.117	1023.198	1023.174	1023.124	1023.175	1023.193	1023.133	1023.281	1023.105	1023.231	1023.233	1023.216	1023.338	1023.324	1023.279	1023.31	1023.265	1023.307	1023.23	1023.195	1023.27	1023.213	1023.234	1023.263	1023.26	1023.227	1023.303	1023.16	1023.272	1023.22	1023.197	1023.279	1023.214	1023.237	1023.246	1023.264	1023.344	1023.283	1023.28	1023.308	1023.296	1023.276	1023.279	1023.282	1023.294	1023.309	1023.327	1023.259	1023.279	1023.245	1023.299	1023.299	1023.198	1023.279	1023.196	1023.249	1023.254	1023.298	1023.33	1023.294	1023.379	1023.36	1023.355	1023.394	1023.359	1023.46	1023.418	1023.457	1023.481	1023.52	1023.482	1023.501	1023.553	1023.49	1023.529	1023.521	1023.524	1023.492	1023.598	1023.579	1023.55	1023.712	1023.651	1023.713	1023.729	1023.714	1023.702	1023.761	1023.722	1023.826	1023.73	1023.842	1023.778	1023.864	1023.907	1023.885	1023.97	1023.886	1023.949	1023.983	1023.949	1024.014	1024.006	1023.956	1024.03	1023.983	1024.019	1024.033	1024.009	1024.076	1024.026	1024.067	1024.046	1024.064	1024.052	1024.058	1024.061
1023.708	1023.675	1023.664	1023.59	1023.599	1023.586	1023.525	1023.563	1023.551	1023.53	1023.588	1023.488	1023.584	1023.533	1023.515	1023.488	1023.462	1023.68	1023.411	1023.569	1023.488	1023.479	1023.514	1023.514	1023.495	1023.481	1023.413	1023.407	1023.432	1023.56	1023.562	1023.493	1023.511	1023.507	1023.519	1023.56	1023.483	1023.461	1023.538	1023.588	1023.55	1023.568	1023.561	1023.502	1023.568	1023.444	1023.487	1023.534	1023.522	1023.551	1023.431	1023.522	1023.479	1023.516	1023.556	1023.457	1023.453	1023.471	1023.548	1023.525	1023.481	1023.477	1023.534	1023.432	1023.447	1023.436	1023.441	1023.468	1023.558	1023.467	1023.439	1023.475	1023.552	1023.59	1023.496	1023.587	1023.549	1023.592	1023.605	1023.576	1023.585	1023.634	1023.586	1023.62	1023.664	1023.656	1023.657	1023.662	1023.676	1023.674	1023.708	1023.774	1023.761	1023.729	1023.804	1023.714	1023.77	1023.807	1023.862	1023.921	1023.84	1023.99	1023.892	1024.002	1024.012	1023.99	1023.977	1024.046	1023.943	1024.07	1024.105	1024.105	1024.097	1024.118	1024.122	1024.106	1024.146	1024.127	1024.114	1024.198	1024.133	1024.171	1024.181	1024.19	1024.226	1024.229	1024.23	1024.23	1024.25	1024.174	1024.202	1024.274	1024.184	1024.245	1024.228	1024.241	1024.259
1023.893	1023.915	1023.93	1023.921	1023.937	1023.974	1023.912	1023.959	1023.935	1023.911	1023.936	1023.704	1023.996	1023.877	1023.91	1023.911	1023.794	1023.844	1023.868	1023.901	1023.925	1023.917	1023.878	1023.894	1023.81	1023.91	1023.877	1023.87	1023.804	1023.659	1023.711	1023.881	1023.807	1023.815	1023.781	1023.771	1023.856	1023.824	1023.824	1023.823	1023.747	1023.78	1023.858	1023.668	1023.908	1023.785	1023.821	1023.806	1023.715	1023.825	1023.794	1023.8	1023.769	1023.73	1023.689	1023.746	1023.78	1023.812	1023.706	1023.746	1023.78	1023.786	1023.793	1023.807	1023.75	1023.767	1023.838	1023.814	1023.699	1023.791	1023.818	1023.825	1023.8	1023.815	1023.864	1023.858	1023.841	1023.842	1023.851	1023.882	1023.868	1023.884	1023.899	1023.878	1023.885	1023.878	1023.885	1023.976	1023.885	1023.99	1023.997	1024.003	1023.977	1023.95	1024.083	1023.935	1024.124	1024.094	1024.098	1024.159	1024.142	1024.192	1024.164	1024.164	1024.239	1024.25	1024.242	1024.25	1024.254	1024.284	1024.266	1024.295	1024.337	1024.301	1024.378	1024.345	1024.359	1024.349	1024.358	1024.383	1024.39	1024.41	1024.425	1024.382	1024.37	1024.431	1024.464	1024.37	1024.488	1024.451	1024.442	1024.462	1024.428	1024.503	1024.439	1024.436	1024.448
1024.134	1024.116	1024.119	1024.123	1024.074	1024.122	1024.047	1024.094	1024.069	1024.064	1024.113	1024.076	1024.119	1024.036	1024.061	1024.096	1024.08	1024.083	1024.13	1024.086	1024.074	1024.071	1024.067	1024.105	1024.11	1024.1	1024.093	1024.099	1024.136	1024.164	1024.136	1024.11	1023.974	1024.043	1024.08	1024.043	1024.019	1024.054	1023.981	1024.096	1024.085	1024.047	1024.073	1024.006	1024.062	1024.006	1024.047	1024.058	1024.051	1024.073	1024.006	1023.997	1024.023	1024.049	1024.049	1024.069	1023.961	1024.002	1024.056	1024.086	1024.042	1023.997	1024.013	1024.107	1024.084	1024.029	1024.046	1024.103	1024.061	1024.12	1024.051	1024.058	1024.086	1024.115	1024.111	1023.989	1024.137	1024.142	1024.124	1024.133	1024.137	1024.106	1024.203	1024.136	1024.175	1024.25	1024.22	1024.231	1024.186	1024.279	1024.2	1024.23	1024.293	1024.239	1024.327	1024.304	1024.317	1024.344	1024.39	1024.417	1024.402	1024.396	1024.493	1024.492	1024.465	1024.465	1024.526	1024.519	1024.594	1024.607	1024.597	1024.615	1024.626	1024.554	1024.647	1024.642	1024.589	1024.686	1024.721	1024.609	1024.712	1024.649	1024.609	1024.664	1024.649	1024.59	1024.706	1024.625	1024.651	1024.663	1024.676	1024.686	1024.64	1024.68	1024.686	1024.753	1024.716
1024.368	1024.307	1024.305	1024.331	1024.263	1024.349	1024.255	1024.279	1024.297	1024.281	1024.261	1024.247	1024.237	1024.308	1024.255	1024.182	1024.232	1024.247	1024.184	1024.204	1024.257	1024.274	1024.281	1024.268	1024.275	1024.281	1024.312	1024.299	1024.244	1024.256	1024.249	1024.25	1024.347	1024.269	1024.25	1024.294	1024.214	1024.323	1024.213	1024.214	1024.188	1024.16	1024.211	1024.229	1024.22	1024.287	1024.25	1024.241	1024.252	1024.232	1024.256	1024.263	1024.238	1024.238	1024.244	1024.223	1024.268	1024.292	1024.297	1024.223	1024.214	1024.289	1024.353	1024.196	1024.32	1024.306	1024.277	1024.292	1024.304	1024.334	1024.278	1024.348	1024.325	1024.304	1024.319	1024.35	1024.342	1024.334	1024.345	1024.374	1024.392	1024.36	1024.439	1024.396	1024.427	1024.393	1024.395	1024.497	1024.426	1024.508	1024.479	1024.531	1024.531	1024.497	1024.534	1024.603	1024.527	1024.6	1024.617	1024.595	1024.699	1024.741	1024.633	1024.704	1024.741	1024.76	1024.781	1024.777	1024.775	1024.784	1024.808	1024.811	1024.817	1024.892	1024.835	1024.885	1024.907	1024.923	1024.91	1024.943	1024.895	1024.955	1024.892	1024.909	1024.924	1024.894	1024.863	1024.946	1024.915	1024.948	1024.974	1024.963	1025.003	1025.05	1024.971	1025.058	1025.045
1024.516	1024.515	1024.52	1024.537	1024.46	1024.549	1024.501	1024.469	1024.451	1024.429	1024.428	1024.503	1024.403	1024.424	1024.42	1024.414	1024.438	1024.392	1024.384	1024.446	1024.365	1024.384	1024.407	1024.402	1024.43	1024.417	1024.443	1024.527	1024.525	1024.506	1024.525	1024.441	1024.486	1024.417	1024.449	1024.496	1024.395	1024.459	1024.439	1024.428	1024.441	1024.435	1024.413	1024.425	1024.366	1024.409	1024.395	1024.39	1024.431	1024.408	1024.45	1024.439	1024.419	1024.415	1024.459	1024.437	1024.504	1024.463	1024.472	1024.484	1024.519	1024.482	1024.524	1024.503	1024.519	1024.491	1024.483	1024.497	1024.456	1024.507	1024.503	1024.499	1024.489	1024.489	1024.51	1024.526	1024.47	1024.577	1024.576	1024.536	1024.542	1024.586	1024.626	1024.635	1024.662	1024.68	1024.697	1024.74	1024.692	1024.767	1024.777	1024.736	1024.734	1024.843	1024.837	1024.864	1024.86	1024.871	1024.891	1024.891	1024.866	1024.879	1024.88	1024.922	1024.937	1024.942	1024.975	1024.984	1025.061	1025.033	1025.056	1025.042	1025.018	1025.09	1025.032	1025.109	1025.122	1025.098	1025.107	1025.214	1025.098	1025.228	1025.267	1025.238	1025.26	1025.34	1025.289	1025.281	1025.301	1025.3	1025.295	1025.305	1025.306	1025.343	1025.345	1025.396	1025.43
1024.767	1024.748	1024.684	1024.685	1024.721	1024.677	1024.698	1024.667	1024.654	1024.608	1024.591	1024.618	1024.623	1024.614	1024.599	1024.597	1024.578	1024.571	1024.562	1024.512	1024.496	1024.537	1024.618	1024.601	1024.605	1024.627	1024.575	1024.611	1024.613	1024.584	1024.68	1024.613	1024.673	1024.686	1024.683	1024.673	1024.642	1024.62	1024.621	1024.606	1024.581	1024.596	1024.588	1024.643	1024.591	1024.597	1024.595	1024.624	1024.628	1024.594	1024.623	1024.591	1024.648	1024.671	1024.653	1024.632	1024.626	1024.687	1024.672	1024.661	1024.661	1024.693	1024.702	1024.726	1024.714	1024.692	1024.694	1024.689	1024.695	1024.686	1024.708	1024.69	1024.701	1024.713	1024.672	1024.702	1024.71	1024.753	1024.759	1024.747	1024.802	1024.808	1024.812	1024.848	1024.871	1024.92	1024.94	1024.892	1024.973	1024.935	1024.998	1024.974	1024.978	1025.019	1025.013	1025.048	1025.077	1025.056	1025.073	1025.115	1025.098	1025.12	1025.146	1025.151	1025.167	1025.158	1025.187	1025.14	1025.237	1025.191	1025.214	1025.289	1025.301	1025.276	1025.304	1025.313	1025.315	1025.349	1025.403	1025.388	1025.467	1025.409	1025.472	1025.504	1025.522	1025.481	1025.48	1025.51	1025.53	1025.564	1025.629	1025.665	1025.625	1025.687	1025.68	1025.662	1025.665
1024.976	1025.037	1024.969	1024.938	1025.01	1024.877	1024.934	1024.888	1024.87	1024.867	1024.888	1024.805	1024.838	1024.79	1024.789	1024.784	1024.79	1024.807	1024.871	1024.786	1024.846	1024.909	1024.803	1024.823	1024.706	1024.827	1024.757	1024.78	1024.775	1024.764	1024.82	1024.833	1024.775	1024.853	1024.834	1024.798	1024.895	1024.811	1024.842	1024.86	1024.824	1024.863	1024.841	1024.811	1024.807	1024.815	1024.82	1024.815	1024.819	1024.811	1024.871	1024.832	1024.867	1024.833	1024.782	1024.913	1024.807	1024.901	1024.89	1024.817	1024.878	1024.918	1024.86	1024.888	1024.884	1024.954	1024.958	1024.925	1024.97	1024.889	1024.973	1024.942	1024.876	1024.924	1024.943	1025.036	1024.967	1024.989	1024.963	1024.978	1025.007	1025.02	1025.034	1025.077	1025.036	1025.071	1025.132	1025.069	1025.261	1025.155	1025.224	1025.229	1025.219	1025.239	1025.272	1025.27	1025.303	1025.271	1025.251	1025.304	1025.329	1025.377	1025.374	1025.423	1025.457	1025.403	1025.429	1025.426	1025.484	1025.49	1025.418	1025.523	1025.584	1025.565	1025.624	1025.604	1025.595	1025.626	1025.662	1025.623	1025.765	1025.639	1025.689	1025.741	1025.727	1025.739	1025.782	1025.78	1025.827	1025.856	1025.917	1025.894	1025.923	1025.953	1025.953	1025.946	1025.967
1025.232	1025.289	1025.27	1025.247	1025.293	1025.186	1025.218	1025.16	1025.193	1025.197	1025.208	1025.112	1025.16	1025.112	1025.147	1025.142	1025.13	1025.081	1025.125	1025.093	1025.135	1025.087	1025.009	1025.195	1025.015	1025.092	1025.102	1025.003	1025.112	1025.08	1025.05	1025.145	1025.074	1025.068	1025.115	1025.06	1025.112	1025.066	1025.115	1025.095	1025.066	1025.092	1025.092	1025.021	1025.039	1025.053	1025.036	1025.093	1025.061	1025.1	1025.114	1025.083	1025.122	1025.164	1025.046	1025.207	1025.093	1025.14	1025.144	1025.131	1025.119	1025.149	1025.106	1025.18	1025.097	1025.163	1025.182	1025.122	1025.229	1025.131	1025.248	1025.254	1025.253	1025.279	1025.254	1025.312	1025.282	1025.328	1025.331	1025.307	1025.351	1025.336	1025.281	1025.362	1025.378	1025.361	1025.437	1025.377	1025.467	1025.411	1025.455	1025.464	1025.466	1025.485	1025.54	1025.538	1025.553	1025.566	1025.549	1025.572	1025.6	1025.662	1025.607	1025.667	1025.676	1025.659	1025.714	1025.765	1025.75	1025.768	1025.816	1025.801	1025.872	1025.887	1025.872	1025.932	1025.954	1025.918	1026.025	1025.926	1026.019	1025.99	1026.038	1026.031	1026.038	1026.066	1026.085	1026.074	1026.106	1026.112	1026.134	1026.11	1026.125	1026.131	1026.084	1026.106	1026.093
1025.577	1025.513	1025.519	1025.534	1025.489	1025.504	1025.472	1025.533	1025.595	1025.479	1025.489	1025.519	1025.501	1025.497	1025.487	1025.418	1025.465	1025.348	1025.458	1025.412	1025.391	1025.46	1025.291	1025.445	1025.233	1025.296	1025.352	1025.265	1025.359	1025.365	1025.305	1025.298	1025.338	1025.334	1025.371	1025.322	1025.277	1025.3	1025.332	1025.363	1025.334	1025.348	1025.327	1025.361	1025.318	1025.299	1025.309	1025.303	1025.288	1025.321	1025.332	1025.334	1025.318	1025.369	1025.313	1025.322	1025.358	1025.323	1025.315	1025.316	1025.289	1025.341	1025.386	1025.491	1025.337	1025.39	1025.418	1025.468	1025.513	1025.477	1025.489	1025.515	1025.545	1025.58	1025.594	1025.59	1025.644	1025.655	1025.667	1025.615	1025.594	1025.715	1025.594	1025.655	1025.601	1025.592	1025.644	1025.659	1025.656	1025.68	1025.675	1025.677	1025.715	1025.753	1025.741	1025.789	1025.813	1025.789	1025.824	1025.849	1025.848	1025.857	1025.902	1025.975	1026.009	1025.997	1026.009	1026.022	1025.925	1025.99	1026.064	1026.087	1026.123	1026.17	1026.156	1026.21	1026.257	1026.209	1026.261	1026.261	1026.199	1026.225	1026.268	1026.262	1026.28	1026.33	1026.307	1026.304	1026.313	1026.289	1026.345	1026.312	1026.322	1026.36	1026.352	1026.354	1026.337
1025.896	1025.809	1025.758	1025.897	1025.759	1025.889	1025.702	1025.737	1025.836	1025.853	1025.738	1025.81	1025.747	1025.793	1025.844	1025.653	1025.878	1025.641	1025.861	1025.782	1025.762	1025.854	1025.658	1025.637	1025.669	1025.7	1025.656	1025.704	1025.635	1025.626	1025.617	1025.616	1025.634	1025.637	1025.603	1025.602	1025.616	1025.62	1025.628	1025.573	1025.651	1025.631	1025.649	1025.693	1025.619	1025.576	1025.652	1025.565	1025.617	1025.59	1025.562	1025.638	1025.462	1025.582	1025.56	1025.536	1025.595	1025.62	1025.592	1025.56	1025.607	1025.672	1025.645	1025.556	1025.662	1025.671	1025.688	1025.712	1025.69	1025.756	1025.756	1025.728	1025.788	1025.789	1025.79	1025.845	1025.931	1025.819	1025.906	1025.948	1025.956	1025.964	1025.973	1026.014	1026.003	1025.95	1025.919	1025.974	1025.929	1025.953	1025.916	1025.924	1025.947	1025.997	1025.954	1026.047	1026.032	1026.011	1025.997	1026.064	1026.106	1026.127	1026.209	1026.224	1026.214	1026.281	1026.208	1026.29	1026.378	1026.348	1026.372	1026.408	1026.322	1026.426	1026.426	1026.44	1026.451	1026.492	1026.479	1026.531	1026.561	1026.586	1026.593	1026.569	1026.603	1026.572	1026.589	1026.582	1026.595	1026.569	1026.609	1026.618	1026.606	1026.644	1026.631	1026.598	1026.62
1026.154	1026.168	1026.12	1026.12	1026.062	1026.077	1026.076	1026.049	1026.037	1026.055	1026.042	1026.07	1025.996	1026.011	1026.042	1026.008	1026.065	1025.996	1026.031	1026.022	1025.956	1025.972	1026.037	1026.042	1026.039	1026	1025.921	1025.98	1025.913	1025.996	1025.955	1025.872	1025.846	1025.931	1025.922	1026.015	1025.93	1025.93	1025.963	1025.988	1025.963	1025.897	1025.873	1025.915	1025.906	1025.947	1026.026	1025.874	1026.012	1025.924	1025.858	1025.94	1025.908	1025.948	1025.917	1025.901	1025.878	1025.827	1026.002	1025.973	1025.851	1025.948	1026.003	1025.907	1026.077	1025.922	1025.988	1026.031	1026.031	1026.017	1025.972	1026.067	1026.029	1026.067	1026.084	1026.084	1026.067	1026.124	1026.142	1026.164	1026.159	1026.129	1026.257	1026.133	1026.175	1026.18	1026.17	1026.19	1026.185	1026.185	1026.185	1026.195	1026.19	1026.215	1026.322	1026.21	1026.25	1026.331	1026.38	1026.323	1026.45	1026.361	1026.416	1026.465	1026.474	1026.525	1026.567	1026.505	1026.548	1026.539	1026.58	1026.697	1026.662	1026.676	1026.678	1026.648	1026.655	1026.743	1026.737	1026.726	1026.754	1026.757	1026.762	1026.798	1026.815	1026.844	1026.872	1026.85	1026.852	1026.956	1026.902	1026.893	1026.915	1026.911	1026.872	1026.898	1026.922
1026.247	1026.235	1026.209	1026.27	1026.371	1026.226	1026.245	1026.21	1026.17	1026.21	1026.092	1026.165	1026.194	1026.194	1026.175	1026.111	1026.108	1026.137	1026.125	1026.157	1026.204	1026.155	1026.2	1026.077	1026.082	1026.17	1026.269	1026.202	1026.184	1026.157	1026.123	1026.176	1026.182	1026.143	1026.106	1026.11	1026.12	1026.154	1026.154	1026.136	1026.101	1026.19	1026.158	1026.169	1026.16	1026.109	1026.127	1026.105	1026.127	1026.123	1026.13	1026.134	1026.109	1026.116	1026.099	1026.127	1026.173	1026.163	1026.078	1026.189	1026.174	1026.189	1026.2	1026.189	1026.196	1026.154	1026.25	1026.235	1026.178	1026.257	1026.202	1026.253	1026.217	1026.217	1026.243	1026.257	1026.25	1026.325	1026.231	1026.261	1026.358	1026.348	1026.368	1026.382	1026.431	1026.422	1026.41	1026.418	1026.408	1026.41	1026.432	1026.461	1026.488	1026.445	1026.519	1026.598	1026.601	1026.609	1026.603	1026.634	1026.712	1026.732	1026.726	1026.763	1026.767	1026.719	1026.837	1026.825	1026.824	1026.861	1026.883	1026.788	1026.868	1026.847	1026.887	1026.925	1026.92	1026.871	1026.93	1026.974	1026.966	1026.985	1027.077	1027.057	1027.055	1027.055	1027.145	1027.148	1027.147	1027.174	1027.082	1027.198	1027.191	1027.18	1027.243	1027.25	1027.231
1026.435	1026.479	1026.528	1026.387	1026.463	1026.435	1026.439	1026.399	1026.397	1026.458	1026.397	1026.344	1026.301	1026.287	1026.318	1026.39	1026.245	1026.372	1026.307	1026.263	1026.276	1026.268	1026.313	1026.356	1026.341	1026.347	1026.305	1026.276	1026.357	1026.327	1026.324	1026.315	1026.307	1026.328	1026.395	1026.339	1026.381	1026.335	1026.269	1026.312	1026.284	1026.317	1026.248	1026.248	1026.239	1026.27	1026.289	1026.305	1026.232	1026.242	1026.261	1026.247	1026.259	1026.289	1026.317	1026.27	1026.281	1026.363	1026.333	1026.361	1026.345	1026.361	1026.397	1026.384	1026.423	1026.423	1026.39	1026.387	1026.408	1026.463	1026.408	1026.443	1026.469	1026.459	1026.444	1026.457	1026.413	1026.434	1026.487	1026.521	1026.536	1026.509	1026.565	1026.609	1026.626	1026.601	1026.633	1026.702	1026.641	1026.715	1026.689	1026.694	1026.746	1026.806	1026.768	1026.804	1026.817	1026.823	1026.877	1026.974	1026.807	1026.959	1026.913	1026.947	1026.986	1026.998	1026.946	1027.011	1026.986	1027.007	1027.036	1027.017	1027.163	1027.128	1027.094	1027.124	1027.12	1027.154	1027.14	1027.154	1027.161	1027.216	1027.225	1027.186	1027.398	1027.332	1027.334	1027.4	1027.432	1027.446	1027.521	1027.569	1027.533	1027.56	1027.551	1027.486	1027.59
1026.606	1026.624	1026.648	1026.594	1026.689	1026.624	1026.611	1026.594	1026.561	1026.506	1026.622	1026.536	1026.576	1026.538	1026.544	1026.592	1026.491	1026.547	1026.53	1026.503	1026.538	1026.509	1026.47	1026.444	1026.485	1026.522	1026.501	1026.529	1026.476	1026.49	1026.506	1026.539	1026.526	1026.5	1026.582	1026.445	1026.511	1026.526	1026.48	1026.527	1026.463	1026.467	1026.494	1026.491	1026.464	1026.482	1026.391	1026.411	1026.417	1026.433	1026.442	1026.411	1026.541	1026.381	1026.524	1026.499	1026.476	1026.518	1026.539	1026.557	1026.57	1026.599	1026.636	1026.634	1026.646	1026.628	1026.605	1026.654	1026.654	1026.558	1026.652	1026.585	1026.634	1026.636	1026.636	1026.693	1026.721	1026.709	1026.732	1026.719	1026.724	1026.81	1026.843	1026.764	1026.81	1026.862	1026.891	1026.881	1026.876	1026.941	1026.976	1026.983	1026.964	1026.965	1027.041	1026.987	1027.079	1027.056	1027.082	1027.159	1027.089	1027.17	1027.138	1027.156	1027.178	1027.212	1027.189	1027.258	1027.256	1027.232	1027.268	1027.312	1027.287	1027.292	1027.377	1027.356	1027.312	1027.378	1027.324	1027.443	1027.438	1027.537	1027.55	1027.558	1027.596	1027.606	1027.669	1027.687	1027.711	1027.737	1027.778	1027.73	1027.782	1027.834	1027.841	1027.865	1027.899
1026.871	1026.893	1026.868	1026.865	1026.914	1026.853	1026.817	1026.877	1026.828	1026.77	1026.863	1026.736	1026.718	1026.716	1026.678	1026.702	1026.722	1026.689	1026.706	1026.681	1026.694	1026.725	1026.763	1026.707	1026.756	1026.76	1026.683	1026.724	1026.639	1026.792	1026.732	1026.745	1026.749	1026.712	1026.733	1026.701	1026.688	1026.685	1026.649	1026.609	1026.655	1026.602	1026.677	1026.592	1026.555	1026.66	1026.603	1026.653	1026.566	1026.6	1026.615	1026.607	1026.713	1026.651	1026.693	1026.701	1026.701	1026.733	1026.735	1026.758	1026.798	1026.793	1026.802	1026.801	1026.794	1026.855	1026.809	1026.796	1026.794	1026.799	1026.973	1026.861	1026.864	1026.925	1026.96	1026.943	1027.011	1027.008	1027.039	1027.058	1027.118	1027.061	1027.031	1027.056	1027.105	1027.129	1027.116	1027.153	1027.188	1027.156	1027.17	1027.251	1027.239	1027.188	1027.27	1027.201	1027.266	1027.27	1027.267	1027.311	1027.359	1027.3	1027.351	1027.395	1027.429	1027.383	1027.421	1027.43	1027.48	1027.461	1027.444	1027.458	1027.509	1027.513	1027.577	1027.597	1027.574	1027.673	1027.588	1027.764	1027.719	1027.77	1027.803	1027.818	1027.881	1027.913	1027.928	1027.989	1027.996	1028.034	1028.034	1028.049	1028.067	1028.077	1028.081	1028.118	1028.087
1027.069	1027.064	1027.044	1027.045	1027.025	1027.077	1027.064	1027.097	1027.03	1027.019	1027.013	1027.017	1026.97	1026.962	1026.944	1026.895	1026.935	1026.922	1026.934	1026.915	1026.942	1026.919	1026.99	1026.872	1026.94	1026.897	1026.855	1026.975	1026.861	1026.98	1026.928	1026.903	1026.905	1026.834	1026.883	1026.884	1026.841	1026.926	1026.913	1026.859	1026.926	1026.843	1026.891	1026.868	1026.846	1026.868	1026.783	1026.871	1026.789	1026.838	1026.852	1026.831	1026.806	1026.823	1026.832	1026.826	1026.853	1026.896	1026.886	1026.938	1026.96	1026.923	1026.937	1027.006	1026.948	1027.022	1027.045	1027.049	1027.076	1027.129	1027.071	1027.107	1027.135	1027.138	1027.161	1027.222	1027.238	1027.245	1027.238	1027.277	1027.298	1027.278	1027.335	1027.376	1027.387	1027.393	1027.381	1027.372	1027.358	1027.415	1027.398	1027.456	1027.469	1027.425	1027.499	1027.484	1027.511	1027.521	1027.497	1027.523	1027.563	1027.521	1027.538	1027.582	1027.598	1027.597	1027.669	1027.649	1027.656	1027.677	1027.661	1027.659	1027.794	1027.738	1027.74	1027.788	1027.856	1027.916	1027.975	1028.004	1028.01	1028.089	1028.14	1028.12	1028.204	1028.19	1028.226	1028.229	1028.257	1028.294	1028.262	1028.288	1028.301	1028.354	1028.389	1028.346	1028.336
1027.382	1027.387	1027.335	1027.347	1027.201	1027.281	1027.296	1027.298	1027.225	1027.247	1027.147	1027.254	1027.216	1027.188	1027.189	1027.174	1027.138	1027.223	1027.197	1027.17	1027.19	1027.145	1027.184	1027.089	1027.118	1027.129	1027.104	1027.202	1027.065	1027.17	1027.102	1027.097	1027.118	1027.105	1027.112	1027.1	1027.081	1027.14	1027.118	1027.055	1027.137	1027.065	1027.127	1027.016	1026.974	1027.059	1026.954	1027.088	1027.095	1027.124	1027.048	1027.006	1027.034	1027.045	1027.029	1027.096	1027.12	1027.111	1027.144	1027.158	1027.19	1027.198	1027.163	1027.28	1027.287	1027.259	1027.296	1027.233	1027.294	1027.395	1027.244	1027.358	1027.334	1027.326	1027.385	1027.452	1027.387	1027.479	1027.465	1027.473	1027.512	1027.514	1027.591	1027.584	1027.607	1027.635	1027.616	1027.626	1027.543	1027.612	1027.593	1027.623	1027.675	1027.7	1027.656	1027.743	1027.735	1027.787	1027.792	1027.767	1027.736	1027.799	1027.79	1027.808	1027.825	1027.81	1027.842	1027.925	1027.903	1027.897	1027.983	1028.012	1028.019	1028.115	1028.146	1028.174	1028.209	1028.215	1028.283	1028.265	1028.31	1028.4	1028.42	1028.373	1028.429	1028.408	1028.448	1028.466	1028.466	1028.524	1028.509	1028.544	1028.523	1028.578	1028.595	1028.537	1028.556
1027.78	1027.764	1027.669	1027.671	1027.642	1027.535	1027.539	1027.599	1027.477	1027.55	1027.482	1027.475	1027.44	1027.426	1027.443	1027.434	1027.409	1027.507	1027.406	1027.382	1027.392	1027.324	1027.516	1027.373	1027.439	1027.469	1027.427	1027.43	1027.402	1027.396	1027.36	1027.342	1027.335	1027.371	1027.305	1027.34	1027.333	1027.318	1027.276	1027.266	1027.343	1027.256	1027.312	1027.27	1027.191	1027.363	1027.277	1027.25	1027.226	1027.243	1027.25	1027.272	1027.332	1027.264	1027.262	1027.325	1027.338	1027.253	1027.388	1027.374	1027.45	1027.502	1027.466	1027.477	1027.568	1027.538	1027.562	1027.518	1027.513	1027.586	1027.607	1027.644	1027.591	1027.671	1027.705	1027.748	1027.628	1027.777	1027.73	1027.744	1027.748	1027.704	1027.787	1027.673	1027.852	1027.843	1027.806	1027.897	1027.882	1027.89	1027.933	1027.926	1027.879	1027.989	1027.927	1027.981	1027.959	1027.952	1027.96	1027.989	1027.968	1028.039	1028.022	1028.047	1028.116	1028.123	1028.086	1028.224	1028.219	1028.23	1028.346	1028.411	1028.354	1028.437	1028.411	1028.429	1028.519	1028.527	1028.567	1028.561	1028.57	1028.575	1028.582	1028.613	1028.632	1028.62	1028.642	1028.649	1028.688	1028.713	1028.723	1028.809	1028.787	1028.816	1028.829	1028.811	1028.846
1027.879	1027.943	1027.917	1027.853	1027.899	1027.838	1027.953	1027.927	1027.729	1027.71	1027.851	1027.758	1027.815	1027.779	1027.733	1027.778	1027.597	1027.657	1027.625	1027.643	1027.696	1027.567	1027.683	1027.618	1027.668	1027.705	1027.723	1027.656	1027.75	1027.621	1027.611	1027.592	1027.572	1027.654	1027.505	1027.536	1027.55	1027.499	1027.499	1027.574	1027.574	1027.525	1027.627	1027.62	1027.589	1027.578	1027.51	1027.446	1027.426	1027.538	1027.503	1027.472	1027.426	1027.465	1027.474	1027.436	1027.511	1027.519	1027.573	1027.575	1027.601	1027.67	1027.662	1027.651	1027.733	1027.666	1027.757	1027.767	1027.785	1027.84	1027.858	1027.788	1027.875	1027.969	1027.969	1027.932	1027.951	1027.996	1027.943	1027.979	1027.988	1027.979	1028.032	1027.972	1028.019	1027.988	1027.98	1028.077	1028.121	1028.074	1028.183	1028.176	1028.146	1028.168	1028.189	1028.176	1028.219	1028.236	1028.217	1028.285	1028.344	1028.279	1028.405	1028.426	1028.423	1028.475	1028.506	1028.481	1028.534	1028.555	1028.569	1028.628	1028.67	1028.691	1028.629	1028.679	1028.726	1028.748	1028.706	1028.75	1028.799	1028.805	1028.826	1028.875	1028.867	1028.908	1028.904	1028.939	1028.963	1029.041	1028.941	1029.037	1029.047	1029.049	1029.081	1029.123	1029.167
1028.098	1028.069	1028.077	1028.051	1028.047	1028.018	1028.002	1028.033	1028.049	1028.03	1028.083	1027.921	1028.046	1028.002	1027.894	1027.988	1027.919	1028.002	1027.928	1027.944	1028.01	1028.01	1027.97	1028.006	1027.889	1027.925	1027.978	1027.899	1027.873	1027.759	1027.82	1027.874	1027.846	1027.826	1027.818	1027.838	1027.773	1027.783	1027.794	1027.747	1027.736	1027.811	1027.7	1027.749	1027.77	1027.711	1027.779	1027.817	1027.706	1027.695	1027.758	1027.812	1027.711	1027.771	1027.77	1027.778	1027.822	1027.831	1027.672	1027.892	1027.865	1027.848	1027.858	1027.787	1027.831	1027.893	1027.892	1027.961	1028.02	1028.042	1028.077	1028.11	1028.103	1028.094	1028.078	1028.116	1028.109	1028.106	1028.11	1028.123	1028.14	1028.142	1028.187	1028.175	1028.156	1028.215	1028.28	1028.235	1028.22	1028.296	1028.272	1028.294	1028.311	1028.332	1028.393	1028.399	1028.425	1028.462	1028.442	1028.425	1028.573	1028.531	1028.624	1028.621	1028.621	1028.653	1028.718	1028.665	1028.767	1028.805	1028.821	1028.853	1028.873	1028.888	1028.948	1028.984	1028.988	1028.984	1029.025	1029.015	1029.02	1029.033	1029.052	1029.064	1029.077	1029.133	1029.18	1029.223	1029.295	1029.278	1029.334	1029.343	1029.319	1029.367	1029.392	1029.367	1029.475
1028.241	1028.219	1028.189	1028.189	1028.134	1028.247	1028.144	1028.147	1028.143	1028.061	1028.133	1028.113	1028.168	1028.147	1028.093	1028.123	1028.054	1028.123	1028.139	1028.125	1028.11	1028.149	1028.058	1028.172	1028.109	1028.078	1028.074	1028.044	1028.114	1028.107	1028.065	1028.026	1027.996	1028.022	1027.996	1028.02	1028.02	1028.007	1028.002	1028.025	1028.015	1028.069	1028.023	1028.011	1028.023	1028.002	1027.964	1027.928	1027.971	1028.002	1027.979	1027.963	1028.053	1027.945	1028.002	1027.954	1027.996	1028.042	1028.011	1028.061	1028.038	1028.05	1028.063	1028.078	1028.029	1028.102	1028.102	1028.11	1028.122	1028.161	1028.178	1028.164	1028.189	1028.245	1028.291	1028.278	1028.164	1028.235	1028.253	1028.264	1028.323	1028.372	1028.241	1028.437	1028.438	1028.384	1028.407	1028.47	1028.532	1028.591	1028.446	1028.541	1028.594	1028.541	1028.546	1028.636	1028.588	1028.637	1028.694	1028.711	1028.756	1028.786	1028.775	1028.821	1028.89	1028.922	1028.937	1029.016	1029.01	1028.975	1029.02	1029.068	1029.115	1029.069	1029.118	1029.134	1029.142	1029.195	1029.226	1029.208	1029.215	1029.282	1029.313	1029.364	1029.415	1029.437	1029.425	1029.514	1029.543	1029.546	1029.661	1029.64	1029.616	1029.638	1029.655	1029.622	1029.708
1028.39	1028.382	1028.39	1028.423	1028.238	1028.305	1028.232	1028.268	1028.274	1028.238	1028.364	1028.274	1028.247	1028.241	1028.258	1028.25	1028.25	1028.238	1028.265	1028.286	1028.289	1028.289	1028.245	1028.276	1028.245	1028.268	1028.286	1028.231	1028.203	1028.154	1028.171	1028.196	1028.214	1028.195	1028.118	1028.178	1028.232	1028.206	1028.192	1028.211	1028.13	1028.073	1028.116	1028.133	1028.097	1028.073	1028.1	1028.08	1028.103	1028.11	1028.101	1028.094	1028.161	1028.125	1028.178	1028.172	1028.133	1028.154	1028.175	1028.139	1028.187	1028.191	1028.179	1028.21	1028.231	1028.216	1028.231	1028.286	1028.349	1028.322	1028.368	1028.351	1028.396	1028.381	1028.361	1028.354	1028.456	1028.462	1028.501	1028.446	1028.489	1028.636	1028.506	1028.61	1028.616	1028.647	1028.686	1028.728	1028.619	1028.676	1028.739	1028.722	1028.715	1028.768	1028.837	1028.843	1028.895	1028.903	1028.933	1028.948	1028.873	1029.045	1029.031	1029.017	1029.02	1029.062	1029.069	1029.156	1029.173	1029.199	1029.24	1029.186	1029.259	1029.312	1029.327	1029.344	1029.369	1029.378	1029.338	1029.427	1029.481	1029.493	1029.508	1029.565	1029.549	1029.69	1029.736	1029.764	1029.809	1029.862	1029.851	1029.834	1029.929	1029.903	1029.928	1030.042	1029.886
1028.549	1028.455	1028.445	1028.556	1028.489	1028.563	1028.469	1028.477	1028.491	1028.489	1028.464	1028.462	1028.454	1028.46	1028.457	1028.414	1028.539	1028.407	1028.407	1028.399	1028.375	1028.375	1028.444	1028.436	1028.417	1028.387	1028.349	1028.373	1028.424	1028.395	1028.417	1028.39	1028.332	1028.311	1028.449	1028.354	1028.356	1028.349	1028.31	1028.284	1028.322	1028.31	1028.234	1028.2	1028.237	1028.248	1028.182	1028.247	1028.185	1028.163	1028.208	1028.214	1028.25	1028.277	1028.206	1028.232	1028.301	1028.286	1028.353	1028.346	1028.386	1028.387	1028.376	1028.401	1028.45	1028.482	1028.465	1028.497	1028.503	1028.474	1028.521	1028.509	1028.551	1028.619	1028.617	1028.621	1028.727	1028.639	1028.782	1028.814	1028.746	1028.739	1028.87	1028.814	1028.843	1028.861	1028.896	1028.9	1028.965	1028.93	1028.981	1028.974	1028.982	1029.031	1029.035	1028.944	1029.085	1029.09	1029.095	1029.203	1029.148	1029.195	1029.208	1029.22	1029.281	1029.286	1029.313	1029.326	1029.339	1029.378	1029.398	1029.426	1029.445	1029.456	1029.509	1029.53	1029.52	1029.567	1029.62	1029.665	1029.733	1029.784	1029.842	1029.909	1029.94	1030.016	1030.009	1030.027	1029.996	1030.026	1030.097	1030.111	1030.16	1030.157	1030.15	1030.208	1030.198
1028.771	1028.698	1028.71	1028.744	1028.677	1028.718	1028.705	1028.651	1028.654	1028.644	1028.617	1028.664	1028.574	1028.603	1028.709	1028.715	1028.668	1028.65	1028.647	1028.662	1028.646	1028.586	1028.56	1028.536	1028.588	1028.571	1028.546	1028.567	1028.582	1028.585	1028.568	1028.605	1028.586	1028.538	1028.558	1028.529	1028.499	1028.521	1028.523	1028.467	1028.454	1028.427	1028.427	1028.382	1028.379	1028.427	1028.291	1028.389	1028.383	1028.376	1028.376	1028.397	1028.354	1028.493	1028.417	1028.444	1028.531	1028.461	1028.563	1028.563	1028.55	1028.582	1028.641	1028.703	1028.64	1028.697	1028.716	1028.736	1028.73	1028.755	1028.728	1028.798	1028.719	1028.781	1028.818	1028.824	1028.882	1028.935	1028.933	1028.937	1028.936	1028.958	1028.998	1029.022	1029.033	1029.098	1029.105	1029.071	1029.189	1029.1	1029.129	1029.19	1029.231	1029.154	1029.244	1029.238	1029.269	1029.292	1029.292	1029.325	1029.354	1029.391	1029.399	1029.407	1029.449	1029.428	1029.437	1029.485	1029.544	1029.564	1029.557	1029.582	1029.664	1029.625	1029.701	1029.761	1029.768	1029.833	1029.911	1029.935	1030.031	1030.037	1030.042	1030.081	1030.142	1030.127	1030.152	1030.26	1030.29	1030.257	1030.31	1030.301	1030.297	1030.326	1030.351	1030.351	1030.415
1028.961	1028.926	1028.888	1028.935	1028.91	1028.893	1028.9	1028.865	1028.871	1028.89	1028.849	1028.875	1028.85	1028.87	1028.883	1028.87	1028.83	1028.864	1028.81	1028.848	1028.838	1028.781	1028.831	1028.804	1028.783	1028.739	1028.72	1028.78	1028.711	1028.804	1028.758	1028.788	1028.754	1028.729	1028.646	1028.734	1028.683	1028.649	1028.626	1028.642	1028.66	1028.58	1028.666	1028.648	1028.499	1028.546	1028.519	1028.51	1028.513	1028.466	1028.456	1028.534	1028.517	1028.624	1028.646	1028.669	1028.699	1028.668	1028.77	1028.736	1028.774	1028.772	1028.826	1028.896	1028.848	1028.939	1028.949	1028.991	1028.966	1029.019	1028.927	1029.059	1029.007	1029.003	1028.994	1029.035	1029.066	1029.101	1029.075	1029.106	1029.139	1029.167	1029.135	1029.213	1029.215	1029.224	1029.23	1029.262	1029.282	1029.305	1029.317	1029.369	1029.402	1029.374	1029.413	1029.431	1029.399	1029.463	1029.489	1029.481	1029.49	1029.544	1029.542	1029.549	1029.604	1029.596	1029.675	1029.645	1029.687	1029.764	1029.765	1029.798	1029.869	1029.922	1029.952	1030.004	1030.111	1030.146	1030.162	1030.25	1030.281	1030.303	1030.288	1030.312	1030.381	1030.379	1030.396	1030.482	1030.503	1030.515	1030.517	1030.578	1030.557	1030.524	1030.506	1030.501	1030.566
