1015.028	1015.088	1015.086	1015.072	1015.114	1015.085	1015.08	1015.127	1015.138	1015.101	1015.118	1015.09	1015.16	1015.144	1015.153	1015.172	1015.181	1015.17	1015.172	1015.241	1015.184	1015.233	1015.257	1015.234	1015.148	1015.2	1015.303	1015.197	1015.28	1015.217	1015.277	1015.22	1015.189	1015.274	1015.312	1015.26	1015.325	1015.275	1015.349	1015.298	1015.264	1015.247	1015.331	1015.375	1015.335	1015.349	1015.308	1015.304	1015.32	1015.34	1015.343	1015.318	1015.277	1015.259	1015.256	1015.249	1015.229	1015.2	1015.221	1015.236	1015.261	1015.303	1015.303	1015.26	1015.289	1015.244	1015.299	1015.282	1015.272	1015.235	1015.278	1015.313	1015.289	1015.328	1015.304	1015.31	1015.346	1015.277	1015.259	1015.299	1015.285	1015.304	1015.304	1015.282	1015.327	1015.32	1015.308	1015.335	1015.293	1015.214	1015.285	1015.248	1015.276	1015.254	1015.293	1015.295	1015.301	1015.318	1015.297	1015.358	1015.359	1015.295	1015.366	1015.362	1015.419	1015.389	1015.301	1015.39	1015.296	1015.346	1015.308	1015.313	1015.334	1015.318	1015.348	1015.394	1015.373	1015.367	1015.406	1015.353	1015.408	1015.384	1015.369	1015.394	1015.381	1015.422	1015.424	1015.382	1015.456	1015.374	1015.445	1015.493	1015.459	1015.445	1015.432	1015.431	1015.413
1015.138	1015.183	1015.172	1015.141	1015.194	1015.133	1015.112	1015.239	1015.261	1015.209	1015.211	1015.247	1015.262	1015.31	1015.317	1015.263	1015.242	1015.29	1015.295	1015.286	1015.28	1015.387	1015.283	1015.25	1015.329	1015.371	1015.385	1015.284	1015.36	1015.3	1015.388	1015.32	1015.275	1015.327	1015.357	1015.377	1015.354	1015.407	1015.356	1015.378	1015.403	1015.374	1015.438	1015.475	1015.469	1015.442	1015.416	1015.448	1015.435	1015.45	1015.472	1015.437	1015.372	1015.384	1015.452	1015.284	1015.43	1015.339	1015.368	1015.387	1015.348	1015.37	1015.428	1015.323	1015.432	1015.389	1015.427	1015.421	1015.41	1015.385	1015.415	1015.408	1015.446	1015.405	1015.437	1015.428	1015.419	1015.382	1015.37	1015.39	1015.382	1015.405	1015.381	1015.399	1015.407	1015.391	1015.385	1015.386	1015.322	1015.369	1015.396	1015.347	1015.437	1015.349	1015.392	1015.391	1015.368	1015.39	1015.394	1015.442	1015.428	1015.452	1015.478	1015.446	1015.495	1015.514	1015.449	1015.509	1015.407	1015.511	1015.423	1015.431	1015.416	1015.389	1015.394	1015.448	1015.5	1015.451	1015.549	1015.505	1015.526	1015.553	1015.536	1015.553	1015.547	1015.509	1015.538	1015.532	1015.513	1015.483	1015.47	1015.507	1015.512	1015.497	1015.56	1015.515	1015.503
1015.353	1015.262	1015.197	1015.295	1015.4	1015.369	1015.346	1015.344	1015.384	1015.399	1015.354	1015.352	1015.344	1015.41	1015.405	1015.35	1015.327	1015.413	1015.414	1015.467	1015.431	1015.461	1015.302	1015.362	1015.447	1015.447	1015.414	1015.442	1015.508	1015.498	1015.492	1015.356	1015.452	1015.542	1015.486	1015.499	1015.382	1015.528	1015.502	1015.565	1015.505	1015.539	1015.592	1015.588	1015.507	1015.51	1015.566	1015.53	1015.5	1015.598	1015.531	1015.499	1015.502	1015.527	1015.595	1015.453	1015.527	1015.497	1015.544	1015.513	1015.487	1015.442	1015.486	1015.474	1015.504	1015.511	1015.482	1015.527	1015.516	1015.512	1015.528	1015.529	1015.587	1015.473	1015.572	1015.511	1015.496	1015.524	1015.515	1015.495	1015.511	1015.525	1015.507	1015.541	1015.496	1015.496	1015.478	1015.466	1015.455	1015.567	1015.525	1015.524	1015.555	1015.541	1015.551	1015.542	1015.502	1015.497	1015.548	1015.551	1015.539	1015.552	1015.537	1015.542	1015.528	1015.558	1015.548	1015.542	1015.533	1015.585	1015.501	1015.565	1015.51	1015.557	1015.543	1015.505	1015.586	1015.571	1015.562	1015.668	1015.613	1015.625	1015.618	1015.623	1015.66	1015.616	1015.614	1015.619	1015.568	1015.665	1015.583	1015.606	1015.604	1015.563	1015.629	1015.625	1015.637
1015.371	1015.444	1015.446	1015.542	1015.435	1015.384	1015.395	1015.453	1015.482	1015.43	1015.455	1015.496	1015.539	1015.486	1015.463	1015.486	1015.507	1015.498	1015.445	1015.617	1015.489	1015.548	1015.623	1015.609	1015.571	1015.608	1015.666	1015.56	1015.508	1015.516	1015.607	1015.598	1015.689	1015.662	1015.541	1015.584	1015.632	1015.69	1015.569	1015.618	1015.602	1015.679	1015.656	1015.594	1015.613	1015.688	1015.636	1015.676	1015.698	1015.691	1015.625	1015.642	1015.682	1015.603	1015.608	1015.653	1015.609	1015.643	1015.625	1015.594	1015.611	1015.644	1015.56	1015.692	1015.505	1015.637	1015.635	1015.624	1015.598	1015.599	1015.649	1015.648	1015.644	1015.611	1015.676	1015.614	1015.67	1015.667	1015.653	1015.681	1015.653	1015.603	1015.596	1015.586	1015.64	1015.653	1015.594	1015.611	1015.624	1015.594	1015.63	1015.713	1015.616	1015.668	1015.636	1015.656	1015.676	1015.651	1015.649	1015.636	1015.702	1015.636	1015.631	1015.685	1015.643	1015.657	1015.671	1015.639	1015.705	1015.684	1015.628	1015.802	1015.676	1015.73	1015.744	1015.676	1015.688	1015.714	1015.712	1015.702	1015.683	1015.685	1015.704	1015.696	1015.694	1015.758	1015.668	1015.782	1015.706	1015.755	1015.721	1015.723	1015.733	1015.723	1015.717	1015.708	1015.744
1015.634	1015.581	1015.407	1015.472	1015.631	1015.705	1015.684	1015.656	1015.615	1015.597	1015.756	1015.559	1015.618	1015.57	1015.623	1015.613	1015.562	1015.71	1015.706	1015.615	1015.694	1015.694	1015.641	1015.633	1015.708	1015.746	1015.639	1015.589	1015.9	1015.746	1015.771	1015.709	1015.649	1015.686	1015.784	1015.803	1015.675	1015.707	1015.733	1015.818	1015.811	1015.786	1015.718	1015.734	1015.817	1015.727	1015.688	1015.837	1015.769	1015.761	1015.777	1015.756	1015.738	1015.799	1015.8	1015.745	1015.73	1015.707	1015.778	1015.736	1015.723	1015.739	1015.692	1015.785	1015.673	1015.818	1015.678	1015.698	1015.713	1015.72	1015.741	1015.705	1015.758	1015.839	1015.753	1015.778	1015.827	1015.79	1015.777	1015.785	1015.735	1015.754	1015.79	1015.756	1015.741	1015.722	1015.734	1015.737	1015.745	1015.741	1015.762	1015.75	1015.654	1015.786	1015.737	1015.755	1015.758	1015.738	1015.759	1015.734	1015.745	1015.764	1015.787	1015.755	1015.763	1015.814	1015.818	1015.809	1015.788	1015.824	1015.814	1015.748	1015.822	1015.78	1015.771	1015.832	1015.8	1015.757	1015.872	1015.78	1015.856	1015.795	1015.834	1015.834	1015.784	1015.841	1015.738	1015.842	1015.83	1015.783	1015.822	1015.83	1015.796	1015.809	1015.838	1015.809	1015.904
1015.655	1015.598	1015.854	1015.776	1015.718	1015.629	1015.625	1015.689	1015.746	1015.711	1015.75	1015.671	1015.783	1015.761	1015.787	1015.79	1015.765	1015.755	1015.739	1015.755	1015.807	1015.829	1015.822	1015.877	1015.859	1015.81	1015.889	1015.889	1015.764	1015.699	1015.788	1015.865	1015.915	1015.934	1015.855	1015.781	1015.898	1015.97	1015.934	1015.841	1015.813	1015.892	1015.949	1015.922	1015.823	1015.848	1016.04	1015.843	1015.89	1015.881	1015.913	1015.885	1015.829	1015.863	1015.823	1015.78	1015.954	1015.797	1015.84	1015.836	1015.824	1015.867	1015.839	1015.803	1015.77	1015.84	1015.77	1015.896	1015.889	1015.858	1015.919	1015.901	1015.914	1015.818	1015.896	1015.887	1015.849	1015.856	1015.878	1015.86	1015.842	1015.898	1015.806	1015.865	1015.863	1015.857	1015.888	1015.851	1015.831	1015.9	1015.837	1015.869	1015.949	1015.861	1015.864	1015.88	1015.859	1015.85	1015.91	1015.901	1015.875	1015.848	1015.905	1015.899	1015.93	1015.921	1015.878	1015.939	1015.902	1015.84	1015.992	1015.899	1015.974	1015.964	1015.934	1015.964	1015.951	1015.912	1016	1015.851	1015.975	1015.882	1015.902	1015.922	1015.914	1015.962	1015.977	1015.919	1015.914	1015.995	1015.947	1015.936	1015.955	1015.957	1015.965	1015.944	1015.901
1015.948	1015.775	1015.765	1015.77	1015.844	1015.883	1015.953	1015.959	1015.903	1015.896	1015.877	1015.95	1015.922	1015.854	1015.84	1015.877	1015.903	1015.913	1015.896	1016	1015.821	1015.915	1015.94	1015.958	1015.921	1015.927	1015.982	1015.911	1015.908	1016.096	1016.037	1015.967	1015.964	1015.955	1015.951	1016.02	1016.046	1015.911	1015.967	1016.026	1016.061	1016.042	1015.985	1015.979	1016.034	1016.047	1016	1015.937	1016.073	1015.986	1015.959	1016.024	1016.031	1016	1016.038	1015.98	1015.977	1015.972	1015.972	1015.966	1015.952	1015.963	1015.949	1015.978	1015.992	1015.952	1015.981	1015.955	1015.946	1015.997	1016.011	1015.961	1016.011	1015.972	1016.024	1015.992	1016	1016	1016	1015.992	1015.997	1015.976	1015.981	1016	1015.976	1015.94	1015.948	1015.973	1015.976	1015.96	1015.946	1015.973	1015.946	1015.951	1016	1015.99	1016	1016.017	1015.968	1015.91	1016.03	1015.961	1015.997	1015.966	1015.987	1016	1016	1016.009	1016.013	1016.025	1015.99	1016.035	1015.982	1016.017	1016.038	1016.02	1016.032	1016.017	1016.015	1016.032	1016.017	1016.044	1016.033	1016.021	1016.021	1015.993	1015.998	1016.05	1016	1016.038	1016	1016	1016.044	1016.028	1016.03	1016.087	1016.036
1015.913	1016.002	1015.983	1016.017	1016.014	1015.925	1015.919	1015.962	1015.943	1016.022	1015.983	1016	1015.959	1016	1016	1016	1016	1016	1015.997	1016	1016	1016	1016	1016	1016.068	1016.074	1016.05	1016.072	1016.097	1016.054	1016.046	1016.056	1016.088	1016.084	1016.08	1016.074	1016.063	1016.105	1016.131	1016.041	1016.067	1016.119	1016.11	1016.105	1016.118	1016.079	1016.1	1016.138	1015.994	1016.074	1016.1	1016.11	1016.077	1016.069	1016.093	1016.088	1016.033	1016.116	1016.065	1016.061	1016.064	1016.053	1016.061	1016.064	1016.069	1016.051	1016.067	1016.046	1016.077	1016.099	1016.064	1016.068	1016.105	1016.059	1016.094	1016.062	1016.09	1016.056	1016.036	1016.06	1016.051	1016.05	1016.083	1016.051	1016.069	1016.073	1016.055	1016.055	1016.058	1016.027	1016.081	1016.061	1016.065	1016.103	1016.078	1016.061	1016.068	1016.076	1016.063	1016.077	1016.068	1016.049	1016.071	1016.071	1016.05	1016.069	1016.081	1016.069	1016.055	1016.14	1016.045	1016.148	1016.085	1016.092	1016.105	1016.095	1016.112	1016.105	1016.092	1016.138	1016.051	1016.103	1016.091	1016.078	1016.134	1016.126	1016.086	1016.095	1016.076	1016.103	1016.125	1016.105	1016.116	1016.152	1016.175	1016.128	1016.154
1016.036	1016.083	1016.038	1016.058	1016.062	1016.043	1016.094	1016.114	1016.054	1016.083	1016.038	1016.116	1016.076	1016	1016.053	1016.095	1016.095	1016.082	1016.101	1016.085	1016.095	1016.099	1016.162	1016.141	1016.101	1016.084	1016.117	1016.139	1016.131	1016.154	1016.164	1016.114	1016.134	1016.147	1016.136	1016.168	1016.201	1016.176	1016.134	1016.154	1016.197	1016.229	1016.186	1016.17	1016.181	1016.25	1016.152	1016.21	1016.124	1016.179	1016.204	1016.186	1016.182	1016.194	1016.134	1016.213	1016.172	1016.193	1016.175	1016.173	1016.148	1016.135	1016.172	1016.146	1016.184	1016.178	1016.171	1016.163	1016.163	1016.152	1016.125	1016.156	1016.127	1016.154	1016.17	1016.169	1016.149	1016.143	1016.155	1016.18	1016.15	1016.184	1016.14	1016.179	1016.16	1016.162	1016.132	1016.146	1016.147	1016.143	1016.174	1016.131	1016.165	1016.156	1016.155	1016.154	1016.149	1016.141	1016.143	1016.156	1016.115	1016.171	1016.155	1016.16	1016.153	1016.122	1016.106	1016.175	1016.121	1016.208	1016.143	1016.213	1016.209	1016.196	1016.189	1016.179	1016.18	1016.181	1016.168	1016.202	1016.178	1016.185	1016.191	1016.174	1016.223	1016.179	1016.225	1016.176	1016.263	1016.208	1016.208	1016.19	1016.211	1016.23	1016.259	1016.223	1016.304
1016.118	1016.156	1016.114	1016.151	1016.138	1016.127	1016.19	1016.164	1016.142	1016.161	1016.161	1016.167	1016.178	1016.124	1016.141	1016.185	1016.153	1016.135	1016.188	1016.146	1016.198	1016.163	1016.205	1016.206	1016.156	1016.172	1016.212	1016.206	1016.2	1016.234	1016.206	1016.18	1016.28	1016.288	1016.238	1016.269	1016.262	1016.218	1016.245	1016.245	1016.277	1016.28	1016.246	1016.288	1016.296	1016.34	1016.248	1016.309	1016.332	1016.336	1016.321	1016.299	1016.255	1016.246	1016.27	1016.292	1016.258	1016.269	1016.267	1016.259	1016.25	1016.238	1016.27	1016.231	1016.264	1016.237	1016.267	1016.253	1016.258	1016.235	1016.205	1016.234	1016.222	1016.278	1016.242	1016.267	1016.247	1016.249	1016.261	1016.257	1016.242	1016.273	1016.208	1016.273	1016.226	1016.246	1016.263	1016.264	1016.259	1016.232	1016.231	1016.225	1016.237	1016.227	1016.232	1016.185	1016.188	1016.251	1016.254	1016.245	1016.24	1016.247	1016.254	1016.24	1016.256	1016.23	1016.208	1016.265	1016.253	1016.262	1016.283	1016.24	1016.269	1016.253	1016.268	1016.298	1016.292	1016.295	1016.333	1016.279	1016.326	1016.316	1016.302	1016.299	1016.323	1016.312	1016.354	1016.286	1016.378	1016.364	1016.354	1016.378	1016.404	1016.333	1016.352	1016.323	1016.395
1016.238	1016.247	1016.236	1016.265	1016.234	1016.205	1016.255	1016.201	1016.203	1016.203	1016.26	1016.217	1016.243	1016.25	1016.276	1016.283	1016.242	1016.232	1016.298	1016.211	1016.303	1016.249	1016.288	1016.267	1016.286	1016.32	1016.283	1016.309	1016.298	1016.301	1016.264	1016.304	1016.401	1016.367	1016.327	1016.344	1016.332	1016.334	1016.397	1016.33	1016.368	1016.368	1016.334	1016.374	1016.368	1016.37	1016.4	1016.367	1016.405	1016.389	1016.38	1016.378	1016.343	1016.339	1016.392	1016.355	1016.364	1016.385	1016.363	1016.36	1016.372	1016.381	1016.379	1016.361	1016.399	1016.314	1016.379	1016.328	1016.344	1016.346	1016.316	1016.322	1016.343	1016.368	1016.314	1016.342	1016.324	1016.326	1016.338	1016.306	1016.307	1016.316	1016.314	1016.339	1016.305	1016.329	1016.361	1016.361	1016.342	1016.347	1016.339	1016.354	1016.33	1016.344	1016.348	1016.274	1016.278	1016.35	1016.304	1016.304	1016.342	1016.283	1016.331	1016.325	1016.345	1016.374	1016.344	1016.327	1016.385	1016.325	1016.398	1016.347	1016.393	1016.374	1016.364	1016.39	1016.388	1016.38	1016.424	1016.381	1016.428	1016.423	1016.421	1016.379	1016.393	1016.411	1016.412	1016.445	1016.424	1016.453	1016.441	1016.476	1016.504	1016.469	1016.483	1016.475	1016.456
1016.344	1016.345	1016.318	1016.341	1016.318	1016.324	1016.375	1016.357	1016.341	1016.272	1016.332	1016.353	1016.327	1016.318	1016.333	1016.357	1016.346	1016.393	1016.419	1016.367	1016.38	1016.367	1016.405	1016.373	1016.384	1016.427	1016.351	1016.425	1016.361	1016.389	1016.394	1016.424	1016.416	1016.372	1016.369	1016.414	1016.444	1016.42	1016.449	1016.428	1016.523	1016.466	1016.414	1016.459	1016.47	1016.427	1016.513	1016.433	1016.468	1016.477	1016.456	1016.464	1016.471	1016.497	1016.489	1016.449	1016.496	1016.468	1016.434	1016.459	1016.471	1016.474	1016.454	1016.453	1016.467	1016.438	1016.466	1016.417	1016.442	1016.452	1016.44	1016.461	1016.445	1016.424	1016.444	1016.443	1016.419	1016.442	1016.439	1016.447	1016.433	1016.389	1016.494	1016.401	1016.46	1016.479	1016.452	1016.444	1016.431	1016.433	1016.45	1016.448	1016.444	1016.435	1016.459	1016.47	1016.464	1016.462	1016.424	1016.425	1016.434	1016.383	1016.388	1016.383	1016.392	1016.407	1016.477	1016.418	1016.513	1016.417	1016.489	1016.467	1016.487	1016.476	1016.472	1016.463	1016.466	1016.488	1016.472	1016.54	1016.515	1016.558	1016.581	1016.519	1016.534	1016.615	1016.467	1016.66	1016.509	1016.576	1016.548	1016.553	1016.575	1016.562	1016.572	1016.601	1016.556
1016.407	1016.438	1016.429	1016.499	1016.486	1016.459	1016.444	1016.384	1016.382	1016.491	1016.425	1016.435	1016.442	1016.459	1016.508	1016.494	1016.465	1016.468	1016.454	1016.53	1016.502	1016.461	1016.517	1016.513	1016.529	1016.549	1016.55	1016.549	1016.42	1016.569	1016.432	1016.486	1016.557	1016.576	1016.59	1016.48	1016.602	1016.49	1016.522	1016.609	1016.54	1016.506	1016.542	1016.61	1016.665	1016.565	1016.529	1016.562	1016.631	1016.607	1016.517	1016.53	1016.585	1016.615	1016.548	1016.64	1016.585	1016.53	1016.564	1016.562	1016.546	1016.529	1016.544	1016.529	1016.524	1016.535	1016.532	1016.534	1016.549	1016.545	1016.546	1016.558	1016.528	1016.564	1016.551	1016.489	1016.521	1016.569	1016.565	1016.538	1016.607	1016.536	1016.635	1016.53	1016.6	1016.55	1016.588	1016.598	1016.565	1016.557	1016.563	1016.536	1016.581	1016.575	1016.577	1016.574	1016.574	1016.559	1016.607	1016.593	1016.517	1016.645	1016.456	1016.56	1016.578	1016.557	1016.583	1016.562	1016.593	1016.56	1016.612	1016.574	1016.587	1016.604	1016.61	1016.599	1016.577	1016.634	1016.594	1016.653	1016.6	1016.631	1016.666	1016.676	1016.707	1016.764	1016.653	1016.739	1016.665	1016.728	1016.686	1016.722	1016.728	1016.682	1016.637	1016.759	1016.758
1016.551	1016.633	1016.593	1016.548	1016.528	1016.555	1016.646	1016.692	1016.58	1016.634	1016.565	1016.578	1016.595	1016.579	1016.57	1016.538	1016.577	1016.704	1016.659	1016.575	1016.621	1016.653	1016.618	1016.624	1016.647	1016.636	1016.608	1016.639	1016.624	1016.733	1016.605	1016.766	1016.69	1016.595	1016.618	1016.613	1016.67	1016.665	1016.661	1016.635	1016.615	1016.68	1016.724	1016.682	1016.646	1016.712	1016.717	1016.723	1016.673	1016.657	1016.722	1016.762	1016.736	1016.711	1016.739	1016.747	1016.663	1016.748	1016.682	1016.668	1016.683	1016.692	1016.679	1016.654	1016.646	1016.643	1016.622	1016.627	1016.609	1016.62	1016.643	1016.637	1016.641	1016.68	1016.613	1016.722	1016.697	1016.696	1016.697	1016.691	1016.713	1016.678	1016.703	1016.672	1016.713	1016.671	1016.704	1016.692	1016.671	1016.73	1016.704	1016.709	1016.617	1016.647	1016.679	1016.665	1016.688	1016.694	1016.637	1016.739	1016.601	1016.789	1016.688	1016.737	1016.688	1016.64	1016.671	1016.672	1016.671	1016.719	1016.669	1016.672	1016.714	1016.704	1016.695	1016.727	1016.706	1016.726	1016.722	1016.684	1016.765	1016.773	1016.77	1016.763	1016.747	1016.762	1016.817	1016.788	1016.811	1016.81	1016.782	1016.796	1016.818	1016.867	1016.92	1016.844	1016.882
1016.65	1016.673	1016.628	1016.698	1016.722	1016.694	1016.648	1016.649	1016.637	1016.643	1016.685	1016.752	1016.718	1016.724	1016.775	1016.788	1016.746	1016.684	1016.717	1016.787	1016.754	1016.768	1016.776	1016.786	1016.791	1016.794	1016.804	1016.83	1016.756	1016.764	1016.783	1016.751	1016.721	1016.765	1016.865	1016.864	1016.732	1016.723	1016.761	1016.774	1016.857	1016.786	1016.733	1016.832	1016.852	1016.845	1016.752	1016.779	1016.857	1016.859	1016.793	1016.776	1016.793	1016.851	1016.825	1016.792	1016.794	1016.814	1016.767	1016.808	1016.814	1016.771	1016.781	1016.794	1016.785	1016.764	1016.783	1016.773	1016.753	1016.788	1016.78	1016.782	1016.789	1016.818	1016.765	1016.822	1016.753	1016.771	1016.829	1016.793	1016.794	1016.834	1016.862	1016.815	1016.819	1016.82	1016.82	1016.808	1016.81	1016.845	1016.735	1016.881	1016.836	1016.801	1016.804	1016.767	1016.815	1016.841	1016.771	1016.906	1016.853	1016.8	1016.827	1016.812	1016.807	1016.859	1016.875	1016.806	1016.845	1016.831	1016.865	1016.847	1016.866	1016.873	1016.872	1016.875	1016.842	1016.814	1016.897	1016.814	1016.822	1016.847	1016.829	1016.895	1016.943	1016.859	1016.961	1016.845	1016.947	1016.919	1016.949	1016.998	1016.979	1016.968	1016.994	1016.922	1017.04
1016.863	1016.801	1016.83	1016.802	1016.753	1016.794	1016.815	1016.796	1016.89	1016.875	1016.825	1016.786	1016.814	1016.848	1016.822	1016.819	1016.832	1016.845	1016.91	1016.878	1016.879	1016.866	1016.912	1016.893	1016.886	1016.905	1016.897	1016.867	1016.948	1016.96	1016.961	1016.89	1016.96	1016.936	1016.847	1016.849	1016.956	1016.935	1016.986	1016.878	1016.911	1016.909	1016.93	1016.973	1016.873	1016.896	1016.941	1016.938	1016.906	1016.922	1016.922	1016.969	1016.989	1016.923	1016.903	1016.987	1016.97	1016.918	1016.978	1016.966	1016.914	1016.922	1016.984	1016.911	1016.955	1016.934	1016.961	1016.924	1016.964	1016.947	1016.891	1016.968	1016.89	1016.946	1016.938	1016.918	1016.974	1016.976	1016.925	1016.911	1016.936	1016.917	1016.923	1016.908	1016.941	1016.932	1016.943	1016.938	1016.937	1016.952	1017.003	1016.922	1016.946	1016.937	1016.969	1016.94	1016.929	1016.944	1016.964	1016.89	1016.948	1016.968	1016.983	1016.934	1016.955	1016.948	1016.934	1016.959	1016.991	1016.911	1016.987	1016.948	1016.933	1016.959	1016.958	1016.936	1016.981	1016.994	1016.922	1017.061	1017.003	1017.061	1017.014	1016.993	1017.045	1017.014	1017.06	1017.012	1017.054	1017.012	1017.02	1017.034	1017.094	1017.116	1017.104	1017.207	1017.105
1016.931	1016.85	1016.93	1016.946	1016.878	1016.887	1016.925	1016.891	1016.906	1016.865	1016.934	1016.979	1016.93	1016.967	1017.012	1016.999	1016.988	1016.989	1017.024	1016.937	1017.039	1017.027	1017.047	1017.068	1017.063	1017.055	1017.04	1017.028	1017.107	1017.007	1017.074	1017.048	1016.978	1016.983	1017.091	1017.174	1017.085	1016.955	1017.035	1017.1	1017.074	1017.073	1017.06	1017.027	1017.004	1017.099	1016.991	1017.062	1017.063	1017.09	1017.068	1017.081	1017.072	1017.046	1017.121	1017.053	1017.075	1017.126	1017.128	1017.118	1017.095	1017.103	1017.073	1017.064	1017.156	1017.076	1017.146	1017.082	1017.09	1017.069	1017.047	1017.094	1017.045	1017.075	1017.067	1017.059	1017.056	1017.018	1017.006	1017.039	1017.043	1017.017	1017.092	1017.053	1017.06	1017.056	1017.054	1017.077	1017.069	1017.051	1017.184	1017.061	1017.146	1017.114	1017.113	1017.195	1017.172	1017.085	1017.176	1017.076	1017.179	1017.12	1017.079	1017.084	1017.092	1017.086	1017.095	1017.109	1017.059	1017.09	1017.067	1017.088	1017.076	1017.054	1017.063	1017.094	1017.065	1017.151	1017.064	1017.193	1017.072	1017.169	1017.2	1017.186	1017.203	1017.197	1017.2	1017.184	1017.175	1017.19	1017.261	1017.211	1017.239	1017.263	1017.209	1017.289	1017.219
1017.081	1017.073	1017.038	1017.06	1017.093	1017.066	1017.066	1017.061	1017.096	1017.119	1017.079	1017.07	1017.069	1017.09	1017.096	1017.128	1017.111	1017.117	1017.165	1017.171	1017.177	1017.158	1017.174	1017.203	1017.193	1017.174	1017.196	1017.167	1017.182	1017.187	1017.191	1017.248	1017.179	1017.173	1017.28	1017.172	1017.16	1017.284	1017.211	1017.235	1017.21	1017.214	1017.241	1017.232	1017.2	1017.207	1017.138	1017.291	1017.241	1017.278	1017.241	1017.272	1017.301	1017.227	1017.246	1017.212	1017.285	1017.278	1017.249	1017.255	1017.262	1017.24	1017.274	1017.304	1017.307	1017.2	1017.309	1017.267	1017.262	1017.273	1017.266	1017.234	1017.207	1017.263	1017.184	1017.238	1017.202	1017.196	1017.218	1017.231	1017.198	1017.21	1017.172	1017.187	1017.182	1017.255	1017.22	1017.205	1017.227	1017.22	1017.256	1017.271	1017.247	1017.294	1017.222	1017.286	1017.318	1017.3	1017.297	1017.24	1017.279	1017.215	1017.227	1017.209	1017.218	1017.198	1017.23	1017.224	1017.167	1017.295	1017.17	1017.208	1017.263	1017.208	1017.254	1017.311	1017.201	1017.302	1017.229	1017.314	1017.289	1017.301	1017.317	1017.312	1017.338	1017.323	1017.345	1017.313	1017.397	1017.34	1017.386	1017.34	1017.334	1017.35	1017.36	1017.428	1017.385
1017.276	1017.156	1017.171	1017.164	1017.205	1017.244	1017.234	1017.179	1017.171	1017.24	1017.204	1017.21	1017.24	1017.26	1017.197	1017.239	1017.296	1017.319	1017.279	1017.344	1017.277	1017.345	1017.341	1017.32	1017.31	1017.31	1017.3	1017.308	1017.274	1017.401	1017.269	1017.358	1017.378	1017.368	1017.414	1017.36	1017.328	1017.439	1017.319	1017.403	1017.409	1017.403	1017.434	1017.384	1017.358	1017.393	1017.428	1017.435	1017.374	1017.392	1017.381	1017.416	1017.427	1017.358	1017.401	1017.401	1017.413	1017.398	1017.391	1017.383	1017.367	1017.389	1017.445	1017.376	1017.382	1017.407	1017.358	1017.365	1017.373	1017.378	1017.419	1017.417	1017.37	1017.421	1017.355	1017.386	1017.354	1017.348	1017.363	1017.384	1017.382	1017.424	1017.293	1017.426	1017.329	1017.434	1017.486	1017.466	1017.461	1017.468	1017.405	1017.488	1017.367	1017.445	1017.426	1017.387	1017.407	1017.432	1017.405	1017.4	1017.433	1017.365	1017.418	1017.393	1017.441	1017.44	1017.376	1017.388	1017.377	1017.357	1017.396	1017.354	1017.426	1017.445	1017.482	1017.478	1017.418	1017.466	1017.394	1017.449	1017.443	1017.464	1017.478	1017.484	1017.489	1017.453	1017.54	1017.438	1017.565	1017.513	1017.55	1017.567	1017.553	1017.55	1017.577	1017.537	1017.56
1017.431	1017.248	1017.4	1017.372	1017.378	1017.425	1017.391	1017.329	1017.331	1017.39	1017.368	1017.404	1017.423	1017.427	1017.355	1017.357	1017.444	1017.508	1017.386	1017.495	1017.406	1017.491	1017.459	1017.446	1017.49	1017.515	1017.495	1017.565	1017.446	1017.532	1017.464	1017.502	1017.528	1017.506	1017.54	1017.57	1017.523	1017.494	1017.56	1017.607	1017.543	1017.557	1017.556	1017.499	1017.529	1017.559	1017.547	1017.526	1017.531	1017.527	1017.52	1017.535	1017.547	1017.547	1017.599	1017.563	1017.56	1017.586	1017.568	1017.574	1017.622	1017.636	1017.645	1017.572	1017.561	1017.606	1017.546	1017.601	1017.614	1017.6	1017.604	1017.614	1017.59	1017.585	1017.59	1017.576	1017.584	1017.591	1017.577	1017.583	1017.56	1017.531	1017.539	1017.556	1017.505	1017.495	1017.555	1017.559	1017.537	1017.604	1017.527	1017.631	1017.546	1017.591	1017.572	1017.53	1017.541	1017.575	1017.569	1017.6	1017.602	1017.596	1017.628	1017.594	1017.679	1017.658	1017.586	1017.594	1017.613	1017.523	1017.624	1017.555	1017.569	1017.579	1017.59	1017.567	1017.586	1017.582	1017.566	1017.626	1017.577	1017.634	1017.643	1017.645	1017.648	1017.605	1017.702	1017.6	1017.66	1017.636	1017.666	1017.689	1017.696	1017.697	1017.723	1017.689	1017.744
1017.551	1017.547	1017.606	1017.524	1017.548	1017.548	1017.514	1017.488	1017.583	1017.573	1017.555	1017.553	1017.544	1017.586	1017.545	1017.552	1017.57	1017.593	1017.574	1017.649	1017.613	1017.593	1017.571	1017.595	1017.629	1017.699	1017.654	1017.687	1017.659	1017.656	1017.676	1017.701	1017.7	1017.687	1017.682	1017.657	1017.695	1017.738	1017.839	1017.725	1017.681	1017.724	1017.738	1017.702	1017.756	1017.749	1017.684	1017.722	1017.774	1017.681	1017.752	1017.763	1017.723	1017.776	1017.76	1017.728	1017.783	1017.763	1017.711	1017.729	1017.766	1017.77	1017.718	1017.801	1017.746	1017.757	1017.755	1017.833	1017.779	1017.76	1017.742	1017.723	1017.757	1017.707	1017.758	1017.716	1017.755	1017.744	1017.735	1017.784	1017.728	1017.692	1017.802	1017.629	1017.78	1017.728	1017.717	1017.707	1017.645	1017.737	1017.692	1017.722	1017.793	1017.786	1017.731	1017.762	1017.77	1017.739	1017.763	1017.752	1017.745	1017.77	1017.759	1017.778	1017.736	1017.719	1017.775	1017.716	1017.751	1017.75	1017.776	1017.756	1017.749	1017.751	1017.752	1017.742	1017.767	1017.743	1017.775	1017.841	1017.77	1017.815	1017.773	1017.792	1017.859	1017.812	1017.831	1017.81	1017.813	1017.82	1017.818	1017.827	1017.83	1017.836	1017.86	1017.896	1017.907
1017.661	1017.712	1017.659	1017.64	1017.658	1017.715	1017.717	1017.677	1017.663	1017.634	1017.676	1017.678	1017.828	1017.78	1017.68	1017.73	1017.809	1017.82	1017.824	1017.703	1017.805	1017.781	1017.825	1017.795	1017.765	1017.817	1017.854	1017.766	1017.888	1017.824	1017.801	1017.802	1017.816	1017.838	1017.883	1017.811	1017.938	1017.907	1017.846	1017.843	1017.92	1017.934	1017.941	1017.924	1017.858	1017.91	1018.017	1017.945	1017.89	1017.89	1018.003	1017.984	1017.908	1017.935	1017.881	1017.959	1017.929	1017.877	1017.936	1017.943	1017.945	1017.929	1017.868	1017.994	1017.855	1017.972	1017.997	1017.94	1017.92	1017.937	1017.953	1017.874	1018	1017.864	1017.938	1017.893	1017.906	1017.867	1017.84	1017.897	1017.908	1017.855	1017.988	1017.79	1018.006	1017.884	1017.883	1017.91	1017.9	1017.9	1017.938	1017.92	1017.881	1017.93	1017.908	1017.939	1017.927	1017.921	1017.977	1017.897	1017.913	1017.955	1017.87	1017.952	1017.886	1017.88	1017.986	1017.926	1017.964	1017.973	1017.879	1017.97	1017.942	1017.916	1017.956	1017.978	1017.945	1018.014	1017.942	1017.973	1017.989	1017.995	1017.981	1017.995	1018.008	1018.021	1017.966	1018.036	1018.02	1018.016	1018.016	1018.012	1018.012	1018.041	1018.032	1018.05	1018.027
1017.745	1017.84	1017.908	1017.979	1017.83	1017.82	1017.887	1017.893	1017.926	1017.948	1017.967	1017.805	1017.812	1017.882	1017.899	1017.947	1017.941	1017.866	1017.944	1017.884	1018.02	1017.931	1017.91	1017.959	1017.946	1017.91	1017.965	1017.906	1017.978	1017.939	1018	1018.047	1018.043	1017.997	1017.994	1018.016	1018.002	1017.962	1018.07	1018.085	1018.009	1017.987	1018.018	1018.056	1018.068	1018.053	1018.044	1018.007	1018.067	1018.097	1018.075	1018.041	1018.062	1018.11	1018.093	1018.092	1018.061	1018.079	1018.112	1018.075	1018.068	1018.091	1018.088	1018.073	1018.073	1018.12	1018.031	1018.106	1018.098	1018.07	1018.077	1018.068	1018.092	1018.043	1018.088	1018.08	1018.067	1018.091	1018.09	1018.061	1018.093	1017.973	1018.068	1018.065	1018.042	1018.019	1018.047	1018.065	1018.06	1018.051	1017.962	1018.101	1018.04	1018.072	1018.061	1018.049	1018.058	1018.047	1018.043	1018.067	1018.019	1018.065	1018.029	1018.065	1018.083	1018.083	1018.063	1018.06	1018.075	1018.05	1018.111	1018.077	1018.077	1018.087	1018.093	1018.112	1018.093	1018.146	1018.111	1018.167	1018.16	1018.088	1018.137	1018.143	1018.122	1018.173	1018.167	1018.145	1018.145	1018.144	1018.162	1018.169	1018.15	1018.14	1018.149	1018.156	1018.137
1018.1	1018.153	1017.881	1017.951	1018	1018.04	1018.025	1018	1018.02	1017.913	1017.893	1018.111	1018.043	1018.058	1018.018	1018	1018.047	1018.064	1018.098	1018.043	1018.018	1018.069	1018.069	1018.082	1018.096	1018.071	1018.062	1018.134	1018.093	1018.113	1018.095	1018.054	1018.089	1018.115	1018.118	1018.136	1018.121	1018.19	1018.1	1018.071	1018.121	1018.213	1018.175	1018.113	1018.132	1018.137	1018.16	1018.233	1018.154	1018.129	1018.154	1018.2	1018.209	1018.138	1018.181	1018.165	1018.222	1018.202	1018.151	1018.19	1018.205	1018.173	1018.159	1018.2	1018.173	1018.197	1018.17	1018.203	1018.177	1018.154	1018.213	1018.188	1018.165	1018.243	1018.141	1018.193	1018.151	1018.16	1018.158	1018.13	1018.185	1018.23	1018.174	1018.213	1018.174	1018.205	1018.192	1018.135	1018.169	1018.27	1018.159	1018.207	1018.153	1018.166	1018.177	1018.192	1018.204	1018.192	1018.161	1018.233	1018.165	1018.179	1018.221	1018.157	1018.162	1018.182	1018.183	1018.219	1018.245	1018.15	1018.26	1018.175	1018.238	1018.239	1018.227	1018.275	1018.281	1018.241	1018.265	1018.232	1018.282	1018.294	1018.295	1018.29	1018.286	1018.286	1018.276	1018.306	1018.328	1018.314	1018.307	1018.303	1018.319	1018.316	1018.309	1018.325	1018.24
1017.9	1018.271	1018.19	1018.252	1018.172	1018.149	1018.162	1018.171	1018.191	1018.262	1018.186	1018.147	1018.106	1018.157	1018.166	1018.162	1018.189	1018.159	1018.101	1018.229	1018.202	1018.22	1018.222	1018.177	1018.196	1018.232	1018.198	1018.21	1018.146	1018.218	1018.239	1018.228	1018.243	1018.228	1018.217	1018.249	1018.202	1018.262	1018.2	1018.324	1018.26	1018.222	1018.254	1018.291	1018.327	1018.285	1018.247	1018.285	1018.265	1018.354	1018.337	1018.308	1018.3	1018.314	1018.409	1018.286	1018.3	1018.3	1018.351	1018.348	1018.315	1018.3	1018.346	1018.36	1018.286	1018.339	1018.346	1018.295	1018.322	1018.348	1018.33	1018.346	1018.311	1018.42	1018.3	1018.398	1018.375	1018.344	1018.385	1018.396	1018.326	1018.349	1018.314	1018.327	1018.335	1018.285	1018.301	1018.361	1018.349	1018.271	1018.314	1018.332	1018.301	1018.304	1018.318	1018.277	1018.257	1018.278	1018.308	1018.27	1018.345	1018.289	1018.305	1018.327	1018.328	1018.348	1018.352	1018.297	1018.321	1018.338	1018.345	1018.331	1018.353	1018.345	1018.332	1018.358	1018.36	1018.359	1018.473	1018.386	1018.402	1018.431	1018.4	1018.414	1018.452	1018.421	1018.42	1018.439	1018.395	1018.42	1018.444	1018.438	1018.451	1018.465	1018.458	1018.456	1018.51
1018.264	1018.398	1018.273	1018.283	1018.283	1018.277	1018.313	1018.312	1018.255	1018.311	1018.293	1018.301	1018.367	1018.329	1018.327	1018.334	1018.307	1018.314	1018.328	1018.341	1018.338	1018.265	1018.321	1018.351	1018.362	1018.336	1018.317	1018.379	1018.422	1018.376	1018.355	1018.381	1018.386	1018.339	1018.373	1018.423	1018.362	1018.458	1018.372	1018.38	1018.368	1018.429	1018.448	1018.413	1018.382	1018.42	1018.435	1018.449	1018.423	1018.473	1018.427	1018.415	1018.483	1018.483	1018.44	1018.431	1018.513	1018.438	1018.499	1018.458	1018.434	1018.494	1018.482	1018.448	1018.526	1018.434	1018.516	1018.457	1018.513	1018.509	1018.474	1018.551	1018.45	1018.477	1018.489	1018.428	1018.481	1018.484	1018.494	1018.501	1018.508	1018.505	1018.526	1018.473	1018.503	1018.479	1018.436	1018.467	1018.503	1018.464	1018.576	1018.453	1018.541	1018.472	1018.488	1018.527	1018.507	1018.47	1018.512	1018.398	1018.487	1018.453	1018.433	1018.468	1018.45	1018.443	1018.499	1018.514	1018.499	1018.524	1018.459	1018.533	1018.503	1018.529	1018.568	1018.538	1018.528	1018.55	1018.516	1018.566	1018.552	1018.573	1018.579	1018.565	1018.541	1018.533	1018.575	1018.567	1018.591	1018.575	1018.576	1018.576	1018.579	1018.585	1018.616	1018.571	1018.596
1018.462	1018.462	1018.483	1018.441	1018.493	1018.466	1018.399	1018.371	1018.455	1018.463	1018.458	1018.447	1018.489	1018.406	1018.439	1018.484	1018.464	1018.456	1018.471	1018.41	1018.497	1018.479	1018.424	1018.476	1018.491	1018.473	1018.533	1018.503	1018.527	1018.532	1018.545	1018.512	1018.538	1018.564	1018.579	1018.557	1018.548	1018.551	1018.547	1018.525	1018.576	1018.583	1018.522	1018.486	1018.532	1018.594	1018.537	1018.591	1018.553	1018.582	1018.566	1018.561	1018.573	1018.586	1018.627	1018.594	1018.625	1018.584	1018.622	1018.586	1018.573	1018.595	1018.603	1018.59	1018.676	1018.559	1018.652	1018.606	1018.643	1018.684	1018.679	1018.686	1018.628	1018.652	1018.683	1018.635	1018.669	1018.673	1018.637	1018.637	1018.687	1018.646	1018.677	1018.668	1018.648	1018.731	1018.687	1018.625	1018.658	1018.621	1018.65	1018.602	1018.69	1018.665	1018.644	1018.671	1018.669	1018.659	1018.695	1018.701	1018.656	1018.667	1018.653	1018.588	1018.588	1018.613	1018.644	1018.654	1018.603	1018.686	1018.61	1018.674	1018.666	1018.687	1018.672	1018.641	1018.679	1018.714	1018.65	1018.71	1018.665	1018.684	1018.702	1018.702	1018.687	1018.695	1018.728	1018.662	1018.728	1018.698	1018.71	1018.719	1018.716	1018.719	1018.758	1018.732	1018.764
1018.665	1018.541	1018.645	1018.589	1018.598	1018.647	1018.585	1018.554	1018.609	1018.562	1018.602	1018.561	1018.567	1018.552	1018.535	1018.571	1018.591	1018.581	1018.607	1018.614	1018.601	1018.617	1018.591	1018.631	1018.644	1018.615	1018.633	1018.627	1018.662	1018.649	1018.677	1018.654	1018.657	1018.68	1018.675	1018.655	1018.704	1018.626	1018.707	1018.677	1018.707	1018.666	1018.625	1018.681	1018.708	1018.707	1018.688	1018.714	1018.702	1018.703	1018.687	1018.676	1018.742	1018.764	1018.787	1018.725	1018.749	1018.796	1018.789	1018.797	1018.799	1018.784	1018.813	1018.74	1018.782	1018.761	1018.779	1018.761	1018.762	1018.795	1018.796	1018.746	1018.813	1018.817	1018.771	1018.855	1018.837	1018.829	1018.824	1018.828	1018.826	1018.843	1018.807	1018.881	1018.814	1018.858	1018.862	1018.819	1018.826	1018.822	1018.832	1018.834	1018.82	1018.825	1018.832	1018.803	1018.78	1018.813	1018.798	1018.875	1018.826	1018.834	1018.861	1018.829	1018.868	1018.881	1018.842	1018.886	1018.82	1018.861	1018.835	1018.815	1018.828	1018.821	1018.795	1018.832	1018.854	1018.825	1018.859	1018.869	1018.863	1018.897	1018.859	1018.842	1018.851	1018.847	1018.911	1018.895	1018.912	1018.917	1018.911	1018.859	1018.841	1018.907	1018.909	1018.903	1018.927
1018.779	1018.716	1018.717	1018.728	1018.72	1018.758	1018.738	1018.704	1018.718	1018.69	1018.746	1018.722	1018.71	1018.713	1018.696	1018.696	1018.717	1018.724	1018.717	1018.806	1018.694	1018.758	1018.731	1018.769	1018.778	1018.75	1018.763	1018.782	1018.828	1018.771	1018.799	1018.82	1018.81	1018.836	1018.833	1018.793	1018.849	1018.768	1018.85	1018.802	1018.852	1018.808	1018.782	1018.859	1018.825	1018.856	1018.857	1018.844	1018.848	1018.859	1018.82	1018.86	1018.887	1018.879	1018.845	1018.942	1018.866	1018.962	1018.902	1018.906	1018.956	1018.955	1018.977	1018.911	1018.937	1018.98	1018.907	1018.96	1018.957	1018.915	1018.92	1018.905	1018.935	1018.977	1018.912	1018.993	1018.966	1018.97	1018.98	1018.969	1018.955	1019.011	1018.928	1018.972	1018.946	1018.963	1018.971	1018.954	1018.965	1018.974	1019.002	1019.008	1018.989	1018.982	1019.012	1018.976	1018.952	1019.008	1018.966	1019.006	1019.005	1018.977	1019.042	1019.016	1019.061	1019.055	1019.027	1019.04	1018.995	1019.018	1019.006	1018.984	1019.017	1019.021	1018.984	1019.02	1019.041	1019.003	1019.067	1019.003	1019.036	1019.03	1018.994	1019.058	1019.07	1019.059	1019.097	1019.107	1019.098	1019.105	1019.122	1019.079	1019.107	1019.139	1019.116	1019.122	1019.128
1018.848	1019.042	1018.842	1018.912	1018.898	1018.882	1018.885	1018.88	1018.921	1018.919	1018.866	1018.901	1018.886	1018.864	1018.904	1018.913	1018.888	1018.906	1018.85	1018.921	1018.865	1018.945	1018.904	1018.939	1018.949	1018.954	1018.969	1018.932	1018.955	1018.982	1018.966	1018.991	1018.97	1019.002	1019.036	1018.961	1019.018	1018.966	1019.035	1018.944	1019.078	1018.982	1018.939	1019.008	1018.982	1019.046	1018.962	1018.984	1019.016	1019.026	1019.08	1019.121	1019.145	1019.111	1018.99	1019.227	1018.988	1019.152	1019.089	1019.1	1019.116	1019.101	1019.078	1019.088	1019.084	1019.109	1019.089	1019.19	1019.15	1019.091	1019.068	1019.101	1019.06	1019.103	1019.114	1019.078	1019.091	1019.104	1019.108	1019.148	1019.122	1019.151	1019.113	1019.092	1019.09	1019.139	1019.137	1019.097	1019.087	1019.113	1019.115	1019.081	1019.148	1019.122	1019.14	1019.163	1019.148	1019.155	1019.169	1019.161	1019.19	1019.162	1019.178	1019.17	1019.158	1019.174	1019.169	1019.205	1019.207	1019.215	1019.223	1019.235	1019.241	1019.27	1019.243	1019.196	1019.24	1019.245	1019.247	1019.208	1019.259	1019.224	1019.252	1019.289	1019.285	1019.301	1019.302	1019.245	1019.317	1019.299	1019.331	1019.316	1019.316	1019.305	1019.26	1019.323	1019.261
1018.985	1019.272	1019.058	1019.093	1019.058	1019.044	1019.044	1019.057	1019.014	1019.031	1019.013	1019.001	1019.039	1019.002	1019.146	1019.148	1019.011	1019.099	1019.074	1019.109	1019.087	1019.083	1019.065	1019.116	1019.119	1019.123	1019.156	1019.134	1019.096	1019.16	1019.124	1019.155	1019.135	1019.143	1019.189	1019.164	1019.218	1019.173	1019.212	1019.191	1019.202	1019.117	1019.127	1019.251	1019.266	1019.198	1019.126	1019.224	1019.204	1019.192	1019.226	1019.218	1019.194	1019.288	1019.229	1019.286	1019.226	1019.355	1019.299	1019.263	1019.277	1019.277	1019.256	1019.315	1019.26	1019.254	1019.329	1019.268	1019.27	1019.294	1019.276	1019.288	1019.309	1019.233	1019.313	1019.175	1019.271	1019.247	1019.237	1019.298	1019.314	1019.239	1019.336	1019.317	1019.236	1019.251	1019.298	1019.319	1019.314	1019.281	1019.329	1019.278	1019.327	1019.263	1019.29	1019.363	1019.377	1019.336	1019.413	1019.309	1019.358	1019.407	1019.392	1019.411	1019.407	1019.409	1019.417	1019.381	1019.472	1019.434	1019.409	1019.433	1019.404	1019.492	1019.493	1019.446	1019.462	1019.45	1019.475	1019.499	1019.554	1019.52	1019.559	1019.544	1019.504	1019.546	1019.52	1019.51	1019.576	1019.48	1019.513	1019.514	1019.541	1019.559	1019.519	1019.638	1019.395
1019.287	1019.326	1019.319	1019.38	1019.36	1019.367	1019.355	1019.357	1019.265	1019.193	1019.422	1019.202	1019.349	1019.249	1019.234	1019.25	1019.268	1019.338	1019.246	1019.33	1019.286	1019.298	1019.346	1019.332	1019.277	1019.246	1019.229	1019.342	1019.292	1019.347	1019.261	1019.35	1019.344	1019.345	1019.351	1019.345	1019.436	1019.296	1019.349	1019.319	1019.37	1019.412	1019.434	1019.408	1019.288	1019.397	1019.508	1019.41	1019.441	1019.4	1019.433	1019.456	1019.437	1019.461	1019.358	1019.488	1019.552	1019.438	1019.414	1019.453	1019.5	1019.497	1019.443	1019.414	1019.509	1019.448	1019.494	1019.442	1019.452	1019.503	1019.474	1019.469	1019.626	1019.384	1019.562	1019.511	1019.515	1019.49	1019.473	1019.46	1019.459	1019.466	1019.439	1019.399	1019.494	1019.515	1019.472	1019.494	1019.521	1019.457	1019.51	1019.542	1019.409	1019.557	1019.524	1019.503	1019.503	1019.507	1019.528	1019.523	1019.576	1019.564	1019.531	1019.583	1019.564	1019.58	1019.613	1019.594	1019.617	1019.566	1019.637	1019.706	1019.677	1019.666	1019.646	1019.667	1019.717	1019.655	1019.759	1019.688	1019.705	1019.724	1019.732	1019.763	1019.781	1019.767	1019.725	1019.783	1019.727	1019.736	1019.844	1019.788	1019.817	1019.866	1019.783	1019.883	1019.813
1019.886	1019.498	1019.575	1019.516	1019.501	1019.49	1019.431	1019.481	1019.635	1019.427	1019.601	1019.364	1019.506	1019.534	1019.559	1019.568	1019.542	1019.52	1019.498	1019.578	1019.518	1019.526	1019.513	1019.438	1019.529	1019.627	1019.544	1019.555	1019.473	1019.573	1019.573	1019.563	1019.525	1019.54	1019.56	1019.501	1019.561	1019.578	1019.645	1019.611	1019.599	1019.553	1019.536	1019.607	1019.722	1019.604	1019.611	1019.495	1019.666	1019.657	1019.597	1019.616	1019.62	1019.6	1019.708	1019.664	1019.631	1019.65	1019.692	1019.684	1019.632	1019.654	1019.724	1019.629	1019.771	1019.624	1019.659	1019.717	1019.682	1019.673	1019.717	1019.709	1019.681	1019.69	1019.712	1019.685	1019.639	1019.668	1019.71	1019.654	1019.584	1019.746	1019.625	1019.748	1019.656	1019.682	1019.7	1019.689	1019.721	1019.761	1019.667	1019.811	1019.733	1019.788	1019.766	1019.784	1019.812	1019.813	1019.751	1019.851	1019.753	1019.794	1019.84	1019.833	1019.847	1019.864	1019.851	1019.869	1019.872	1019.941	1019.922	1019.84	1019.896	1019.948	1019.947	1019.944	1019.969	1019.889	1020	1019.925	1020.007	1020	1019.964	1019.964	1020.003	1019.991	1020.031	1020.021	1020.03	1020.015	1020.03	1020.008	1020.012	1020.032	1020.007	1020.031	1020.066
1019.66	1019.747	1019.944	1019.836	1019.784	1019.902	1019.868	1019.768	1019.779	1019.638	1019.825	1019.776	1019.777	1019.69	1019.699	1019.672	1019.635	1019.744	1019.776	1019.689	1019.748	1019.718	1019.789	1019.793	1019.747	1019.698	1019.692	1019.779	1019.72	1019.742	1019.692	1019.73	1019.741	1019.751	1019.775	1019.779	1019.829	1019.71	1019.683	1019.741	1019.76	1019.803	1019.791	1019.787	1019.772	1019.645	1019.895	1019.909	1019.814	1019.814	1019.828	1019.894	1019.898	1019.861	1019.915	1019.815	1019.905	1019.95	1019.843	1019.872	1019.915	1019.926	1019.923	1019.859	1019.856	1019.961	1019.886	1019.876	1019.875	1019.872	1019.897	1019.88	1019.85	1019.997	1019.811	1019.898	1019.978	1019.919	1019.905	1019.945	1019.929	1019.942	1019.818	1019.991	1019.887	1019.877	1019.943	1019.898	1019.871	1019.969	1019.921	1019.991	1020.009	1019.966	1020.02	1020.015	1019.982	1019.979	1020.004	1020.049	1020.025	1020.067	1020.066	1020.024	1020.05	1020.061	1020.026	1020.047	1020.034	1020.029	1020.041	1020.055	1020.041	1020.046	1020.06	1020.071	1020.071	1020.094	1020.092	1020.099	1020.087	1020.088	1020.104	1020.11	1020.111	1020.105	1020.141	1020.076	1020.173	1020.122	1020.12	1020.177	1020.158	1020.143	1020.234	1020.165	1020.191
1020.089	1020.12	1020.009	1020.114	1020.037	1019.957	1019.977	1020.013	1020	1020.028	1020	1019.892	1019.987	1019.947	1019.967	1019.957	1019.944	1019.987	1019.903	1019.882	1020.009	1019.913	1019.927	1019.9	1019.879	1019.964	1020.002	1019.941	1019.857	1019.987	1019.93	1019.98	1019.957	1019.94	1019.933	1019.943	1019.96	1020	1019.984	1020.023	1019.964	1019.981	1019.977	1019.951	1019.951	1020.03	1019.968	1019.977	1020.018	1020.038	1020.026	1020.027	1020.032	1020.078	1020.061	1020.104	1020.082	1020.049	1020.045	1020.09	1020.115	1020.063	1020.021	1020.124	1020.046	1020.08	1020.071	1020.053	1020.105	1020.09	1020.057	1020.098	1020.069	1020.075	1020.074	1020.05	1020.073	1020.09	1020.098	1020.09	1020.056	1020.138	1020.119	1020.077	1020.173	1020.142	1020.103	1020.115	1020.148	1020.115	1020.194	1020.139	1020.18	1020.184	1020.204	1020.186	1020.179	1020.225	1020.235	1020.177	1020.228	1020.161	1020.193	1020.173	1020.177	1020.173	1020.164	1020.182	1020.176	1020.214	1020.156	1020.194	1020.187	1020.182	1020.191	1020.2	1020.185	1020.216	1020.184	1020.243	1020.226	1020.268	1020.275	1020.266	1020.3	1020.292	1020.313	1020.283	1020.301	1020.334	1020.305	1020.328	1020.315	1020.303	1020.362	1020.317	1020.39
1020.131	1020.286	1020.151	1020.23	1020.221	1020.169	1020.178	1020.193	1020.135	1020.157	1020.135	1020.197	1020.178	1020.164	1020.149	1020.131	1020.124	1020.108	1020.142	1020.135	1020.08	1020.09	1020.138	1020.104	1020.096	1020.127	1020.096	1020.108	1020.102	1020.102	1020.107	1020.109	1020.109	1020.132	1020.147	1020.135	1020.102	1020.144	1020.076	1020.118	1020.173	1020.151	1020.164	1020.174	1020.142	1020.178	1020.127	1020.213	1020.206	1020.118	1020.14	1020.208	1020.24	1020.248	1020.196	1020.277	1020.223	1020.231	1020.294	1020.269	1020.236	1020.241	1020.189	1020.242	1020.221	1020.219	1020.259	1020.219	1020.254	1020.259	1020.249	1020.278	1020.259	1020.247	1020.308	1020.27	1020.249	1020.279	1020.271	1020.231	1020.265	1020.25	1020.337	1020.28	1020.324	1020.341	1020.279	1020.303	1020.342	1020.286	1020.374	1020.3	1020.356	1020.335	1020.329	1020.339	1020.349	1020.348	1020.373	1020.347	1020.409	1020.337	1020.379	1020.327	1020.344	1020.358	1020.37	1020.363	1020.336	1020.424	1020.365	1020.375	1020.392	1020.381	1020.397	1020.369	1020.37	1020.437	1020.362	1020.443	1020.388	1020.475	1020.434	1020.423	1020.464	1020.422	1020.431	1020.516	1020.414	1020.511	1020.478	1020.493	1020.534	1020.559	1020.532	1020.55	1020.575
1020.233	1020.441	1020.337	1020.372	1020.336	1020.349	1020.35	1020.339	1020.327	1020.323	1020.289	1020.37	1020.259	1020.3	1020.32	1020.284	1020.302	1020.278	1020.291	1020.274	1020.249	1020.251	1020.284	1020.291	1020.261	1020.294	1020.259	1020.279	1020.293	1020.248	1020.314	1020.295	1020.317	1020.341	1020.279	1020.299	1020.292	1020.32	1020.289	1020.267	1020.337	1020.302	1020.299	1020.353	1020.322	1020.36	1020.359	1020.361	1020.365	1020.306	1020.37	1020.417	1020.346	1020.353	1020.362	1020.38	1020.4	1020.364	1020.414	1020.454	1020.44	1020.431	1020.393	1020.392	1020.449	1020.423	1020.419	1020.417	1020.413	1020.425	1020.442	1020.421	1020.444	1020.457	1020.43	1020.463	1020.443	1020.43	1020.429	1020.45	1020.509	1020.404	1020.462	1020.475	1020.426	1020.463	1020.47	1020.504	1020.517	1020.492	1020.547	1020.466	1020.535	1020.494	1020.495	1020.503	1020.508	1020.523	1020.564	1020.518	1020.558	1020.525	1020.569	1020.533	1020.586	1020.618	1020.592	1020.605	1020.585	1020.58	1020.617	1020.632	1020.638	1020.576	1020.578	1020.602	1020.614	1020.643	1020.611	1020.682	1020.62	1020.682	1020.692	1020.677	1020.69	1020.677	1020.652	1020.735	1020.637	1020.684	1020.69	1020.711	1020.767	1020.744	1020.717	1020.76	1020.724
1020.516	1020.709	1020.435	1020.516	1020.514	1020.537	1020.542	1020.533	1020.544	1020.529	1020.476	1020.533	1020.435	1020.485	1020.493	1020.456	1020.476	1020.452	1020.469	1020.386	1020.498	1020.449	1020.447	1020.458	1020.417	1020.436	1020.459	1020.431	1020.489	1020.45	1020.517	1020.442	1020.457	1020.519	1020.458	1020.492	1020.491	1020.465	1020.56	1020.482	1020.521	1020.49	1020.471	1020.517	1020.519	1020.515	1020.555	1020.486	1020.527	1020.534	1020.597	1020.621	1020.569	1020.549	1020.585	1020.5	1020.579	1020.532	1020.528	1020.582	1020.533	1020.521	1020.594	1020.602	1020.608	1020.617	1020.588	1020.614	1020.612	1020.591	1020.599	1020.579	1020.602	1020.631	1020.574	1020.632	1020.588	1020.575	1020.648	1020.669	1020.678	1020.661	1020.611	1020.671	1020.62	1020.642	1020.645	1020.661	1020.67	1020.664	1020.668	1020.684	1020.697	1020.677	1020.703	1020.724	1020.768	1020.79	1020.778	1020.744	1020.779	1020.747	1020.781	1020.758	1020.802	1020.82	1020.776	1020.799	1020.808	1020.78	1020.818	1020.807	1020.835	1020.811	1020.82	1020.845	1020.834	1020.836	1020.824	1020.821	1020.847	1020.811	1020.864	1020.878	1020.868	1020.921	1020.919	1020.883	1020.947	1020.913	1020.924	1020.936	1020.972	1020.954	1020.973	1021.006	1020.967
1020.757	1021.006	1020.623	1020.802	1020.792	1020.755	1020.74	1020.72	1020.675	1020.675	1020.667	1020.699	1020.666	1020.674	1020.676	1020.643	1020.633	1020.606	1020.703	1020.591	1020.677	1020.633	1020.669	1020.663	1020.619	1020.621	1020.676	1020.605	1020.714	1020.652	1020.688	1020.606	1020.619	1020.695	1020.659	1020.699	1020.735	1020.645	1020.718	1020.692	1020.735	1020.726	1020.705	1020.698	1020.715	1020.693	1020.705	1020.715	1020.71	1020.678	1020.688	1020.716	1020.717	1020.694	1020.761	1020.705	1020.731	1020.747	1020.731	1020.725	1020.688	1020.681	1020.773	1020.764	1020.725	1020.782	1020.765	1020.791	1020.79	1020.776	1020.778	1020.79	1020.771	1020.783	1020.782	1020.79	1020.708	1020.721	1020.78	1020.818	1020.75	1020.831	1020.756	1020.774	1020.809	1020.787	1020.81	1020.846	1020.849	1020.853	1020.821	1020.891	1020.872	1020.903	1020.917	1020.916	1020.945	1020.976	1020.913	1020.943	1020.979	1020.981	1020.979	1020.964	1020.958	1020.961	1020.983	1020.992	1020.999	1021.009	1021.028	1021.013	1021.041	1021.029	1021.058	1021.105	1021.077	1021.107	1021.137	1021.046	1021.138	1021.066	1021.088	1021.102	1021.083	1021.128	1021.169	1021.101	1021.238	1021.152	1021.183	1021.161	1021.175	1021.193	1021.189	1021.187	1021.197
1020.611	1021.281	1020.992	1021.004	1020.944	1020.903	1020.873	1020.886	1020.865	1020.918	1020.881	1020.837	1020.81	1020.837	1020.886	1020.907	1020.898	1020.809	1020.964	1020.827	1020.888	1020.859	1020.892	1020.909	1020.919	1020.925	1020.928	1020.894	1020.995	1020.867	1020.952	1020.955	1020.919	1020.919	1020.887	1020.815	1020.904	1020.974	1020.9	1020.943	1020.925	1020.903	1020.921	1020.904	1020.927	1020.923	1020.891	1020.953	1020.812	1020.885	1020.928	1020.896	1020.876	1020.823	1020.901	1020.952	1020.866	1020.928	1020.91	1020.891	1020.934	1020.964	1020.929	1020.906	1020.939	1020.937	1020.897	1020.898	1020.941	1020.962	1020.953	1020.99	1020.961	1020.962	1020.96	1020.962	1021.026	1020.96	1020.924	1020.995	1020.967	1020.992	1020.978	1020.993	1021.04	1021.028	1021.047	1021.052	1021.014	1021.051	1021.063	1021.098	1021.064	1021.133	1021.112	1021.104	1021.108	1021.143	1021.159	1021.208	1021.132	1021.18	1021.19	1021.222	1021.193	1021.197	1021.24	1021.221	1021.232	1021.241	1021.254	1021.316	1021.303	1021.267	1021.27	1021.285	1021.298	1021.284	1021.451	1021.337	1021.444	1021.429	1021.422	1021.422	1021.435	1021.408	1021.458	1021.426	1021.454	1021.413	1021.502	1021.443	1021.458	1021.515	1021.439	1021.517	1021.591
1021.226	1021.358	1021.151	1021.237	1021.324	1021.291	1021.223	1021.181	1021.192	1021.166	1021.099	1021.192	1021.173	1021.162	1021.139	1021.091	1021.111	1021.152	1021.129	1021.153	1021.219	1021.187	1021.15	1021.138	1021.186	1021.183	1021.114	1021.127	1021.102	1021.15	1021.136	1021.078	1021.106	1021.159	1021.209	1021.183	1021.091	1021.16	1021.058	1021.147	1021.091	1021.079	1021.13	1021.103	1021.077	1021.127	1021.022	1021.131	1021.098	1021.19	1021.156	1021.064	1021.086	1021.179	1021.107	1021.102	1021.128	1021.13	1021.187	1021.167	1021.146	1021.138	1021.114	1021.18	1021.215	1021.028	1021.178	1021.172	1021.156	1021.179	1021.14	1021.163	1021.196	1021.186	1021.25	1021.147	1021.296	1021.285	1021.236	1021.255	1021.227	1021.177	1021.336	1021.279	1021.289	1021.267	1021.294	1021.29	1021.289	1021.333	1021.288	1021.31	1021.325	1021.338	1021.315	1021.367	1021.386	1021.376	1021.427	1021.444	1021.339	1021.564	1021.417	1021.484	1021.467	1021.44	1021.433	1021.459	1021.538	1021.496	1021.445	1021.532	1021.471	1021.586	1021.623	1021.607	1021.68	1021.541	1021.656	1021.634	1021.638	1021.725	1021.703	1021.668	1021.68	1021.697	1021.676	1021.715	1021.727	1021.738	1021.759	1021.76	1021.786	1021.814	1021.801	1021.805	1021.79
1021.637	1021.446	1021.469	1021.505	1021.388	1021.338	1021.386	1021.432	1021.412	1021.436	1021.437	1021.437	1021.296	1021.337	1021.403	1021.403	1021.406	1021.428	1021.346	1021.414	1021.293	1021.319	1021.411	1021.39	1021.321	1021.31	1021.315	1021.461	1021.265	1021.423	1021.343	1021.353	1021.427	1021.332	1021.219	1021.354	1021.28	1021.442	1021.334	1021.369	1021.366	1021.354	1021.356	1021.315	1021.314	1021.396	1021.322	1021.387	1021.345	1021.259	1021.332	1021.405	1021.397	1021.315	1021.317	1021.323	1021.451	1021.304	1021.33	1021.347	1021.342	1021.37	1021.4	1021.304	1021.333	1021.353	1021.39	1021.332	1021.33	1021.356	1021.38	1021.396	1021.429	1021.276	1021.48	1021.437	1021.382	1021.424	1021.484	1021.482	1021.501	1021.525	1021.508	1021.4	1021.541	1021.519	1021.499	1021.518	1021.519	1021.512	1021.481	1021.597	1021.547	1021.595	1021.621	1021.641	1021.659	1021.679	1021.679	1021.747	1021.693	1021.755	1021.654	1021.733	1021.747	1021.784	1021.85	1021.773	1021.733	1021.789	1021.832	1021.913	1021.81	1021.863	1021.835	1021.764	1021.903	1021.928	1021.91	1021.976	1021.931	1021.941	1021.956	1021.98	1022.006	1022.014	1022.02	1022.007	1022.018	1022.038	1022.022	1022.031	1022.019	1021.99	1022.019	1022.052	1021.921
1021.624	1021.635	1021.707	1021.717	1021.719	1021.716	1021.74	1021.674	1021.637	1021.688	1021.642	1021.65	1021.695	1021.634	1021.614	1021.597	1021.574	1021.57	1021.559	1021.645	1021.668	1021.657	1021.551	1021.544	1021.617	1021.651	1021.526	1021.581	1021.501	1021.559	1021.567	1021.561	1021.602	1021.609	1021.623	1021.64	1021.567	1021.589	1021.594	1021.577	1021.592	1021.569	1021.558	1021.596	1021.595	1021.523	1021.615	1021.501	1021.601	1021.599	1021.594	1021.599	1021.554	1021.56	1021.716	1021.585	1021.611	1021.636	1021.624	1021.631	1021.604	1021.585	1021.621	1021.566	1021.643	1021.638	1021.515	1021.661	1021.654	1021.638	1021.617	1021.548	1021.679	1021.703	1021.558	1021.69	1021.706	1021.715	1021.695	1021.676	1021.731	1021.726	1021.738	1021.801	1021.801	1021.73	1021.755	1021.772	1021.75	1021.779	1021.81	1021.82	1021.809	1021.829	1021.885	1021.848	1021.871	1021.938	1021.881	1021.956	1021.921	1021.931	1021.987	1022	1021.997	1021.986	1022.009	1022.041	1022.058	1022.111	1021.986	1022.066	1022.074	1022.082	1022.132	1022.166	1022.106	1022.099	1022.101	1022.105	1022.161	1022.149	1022.161	1022.159	1022.152	1022.145	1022.163	1022.185	1022.155	1022.202	1022.205	1022.228	1022.259	1022.249	1022.235	1022.304	1022.193
1022.008	1021.986	1021.982	1021.856	1021.918	1021.903	1021.879	1021.925	1021.996	1021.928	1021.963	1021.893	1021.932	1021.869	1021.884	1021.923	1021.935	1021.943	1021.928	1021.837	1021.86	1021.834	1021.872	1021.873	1021.873	1021.845	1021.831	1021.84	1021.913	1021.828	1021.881	1021.853	1021.744	1021.774	1021.803	1021.705	1021.865	1021.815	1021.83	1021.843	1021.847	1021.89	1021.856	1021.811	1021.836	1021.731	1021.908	1021.756	1021.781	1021.833	1021.73	1021.752	1021.885	1021.923	1021.826	1021.797	1021.843	1021.863	1021.839	1021.848	1021.863	1021.863	1021.828	1021.932	1021.793	1021.906	1021.928	1021.968	1021.868	1021.853	1022.008	1022.021	1021.884	1022.021	1021.882	1021.955	1021.941	1021.962	1021.969	1021.959	1022	1021.934	1022.005	1022.008	1022.01	1022.029	1022.058	1022.049	1022.053	1022.073	1022.071	1022.039	1022.129	1022.043	1022.091	1022.098	1022.118	1022.139	1022.109	1022.148	1022.158	1022.175	1022.149	1022.142	1022.255	1022.283	1022.224	1022.294	1022.219	1022.283	1022.288	1022.274	1022.32	1022.282	1022.299	1022.323	1022.286	1022.358	1022.41	1022.336	1022.374	1022.362	1022.392	1022.398	1022.416	1022.45	1022.376	1022.426	1022.424	1022.408	1022.436	1022.394	1022.405	1022.462	1022.439	1022.452	1022.524
1022.112	1022.101	1022.137	1022.106	1022.132	1022.133	1022.144	1022.168	1022.149	1022.085	1022.173	1022.104	1022.118	1022.146	1022.128	1022.111	1022.106	1022.06	1022.081	1022.074	1022.116	1022.074	1022.068	1022.086	1022.053	1022.035	1022.072	1022.031	1022.057	1022.04	1022.04	1022.119	1022.052	1022.063	1022.053	1022.02	1022.126	1022	1022.055	1022.061	1022.005	1022.051	1022.063	1022.026	1022.105	1022.039	1022.063	1022.058	1022.054	1022.059	1022.047	1022.031	1022.055	1022.064	1022.035	1022.116	1022.067	1022.054	1022.147	1022.109	1022.111	1022.128	1022.07	1022.158	1022.059	1022.189	1022.13	1022.103	1022.092	1022.084	1022.09	1022.138	1022.111	1022.156	1022.126	1022.182	1022.137	1022.174	1022.174	1022.154	1022.217	1022.189	1022.238	1022.172	1022.214	1022.198	1022.205	1022.255	1022.286	1022.236	1022.295	1022.205	1022.323	1022.241	1022.319	1022.321	1022.311	1022.324	1022.365	1022.374	1022.375	1022.359	1022.423	1022.4	1022.464	1022.44	1022.411	1022.5	1022.462	1022.465	1022.548	1022.5	1022.556	1022.54	1022.544	1022.554	1022.57	1022.586	1022.574	1022.6	1022.606	1022.583	1022.6	1022.582	1022.588	1022.648	1022.611	1022.633	1022.666	1022.603	1022.69	1022.649	1022.618	1022.627	1022.682	1022.668	1022.678
1022.36	1022.344	1022.322	1022.339	1022.323	1022.358	1022.345	1022.296	1022.285	1022.277	1022.326	1022.279	1022.304	1022.302	1022.258	1022.238	1022.292	1022.275	1022.258	1022.218	1022.232	1022.259	1022.241	1022.24	1022.224	1022.202	1022.217	1022.21	1022.225	1022.27	1022.211	1022.271	1022.232	1022.242	1022.284	1022.253	1022.269	1022.23	1022.254	1022.267	1022.218	1022.205	1022.209	1022.203	1022.247	1022.249	1022.256	1022.248	1022.298	1022.271	1022.287	1022.257	1022.263	1022.323	1022.235	1022.275	1022.265	1022.242	1022.326	1022.244	1022.255	1022.332	1022.254	1022.355	1022.257	1022.323	1022.313	1022.288	1022.293	1022.289	1022.265	1022.308	1022.31	1022.332	1022.302	1022.346	1022.322	1022.344	1022.34	1022.35	1022.402	1022.362	1022.418	1022.389	1022.416	1022.412	1022.422	1022.479	1022.469	1022.419	1022.55	1022.433	1022.527	1022.501	1022.55	1022.557	1022.557	1022.56	1022.578	1022.58	1022.647	1022.601	1022.663	1022.661	1022.68	1022.639	1022.628	1022.672	1022.726	1022.715	1022.736	1022.792	1022.783	1022.759	1022.787	1022.785	1022.8	1022.809	1022.813	1022.857	1022.842	1022.843	1022.857	1022.83	1022.859	1022.862	1022.906	1022.874	1022.936	1022.934	1022.959	1022.978	1022.929	1022.875	1022.91	1022.939	1022.903
1022.601	1022.611	1022.546	1022.571	1022.501	1022.507	1022.528	1022.476	1022.474	1022.482	1022.425	1022.448	1022.453	1022.452	1022.418	1022.382	1022.458	1022.454	1022.425	1022.443	1022.362	1022.448	1022.395	1022.397	1022.419	1022.397	1022.38	1022.462	1022.386	1022.46	1022.403	1022.464	1022.427	1022.403	1022.464	1022.478	1022.419	1022.502	1022.443	1022.453	1022.483	1022.488	1022.507	1022.479	1022.441	1022.447	1022.519	1022.401	1022.496	1022.44	1022.458	1022.497	1022.499	1022.512	1022.455	1022.426	1022.522	1022.472	1022.5	1022.422	1022.438	1022.524	1022.458	1022.537	1022.488	1022.496	1022.529	1022.528	1022.538	1022.572	1022.535	1022.494	1022.455	1022.548	1022.479	1022.543	1022.501	1022.524	1022.541	1022.546	1022.604	1022.54	1022.628	1022.621	1022.617	1022.667	1022.683	1022.649	1022.633	1022.635	1022.742	1022.672	1022.741	1022.742	1022.742	1022.743	1022.745	1022.768	1022.787	1022.806	1022.846	1022.822	1022.84	1022.868	1022.893	1022.902	1022.932	1022.91	1022.975	1023.01	1022.92	1023.039	1022.993	1022.951	1023.02	1023.007	1023.016	1023.044	1023.086	1023.079	1023.076	1023.147	1023.16	1023.149	1023.179	1023.121	1023.214	1023.147	1023.162	1023.21	1023.179	1023.198	1023.234	1023.185	1023.15	1023.182	1023.164
1022.839	1022.827	1022.8	1022.84	1022.774	1022.771	1022.757	1022.744	1022.715	1022.67	1022.635	1022.705	1022.629	1022.604	1022.656	1022.615	1022.562	1022.634	1022.54	1022.72	1022.603	1022.658	1022.639	1022.603	1022.641	1022.649	1022.595	1022.721	1022.572	1022.668	1022.672	1022.655	1022.741	1022.726	1022.694	1022.725	1022.692	1022.732	1022.666	1022.641	1022.712	1022.66	1022.685	1022.713	1022.707	1022.673	1022.749	1022.617	1022.727	1022.684	1022.656	1022.728	1022.662	1022.678	1022.683	1022.69	1022.765	1022.7	1022.707	1022.734	1022.724	1022.7	1022.706	1022.711	1022.72	1022.735	1022.757	1022.694	1022.717	1022.692	1022.741	1022.742	1022.658	1022.74	1022.666	1022.722	1022.719	1022.751	1022.774	1022.743	1022.819	1022.807	1022.809	1022.835	1022.805	1022.892	1022.857	1022.887	1022.911	1022.941	1022.913	1022.926	1022.974	1022.916	1022.961	1022.956	1022.963	1022.933	1023.023	1023.006	1022.98	1023.116	1023.065	1023.12	1023.132	1023.125	1023.123	1023.178	1023.148	1023.24	1023.154	1023.26	1023.196	1023.275	1023.31	1023.291	1023.369	1023.295	1023.347	1023.38	1023.347	1023.422	1023.406	1023.361	1023.456	1023.385	1023.439	1023.458	1023.414	1023.527	1023.44	1023.512	1023.476	1023.511	1023.488	1023.499	1023.505
1023.087	1023.063	1023.049	1022.989	1022.995	1022.98	1022.925	1022.952	1022.941	1022.922	1022.968	1022.884	1022.957	1022.914	1022.902	1022.885	1022.857	1023.04	1022.818	1022.937	1022.87	1022.866	1022.9	1022.899	1022.886	1022.883	1022.836	1022.836	1022.848	1022.945	1022.951	1022.882	1022.908	1022.897	1022.911	1022.947	1022.888	1022.854	1022.924	1022.967	1022.939	1022.951	1022.948	1022.901	1022.965	1022.871	1022.91	1022.945	1022.932	1022.969	1022.858	1022.946	1022.907	1022.946	1022.982	1022.886	1022.878	1022.903	1022.977	1022.952	1022.909	1022.903	1022.959	1022.873	1022.891	1022.882	1022.879	1022.895	1022.986	1022.895	1022.863	1022.898	1022.971	1023.003	1022.915	1022.996	1022.965	1023.008	1023.026	1022.998	1023.005	1023.053	1023.008	1023.047	1023.085	1023.078	1023.083	1023.094	1023.099	1023.095	1023.124	1023.182	1023.176	1023.151	1023.225	1023.143	1023.188	1023.211	1023.266	1023.325	1023.248	1023.387	1023.296	1023.395	1023.413	1023.39	1023.38	1023.461	1023.356	1023.487	1023.534	1023.535	1023.527	1023.549	1023.551	1023.528	1023.578	1023.555	1023.542	1023.656	1023.569	1023.625	1023.638	1023.653	1023.705	1023.727	1023.748	1023.748	1023.789	1023.728	1023.749	1023.833	1023.713	1023.807	1023.772	1023.774	1023.807
1023.258	1023.274	1023.284	1023.267	1023.278	1023.313	1023.248	1023.292	1023.262	1023.238	1023.268	1023.053	1023.312	1023.198	1023.229	1023.235	1023.133	1023.171	1023.187	1023.215	1023.235	1023.23	1023.203	1023.213	1023.139	1023.225	1023.2	1023.195	1023.143	1023.037	1023.074	1023.224	1023.16	1023.161	1023.133	1023.121	1023.197	1023.173	1023.173	1023.168	1023.107	1023.13	1023.21	1023.043	1023.268	1023.148	1023.191	1023.183	1023.106	1023.21	1023.183	1023.183	1023.163	1023.134	1023.103	1023.149	1023.18	1023.207	1023.116	1023.149	1023.181	1023.179	1023.181	1023.186	1023.138	1023.154	1023.21	1023.189	1023.098	1023.175	1023.208	1023.209	1023.182	1023.194	1023.243	1023.247	1023.224	1023.227	1023.244	1023.273	1023.267	1023.287	1023.3	1023.285	1023.292	1023.284	1023.29	1023.367	1023.289	1023.386	1023.391	1023.396	1023.376	1023.358	1023.483	1023.333	1023.528	1023.487	1023.499	1023.57	1023.551	1023.617	1023.588	1023.591	1023.663	1023.68	1023.677	1023.681	1023.676	1023.718	1023.704	1023.743	1023.791	1023.766	1023.827	1023.807	1023.843	1023.844	1023.858	1023.883	1023.894	1023.929	1023.955	1023.898	1023.879	1023.966	1024.019	1023.896	1024.051	1024.019	1024.007	1024.032	1024.022	1024.085	1024.053	1024.049	1024.047
1023.567	1023.535	1023.539	1023.535	1023.453	1023.511	1023.419	1023.473	1023.439	1023.433	1023.51	1023.445	1023.522	1023.374	1023.416	1023.483	1023.449	1023.448	1023.553	1023.454	1023.439	1023.427	1023.414	1023.485	1023.479	1023.458	1023.444	1023.451	1023.511	1023.561	1023.513	1023.47	1023.293	1023.372	1023.435	1023.379	1023.343	1023.403	1023.302	1023.474	1023.463	1023.41	1023.46	1023.357	1023.442	1023.358	1023.417	1023.439	1023.42	1023.459	1023.365	1023.357	1023.389	1023.419	1023.419	1023.443	1023.323	1023.357	1023.42	1023.46	1023.41	1023.36	1023.373	1023.49	1023.457	1023.386	1023.407	1023.477	1023.421	1023.502	1023.412	1023.417	1023.449	1023.486	1023.488	1023.349	1023.527	1023.534	1023.514	1023.524	1023.534	1023.492	1023.617	1023.543	1023.599	1023.668	1023.622	1023.639	1023.591	1023.687	1023.601	1023.637	1023.715	1023.656	1023.755	1023.72	1023.738	1023.751	1023.803	1023.842	1023.82	1023.811	1023.959	1023.94	1023.913	1023.913	1023.948	1023.952	1024.006	1024.025	1024.025	1024.051	1024.052	1023.993	1024.082	1024.074	1024.056	1024.138	1024.174	1024.097	1024.188	1024.152	1024.124	1024.172	1024.178	1024.14	1024.243	1024.186	1024.206	1024.211	1024.228	1024.241	1024.205	1024.232	1024.227	1024.282	1024.256
1023.865	1023.791	1023.766	1023.813	1023.728	1023.87	1023.713	1023.758	1023.77	1023.738	1023.717	1023.69	1023.687	1023.804	1023.718	1023.664	1023.745	1023.779	1023.664	1023.71	1023.767	1023.806	1023.792	1023.761	1023.772	1023.785	1023.826	1023.794	1023.726	1023.728	1023.714	1023.697	1023.828	1023.713	1023.667	1023.73	1023.619	1023.771	1023.615	1023.633	1023.618	1023.574	1023.648	1023.677	1023.661	1023.744	1023.697	1023.683	1023.703	1023.657	1023.695	1023.723	1023.679	1023.678	1023.689	1023.654	1023.715	1023.756	1023.749	1023.657	1023.643	1023.755	1023.799	1023.601	1023.776	1023.753	1023.706	1023.716	1023.721	1023.771	1023.684	1023.794	1023.761	1023.726	1023.75	1023.801	1023.786	1023.775	1023.793	1023.825	1023.856	1023.807	1023.871	1023.82	1023.867	1023.831	1023.834	1023.932	1023.839	1023.966	1023.92	1023.97	1023.97	1023.917	1023.959	1024.047	1023.982	1024.057	1024.067	1024.036	1024.142	1024.163	1024.076	1024.137	1024.177	1024.191	1024.197	1024.19	1024.187	1024.201	1024.236	1024.24	1024.237	1024.325	1024.263	1024.326	1024.347	1024.359	1024.363	1024.401	1024.353	1024.42	1024.372	1024.398	1024.42	1024.387	1024.377	1024.44	1024.418	1024.444	1024.46	1024.455	1024.481	1024.52	1024.466	1024.532	1024.512
1024.043	1024.04	1024.048	1024.07	1024.015	1024.086	1024.052	1024.026	1024.019	1023.983	1024.005	1024.07	1023.953	1024	1023.992	1024.004	1024.034	1024.012	1024.021	1024.062	1023.996	1024.002	1024.03	1024.024	1024.041	1024.025	1024.041	1024.071	1024.069	1024.044	1024.069	1023.955	1024.018	1023.929	1023.973	1024.03	1023.883	1023.948	1023.931	1023.93	1023.957	1023.97	1023.949	1023.975	1023.901	1023.941	1023.911	1023.902	1023.962	1023.915	1023.954	1023.932	1023.936	1023.954	1023.996	1023.949	1024.026	1023.958	1023.975	1024	1024.003	1023.954	1024.024	1024.011	1024.031	1023.992	1023.976	1024.003	1023.968	1024.016	1024.011	1024.005	1023.988	1023.988	1024.006	1024.027	1023.973	1024.053	1024.037	1024.011	1024.02	1024.038	1024.08	1024.078	1024.103	1024.101	1024.114	1024.148	1024.106	1024.175	1024.19	1024.143	1024.141	1024.237	1024.228	1024.256	1024.263	1024.292	1024.311	1024.311	1024.31	1024.317	1024.319	1024.345	1024.368	1024.364	1024.391	1024.417	1024.49	1024.47	1024.494	1024.484	1024.457	1024.537	1024.481	1024.545	1024.566	1024.539	1024.554	1024.651	1024.551	1024.663	1024.696	1024.668	1024.683	1024.756	1024.713	1024.709	1024.734	1024.732	1024.734	1024.741	1024.742	1024.775	1024.766	1024.802	1024.831
1024.252	1024.237	1024.2	1024.188	1024.225	1024.203	1024.232	1024.215	1024.211	1024.191	1024.169	1024.19	1024.196	1024.186	1024.18	1024.177	1024.166	1024.171	1024.161	1024.128	1024.124	1024.159	1024.19	1024.168	1024.173	1024.188	1024.135	1024.168	1024.17	1024.132	1024.219	1024.143	1024.198	1024.215	1024.212	1024.198	1024.169	1024.138	1024.14	1024.12	1024.1	1024.107	1024.096	1024.157	1024.113	1024.122	1024.133	1024.144	1024.137	1024.117	1024.142	1024.113	1024.15	1024.169	1024.144	1024.129	1024.12	1024.178	1024.171	1024.155	1024.155	1024.186	1024.199	1024.219	1024.202	1024.172	1024.188	1024.194	1024.201	1024.19	1024.207	1024.182	1024.197	1024.214	1024.171	1024.199	1024.197	1024.22	1024.215	1024.199	1024.253	1024.249	1024.255	1024.271	1024.292	1024.329	1024.361	1024.312	1024.375	1024.34	1024.402	1024.376	1024.37	1024.423	1024.413	1024.458	1024.481	1024.459	1024.474	1024.519	1024.515	1024.527	1024.559	1024.566	1024.594	1024.59	1024.628	1024.584	1024.667	1024.635	1024.662	1024.734	1024.744	1024.724	1024.75	1024.754	1024.76	1024.786	1024.828	1024.812	1024.894	1024.827	1024.892	1024.932	1024.947	1024.911	1024.908	1024.933	1024.95	1024.97	1025.023	1025.052	1025.012	1025.06	1025.059	1025.045	1025.053
1024.428	1024.477	1024.429	1024.406	1024.468	1024.362	1024.412	1024.378	1024.364	1024.359	1024.378	1024.33	1024.364	1024.333	1024.331	1024.324	1024.322	1024.333	1024.366	1024.304	1024.352	1024.397	1024.328	1024.343	1024.255	1024.349	1024.287	1024.306	1024.301	1024.285	1024.328	1024.334	1024.288	1024.338	1024.323	1024.296	1024.365	1024.302	1024.323	1024.325	1024.298	1024.33	1024.322	1024.302	1024.297	1024.297	1024.291	1024.297	1024.302	1024.302	1024.341	1024.309	1024.335	1024.311	1024.274	1024.38	1024.297	1024.374	1024.369	1024.323	1024.363	1024.399	1024.349	1024.366	1024.361	1024.419	1024.424	1024.374	1024.418	1024.343	1024.424	1024.388	1024.349	1024.384	1024.401	1024.463	1024.414	1024.413	1024.396	1024.396	1024.417	1024.424	1024.435	1024.481	1024.45	1024.483	1024.534	1024.479	1024.648	1024.549	1024.607	1024.615	1024.61	1024.634	1024.668	1024.665	1024.701	1024.68	1024.668	1024.715	1024.735	1024.79	1024.785	1024.83	1024.859	1024.816	1024.842	1024.85	1024.904	1024.903	1024.846	1024.935	1024.988	1024.973	1025.028	1025.022	1025.017	1025.048	1025.08	1025.04	1025.171	1025.067	1025.103	1025.151	1025.146	1025.144	1025.186	1025.181	1025.218	1025.237	1025.285	1025.265	1025.284	1025.31	1025.304	1025.302	1025.316
1024.622	1024.674	1024.665	1024.648	1024.681	1024.603	1024.633	1024.582	1024.603	1024.597	1024.617	1024.55	1024.582	1024.55	1024.572	1024.576	1024.568	1024.534	1024.572	1024.542	1024.564	1024.52	1024.467	1024.619	1024.464	1024.53	1024.545	1024.469	1024.55	1024.532	1024.508	1024.581	1024.523	1024.514	1024.554	1024.502	1024.55	1024.51	1024.543	1024.534	1024.51	1024.53	1024.53	1024.474	1024.491	1024.502	1024.487	1024.531	1024.503	1024.53	1024.541	1024.514	1024.542	1024.577	1024.479	1024.614	1024.519	1024.56	1024.567	1024.558	1024.537	1024.564	1024.539	1024.604	1024.537	1024.588	1024.607	1024.555	1024.641	1024.558	1024.637	1024.635	1024.634	1024.642	1024.622	1024.664	1024.635	1024.667	1024.674	1024.653	1024.699	1024.697	1024.646	1024.72	1024.724	1024.718	1024.805	1024.737	1024.825	1024.778	1024.828	1024.833	1024.837	1024.878	1024.915	1024.909	1024.929	1024.945	1024.934	1024.959	1024.982	1025.045	1024.999	1025.058	1025.066	1025.054	1025.105	1025.149	1025.141	1025.16	1025.195	1025.19	1025.25	1025.264	1025.253	1025.302	1025.324	1025.297	1025.394	1025.306	1025.394	1025.362	1025.42	1025.413	1025.423	1025.465	1025.489	1025.47	1025.521	1025.518	1025.551	1025.53	1025.561	1025.571	1025.519	1025.595	1025.566
1024.922	1024.867	1024.864	1024.884	1024.844	1024.862	1024.834	1024.882	1024.933	1024.836	1024.842	1024.865	1024.839	1024.846	1024.839	1024.777	1024.819	1024.734	1024.82	1024.78	1024.765	1024.824	1024.691	1024.806	1024.647	1024.7	1024.742	1024.668	1024.755	1024.754	1024.717	1024.716	1024.741	1024.733	1024.766	1024.724	1024.69	1024.708	1024.73	1024.749	1024.72	1024.735	1024.719	1024.745	1024.716	1024.706	1024.711	1024.713	1024.697	1024.722	1024.729	1024.733	1024.715	1024.775	1024.732	1024.735	1024.765	1024.738	1024.735	1024.737	1024.711	1024.746	1024.782	1024.863	1024.738	1024.776	1024.793	1024.841	1024.867	1024.832	1024.842	1024.855	1024.878	1024.896	1024.893	1024.882	1024.932	1024.943	1024.956	1024.912	1024.893	1025.019	1024.913	1024.986	1024.95	1024.944	1024.993	1025.016	1025.008	1025.041	1025.046	1025.051	1025.087	1025.128	1025.11	1025.164	1025.183	1025.164	1025.203	1025.233	1025.227	1025.238	1025.278	1025.342	1025.367	1025.357	1025.369	1025.39	1025.301	1025.355	1025.432	1025.452	1025.492	1025.541	1025.531	1025.591	1025.641	1025.602	1025.656	1025.666	1025.598	1025.635	1025.7	1025.691	1025.717	1025.782	1025.746	1025.755	1025.785	1025.781	1025.865	1025.847	1025.868	1025.893	1025.876	1025.88	1025.872
1025.175	1025.103	1025.071	1025.185	1025.075	1025.176	1025.025	1025.046	1025.127	1025.141	1025.05	1025.109	1025.055	1025.095	1025.132	1024.979	1025.157	1024.965	1025.14	1025.081	1025.057	1025.146	1024.974	1024.953	1024.986	1025.017	1024.99	1025.029	1024.968	1024.963	1024.957	1024.953	1024.966	1024.973	1024.938	1024.934	1024.953	1024.964	1024.968	1024.93	1024.992	1024.975	1024.989	1025.017	1024.962	1024.938	1024.997	1024.926	1024.974	1024.956	1024.936	1024.995	1024.858	1024.953	1024.931	1024.92	1024.968	1024.982	1024.961	1024.931	1024.966	1025.017	1024.997	1024.921	1025.006	1025.012	1025.023	1025.033	1025.008	1025.063	1025.064	1025.038	1025.074	1025.078	1025.084	1025.137	1025.22	1025.117	1025.193	1025.233	1025.237	1025.249	1025.266	1025.308	1025.308	1025.265	1025.241	1025.307	1025.276	1025.305	1025.281	1025.295	1025.317	1025.358	1025.323	1025.414	1025.403	1025.383	1025.376	1025.432	1025.472	1025.486	1025.574	1025.583	1025.576	1025.652	1025.577	1025.668	1025.752	1025.754	1025.777	1025.805	1025.716	1025.831	1025.831	1025.852	1025.87	1025.92	1025.899	1025.969	1026.003	1026.024	1026.033	1026	1026.047	1026.032	1026.056	1026.06	1026.078	1026.057	1026.097	1026.109	1026.107	1026.131	1026.141	1026.124	1026.138
1025.513	1025.523	1025.463	1025.463	1025.358	1025.389	1025.403	1025.373	1025.351	1025.395	1025.362	1025.437	1025.26	1025.287	1025.361	1025.28	1025.43	1025.255	1025.327	1025.314	1025.234	1025.245	1025.346	1025.354	1025.354	1025.294	1025.191	1025.249	1025.187	1025.263	1025.23	1025.162	1025.142	1025.211	1025.205	1025.289	1025.208	1025.208	1025.235	1025.252	1025.231	1025.181	1025.17	1025.202	1025.194	1025.225	1025.31	1025.176	1025.289	1025.219	1025.166	1025.237	1025.211	1025.244	1025.224	1025.216	1025.201	1025.157	1025.294	1025.269	1025.172	1025.239	1025.279	1025.204	1025.385	1025.203	1025.262	1025.317	1025.318	1025.307	1025.245	1025.364	1025.326	1025.376	1025.398	1025.389	1025.37	1025.441	1025.467	1025.498	1025.496	1025.463	1025.614	1025.471	1025.519	1025.52	1025.511	1025.533	1025.528	1025.528	1025.536	1025.542	1025.545	1025.566	1025.669	1025.564	1025.601	1025.693	1025.736	1025.686	1025.816	1025.713	1025.773	1025.825	1025.85	1025.912	1025.933	1025.896	1025.949	1025.949	1025.985	1026.114	1026.077	1026.11	1026.113	1026.097	1026.107	1026.192	1026.184	1026.168	1026.195	1026.199	1026.208	1026.247	1026.259	1026.277	1026.307	1026.273	1026.288	1026.373	1026.327	1026.338	1026.358	1026.353	1026.331	1026.346	1026.369
1025.66	1025.633	1025.598	1025.681	1025.899	1025.63	1025.672	1025.621	1025.565	1025.629	1025.456	1025.577	1025.616	1025.617	1025.599	1025.51	1025.501	1025.572	1025.542	1025.617	1025.689	1025.605	1025.642	1025.443	1025.455	1025.596	1025.685	1025.591	1025.54	1025.506	1025.464	1025.542	1025.553	1025.496	1025.429	1025.436	1025.446	1025.501	1025.506	1025.468	1025.417	1025.561	1025.503	1025.536	1025.522	1025.429	1025.462	1025.422	1025.46	1025.462	1025.474	1025.48	1025.443	1025.454	1025.435	1025.473	1025.552	1025.536	1025.395	1025.539	1025.505	1025.528	1025.547	1025.525	1025.539	1025.501	1025.587	1025.579	1025.521	1025.597	1025.537	1025.598	1025.559	1025.564	1025.601	1025.627	1025.615	1025.743	1025.593	1025.63	1025.752	1025.738	1025.745	1025.743	1025.792	1025.779	1025.775	1025.778	1025.767	1025.76	1025.778	1025.818	1025.832	1025.797	1025.85	1025.937	1025.941	1025.953	1025.945	1025.977	1026.08	1026.096	1026.087	1026.129	1026.135	1026.105	1026.228	1026.223	1026.221	1026.29	1026.31	1026.22	1026.313	1026.281	1026.329	1026.363	1026.354	1026.305	1026.369	1026.413	1026.413	1026.442	1026.505	1026.497	1026.493	1026.493	1026.57	1026.574	1026.573	1026.594	1026.501	1026.598	1026.586	1026.58	1026.628	1026.642	1026.619
1025.967	1026.008	1026.03	1025.937	1026.003	1025.966	1026.002	1025.938	1025.904	1026.012	1025.934	1025.868	1025.8	1025.769	1025.837	1025.949	1025.758	1025.972	1025.839	1025.802	1025.837	1025.815	1025.852	1025.893	1025.857	1025.839	1025.742	1025.701	1025.834	1025.791	1025.785	1025.765	1025.748	1025.747	1025.895	1025.769	1025.839	1025.787	1025.691	1025.763	1025.724	1025.773	1025.668	1025.672	1025.682	1025.724	1025.767	1025.805	1025.671	1025.692	1025.734	1025.7	1025.728	1025.77	1025.806	1025.728	1025.725	1025.83	1025.766	1025.826	1025.817	1025.825	1025.835	1025.776	1025.814	1025.815	1025.778	1025.757	1025.792	1025.858	1025.809	1025.839	1025.889	1025.871	1025.862	1025.887	1025.828	1025.849	1025.907	1025.95	1025.942	1025.912	1025.943	1025.968	1025.964	1025.94	1025.961	1026.022	1025.972	1026.056	1026.032	1026.025	1026.074	1026.139	1026.095	1026.136	1026.157	1026.165	1026.237	1026.325	1026.169	1026.326	1026.293	1026.321	1026.37	1026.39	1026.358	1026.423	1026.408	1026.441	1026.474	1026.456	1026.576	1026.553	1026.532	1026.557	1026.562	1026.607	1026.595	1026.618	1026.619	1026.654	1026.657	1026.626	1026.806	1026.741	1026.745	1026.797	1026.82	1026.823	1026.885	1026.919	1026.882	1026.897	1026.892	1026.836	1026.921
1026.107	1026.118	1026.138	1026.091	1026.168	1026.118	1026.113	1026.117	1026.088	1026.059	1026.129	1026.068	1026.107	1026.086	1026.079	1026.115	1026.039	1026.084	1026.075	1026.07	1026.086	1026.063	1026.043	1026.009	1026.032	1026.05	1026.037	1026.059	1026.02	1026.023	1026.044	1026.058	1026.041	1026.021	1026.074	1025.96	1026.021	1026.027	1026.01	1026.057	1025.976	1026.008	1026.043	1026.039	1026.019	1026.042	1025.918	1026	1025.981	1025.991	1026.007	1025.967	1026.075	1025.896	1026.039	1026.005	1025.958	1026.016	1026.03	1026.026	1026.029	1026.042	1026.053	1026.05	1026.054	1026.041	1026.022	1026.037	1026.051	1025.96	1026.048	1025.991	1026.035	1026.066	1026.066	1026.093	1026.108	1026.103	1026.124	1026.105	1026.098	1026.16	1026.169	1026.117	1026.145	1026.185	1026.204	1026.202	1026.193	1026.257	1026.301	1026.312	1026.295	1026.31	1026.395	1026.345	1026.432	1026.421	1026.438	1026.517	1026.463	1026.55	1026.546	1026.552	1026.576	1026.623	1026.595	1026.68	1026.677	1026.658	1026.687	1026.729	1026.708	1026.718	1026.803	1026.786	1026.753	1026.817	1026.763	1026.871	1026.86	1026.937	1026.953	1026.956	1026.988	1026.996	1027.047	1027.061	1027.073	1027.095	1027.122	1027.071	1027.112	1027.155	1027.157	1027.165	1027.198
1026.33	1026.338	1026.313	1026.296	1026.346	1026.29	1026.262	1026.314	1026.291	1026.257	1026.33	1026.234	1026.233	1026.231	1026.205	1026.212	1026.226	1026.207	1026.217	1026.183	1026.188	1026.217	1026.246	1026.193	1026.224	1026.217	1026.16	1026.191	1026.124	1026.263	1026.203	1026.208	1026.226	1026.188	1026.217	1026.185	1026.166	1026.176	1026.152	1026.138	1026.16	1026.143	1026.177	1026.129	1026.108	1026.18	1026.13	1026.171	1026.109	1026.139	1026.145	1026.122	1026.214	1026.154	1026.186	1026.185	1026.171	1026.191	1026.168	1026.189	1026.221	1026.214	1026.215	1026.2	1026.19	1026.255	1026.211	1026.192	1026.19	1026.197	1026.336	1026.239	1026.243	1026.272	1026.288	1026.273	1026.317	1026.281	1026.305	1026.34	1026.386	1026.344	1026.321	1026.35	1026.394	1026.408	1026.398	1026.436	1026.5	1026.47	1026.496	1026.59	1026.595	1026.528	1026.638	1026.565	1026.644	1026.653	1026.646	1026.689	1026.742	1026.682	1026.739	1026.787	1026.816	1026.789	1026.826	1026.83	1026.881	1026.868	1026.859	1026.876	1026.931	1026.926	1026.988	1027.005	1026.995	1027.074	1026.998	1027.143	1027.101	1027.142	1027.168	1027.179	1027.225	1027.25	1027.265	1027.304	1027.308	1027.354	1027.35	1027.37	1027.392	1027.409	1027.41	1027.468	1027.443
1026.467	1026.471	1026.452	1026.464	1026.446	1026.493	1026.484	1026.514	1026.465	1026.448	1026.45	1026.456	1026.418	1026.418	1026.403	1026.365	1026.389	1026.382	1026.388	1026.358	1026.376	1026.365	1026.414	1026.331	1026.384	1026.356	1026.306	1026.402	1026.303	1026.41	1026.367	1026.352	1026.356	1026.312	1026.347	1026.337	1026.31	1026.364	1026.344	1026.299	1026.364	1026.3	1026.334	1026.313	1026.292	1026.325	1026.262	1026.341	1026.271	1026.305	1026.314	1026.295	1026.296	1026.308	1026.309	1026.299	1026.316	1026.354	1026.328	1026.357	1026.367	1026.335	1026.331	1026.402	1026.348	1026.403	1026.415	1026.422	1026.44	1026.479	1026.418	1026.439	1026.448	1026.438	1026.45	1026.49	1026.505	1026.518	1026.505	1026.549	1026.576	1026.551	1026.587	1026.623	1026.648	1026.679	1026.685	1026.682	1026.683	1026.742	1026.722	1026.784	1026.814	1026.778	1026.851	1026.848	1026.877	1026.9	1026.891	1026.906	1026.954	1026.916	1026.924	1026.969	1026.992	1026.991	1027.065	1027.042	1027.061	1027.087	1027.077	1027.071	1027.185	1027.141	1027.147	1027.186	1027.235	1027.283	1027.323	1027.346	1027.347	1027.422	1027.47	1027.449	1027.536	1027.518	1027.558	1027.566	1027.601	1027.678	1027.667	1027.714	1027.719	1027.798	1027.826	1027.782	1027.781
1026.702	1026.714	1026.681	1026.704	1026.605	1026.66	1026.675	1026.678	1026.622	1026.636	1026.56	1026.648	1026.619	1026.594	1026.595	1026.581	1026.546	1026.606	1026.584	1026.563	1026.573	1026.532	1026.574	1026.488	1026.524	1026.531	1026.5	1026.58	1026.474	1026.55	1026.497	1026.489	1026.512	1026.502	1026.514	1026.506	1026.487	1026.537	1026.523	1026.469	1026.531	1026.474	1026.514	1026.442	1026.413	1026.487	1026.407	1026.511	1026.51	1026.533	1026.481	1026.451	1026.471	1026.477	1026.476	1026.524	1026.54	1026.524	1026.543	1026.542	1026.573	1026.561	1026.525	1026.601	1026.602	1026.576	1026.603	1026.555	1026.6	1026.681	1026.563	1026.652	1026.617	1026.617	1026.661	1026.724	1026.665	1026.752	1026.738	1026.757	1026.778	1026.781	1026.864	1026.846	1026.89	1026.926	1026.915	1026.921	1026.855	1026.941	1026.928	1026.952	1027.005	1027.04	1027.008	1027.092	1027.087	1027.131	1027.151	1027.13	1027.113	1027.178	1027.169	1027.189	1027.207	1027.198	1027.228	1027.299	1027.281	1027.285	1027.359	1027.377	1027.379	1027.45	1027.476	1027.496	1027.529	1027.539	1027.612	1027.59	1027.636	1027.754	1027.781	1027.737	1027.81	1027.79	1027.854	1027.867	1027.867	1027.952	1027.943	1027.991	1027.969	1028.027	1028.064	1028.027	1028.053
1027.005	1027.006	1026.938	1026.945	1026.926	1026.851	1026.863	1026.908	1026.816	1026.873	1026.828	1026.828	1026.796	1026.78	1026.786	1026.782	1026.745	1026.837	1026.753	1026.732	1026.739	1026.686	1026.823	1026.715	1026.763	1026.781	1026.752	1026.758	1026.729	1026.732	1026.715	1026.694	1026.695	1026.725	1026.678	1026.705	1026.691	1026.675	1026.65	1026.644	1026.698	1026.626	1026.677	1026.638	1026.586	1026.723	1026.665	1026.642	1026.636	1026.653	1026.64	1026.655	1026.703	1026.653	1026.65	1026.702	1026.714	1026.647	1026.729	1026.716	1026.771	1026.808	1026.775	1026.765	1026.844	1026.804	1026.826	1026.793	1026.78	1026.85	1026.867	1026.884	1026.821	1026.895	1026.93	1026.971	1026.885	1026.993	1026.964	1026.986	1027.003	1026.983	1027.07	1026.975	1027.135	1027.128	1027.087	1027.185	1027.183	1027.188	1027.239	1027.241	1027.213	1027.304	1027.249	1027.308	1027.293	1027.299	1027.319	1027.35	1027.333	1027.397	1027.391	1027.41	1027.458	1027.466	1027.436	1027.547	1027.539	1027.553	1027.658	1027.725	1027.666	1027.757	1027.733	1027.755	1027.867	1027.892	1027.928	1027.949	1027.966	1027.975	1027.987	1028.034	1028.06	1028.072	1028.103	1028.112	1028.14	1028.176	1028.163	1028.238	1028.218	1028.248	1028.268	1028.266	1028.292
1027.103	1027.16	1027.148	1027.093	1027.136	1027.097	1027.189	1027.171	1027.017	1027.001	1027.129	1027.042	1027.094	1027.067	1027.031	1027.065	1026.922	1026.971	1026.94	1026.951	1026.981	1026.878	1026.961	1026.899	1026.937	1026.96	1026.966	1026.922	1027.011	1026.908	1026.899	1026.887	1026.874	1026.939	1026.832	1026.855	1026.854	1026.817	1026.817	1026.879	1026.877	1026.845	1026.925	1026.924	1026.899	1026.888	1026.844	1026.793	1026.78	1026.86	1026.843	1026.82	1026.78	1026.82	1026.824	1026.801	1026.846	1026.849	1026.895	1026.88	1026.893	1026.943	1026.943	1026.929	1027.005	1026.93	1027.008	1027.019	1027.027	1027.062	1027.07	1027.004	1027.077	1027.168	1027.171	1027.132	1027.162	1027.208	1027.165	1027.211	1027.231	1027.223	1027.317	1027.246	1027.309	1027.28	1027.271	1027.38	1027.425	1027.375	1027.487	1027.478	1027.45	1027.48	1027.493	1027.48	1027.511	1027.525	1027.512	1027.574	1027.634	1027.573	1027.696	1027.72	1027.724	1027.79	1027.829	1027.807	1027.868	1027.884	1027.905	1027.951	1028.018	1028.063	1027.983	1028.059	1028.128	1028.161	1028.113	1028.178	1028.211	1028.22	1028.238	1028.286	1028.286	1028.323	1028.33	1028.359	1028.383	1028.446	1028.375	1028.452	1028.456	1028.459	1028.474	1028.507	1028.532
1027.366	1027.333	1027.347	1027.323	1027.319	1027.263	1027.234	1027.297	1027.342	1027.3	1027.405	1027.188	1027.326	1027.243	1027.162	1027.235	1027.174	1027.24	1027.178	1027.178	1027.224	1027.23	1027.187	1027.222	1027.117	1027.143	1027.189	1027.133	1027.121	1027.019	1027.086	1027.125	1027.098	1027.076	1027.074	1027.096	1027.044	1027.053	1027.068	1027.028	1027.016	1027.078	1026.993	1027.037	1027.062	1027.005	1027.067	1027.108	1027.013	1027.001	1027.044	1027.083	1027.006	1027.064	1027.062	1027.065	1027.096	1027.098	1026.972	1027.144	1027.118	1027.111	1027.121	1027.07	1027.102	1027.146	1027.144	1027.193	1027.244	1027.274	1027.333	1027.396	1027.383	1027.356	1027.336	1027.408	1027.407	1027.403	1027.416	1027.438	1027.462	1027.453	1027.512	1027.492	1027.474	1027.531	1027.583	1027.541	1027.523	1027.605	1027.58	1027.592	1027.605	1027.619	1027.688	1027.678	1027.709	1027.753	1027.731	1027.711	1027.898	1027.851	1027.976	1027.972	1027.956	1028.007	1028.089	1028.052	1028.135	1028.18	1028.19	1028.213	1028.23	1028.254	1028.323	1028.354	1028.347	1028.354	1028.408	1028.404	1028.412	1028.433	1028.452	1028.471	1028.48	1028.537	1028.568	1028.605	1028.645	1028.641	1028.693	1028.698	1028.678	1028.716	1028.739	1028.716	1028.796
1027.6	1027.559	1027.513	1027.514	1027.454	1027.614	1027.483	1027.487	1027.494	1027.362	1027.472	1027.43	1027.49	1027.466	1027.416	1027.451	1027.338	1027.44	1027.466	1027.447	1027.419	1027.478	1027.315	1027.479	1027.393	1027.345	1027.337	1027.29	1027.393	1027.379	1027.324	1027.267	1027.232	1027.269	1027.232	1027.261	1027.258	1027.241	1027.244	1027.275	1027.262	1027.356	1027.28	1027.263	1027.286	1027.263	1027.239	1027.182	1027.232	1027.256	1027.228	1027.216	1027.323	1027.199	1027.244	1027.212	1027.241	1027.313	1027.264	1027.34	1027.306	1027.319	1027.335	1027.354	1027.293	1027.39	1027.379	1027.402	1027.427	1027.486	1027.51	1027.484	1027.509	1027.585	1027.644	1027.63	1027.489	1027.573	1027.596	1027.604	1027.659	1027.701	1027.563	1027.744	1027.726	1027.664	1027.699	1027.752	1027.801	1027.856	1027.72	1027.805	1027.877	1027.808	1027.825	1027.935	1027.893	1027.952	1028.039	1028.065	1028.105	1028.151	1028.134	1028.19	1028.271	1028.294	1028.304	1028.38	1028.371	1028.352	1028.4	1028.453	1028.493	1028.454	1028.499	1028.514	1028.527	1028.581	1028.623	1028.604	1028.617	1028.674	1028.707	1028.751	1028.8	1028.804	1028.793	1028.854	1028.873	1028.861	1028.961	1028.942	1028.934	1028.955	1028.965	1028.931	1028.994
1027.884	1027.863	1027.858	1027.935	1027.608	1027.726	1027.627	1027.66	1027.672	1027.619	1027.785	1027.65	1027.609	1027.629	1027.66	1027.642	1027.665	1027.614	1027.651	1027.673	1027.661	1027.645	1027.577	1027.616	1027.575	1027.617	1027.635	1027.566	1027.532	1027.457	1027.479	1027.524	1027.531	1027.502	1027.415	1027.488	1027.585	1027.538	1027.525	1027.568	1027.458	1027.368	1027.45	1027.471	1027.418	1027.382	1027.444	1027.402	1027.435	1027.449	1027.419	1027.405	1027.504	1027.437	1027.521	1027.51	1027.457	1027.483	1027.51	1027.458	1027.495	1027.506	1027.49	1027.525	1027.561	1027.537	1027.561	1027.623	1027.673	1027.663	1027.717	1027.713	1027.781	1027.772	1027.733	1027.725	1027.86	1027.822	1027.844	1027.788	1027.827	1027.93	1027.817	1027.879	1027.889	1027.894	1027.938	1027.988	1027.871	1027.94	1028.004	1027.965	1027.968	1028.036	1028.116	1028.126	1028.195	1028.209	1028.244	1028.296	1028.244	1028.415	1028.405	1028.394	1028.4	1028.443	1028.443	1028.525	1028.542	1028.589	1028.622	1028.578	1028.644	1028.705	1028.719	1028.739	1028.775	1028.779	1028.741	1028.825	1028.869	1028.881	1028.885	1028.926	1028.903	1029.006	1029.042	1029.067	1029.104	1029.148	1029.129	1029.119	1029.187	1029.167	1029.182	1029.293	1029.154
1028.057	1027.985	1027.96	1028.053	1027.985	1028.034	1027.898	1027.894	1027.942	1027.917	1027.867	1027.862	1027.847	1027.876	1027.871	1027.822	1027.936	1027.829	1027.828	1027.812	1027.761	1027.759	1027.841	1027.825	1027.788	1027.733	1027.711	1027.738	1027.817	1027.779	1027.786	1027.755	1027.665	1027.638	1027.85	1027.734	1027.758	1027.766	1027.749	1027.696	1027.777	1027.753	1027.639	1027.618	1027.653	1027.679	1027.571	1027.665	1027.555	1027.546	1027.591	1027.62	1027.664	1027.677	1027.593	1027.614	1027.673	1027.637	1027.684	1027.662	1027.712	1027.703	1027.677	1027.724	1027.813	1027.853	1027.824	1027.863	1027.858	1027.837	1027.926	1027.902	1027.944	1027.982	1027.996	1028.003	1028.06	1027.982	1028.088	1028.094	1028.031	1028.02	1028.124	1028.078	1028.094	1028.11	1028.137	1028.128	1028.208	1028.178	1028.234	1028.238	1028.268	1028.337	1028.343	1028.233	1028.401	1028.424	1028.433	1028.543	1028.498	1028.541	1028.564	1028.587	1028.66	1028.681	1028.706	1028.718	1028.73	1028.767	1028.794	1028.824	1028.848	1028.859	1028.904	1028.92	1028.914	1028.948	1029	1029.035	1029.08	1029.12	1029.161	1029.216	1029.234	1029.291	1029.286	1029.304	1029.273	1029.305	1029.39	1029.405	1029.475	1029.473	1029.46	1029.561	1029.538
1028.194	1028.167	1028.172	1028.194	1028.138	1028.17	1028.152	1028.102	1028.065	1028.064	1028.04	1028.08	1028.021	1028.019	1028.062	1028.071	1028.044	1028.017	1028.027	1028.049	1028.054	1028.024	1027.98	1027.95	1028.027	1028.003	1027.995	1028.012	1027.985	1027.99	1027.975	1028.022	1028.009	1027.955	1027.975	1027.936	1027.915	1027.941	1027.966	1027.936	1027.908	1027.874	1027.855	1027.825	1027.803	1027.878	1027.712	1027.847	1027.856	1027.842	1027.843	1027.842	1027.796	1027.95	1027.841	1027.856	1027.945	1027.85	1027.95	1027.93	1027.906	1027.93	1028.004	1028.067	1028.017	1028.072	1028.086	1028.102	1028.093	1028.131	1028.103	1028.141	1028.105	1028.143	1028.171	1028.153	1028.218	1028.246	1028.244	1028.236	1028.219	1028.211	1028.233	1028.228	1028.231	1028.302	1028.332	1028.301	1028.441	1028.353	1028.392	1028.474	1028.522	1028.466	1028.563	1028.566	1028.581	1028.61	1028.626	1028.662	1028.689	1028.752	1028.768	1028.784	1028.83	1028.813	1028.833	1028.878	1028.938	1028.957	1028.954	1028.984	1029.05	1029.013	1029.082	1029.132	1029.136	1029.187	1029.241	1029.26	1029.339	1029.352	1029.347	1029.379	1029.451	1029.432	1029.46	1029.598	1029.635	1029.601	1029.686	1029.698	1029.709	1029.766	1029.799	1029.796	1029.891
1028.342	1028.301	1028.28	1028.315	1028.302	1028.288	1028.299	1028.258	1028.254	1028.271	1028.22	1028.246	1028.207	1028.225	1028.247	1028.225	1028.176	1028.202	1028.145	1028.178	1028.189	1028.157	1028.179	1028.164	1028.173	1028.12	1028.12	1028.154	1028.093	1028.164	1028.136	1028.167	1028.142	1028.133	1028.054	1028.127	1028.079	1028.03	1028.038	1028.074	1028.087	1028.015	1028.082	1028.07	1027.942	1027.996	1027.983	1027.965	1027.991	1027.921	1027.92	1028.009	1027.978	1028.049	1028.067	1028.072	1028.075	1028.044	1028.125	1028.088	1028.118	1028.115	1028.171	1028.212	1028.178	1028.238	1028.269	1028.297	1028.27	1028.287	1028.219	1028.342	1028.31	1028.303	1028.302	1028.328	1028.354	1028.401	1028.369	1028.38	1028.424	1028.446	1028.386	1028.488	1028.476	1028.494	1028.505	1028.519	1028.543	1028.59	1028.615	1028.675	1028.714	1028.686	1028.737	1028.76	1028.752	1028.831	1028.858	1028.841	1028.86	1028.924	1028.919	1028.936	1028.991	1028.987	1029.064	1029.031	1029.079	1029.145	1029.147	1029.176	1029.233	1029.275	1029.295	1029.34	1029.416	1029.452	1029.468	1029.559	1029.595	1029.62	1029.607	1029.652	1029.752	1029.76	1029.772	1029.907	1029.948	1029.972	1029.976	1030.04	1030.012	1030.024	1030.044	1030.037	1030.094
