1014.415	1014.463	1014.452	1014.435	1014.478	1014.435	1014.419	1014.478	1014.482	1014.455	1014.462	1014.436	1014.484	1014.471	1014.473	1014.492	1014.494	1014.481	1014.485	1014.54	1014.492	1014.533	1014.549	1014.527	1014.464	1014.5	1014.589	1014.493	1014.566	1014.509	1014.566	1014.515	1014.486	1014.567	1014.592	1014.548	1014.596	1014.554	1014.617	1014.578	1014.547	1014.529	1014.602	1014.642	1014.609	1014.617	1014.585	1014.584	1014.593	1014.606	1014.619	1014.604	1014.573	1014.568	1014.569	1014.571	1014.561	1014.543	1014.561	1014.574	1014.599	1014.632	1014.632	1014.598	1014.618	1014.582	1014.631	1014.619	1014.606	1014.572	1014.604	1014.638	1014.618	1014.654	1014.634	1014.64	1014.662	1014.616	1014.604	1014.638	1014.626	1014.64	1014.64	1014.619	1014.659	1014.658	1014.655	1014.681	1014.648	1014.59	1014.645	1014.617	1014.642	1014.621	1014.653	1014.652	1014.656	1014.667	1014.649	1014.699	1014.701	1014.651	1014.71	1014.702	1014.745	1014.73	1014.669	1014.738	1014.666	1014.709	1014.683	1014.685	1014.699	1014.682	1014.707	1014.747	1014.731	1014.726	1014.758	1014.71	1014.756	1014.734	1014.722	1014.741	1014.734	1014.765	1014.777	1014.736	1014.805	1014.732	1014.794	1014.841	1014.813	1014.801	1014.787	1014.785	1014.773
1014.504	1014.541	1014.529	1014.495	1014.539	1014.481	1014.459	1014.551	1014.571	1014.532	1014.536	1014.56	1014.566	1014.602	1014.603	1014.554	1014.543	1014.578	1014.587	1014.577	1014.566	1014.66	1014.564	1014.536	1014.606	1014.642	1014.656	1014.566	1014.633	1014.575	1014.655	1014.601	1014.562	1014.609	1014.626	1014.64	1014.621	1014.668	1014.625	1014.641	1014.659	1014.633	1014.684	1014.716	1014.709	1014.686	1014.665	1014.698	1014.684	1014.703	1014.726	1014.696	1014.65	1014.661	1014.717	1014.588	1014.712	1014.64	1014.671	1014.69	1014.66	1014.682	1014.729	1014.637	1014.731	1014.695	1014.726	1014.728	1014.711	1014.692	1014.723	1014.715	1014.749	1014.708	1014.735	1014.729	1014.724	1014.694	1014.683	1014.711	1014.708	1014.722	1014.7	1014.723	1014.733	1014.72	1014.721	1014.716	1014.668	1014.701	1014.73	1014.692	1014.762	1014.702	1014.736	1014.734	1014.713	1014.732	1014.734	1014.773	1014.758	1014.783	1014.806	1014.776	1014.818	1014.834	1014.784	1014.829	1014.754	1014.841	1014.768	1014.778	1014.767	1014.742	1014.746	1014.794	1014.836	1014.794	1014.868	1014.833	1014.849	1014.87	1014.857	1014.871	1014.871	1014.836	1014.87	1014.863	1014.852	1014.825	1014.81	1014.853	1014.857	1014.842	1014.895	1014.856	1014.849
1014.662	1014.596	1014.544	1014.616	1014.696	1014.667	1014.64	1014.637	1014.669	1014.686	1014.651	1014.639	1014.629	1014.698	1014.685	1014.635	1014.615	1014.682	1014.675	1014.713	1014.69	1014.714	1014.572	1014.63	1014.705	1014.713	1014.676	1014.694	1014.741	1014.733	1014.734	1014.624	1014.7	1014.771	1014.727	1014.735	1014.643	1014.767	1014.742	1014.791	1014.733	1014.762	1014.813	1014.81	1014.731	1014.739	1014.792	1014.764	1014.737	1014.821	1014.767	1014.736	1014.741	1014.772	1014.84	1014.726	1014.788	1014.762	1014.81	1014.786	1014.76	1014.73	1014.765	1014.761	1014.796	1014.797	1014.773	1014.813	1014.801	1014.792	1014.808	1014.811	1014.868	1014.767	1014.852	1014.803	1014.791	1014.813	1014.806	1014.796	1014.812	1014.823	1014.809	1014.834	1014.798	1014.804	1014.792	1014.778	1014.767	1014.854	1014.823	1014.821	1014.854	1014.841	1014.859	1014.852	1014.82	1014.815	1014.867	1014.865	1014.851	1014.868	1014.853	1014.851	1014.845	1014.869	1014.866	1014.866	1014.858	1014.9	1014.839	1014.901	1014.851	1014.889	1014.882	1014.84	1014.912	1014.894	1014.887	1014.968	1014.924	1014.94	1014.938	1014.943	1014.979	1014.939	1014.94	1014.948	1014.893	1014.987	1014.912	1014.934	1014.936	1014.902	1014.96	1014.956	1014.969
1014.672	1014.735	1014.74	1014.804	1014.716	1014.669	1014.679	1014.725	1014.748	1014.695	1014.715	1014.752	1014.789	1014.744	1014.728	1014.744	1014.754	1014.748	1014.707	1014.841	1014.735	1014.777	1014.84	1014.825	1014.797	1014.824	1014.878	1014.785	1014.731	1014.736	1014.821	1014.812	1014.895	1014.876	1014.769	1014.807	1014.847	1014.898	1014.791	1014.833	1014.814	1014.881	1014.865	1014.81	1014.828	1014.903	1014.851	1014.881	1014.895	1014.891	1014.836	1014.851	1014.894	1014.826	1014.832	1014.885	1014.854	1014.882	1014.873	1014.846	1014.868	1014.895	1014.826	1014.946	1014.783	1014.901	1014.904	1014.896	1014.874	1014.877	1014.919	1014.917	1014.905	1014.877	1014.933	1014.877	1014.922	1014.922	1014.913	1014.937	1014.924	1014.886	1014.884	1014.881	1014.926	1014.932	1014.886	1014.9	1014.915	1014.887	1014.914	1014.99	1014.899	1014.951	1014.924	1014.942	1014.961	1014.943	1014.945	1014.933	1014.992	1014.941	1014.934	1014.98	1014.943	1014.954	1014.971	1014.942	1014.999	1014.985	1014.942	1015.085	1014.987	1015.03	1015.045	1014.987	1014.998	1015.023	1015.015	1015.008	1014.991	1014.997	1015.016	1015.007	1015.009	1015.066	1014.988	1015.091	1015.023	1015.066	1015.039	1015.045	1015.053	1015.046	1015.04	1015.03	1015.064
1014.881	1014.835	1014.697	1014.74	1014.874	1014.93	1014.911	1014.886	1014.852	1014.836	1014.968	1014.799	1014.852	1014.813	1014.85	1014.838	1014.799	1014.917	1014.915	1014.833	1014.901	1014.901	1014.848	1014.842	1014.908	1014.939	1014.841	1014.794	1015.081	1014.939	1014.959	1014.902	1014.852	1014.883	1014.96	1014.981	1014.879	1014.905	1014.924	1015	1014.995	1014.972	1014.914	1014.926	1015.008	1014.925	1014.893	1015.026	1014.962	1014.953	1014.974	1014.959	1014.943	1015.007	1015.013	1014.962	1014.947	1014.937	1015.004	1014.971	1014.964	1014.984	1014.936	1015.033	1014.922	1015.06	1014.937	1014.957	1014.969	1014.975	1014.992	1014.963	1015.004	1015.071	1014.994	1015.018	1015.063	1015.03	1015.021	1015.034	1014.989	1015.01	1015.043	1015.015	1015.001	1014.984	1014.996	1015.008	1015.015	1015.01	1015.028	1015.014	1014.934	1015.05	1015.006	1015.025	1015.036	1015.022	1015.04	1015.017	1015.028	1015.05	1015.067	1015.035	1015.046	1015.093	1015.099	1015.083	1015.072	1015.103	1015.092	1015.04	1015.106	1015.073	1015.068	1015.121	1015.092	1015.053	1015.155	1015.073	1015.15	1015.092	1015.131	1015.131	1015.086	1015.142	1015.051	1015.148	1015.136	1015.096	1015.133	1015.137	1015.108	1015.121	1015.148	1015.12	1015.206
1014.894	1014.847	1015.06	1014.994	1014.936	1014.859	1014.846	1014.904	1014.955	1014.922	1014.959	1014.887	1014.988	1014.968	1014.99	1014.992	1014.958	1014.954	1014.937	1014.955	1015.002	1015.013	1015.004	1015.054	1015.033	1014.986	1015.063	1015.059	1014.955	1014.887	1014.968	1015.033	1015.082	1015.097	1015.028	1014.963	1015.061	1015.127	1015.097	1015.01	1014.987	1015.058	1015.115	1015.093	1015.009	1015.036	1015.217	1015.024	1015.071	1015.063	1015.094	1015.073	1015.028	1015.059	1015.025	1014.986	1015.154	1015.012	1015.056	1015.054	1015.046	1015.086	1015.067	1015.041	1015.017	1015.078	1015.018	1015.122	1015.111	1015.084	1015.131	1015.119	1015.134	1015.047	1015.12	1015.111	1015.08	1015.089	1015.11	1015.1	1015.086	1015.136	1015.056	1015.11	1015.113	1015.114	1015.141	1015.106	1015.086	1015.149	1015.091	1015.123	1015.195	1015.117	1015.123	1015.141	1015.122	1015.115	1015.171	1015.166	1015.144	1015.119	1015.173	1015.164	1015.195	1015.182	1015.143	1015.208	1015.173	1015.123	1015.257	1015.17	1015.238	1015.231	1015.203	1015.231	1015.225	1015.195	1015.278	1015.138	1015.255	1015.175	1015.195	1015.216	1015.206	1015.25	1015.263	1015.208	1015.206	1015.28	1015.243	1015.237	1015.251	1015.252	1015.259	1015.239	1015.201
1015.139	1014.988	1014.983	1014.978	1015.046	1015.082	1015.134	1015.138	1015.083	1015.074	1015.06	1015.127	1015.099	1015.04	1015.026	1015.061	1015.085	1015.091	1015.067	1015.187	1015.001	1015.086	1015.101	1015.116	1015.088	1015.086	1015.14	1015.077	1015.073	1015.288	1015.205	1015.113	1015.112	1015.103	1015.099	1015.18	1015.223	1015.069	1015.126	1015.191	1015.245	1015.212	1015.137	1015.134	1015.201	1015.218	1015.156	1015.105	1015.254	1015.154	1015.132	1015.203	1015.22	1015.174	1015.228	1015.168	1015.164	1015.164	1015.172	1015.171	1015.161	1015.17	1015.162	1015.184	1015.196	1015.165	1015.19	1015.163	1015.154	1015.202	1015.228	1015.17	1015.232	1015.179	1015.255	1015.204	1015.231	1015.247	1015.226	1015.214	1015.222	1015.203	1015.211	1015.23	1015.211	1015.18	1015.191	1015.217	1015.223	1015.21	1015.2	1015.222	1015.195	1015.196	1015.245	1015.236	1015.246	1015.278	1015.22	1015.171	1015.303	1015.222	1015.258	1015.232	1015.25	1015.279	1015.267	1015.279	1015.285	1015.298	1015.251	1015.312	1015.244	1015.287	1015.319	1015.293	1015.315	1015.3	1015.298	1015.324	1015.307	1015.353	1015.337	1015.319	1015.319	1015.279	1015.282	1015.372	1015.329	1015.35	1015.314	1015.329	1015.364	1015.339	1015.34	1015.438	1015.35
1015.098	1015.177	1015.16	1015.196	1015.194	1015.103	1015.098	1015.131	1015.108	1015.212	1015.15	1015.171	1015.127	1015.189	1015.216	1015.203	1015.166	1015.196	1015.154	1015.206	1015.182	1015.268	1015.223	1015.226	1015.255	1015.259	1015.213	1015.256	1015.299	1015.221	1015.208	1015.228	1015.281	1015.275	1015.262	1015.259	1015.239	1015.306	1015.338	1015.207	1015.249	1015.314	1015.305	1015.297	1015.304	1015.259	1015.286	1015.344	1015.157	1015.26	1015.303	1015.32	1015.275	1015.266	1015.299	1015.297	1015.234	1015.34	1015.284	1015.281	1015.287	1015.274	1015.282	1015.285	1015.288	1015.268	1015.296	1015.276	1015.316	1015.349	1015.3	1015.304	1015.359	1015.292	1015.336	1015.301	1015.341	1015.304	1015.282	1015.331	1015.316	1015.313	1015.36	1015.316	1015.336	1015.344	1015.317	1015.322	1015.328	1015.279	1015.359	1015.328	1015.336	1015.386	1015.369	1015.343	1015.352	1015.367	1015.347	1015.372	1015.357	1015.332	1015.367	1015.368	1015.338	1015.367	1015.389	1015.37	1015.349	1015.49	1015.328	1015.506	1015.399	1015.411	1015.434	1015.413	1015.446	1015.435	1015.408	1015.494	1015.352	1015.437	1015.418	1015.401	1015.477	1015.481	1015.433	1015.45	1015.419	1015.446	1015.481	1015.447	1015.463	1015.505	1015.528	1015.486	1015.509
1015.226	1015.296	1015.225	1015.254	1015.26	1015.226	1015.306	1015.34	1015.251	1015.291	1015.234	1015.348	1015.293	1015.196	1015.257	1015.325	1015.329	1015.323	1015.338	1015.305	1015.323	1015.326	1015.415	1015.374	1015.31	1015.275	1015.34	1015.377	1015.358	1015.386	1015.406	1015.315	1015.351	1015.357	1015.342	1015.387	1015.429	1015.402	1015.352	1015.376	1015.407	1015.448	1015.394	1015.381	1015.392	1015.468	1015.349	1015.431	1015.323	1015.402	1015.432	1015.415	1015.409	1015.428	1015.357	1015.458	1015.411	1015.444	1015.428	1015.426	1015.401	1015.379	1015.431	1015.4	1015.438	1015.433	1015.423	1015.415	1015.427	1015.418	1015.388	1015.431	1015.392	1015.428	1015.444	1015.441	1015.422	1015.414	1015.426	1015.464	1015.422	1015.473	1015.415	1015.477	1015.447	1015.45	1015.43	1015.44	1015.443	1015.437	1015.488	1015.424	1015.478	1015.465	1015.465	1015.464	1015.472	1015.46	1015.464	1015.487	1015.437	1015.518	1015.487	1015.498	1015.489	1015.439	1015.416	1015.531	1015.459	1015.567	1015.496	1015.56	1015.554	1015.548	1015.557	1015.542	1015.543	1015.545	1015.524	1015.547	1015.524	1015.537	1015.547	1015.539	1015.586	1015.537	1015.594	1015.53	1015.636	1015.581	1015.58	1015.571	1015.586	1015.619	1015.632	1015.588	1015.69
1015.338	1015.388	1015.332	1015.381	1015.371	1015.349	1015.443	1015.408	1015.369	1015.4	1015.401	1015.409	1015.428	1015.353	1015.379	1015.446	1015.404	1015.37	1015.451	1015.374	1015.467	1015.4	1015.464	1015.451	1015.394	1015.428	1015.471	1015.457	1015.444	1015.493	1015.453	1015.417	1015.546	1015.546	1015.483	1015.513	1015.514	1015.477	1015.481	1015.481	1015.517	1015.511	1015.474	1015.525	1015.526	1015.59	1015.463	1015.548	1015.588	1015.595	1015.596	1015.572	1015.513	1015.497	1015.525	1015.564	1015.523	1015.532	1015.528	1015.52	1015.507	1015.501	1015.551	1015.503	1015.558	1015.526	1015.578	1015.555	1015.566	1015.544	1015.497	1015.532	1015.512	1015.582	1015.532	1015.562	1015.543	1015.548	1015.568	1015.561	1015.55	1015.592	1015.507	1015.606	1015.541	1015.559	1015.589	1015.593	1015.583	1015.591	1015.59	1015.58	1015.604	1015.587	1015.596	1015.514	1015.519	1015.612	1015.618	1015.604	1015.596	1015.612	1015.624	1015.601	1015.63	1015.586	1015.55	1015.627	1015.607	1015.622	1015.661	1015.605	1015.636	1015.611	1015.634	1015.687	1015.677	1015.683	1015.731	1015.657	1015.721	1015.704	1015.682	1015.677	1015.702	1015.683	1015.753	1015.643	1015.761	1015.738	1015.736	1015.763	1015.79	1015.737	1015.752	1015.721	1015.811
1015.473	1015.49	1015.471	1015.517	1015.476	1015.442	1015.515	1015.461	1015.465	1015.463	1015.548	1015.485	1015.514	1015.527	1015.543	1015.558	1015.501	1015.485	1015.584	1015.46	1015.593	1015.513	1015.564	1015.554	1015.571	1015.621	1015.569	1015.6	1015.579	1015.583	1015.516	1015.576	1015.712	1015.659	1015.588	1015.606	1015.585	1015.591	1015.663	1015.581	1015.638	1015.638	1015.577	1015.635	1015.614	1015.616	1015.671	1015.624	1015.69	1015.674	1015.673	1015.671	1015.621	1015.616	1015.7	1015.633	1015.664	1015.687	1015.663	1015.659	1015.683	1015.686	1015.682	1015.664	1015.719	1015.616	1015.7	1015.641	1015.671	1015.692	1015.655	1015.666	1015.673	1015.703	1015.626	1015.675	1015.646	1015.65	1015.671	1015.648	1015.649	1015.666	1015.66	1015.689	1015.645	1015.673	1015.714	1015.714	1015.695	1015.705	1015.708	1015.719	1015.713	1015.719	1015.748	1015.652	1015.661	1015.756	1015.715	1015.714	1015.764	1015.676	1015.745	1015.732	1015.772	1015.806	1015.772	1015.739	1015.804	1015.714	1015.809	1015.735	1015.8	1015.766	1015.766	1015.816	1015.811	1015.797	1015.84	1015.8	1015.848	1015.84	1015.837	1015.779	1015.804	1015.836	1015.821	1015.863	1015.824	1015.878	1015.855	1015.903	1015.938	1015.889	1015.915	1015.901	1015.885
1015.612	1015.615	1015.569	1015.608	1015.568	1015.578	1015.666	1015.638	1015.622	1015.539	1015.632	1015.655	1015.638	1015.62	1015.631	1015.659	1015.653	1015.68	1015.728	1015.66	1015.686	1015.659	1015.7	1015.685	1015.692	1015.742	1015.662	1015.756	1015.663	1015.701	1015.711	1015.755	1015.738	1015.669	1015.663	1015.703	1015.747	1015.702	1015.757	1015.717	1015.829	1015.776	1015.706	1015.736	1015.756	1015.693	1015.81	1015.714	1015.765	1015.783	1015.757	1015.771	1015.787	1015.822	1015.806	1015.761	1015.822	1015.783	1015.749	1015.768	1015.792	1015.8	1015.776	1015.775	1015.802	1015.75	1015.801	1015.74	1015.773	1015.792	1015.784	1015.81	1015.781	1015.774	1015.796	1015.794	1015.766	1015.794	1015.804	1015.82	1015.794	1015.732	1015.846	1015.753	1015.814	1015.833	1015.815	1015.816	1015.808	1015.812	1015.828	1015.823	1015.833	1015.818	1015.863	1015.867	1015.874	1015.891	1015.835	1015.837	1015.878	1015.822	1015.832	1015.822	1015.84	1015.873	1015.922	1015.846	1015.974	1015.826	1015.926	1015.884	1015.942	1015.942	1015.934	1015.915	1015.922	1015.944	1015.914	1015.97	1015.94	1015.99	1016.012	1015.948	1015.96	1016.025	1015.903	1016.078	1015.967	1016.029	1016.004	1016.011	1016.029	1016.011	1016.025	1016.052	1016.015
1015.694	1015.723	1015.708	1015.783	1015.759	1015.722	1015.721	1015.655	1015.653	1015.793	1015.726	1015.732	1015.731	1015.735	1015.799	1015.798	1015.757	1015.748	1015.749	1015.827	1015.828	1015.778	1015.826	1015.818	1015.822	1015.861	1015.863	1015.862	1015.729	1015.904	1015.752	1015.811	1015.852	1015.861	1015.876	1015.785	1015.899	1015.791	1015.825	1015.914	1015.833	1015.809	1015.836	1015.888	1015.958	1015.854	1015.826	1015.862	1015.943	1015.91	1015.832	1015.842	1015.882	1015.913	1015.85	1015.935	1015.882	1015.831	1015.882	1015.894	1015.877	1015.861	1015.89	1015.875	1015.88	1015.904	1015.897	1015.901	1015.933	1015.924	1015.909	1015.934	1015.892	1015.93	1015.921	1015.848	1015.879	1015.926	1015.905	1015.882	1015.93	1015.879	1015.969	1015.882	1015.944	1015.905	1015.934	1015.953	1015.921	1015.919	1015.963	1015.926	1015.983	1015.988	1015.975	1015.986	1015.984	1015.99	1016.037	1016.016	1015.924	1016.067	1015.9	1016.008	1016.02	1016.003	1016.027	1016.01	1016.029	1016.007	1016.056	1016.04	1016.045	1016.069	1016.077	1016.062	1016.044	1016.097	1016.042	1016.102	1016.051	1016.059	1016.097	1016.1	1016.125	1016.178	1016.067	1016.14	1016.074	1016.144	1016.115	1016.136	1016.144	1016.109	1016.079	1016.16	1016.158
1015.837	1015.96	1015.894	1015.845	1015.836	1015.861	1015.959	1016.009	1015.897	1015.934	1015.852	1015.877	1015.898	1015.866	1015.85	1015.828	1015.849	1015.983	1015.946	1015.87	1015.922	1015.945	1015.915	1015.927	1015.947	1015.938	1015.909	1015.945	1015.942	1016.023	1015.917	1016.056	1016.006	1015.885	1015.917	1015.906	1015.997	1015.986	1015.991	1015.966	1015.924	1015.988	1016.018	1015.978	1015.92	1016.001	1016.008	1016.028	1015.961	1015.955	1016.015	1016.049	1016.019	1015.999	1016.024	1016.036	1015.967	1016.047	1015.993	1015.978	1016.007	1016.01	1016.011	1016.004	1016.003	1016.009	1016.001	1016.008	1016.004	1016.008	1016.02	1016.012	1016.017	1016.033	1015.983	1016.055	1016.038	1016.036	1016.037	1016.029	1016.052	1016.008	1016.037	1016.021	1016.051	1016.019	1016.048	1016.041	1016.019	1016.087	1016.069	1016.086	1016.016	1016.048	1016.073	1016.074	1016.087	1016.085	1016.055	1016.12	1016.017	1016.176	1016.086	1016.137	1016.107	1016.083	1016.115	1016.117	1016.116	1016.152	1016.112	1016.117	1016.155	1016.14	1016.138	1016.164	1016.143	1016.163	1016.167	1016.144	1016.198	1016.2	1016.196	1016.186	1016.163	1016.174	1016.227	1016.193	1016.219	1016.216	1016.185	1016.197	1016.211	1016.24	1016.298	1016.233	1016.273
1015.968	1016.001	1015.966	1016.019	1016.055	1016.012	1015.948	1015.951	1015.94	1015.938	1016.02	1016.053	1016.01	1016.01	1016.041	1016.062	1016.024	1015.956	1015.998	1016.06	1016.036	1016.031	1016.043	1016.049	1016.058	1016.063	1016.068	1016.102	1016.031	1016.052	1016.073	1016.061	1016.034	1016.064	1016.15	1016.148	1016.041	1016.037	1016.057	1016.05	1016.137	1016.068	1016.033	1016.114	1016.137	1016.127	1016.043	1016.076	1016.136	1016.141	1016.079	1016.052	1016.079	1016.127	1016.104	1016.078	1016.09	1016.104	1016.067	1016.103	1016.113	1016.064	1016.071	1016.1	1016.094	1016.082	1016.101	1016.105	1016.092	1016.1	1016.106	1016.099	1016.102	1016.129	1016.083	1016.134	1016.073	1016.092	1016.137	1016.108	1016.11	1016.136	1016.172	1016.133	1016.139	1016.141	1016.159	1016.159	1016.171	1016.198	1016.085	1016.229	1016.192	1016.176	1016.189	1016.153	1016.187	1016.218	1016.139	1016.276	1016.229	1016.174	1016.216	1016.202	1016.203	1016.246	1016.253	1016.211	1016.243	1016.221	1016.264	1016.246	1016.266	1016.267	1016.266	1016.279	1016.264	1016.241	1016.321	1016.252	1016.254	1016.272	1016.264	1016.311	1016.342	1016.282	1016.355	1016.251	1016.341	1016.305	1016.335	1016.374	1016.352	1016.334	1016.361	1016.302	1016.413
1016.173	1016.12	1016.156	1016.122	1016.084	1016.118	1016.133	1016.122	1016.181	1016.175	1016.121	1016.087	1016.104	1016.14	1016.108	1016.103	1016.123	1016.126	1016.171	1016.136	1016.146	1016.125	1016.165	1016.152	1016.14	1016.154	1016.15	1016.118	1016.183	1016.195	1016.206	1016.155	1016.213	1016.197	1016.12	1016.124	1016.214	1016.196	1016.25	1016.154	1016.182	1016.17	1016.197	1016.243	1016.144	1016.174	1016.223	1016.218	1016.181	1016.191	1016.2	1016.245	1016.262	1016.201	1016.176	1016.26	1016.239	1016.193	1016.244	1016.241	1016.195	1016.2	1016.254	1016.191	1016.229	1016.212	1016.231	1016.203	1016.229	1016.217	1016.184	1016.243	1016.191	1016.24	1016.235	1016.219	1016.27	1016.274	1016.231	1016.217	1016.257	1016.226	1016.236	1016.228	1016.257	1016.251	1016.261	1016.26	1016.258	1016.275	1016.327	1016.259	1016.282	1016.275	1016.312	1016.288	1016.271	1016.286	1016.311	1016.259	1016.31	1016.326	1016.342	1016.313	1016.321	1016.318	1016.303	1016.328	1016.371	1016.292	1016.373	1016.342	1016.327	1016.352	1016.349	1016.332	1016.379	1016.391	1016.326	1016.44	1016.39	1016.432	1016.4	1016.382	1016.414	1016.393	1016.43	1016.397	1016.436	1016.404	1016.41	1016.418	1016.458	1016.488	1016.475	1016.555	1016.47
1016.249	1016.179	1016.238	1016.248	1016.207	1016.203	1016.214	1016.191	1016.2	1016.167	1016.22	1016.254	1016.213	1016.241	1016.261	1016.256	1016.243	1016.237	1016.265	1016.181	1016.276	1016.253	1016.265	1016.286	1016.284	1016.278	1016.277	1016.264	1016.333	1016.235	1016.306	1016.275	1016.218	1016.226	1016.32	1016.396	1016.317	1016.204	1016.285	1016.329	1016.314	1016.321	1016.32	1016.296	1016.273	1016.352	1016.266	1016.324	1016.319	1016.335	1016.32	1016.327	1016.318	1016.296	1016.367	1016.301	1016.324	1016.368	1016.364	1016.354	1016.336	1016.343	1016.319	1016.313	1016.393	1016.317	1016.391	1016.337	1016.35	1016.346	1016.331	1016.373	1016.328	1016.356	1016.35	1016.344	1016.347	1016.321	1016.308	1016.341	1016.348	1016.327	1016.386	1016.357	1016.361	1016.362	1016.358	1016.383	1016.385	1016.361	1016.461	1016.363	1016.445	1016.418	1016.409	1016.49	1016.471	1016.405	1016.485	1016.405	1016.489	1016.444	1016.417	1016.426	1016.432	1016.429	1016.445	1016.468	1016.429	1016.459	1016.441	1016.47	1016.465	1016.442	1016.451	1016.472	1016.453	1016.526	1016.445	1016.552	1016.45	1016.522	1016.551	1016.54	1016.556	1016.553	1016.557	1016.549	1016.548	1016.56	1016.608	1016.564	1016.587	1016.61	1016.553	1016.639	1016.564
1016.382	1016.376	1016.339	1016.353	1016.387	1016.356	1016.347	1016.34	1016.369	1016.387	1016.347	1016.331	1016.329	1016.335	1016.346	1016.365	1016.349	1016.343	1016.378	1016.382	1016.377	1016.364	1016.379	1016.402	1016.391	1016.379	1016.405	1016.381	1016.402	1016.404	1016.413	1016.461	1016.397	1016.394	1016.486	1016.384	1016.361	1016.48	1016.411	1016.434	1016.418	1016.418	1016.438	1016.429	1016.422	1016.428	1016.375	1016.486	1016.447	1016.474	1016.447	1016.478	1016.506	1016.443	1016.466	1016.437	1016.497	1016.49	1016.464	1016.468	1016.475	1016.454	1016.482	1016.505	1016.511	1016.429	1016.517	1016.485	1016.489	1016.504	1016.499	1016.48	1016.459	1016.508	1016.447	1016.49	1016.466	1016.462	1016.482	1016.498	1016.474	1016.496	1016.469	1016.482	1016.474	1016.537	1016.508	1016.494	1016.506	1016.493	1016.524	1016.54	1016.522	1016.563	1016.511	1016.57	1016.597	1016.582	1016.585	1016.539	1016.585	1016.527	1016.551	1016.538	1016.548	1016.54	1016.564	1016.565	1016.52	1016.624	1016.538	1016.564	1016.604	1016.564	1016.601	1016.648	1016.559	1016.644	1016.581	1016.654	1016.625	1016.635	1016.653	1016.656	1016.68	1016.664	1016.688	1016.658	1016.727	1016.678	1016.717	1016.684	1016.68	1016.692	1016.698	1016.758	1016.722
1016.542	1016.448	1016.461	1016.448	1016.478	1016.509	1016.496	1016.445	1016.437	1016.492	1016.454	1016.457	1016.486	1016.493	1016.439	1016.467	1016.52	1016.536	1016.484	1016.542	1016.481	1016.544	1016.536	1016.514	1016.502	1016.502	1016.504	1016.522	1016.482	1016.588	1016.48	1016.54	1016.56	1016.554	1016.593	1016.545	1016.523	1016.602	1016.513	1016.576	1016.573	1016.575	1016.597	1016.556	1016.54	1016.569	1016.602	1016.609	1016.56	1016.586	1016.575	1016.608	1016.615	1016.558	1016.596	1016.598	1016.607	1016.598	1016.59	1016.581	1016.577	1016.595	1016.643	1016.589	1016.596	1016.61	1016.574	1016.581	1016.59	1016.602	1016.632	1016.635	1016.6	1016.645	1016.583	1016.621	1016.596	1016.591	1016.608	1016.623	1016.628	1016.658	1016.56	1016.663	1016.59	1016.666	1016.711	1016.694	1016.691	1016.7	1016.646	1016.731	1016.625	1016.692	1016.679	1016.646	1016.668	1016.693	1016.678	1016.675	1016.71	1016.658	1016.707	1016.682	1016.736	1016.734	1016.682	1016.699	1016.69	1016.678	1016.71	1016.678	1016.732	1016.753	1016.787	1016.784	1016.736	1016.779	1016.72	1016.77	1016.762	1016.78	1016.792	1016.799	1016.804	1016.772	1016.853	1016.758	1016.872	1016.825	1016.856	1016.87	1016.864	1016.864	1016.887	1016.854	1016.873
1016.667	1016.524	1016.643	1016.612	1016.618	1016.654	1016.624	1016.568	1016.571	1016.613	1016.596	1016.621	1016.632	1016.634	1016.576	1016.572	1016.64	1016.687	1016.589	1016.681	1016.609	1016.679	1016.652	1016.637	1016.668	1016.68	1016.653	1016.714	1016.619	1016.687	1016.628	1016.664	1016.688	1016.664	1016.7	1016.727	1016.681	1016.651	1016.709	1016.749	1016.698	1016.71	1016.709	1016.664	1016.689	1016.717	1016.711	1016.692	1016.696	1016.694	1016.685	1016.697	1016.701	1016.711	1016.754	1016.729	1016.73	1016.748	1016.734	1016.731	1016.774	1016.791	1016.797	1016.745	1016.742	1016.778	1016.718	1016.772	1016.781	1016.767	1016.781	1016.792	1016.769	1016.773	1016.78	1016.775	1016.78	1016.781	1016.778	1016.786	1016.766	1016.749	1016.755	1016.774	1016.734	1016.726	1016.779	1016.781	1016.765	1016.828	1016.757	1016.855	1016.789	1016.827	1016.809	1016.774	1016.786	1016.818	1016.818	1016.846	1016.849	1016.842	1016.872	1016.852	1016.923	1016.912	1016.855	1016.861	1016.881	1016.803	1016.897	1016.838	1016.851	1016.87	1016.877	1016.861	1016.88	1016.879	1016.868	1016.921	1016.879	1016.927	1016.935	1016.941	1016.943	1016.901	1016.992	1016.902	1016.963	1016.941	1016.962	1016.983	1016.99	1016.993	1017.016	1016.984	1017.033
1016.767	1016.759	1016.806	1016.739	1016.76	1016.76	1016.731	1016.707	1016.787	1016.775	1016.754	1016.747	1016.742	1016.776	1016.744	1016.744	1016.749	1016.768	1016.751	1016.812	1016.78	1016.769	1016.75	1016.763	1016.787	1016.839	1016.794	1016.829	1016.799	1016.789	1016.816	1016.836	1016.832	1016.818	1016.813	1016.795	1016.823	1016.852	1016.938	1016.851	1016.807	1016.847	1016.854	1016.825	1016.877	1016.874	1016.819	1016.855	1016.899	1016.822	1016.884	1016.894	1016.86	1016.91	1016.894	1016.865	1016.913	1016.893	1016.85	1016.868	1016.908	1016.911	1016.864	1016.941	1016.888	1016.895	1016.899	1016.964	1016.924	1016.906	1016.899	1016.884	1016.922	1016.882	1016.926	1016.891	1016.927	1016.92	1016.918	1016.961	1016.915	1016.885	1016.99	1016.838	1016.974	1016.928	1016.921	1016.915	1016.869	1016.942	1016.905	1016.929	1016.992	1016.985	1016.939	1016.968	1016.98	1016.961	1016.989	1016.979	1016.974	1016.993	1016.983	1017.005	1016.972	1016.962	1017.014	1016.971	1017.006	1017.006	1017.029	1017.016	1017.01	1017.009	1017.011	1017.006	1017.027	1017.01	1017.039	1017.099	1017.04	1017.084	1017.052	1017.068	1017.125	1017.082	1017.102	1017.089	1017.092	1017.098	1017.101	1017.105	1017.108	1017.113	1017.131	1017.161	1017.173
1016.861	1016.911	1016.856	1016.834	1016.853	1016.891	1016.895	1016.864	1016.849	1016.824	1016.861	1016.858	1016.986	1016.941	1016.854	1016.886	1016.95	1016.958	1016.963	1016.856	1016.942	1016.919	1016.953	1016.926	1016.9	1016.943	1016.977	1016.894	1017.001	1016.945	1016.924	1016.926	1016.939	1016.953	1016.982	1016.926	1017.035	1017	1016.946	1016.948	1017.006	1017.024	1017.031	1017.009	1016.961	1017.001	1017.109	1017.034	1016.987	1016.992	1017.088	1017.073	1017.006	1017.033	1016.989	1017.063	1017.035	1016.987	1017.047	1017.051	1017.049	1017.038	1016.987	1017.093	1016.983	1017.083	1017.104	1017.063	1017.044	1017.059	1017.074	1017.011	1017.122	1017.008	1017.077	1017.04	1017.053	1017.024	1017.005	1017.054	1017.073	1017.025	1017.157	1016.978	1017.178	1017.066	1017.062	1017.089	1017.082	1017.08	1017.123	1017.108	1017.068	1017.12	1017.106	1017.131	1017.127	1017.123	1017.176	1017.107	1017.129	1017.17	1017.089	1017.166	1017.106	1017.103	1017.198	1017.15	1017.184	1017.194	1017.117	1017.2	1017.178	1017.155	1017.186	1017.208	1017.181	1017.246	1017.182	1017.206	1017.222	1017.229	1017.218	1017.228	1017.246	1017.266	1017.217	1017.289	1017.269	1017.269	1017.272	1017.268	1017.271	1017.307	1017.297	1017.325	1017.289
1016.937	1017.007	1017.076	1017.131	1017.001	1016.993	1017.044	1017.047	1017.073	1017.094	1017.108	1016.963	1016.964	1017.023	1017.04	1017.08	1017.073	1016.997	1017.076	1017.018	1017.141	1017.057	1017.033	1017.069	1017.062	1017.035	1017.077	1017.023	1017.082	1017.045	1017.096	1017.162	1017.15	1017.088	1017.089	1017.118	1017.096	1017.058	1017.194	1017.21	1017.102	1017.076	1017.118	1017.176	1017.193	1017.168	1017.155	1017.087	1017.194	1017.239	1017.199	1017.149	1017.174	1017.238	1017.213	1017.214	1017.172	1017.203	1017.244	1017.195	1017.19	1017.225	1017.218	1017.199	1017.199	1017.265	1017.152	1017.252	1017.241	1017.206	1017.22	1017.208	1017.249	1017.186	1017.257	1017.244	1017.226	1017.267	1017.263	1017.225	1017.271	1017.13	1017.239	1017.237	1017.215	1017.189	1017.231	1017.255	1017.247	1017.232	1017.143	1017.31	1017.229	1017.273	1017.256	1017.244	1017.259	1017.253	1017.253	1017.283	1017.233	1017.29	1017.251	1017.292	1017.315	1017.316	1017.293	1017.29	1017.311	1017.279	1017.352	1017.312	1017.312	1017.321	1017.329	1017.35	1017.326	1017.395	1017.353	1017.423	1017.416	1017.332	1017.393	1017.411	1017.381	1017.453	1017.444	1017.414	1017.415	1017.425	1017.453	1017.463	1017.457	1017.457	1017.473	1017.508	1017.473
1017.281	1017.344	1017.046	1017.098	1017.141	1017.197	1017.174	1017.134	1017.165	1017.062	1017.041	1017.264	1017.188	1017.208	1017.156	1017.132	1017.187	1017.203	1017.246	1017.173	1017.139	1017.203	1017.204	1017.22	1017.235	1017.201	1017.186	1017.281	1017.228	1017.251	1017.224	1017.171	1017.218	1017.253	1017.252	1017.275	1017.259	1017.351	1017.235	1017.186	1017.26	1017.38	1017.333	1017.256	1017.284	1017.288	1017.319	1017.401	1017.314	1017.276	1017.305	1017.374	1017.368	1017.279	1017.328	1017.308	1017.386	1017.363	1017.307	1017.349	1017.374	1017.336	1017.315	1017.386	1017.343	1017.381	1017.34	1017.395	1017.353	1017.338	1017.4	1017.374	1017.352	1017.442	1017.322	1017.397	1017.342	1017.356	1017.363	1017.328	1017.383	1017.442	1017.37	1017.414	1017.373	1017.417	1017.407	1017.336	1017.385	1017.524	1017.387	1017.447	1017.384	1017.399	1017.415	1017.44	1017.463	1017.445	1017.399	1017.498	1017.402	1017.43	1017.499	1017.413	1017.421	1017.452	1017.455	1017.491	1017.52	1017.404	1017.553	1017.434	1017.518	1017.522	1017.504	1017.556	1017.567	1017.507	1017.543	1017.505	1017.57	1017.586	1017.59	1017.584	1017.577	1017.591	1017.577	1017.625	1017.649	1017.626	1017.616	1017.622	1017.646	1017.656	1017.646	1017.672	1017.613
1017.057	1017.474	1017.362	1017.455	1017.348	1017.318	1017.336	1017.343	1017.367	1017.451	1017.353	1017.301	1017.258	1017.314	1017.323	1017.324	1017.36	1017.323	1017.244	1017.406	1017.374	1017.396	1017.392	1017.335	1017.356	1017.405	1017.356	1017.375	1017.308	1017.388	1017.417	1017.399	1017.422	1017.394	1017.378	1017.416	1017.364	1017.432	1017.37	1017.512	1017.433	1017.395	1017.418	1017.464	1017.503	1017.457	1017.418	1017.449	1017.427	1017.541	1017.515	1017.473	1017.47	1017.486	1017.593	1017.463	1017.486	1017.478	1017.538	1017.536	1017.504	1017.498	1017.541	1017.556	1017.468	1017.534	1017.548	1017.485	1017.518	1017.543	1017.517	1017.526	1017.492	1017.6	1017.471	1017.585	1017.569	1017.535	1017.58	1017.59	1017.519	1017.554	1017.512	1017.542	1017.564	1017.508	1017.537	1017.592	1017.592	1017.512	1017.56	1017.58	1017.575	1017.583	1017.592	1017.564	1017.545	1017.568	1017.605	1017.555	1017.643	1017.577	1017.594	1017.62	1017.622	1017.632	1017.637	1017.585	1017.621	1017.639	1017.652	1017.642	1017.667	1017.666	1017.645	1017.675	1017.667	1017.665	1017.805	1017.686	1017.712	1017.759	1017.72	1017.746	1017.785	1017.76	1017.759	1017.765	1017.717	1017.759	1017.802	1017.793	1017.8	1017.825	1017.813	1017.824	1017.893
1017.462	1017.655	1017.473	1017.49	1017.501	1017.494	1017.541	1017.538	1017.448	1017.526	1017.497	1017.498	1017.61	1017.546	1017.543	1017.542	1017.499	1017.509	1017.532	1017.543	1017.537	1017.451	1017.521	1017.552	1017.559	1017.535	1017.513	1017.564	1017.596	1017.542	1017.533	1017.556	1017.547	1017.528	1017.554	1017.595	1017.537	1017.642	1017.56	1017.563	1017.555	1017.625	1017.658	1017.617	1017.564	1017.631	1017.633	1017.657	1017.615	1017.667	1017.611	1017.601	1017.676	1017.666	1017.625	1017.618	1017.707	1017.631	1017.694	1017.636	1017.625	1017.698	1017.677	1017.65	1017.746	1017.642	1017.719	1017.659	1017.716	1017.709	1017.67	1017.762	1017.664	1017.69	1017.711	1017.621	1017.672	1017.668	1017.676	1017.688	1017.699	1017.705	1017.739	1017.703	1017.743	1017.725	1017.676	1017.727	1017.767	1017.713	1017.828	1017.706	1017.789	1017.739	1017.756	1017.815	1017.803	1017.776	1017.815	1017.706	1017.798	1017.778	1017.756	1017.806	1017.773	1017.775	1017.848	1017.849	1017.836	1017.854	1017.793	1017.887	1017.831	1017.865	1017.882	1017.867	1017.863	1017.889	1017.84	1017.92	1017.893	1017.933	1017.945	1017.95	1017.919	1017.874	1017.955	1017.939	1017.971	1017.953	1017.972	1017.989	1017.996	1018.005	1018.026	1017.996	1018.02
1017.747	1017.748	1017.776	1017.722	1017.78	1017.743	1017.655	1017.617	1017.72	1017.721	1017.713	1017.704	1017.759	1017.668	1017.701	1017.748	1017.723	1017.71	1017.724	1017.627	1017.736	1017.703	1017.629	1017.685	1017.701	1017.669	1017.72	1017.68	1017.721	1017.72	1017.73	1017.683	1017.7	1017.743	1017.78	1017.751	1017.747	1017.754	1017.757	1017.728	1017.8	1017.813	1017.747	1017.702	1017.764	1017.811	1017.749	1017.816	1017.779	1017.798	1017.781	1017.782	1017.794	1017.796	1017.862	1017.81	1017.847	1017.792	1017.829	1017.821	1017.807	1017.827	1017.842	1017.83	1017.913	1017.782	1017.89	1017.826	1017.862	1017.905	1017.907	1017.909	1017.846	1017.858	1017.894	1017.829	1017.859	1017.875	1017.865	1017.865	1017.913	1017.881	1017.93	1017.937	1017.91	1018.011	1017.962	1017.916	1017.943	1017.923	1017.954	1017.875	1017.981	1017.932	1017.906	1017.958	1017.953	1017.948	1017.991	1017.992	1017.954	1017.963	1017.974	1017.931	1017.946	1017.966	1017.985	1018.004	1017.962	1018.031	1017.976	1018.034	1018.022	1018.032	1018.021	1017.979	1018.041	1018.084	1018.01	1018.088	1018.052	1018.07	1018.075	1018.075	1018.064	1018.076	1018.104	1018.059	1018.114	1018.09	1018.108	1018.12	1018.116	1018.121	1018.149	1018.13	1018.158
1018.01	1017.833	1018.002	1017.923	1017.944	1018.005	1017.913	1017.877	1017.952	1017.878	1017.953	1017.877	1017.89	1017.858	1017.822	1017.868	1017.895	1017.889	1017.9	1017.9	1017.887	1017.907	1017.853	1017.909	1017.922	1017.874	1017.912	1017.886	1017.92	1017.893	1017.924	1017.89	1017.883	1017.917	1017.908	1017.88	1017.956	1017.847	1017.975	1017.925	1017.976	1017.928	1017.857	1017.934	1017.964	1017.975	1017.934	1017.99	1017.964	1017.981	1017.946	1017.937	1017.999	1018.014	1018.023	1017.948	1017.974	1018.029	1018.016	1018.011	1018.004	1017.999	1018.037	1017.981	1018.024	1017.987	1018.009	1017.986	1017.989	1018.016	1018.019	1017.994	1018.047	1018.053	1018.016	1018.088	1018.076	1018.072	1018.055	1018.052	1018.058	1018.087	1018.056	1018.122	1018.067	1018.112	1018.119	1018.084	1018.096	1018.08	1018.096	1018.108	1018.095	1018.103	1018.106	1018.067	1018.059	1018.103	1018.087	1018.14	1018.105	1018.109	1018.144	1018.109	1018.146	1018.159	1018.13	1018.176	1018.123	1018.178	1018.146	1018.143	1018.153	1018.152	1018.13	1018.169	1018.195	1018.176	1018.193	1018.209	1018.199	1018.227	1018.202	1018.202	1018.217	1018.211	1018.25	1018.241	1018.26	1018.26	1018.267	1018.229	1018.219	1018.269	1018.281	1018.279	1018.302
1018.133	1018.076	1018.077	1018.074	1018.062	1018.111	1018.089	1018.058	1018.079	1018.048	1018.083	1018.066	1018.057	1018.052	1018.026	1018.026	1018.037	1018.038	1018.027	1018.109	1018.013	1018.053	1018.03	1018.07	1018.065	1018.04	1018.051	1018.053	1018.089	1018.055	1018.06	1018.077	1018.069	1018.093	1018.079	1018.051	1018.097	1018.031	1018.107	1018.066	1018.11	1018.076	1018.053	1018.112	1018.085	1018.108	1018.11	1018.097	1018.105	1018.114	1018.086	1018.106	1018.133	1018.12	1018.08	1018.164	1018.098	1018.172	1018.13	1018.129	1018.162	1018.16	1018.181	1018.129	1018.156	1018.187	1018.131	1018.179	1018.189	1018.153	1018.152	1018.137	1018.169	1018.207	1018.149	1018.227	1018.197	1018.195	1018.205	1018.202	1018.195	1018.25	1018.175	1018.225	1018.197	1018.218	1018.231	1018.202	1018.213	1018.229	1018.243	1018.254	1018.246	1018.243	1018.269	1018.232	1018.216	1018.262	1018.232	1018.267	1018.273	1018.243	1018.297	1018.276	1018.322	1018.321	1018.296	1018.326	1018.282	1018.312	1018.308	1018.287	1018.311	1018.317	1018.287	1018.324	1018.344	1018.311	1018.365	1018.32	1018.352	1018.35	1018.321	1018.365	1018.379	1018.368	1018.402	1018.413	1018.405	1018.417	1018.44	1018.401	1018.42	1018.456	1018.436	1018.447	1018.449
1018.195	1018.33	1018.184	1018.243	1018.23	1018.221	1018.208	1018.2	1018.224	1018.23	1018.186	1018.217	1018.211	1018.183	1018.213	1018.219	1018.188	1018.208	1018.152	1018.216	1018.159	1018.222	1018.187	1018.203	1018.211	1018.211	1018.219	1018.183	1018.195	1018.216	1018.198	1018.224	1018.205	1018.227	1018.262	1018.197	1018.237	1018.198	1018.243	1018.177	1018.28	1018.216	1018.186	1018.237	1018.207	1018.264	1018.2	1018.22	1018.233	1018.244	1018.274	1018.301	1018.314	1018.282	1018.204	1018.394	1018.21	1018.319	1018.274	1018.279	1018.3	1018.289	1018.28	1018.289	1018.29	1018.312	1018.292	1018.386	1018.348	1018.295	1018.295	1018.322	1018.288	1018.325	1018.338	1018.304	1018.32	1018.337	1018.343	1018.377	1018.362	1018.391	1018.353	1018.339	1018.342	1018.378	1018.382	1018.347	1018.329	1018.369	1018.372	1018.326	1018.418	1018.377	1018.394	1018.423	1018.402	1018.408	1018.425	1018.411	1018.434	1018.412	1018.426	1018.427	1018.422	1018.427	1018.426	1018.447	1018.452	1018.467	1018.476	1018.491	1018.502	1018.522	1018.491	1018.461	1018.501	1018.511	1018.515	1018.485	1018.531	1018.5	1018.525	1018.561	1018.561	1018.57	1018.572	1018.533	1018.58	1018.565	1018.594	1018.593	1018.6	1018.599	1018.569	1018.614	1018.565
1018.272	1018.51	1018.334	1018.364	1018.341	1018.334	1018.342	1018.347	1018.314	1018.335	1018.32	1018.308	1018.333	1018.302	1018.407	1018.402	1018.293	1018.352	1018.331	1018.362	1018.338	1018.33	1018.322	1018.358	1018.356	1018.355	1018.384	1018.36	1018.321	1018.377	1018.341	1018.367	1018.345	1018.344	1018.376	1018.36	1018.4	1018.352	1018.405	1018.379	1018.394	1018.318	1018.329	1018.435	1018.44	1018.393	1018.328	1018.413	1018.398	1018.381	1018.417	1018.409	1018.378	1018.47	1018.396	1018.457	1018.391	1018.524	1018.468	1018.425	1018.438	1018.448	1018.438	1018.486	1018.437	1018.44	1018.493	1018.445	1018.458	1018.484	1018.47	1018.48	1018.5	1018.446	1018.515	1018.405	1018.484	1018.466	1018.456	1018.51	1018.527	1018.46	1018.557	1018.532	1018.478	1018.491	1018.524	1018.544	1018.543	1018.513	1018.559	1018.514	1018.554	1018.5	1018.523	1018.594	1018.601	1018.565	1018.633	1018.547	1018.581	1018.62	1018.602	1018.629	1018.618	1018.623	1018.634	1018.592	1018.685	1018.658	1018.633	1018.655	1018.63	1018.699	1018.71	1018.67	1018.685	1018.673	1018.691	1018.71	1018.758	1018.728	1018.764	1018.758	1018.722	1018.764	1018.747	1018.746	1018.802	1018.728	1018.762	1018.766	1018.784	1018.791	1018.768	1018.857	1018.671
1018.518	1018.545	1018.538	1018.583	1018.562	1018.569	1018.567	1018.562	1018.497	1018.449	1018.622	1018.458	1018.562	1018.487	1018.474	1018.482	1018.495	1018.546	1018.473	1018.528	1018.491	1018.499	1018.539	1018.524	1018.489	1018.466	1018.448	1018.53	1018.488	1018.524	1018.463	1018.522	1018.516	1018.519	1018.524	1018.512	1018.586	1018.471	1018.512	1018.487	1018.525	1018.562	1018.58	1018.552	1018.461	1018.535	1018.642	1018.556	1018.58	1018.552	1018.578	1018.599	1018.588	1018.612	1018.531	1018.624	1018.676	1018.598	1018.575	1018.609	1018.649	1018.649	1018.603	1018.577	1018.664	1018.606	1018.652	1018.6	1018.616	1018.656	1018.627	1018.623	1018.757	1018.557	1018.706	1018.668	1018.681	1018.668	1018.66	1018.654	1018.659	1018.668	1018.644	1018.61	1018.689	1018.708	1018.674	1018.688	1018.713	1018.663	1018.712	1018.743	1018.631	1018.757	1018.73	1018.712	1018.71	1018.712	1018.733	1018.729	1018.775	1018.768	1018.742	1018.787	1018.77	1018.779	1018.81	1018.79	1018.81	1018.764	1018.823	1018.88	1018.854	1018.847	1018.834	1018.85	1018.896	1018.843	1018.943	1018.871	1018.886	1018.9	1018.909	1018.935	1018.95	1018.938	1018.905	1018.96	1018.912	1018.924	1019.012	1018.966	1018.991	1019.038	1018.959	1019.061	1018.991
1018.983	1018.671	1018.734	1018.683	1018.669	1018.669	1018.617	1018.654	1018.787	1018.616	1018.751	1018.563	1018.675	1018.684	1018.707	1018.722	1018.696	1018.673	1018.653	1018.721	1018.678	1018.681	1018.664	1018.599	1018.669	1018.76	1018.683	1018.694	1018.624	1018.707	1018.708	1018.699	1018.66	1018.67	1018.688	1018.631	1018.682	1018.7	1018.762	1018.727	1018.714	1018.68	1018.66	1018.729	1018.825	1018.728	1018.731	1018.624	1018.779	1018.77	1018.718	1018.735	1018.737	1018.714	1018.811	1018.77	1018.737	1018.755	1018.8	1018.794	1018.743	1018.76	1018.835	1018.755	1018.87	1018.75	1018.776	1018.834	1018.799	1018.791	1018.835	1018.826	1018.807	1018.819	1018.839	1018.81	1018.776	1018.808	1018.846	1018.806	1018.761	1018.888	1018.796	1018.898	1018.824	1018.847	1018.869	1018.862	1018.889	1018.928	1018.839	1018.963	1018.9	1018.936	1018.921	1018.935	1018.969	1018.971	1018.923	1019	1018.918	1018.95	1018.985	1018.983	1018.996	1019.006	1018.998	1019.019	1019.02	1019.08	1019.067	1018.989	1019.04	1019.086	1019.083	1019.079	1019.102	1019.036	1019.132	1019.067	1019.15	1019.143	1019.105	1019.108	1019.143	1019.131	1019.192	1019.178	1019.196	1019.175	1019.199	1019.159	1019.169	1019.204	1019.158	1019.196	1019.249
1018.794	1018.864	1019.021	1018.939	1018.899	1018.984	1018.963	1018.887	1018.893	1018.774	1018.932	1018.894	1018.899	1018.819	1018.829	1018.81	1018.775	1018.865	1018.894	1018.814	1018.855	1018.825	1018.896	1018.895	1018.849	1018.81	1018.798	1018.89	1018.834	1018.854	1018.801	1018.848	1018.852	1018.853	1018.871	1018.876	1018.917	1018.819	1018.791	1018.839	1018.861	1018.898	1018.889	1018.881	1018.874	1018.763	1018.974	1018.983	1018.908	1018.905	1018.914	1018.964	1018.968	1018.935	1018.984	1018.891	1018.974	1019.012	1018.921	1018.948	1018.986	1018.991	1018.993	1018.946	1018.945	1019.038	1018.978	1018.974	1018.97	1018.972	1018.995	1018.982	1018.952	1019.079	1018.928	1019.006	1019.072	1019.022	1019.012	1019.047	1019.035	1019.051	1018.946	1019.105	1019.015	1019.012	1019.067	1019.031	1019.01	1019.092	1019.05	1019.105	1019.124	1019.085	1019.141	1019.137	1019.106	1019.102	1019.123	1019.172	1019.145	1019.205	1019.208	1019.145	1019.185	1019.205	1019.166	1019.203	1019.179	1019.18	1019.195	1019.223	1019.206	1019.211	1019.235	1019.255	1019.255	1019.294	1019.277	1019.302	1019.281	1019.281	1019.312	1019.34	1019.325	1019.318	1019.372	1019.26	1019.414	1019.346	1019.346	1019.406	1019.376	1019.351	1019.469	1019.381	1019.426
1019.167	1019.214	1019.07	1019.199	1019.105	1019.026	1019.036	1019.075	1019.056	1019.097	1019.064	1018.977	1019.054	1019.019	1019.038	1019.035	1019.028	1019.061	1018.991	1018.974	1019.082	1018.999	1019.012	1018.992	1018.975	1019.047	1019.077	1019.024	1018.952	1019.064	1019.012	1019.049	1019.028	1019.011	1019.004	1019.009	1019.024	1019.069	1019.058	1019.1	1019.039	1019.054	1019.054	1019.034	1019.034	1019.107	1019.047	1019.049	1019.084	1019.11	1019.094	1019.091	1019.097	1019.147	1019.12	1019.174	1019.148	1019.113	1019.107	1019.158	1019.183	1019.132	1019.079	1019.205	1019.116	1019.162	1019.155	1019.134	1019.191	1019.181	1019.14	1019.188	1019.158	1019.169	1019.168	1019.145	1019.177	1019.199	1019.207	1019.197	1019.161	1019.252	1019.232	1019.187	1019.296	1019.258	1019.214	1019.229	1019.271	1019.232	1019.325	1019.261	1019.311	1019.315	1019.345	1019.324	1019.32	1019.377	1019.394	1019.339	1019.399	1019.335	1019.381	1019.378	1019.385	1019.382	1019.383	1019.416	1019.393	1019.447	1019.375	1019.445	1019.431	1019.424	1019.444	1019.443	1019.416	1019.477	1019.415	1019.507	1019.474	1019.508	1019.505	1019.503	1019.548	1019.55	1019.589	1019.551	1019.583	1019.629	1019.578	1019.617	1019.595	1019.584	1019.638	1019.597	1019.675
1019.223	1019.446	1019.246	1019.361	1019.349	1019.275	1019.283	1019.3	1019.226	1019.253	1019.221	1019.292	1019.266	1019.256	1019.238	1019.213	1019.214	1019.199	1019.234	1019.226	1019.158	1019.171	1019.238	1019.196	1019.178	1019.219	1019.18	1019.195	1019.188	1019.19	1019.194	1019.2	1019.196	1019.227	1019.243	1019.237	1019.197	1019.245	1019.157	1019.216	1019.272	1019.253	1019.267	1019.276	1019.237	1019.275	1019.213	1019.314	1019.306	1019.2	1019.23	1019.294	1019.325	1019.339	1019.277	1019.361	1019.297	1019.312	1019.391	1019.36	1019.326	1019.333	1019.281	1019.331	1019.313	1019.308	1019.353	1019.314	1019.35	1019.359	1019.356	1019.381	1019.358	1019.342	1019.422	1019.384	1019.371	1019.405	1019.396	1019.356	1019.403	1019.377	1019.485	1019.408	1019.466	1019.492	1019.434	1019.472	1019.521	1019.441	1019.571	1019.468	1019.545	1019.52	1019.512	1019.528	1019.542	1019.543	1019.558	1019.534	1019.618	1019.55	1019.6	1019.557	1019.575	1019.591	1019.602	1019.6	1019.578	1019.672	1019.618	1019.637	1019.656	1019.649	1019.666	1019.644	1019.647	1019.702	1019.631	1019.726	1019.666	1019.773	1019.736	1019.718	1019.782	1019.73	1019.731	1019.84	1019.713	1019.829	1019.793	1019.808	1019.848	1019.881	1019.844	1019.849	1019.87
1019.359	1019.641	1019.498	1019.536	1019.498	1019.508	1019.512	1019.505	1019.476	1019.469	1019.413	1019.517	1019.374	1019.42	1019.443	1019.406	1019.431	1019.403	1019.423	1019.396	1019.375	1019.378	1019.422	1019.423	1019.385	1019.426	1019.39	1019.407	1019.418	1019.366	1019.426	1019.407	1019.424	1019.459	1019.392	1019.405	1019.391	1019.424	1019.388	1019.363	1019.438	1019.406	1019.411	1019.468	1019.428	1019.461	1019.469	1019.473	1019.477	1019.408	1019.479	1019.541	1019.465	1019.469	1019.483	1019.502	1019.516	1019.469	1019.53	1019.588	1019.567	1019.552	1019.498	1019.489	1019.565	1019.527	1019.529	1019.526	1019.522	1019.541	1019.559	1019.543	1019.572	1019.593	1019.562	1019.614	1019.594	1019.583	1019.589	1019.614	1019.682	1019.569	1019.644	1019.667	1019.606	1019.669	1019.693	1019.731	1019.744	1019.709	1019.777	1019.674	1019.767	1019.741	1019.742	1019.744	1019.742	1019.748	1019.79	1019.74	1019.77	1019.734	1019.78	1019.749	1019.822	1019.859	1019.82	1019.822	1019.819	1019.834	1019.868	1019.886	1019.9	1019.855	1019.86	1019.881	1019.891	1019.923	1019.898	1019.978	1019.918	1019.993	1020.01	1020.007	1020.007	1019.982	1019.956	1020.036	1019.954	1020.008	1020.007	1020.029	1020.076	1020.051	1020.037	1020.066	1020.048
1019.731	1019.947	1019.626	1019.734	1019.716	1019.725	1019.723	1019.718	1019.728	1019.708	1019.644	1019.729	1019.594	1019.663	1019.69	1019.643	1019.683	1019.647	1019.682	1019.563	1019.689	1019.632	1019.629	1019.627	1019.575	1019.59	1019.609	1019.564	1019.622	1019.561	1019.642	1019.549	1019.571	1019.655	1019.579	1019.626	1019.625	1019.591	1019.704	1019.617	1019.665	1019.611	1019.589	1019.648	1019.66	1019.655	1019.707	1019.617	1019.666	1019.679	1019.741	1019.778	1019.72	1019.715	1019.754	1019.651	1019.755	1019.68	1019.683	1019.751	1019.682	1019.671	1019.763	1019.756	1019.766	1019.774	1019.731	1019.78	1019.776	1019.75	1019.764	1019.74	1019.783	1019.828	1019.753	1019.842	1019.769	1019.757	1019.849	1019.881	1019.898	1019.877	1019.825	1019.909	1019.843	1019.876	1019.896	1019.928	1019.935	1019.935	1019.931	1019.939	1019.953	1019.952	1019.981	1019.985	1020.02	1020.037	1020.017	1019.989	1020.028	1020.006	1020.032	1020.014	1020.056	1020.057	1020.024	1020.042	1020.048	1020.03	1020.074	1020.065	1020.082	1020.062	1020.086	1020.108	1020.099	1020.112	1020.11	1020.106	1020.121	1020.099	1020.122	1020.136	1020.137	1020.181	1020.177	1020.153	1020.216	1020.193	1020.204	1020.216	1020.233	1020.211	1020.219	1020.242	1020.209
1019.96	1020.199	1019.809	1020.029	1020.031	1020	1019.978	1019.973	1019.912	1019.912	1019.907	1019.954	1019.921	1019.939	1019.929	1019.881	1019.86	1019.815	1019.948	1019.796	1019.89	1019.82	1019.858	1019.848	1019.793	1019.785	1019.85	1019.755	1019.893	1019.801	1019.862	1019.748	1019.772	1019.853	1019.816	1019.862	1019.9	1019.799	1019.889	1019.858	1019.914	1019.907	1019.885	1019.87	1019.894	1019.871	1019.886	1019.895	1019.897	1019.867	1019.888	1019.924	1019.926	1019.889	1019.972	1019.9	1019.945	1019.966	1019.959	1019.959	1019.89	1019.862	1020	1019.978	1019.919	1019.992	1019.968	1020.019	1020.018	1019.994	1019.998	1020.009	1019.969	1019.996	1019.994	1020.008	1019.936	1019.965	1020.03	1020.065	1020.012	1020.086	1020.031	1020.058	1020.086	1020.07	1020.088	1020.11	1020.115	1020.122	1020.097	1020.166	1020.126	1020.151	1020.166	1020.155	1020.187	1020.215	1020.158	1020.184	1020.212	1020.198	1020.202	1020.184	1020.175	1020.179	1020.201	1020.209	1020.221	1020.229	1020.248	1020.229	1020.271	1020.249	1020.268	1020.304	1020.285	1020.3	1020.324	1020.253	1020.342	1020.282	1020.307	1020.324	1020.306	1020.34	1020.377	1020.321	1020.425	1020.362	1020.381	1020.37	1020.381	1020.391	1020.391	1020.397	1020.4
1019.82	1020.403	1020.164	1020.185	1020.142	1020.116	1020.1	1020.113	1020.095	1020.14	1020.123	1020.096	1020.07	1020.067	1020.104	1020.104	1020.087	1020.022	1020.113	1020.031	1020.061	1020.03	1020.039	1020.043	1020.059	1020.06	1020.067	1020.043	1020.115	1020.015	1020.083	1020.087	1020.051	1020.06	1020.031	1019.977	1020.061	1020.122	1020.064	1020.103	1020.08	1020.078	1020.092	1020.08	1020.101	1020.094	1020.075	1020.13	1020.016	1020.084	1020.113	1020.094	1020.078	1020.025	1020.103	1020.146	1020.069	1020.122	1020.109	1020.104	1020.132	1020.168	1020.15	1020.128	1020.16	1020.156	1020.122	1020.124	1020.162	1020.173	1020.156	1020.196	1020.162	1020.172	1020.17	1020.172	1020.217	1020.17	1020.143	1020.197	1020.182	1020.208	1020.2	1020.21	1020.269	1020.248	1020.273	1020.274	1020.248	1020.28	1020.276	1020.309	1020.279	1020.333	1020.318	1020.311	1020.318	1020.334	1020.349	1020.396	1020.33	1020.383	1020.387	1020.407	1020.383	1020.382	1020.429	1020.414	1020.421	1020.43	1020.432	1020.479	1020.468	1020.435	1020.44	1020.456	1020.475	1020.453	1020.585	1020.494	1020.578	1020.559	1020.558	1020.56	1020.564	1020.543	1020.585	1020.569	1020.593	1020.556	1020.626	1020.584	1020.595	1020.63	1020.573	1020.637	1020.698
1020.337	1020.449	1020.282	1020.352	1020.426	1020.406	1020.34	1020.307	1020.312	1020.293	1020.25	1020.311	1020.3	1020.303	1020.266	1020.215	1020.229	1020.255	1020.228	1020.239	1020.294	1020.263	1020.223	1020.218	1020.261	1020.263	1020.206	1020.203	1020.191	1020.242	1020.232	1020.191	1020.209	1020.261	1020.301	1020.274	1020.198	1020.262	1020.17	1020.246	1020.207	1020.21	1020.256	1020.239	1020.234	1020.278	1020.192	1020.285	1020.249	1020.326	1020.292	1020.217	1020.242	1020.33	1020.264	1020.272	1020.289	1020.293	1020.336	1020.322	1020.306	1020.308	1020.287	1020.348	1020.368	1020.222	1020.345	1020.332	1020.326	1020.337	1020.312	1020.331	1020.354	1020.343	1020.398	1020.309	1020.428	1020.42	1020.377	1020.399	1020.385	1020.343	1020.472	1020.425	1020.43	1020.417	1020.441	1020.44	1020.439	1020.492	1020.463	1020.476	1020.491	1020.505	1020.479	1020.517	1020.536	1020.521	1020.552	1020.567	1020.489	1020.678	1020.547	1020.605	1020.6	1020.575	1020.578	1020.596	1020.675	1020.629	1020.599	1020.658	1020.609	1020.694	1020.724	1020.703	1020.767	1020.643	1020.742	1020.724	1020.725	1020.795	1020.777	1020.749	1020.768	1020.777	1020.764	1020.798	1020.805	1020.809	1020.828	1020.831	1020.858	1020.884	1020.866	1020.872	1020.864
1020.683	1020.524	1020.532	1020.559	1020.465	1020.421	1020.458	1020.495	1020.475	1020.486	1020.489	1020.487	1020.381	1020.398	1020.452	1020.452	1020.458	1020.476	1020.401	1020.47	1020.343	1020.366	1020.451	1020.439	1020.389	1020.374	1020.385	1020.512	1020.339	1020.473	1020.403	1020.409	1020.461	1020.377	1020.304	1020.41	1020.354	1020.492	1020.412	1020.437	1020.441	1020.44	1020.435	1020.405	1020.404	1020.474	1020.421	1020.472	1020.447	1020.38	1020.425	1020.487	1020.477	1020.433	1020.438	1020.443	1020.537	1020.428	1020.449	1020.461	1020.459	1020.488	1020.524	1020.437	1020.465	1020.486	1020.526	1020.473	1020.467	1020.501	1020.52	1020.524	1020.549	1020.419	1020.585	1020.558	1020.508	1020.544	1020.586	1020.579	1020.592	1020.617	1020.61	1020.533	1020.654	1020.642	1020.636	1020.649	1020.65	1020.641	1020.627	1020.718	1020.682	1020.711	1020.729	1020.737	1020.753	1020.764	1020.762	1020.818	1020.775	1020.824	1020.747	1020.815	1020.82	1020.848	1020.9	1020.843	1020.816	1020.858	1020.897	1020.959	1020.881	1020.923	1020.895	1020.832	1020.951	1020.972	1020.96	1021.009	1020.967	1020.975	1020.991	1021.014	1021.039	1021.051	1021.06	1021.042	1021.059	1021.09	1021.065	1021.081	1021.07	1021.029	1021.072	1021.113	1020.966
1020.666	1020.666	1020.734	1020.744	1020.74	1020.739	1020.752	1020.703	1020.657	1020.699	1020.65	1020.649	1020.696	1020.647	1020.642	1020.623	1020.594	1020.582	1020.57	1020.646	1020.663	1020.649	1020.572	1020.559	1020.625	1020.654	1020.554	1020.593	1020.525	1020.573	1020.574	1020.578	1020.612	1020.626	1020.636	1020.656	1020.586	1020.608	1020.611	1020.593	1020.606	1020.591	1020.593	1020.632	1020.639	1020.578	1020.657	1020.559	1020.647	1020.653	1020.649	1020.653	1020.617	1020.61	1020.756	1020.633	1020.656	1020.682	1020.676	1020.689	1020.671	1020.657	1020.679	1020.64	1020.72	1020.714	1020.619	1020.735	1020.732	1020.715	1020.701	1020.652	1020.749	1020.774	1020.652	1020.764	1020.774	1020.783	1020.77	1020.753	1020.807	1020.799	1020.808	1020.852	1020.852	1020.803	1020.822	1020.841	1020.83	1020.856	1020.885	1020.884	1020.874	1020.895	1020.943	1020.912	1020.933	1020.984	1020.938	1020.997	1020.968	1020.974	1021.028	1021.038	1021.026	1021.014	1021.038	1021.072	1021.093	1021.158	1021.013	1021.102	1021.119	1021.127	1021.2	1021.235	1021.165	1021.155	1021.162	1021.165	1021.234	1021.219	1021.241	1021.247	1021.235	1021.223	1021.249	1021.275	1021.236	1021.286	1021.291	1021.31	1021.351	1021.344	1021.325	1021.426	1021.284
1020.989	1020.963	1020.954	1020.845	1020.891	1020.875	1020.851	1020.886	1020.938	1020.878	1020.906	1020.849	1020.876	1020.826	1020.83	1020.85	1020.868	1020.879	1020.868	1020.784	1020.813	1020.789	1020.824	1020.828	1020.829	1020.81	1020.794	1020.806	1020.865	1020.798	1020.841	1020.821	1020.736	1020.759	1020.777	1020.69	1020.826	1020.785	1020.808	1020.824	1020.826	1020.86	1020.841	1020.801	1020.828	1020.745	1020.899	1020.777	1020.796	1020.829	1020.757	1020.772	1020.878	1020.911	1020.833	1020.808	1020.849	1020.866	1020.847	1020.859	1020.87	1020.873	1020.848	1020.933	1020.823	1020.91	1020.926	1020.967	1020.885	1020.873	1021	1021.019	1020.9	1021.027	1020.913	1020.976	1020.964	1020.987	1020.992	1020.989	1021.03	1020.967	1021.035	1021.036	1021.031	1021.056	1021.089	1021.085	1021.082	1021.108	1021.109	1021.074	1021.181	1021.077	1021.135	1021.141	1021.162	1021.184	1021.159	1021.202	1021.212	1021.231	1021.203	1021.192	1021.317	1021.339	1021.291	1021.363	1021.288	1021.358	1021.368	1021.353	1021.409	1021.351	1021.374	1021.41	1021.364	1021.448	1021.514	1021.436	1021.48	1021.463	1021.485	1021.496	1021.526	1021.587	1021.499	1021.545	1021.544	1021.518	1021.558	1021.497	1021.517	1021.578	1021.547	1021.551	1021.634
1021.139	1021.116	1021.17	1021.118	1021.142	1021.135	1021.143	1021.172	1021.137	1021.038	1021.165	1021.068	1021.085	1021.125	1021.1	1021.077	1021.078	1021.006	1021.034	1021.02	1021.088	1021.022	1021.011	1021.036	1021	1020.978	1021.035	1020.973	1021.013	1020.987	1020.982	1021.083	1020.998	1021.011	1021.007	1020.962	1021.091	1020.945	1021.012	1021.015	1020.944	1021	1021.014	1020.97	1021.07	1020.998	1021.028	1021.026	1021.019	1021.027	1021.019	1021	1021.026	1021.043	1021.004	1021.106	1021.046	1021.038	1021.143	1021.1	1021.109	1021.132	1021.058	1021.166	1021.041	1021.205	1021.134	1021.107	1021.1	1021.092	1021.113	1021.169	1021.139	1021.181	1021.148	1021.207	1021.158	1021.203	1021.203	1021.182	1021.259	1021.229	1021.291	1021.217	1021.262	1021.246	1021.265	1021.312	1021.349	1021.294	1021.36	1021.255	1021.376	1021.287	1021.376	1021.381	1021.367	1021.369	1021.416	1021.427	1021.429	1021.42	1021.479	1021.452	1021.534	1021.51	1021.472	1021.584	1021.553	1021.566	1021.627	1021.578	1021.63	1021.612	1021.629	1021.636	1021.664	1021.684	1021.662	1021.708	1021.721	1021.708	1021.732	1021.709	1021.72	1021.771	1021.742	1021.763	1021.806	1021.75	1021.843	1021.786	1021.748	1021.767	1021.839	1021.835	1021.833
1021.408	1021.395	1021.373	1021.384	1021.364	1021.399	1021.379	1021.329	1021.309	1021.3	1021.358	1021.299	1021.334	1021.326	1021.258	1021.238	1021.32	1021.303	1021.291	1021.25	1021.269	1021.301	1021.264	1021.265	1021.237	1021.202	1021.225	1021.218	1021.231	1021.273	1021.211	1021.263	1021.211	1021.215	1021.268	1021.232	1021.252	1021.195	1021.228	1021.249	1021.184	1021.176	1021.188	1021.181	1021.24	1021.229	1021.235	1021.229	1021.278	1021.248	1021.271	1021.236	1021.242	1021.321	1021.22	1021.272	1021.26	1021.243	1021.336	1021.249	1021.256	1021.351	1021.265	1021.377	1021.265	1021.353	1021.337	1021.311	1021.324	1021.32	1021.296	1021.344	1021.346	1021.374	1021.337	1021.393	1021.362	1021.391	1021.389	1021.4	1021.469	1021.413	1021.486	1021.441	1021.474	1021.476	1021.485	1021.543	1021.527	1021.465	1021.621	1021.495	1021.593	1021.575	1021.62	1021.615	1021.612	1021.62	1021.64	1021.651	1021.715	1021.67	1021.723	1021.719	1021.752	1021.727	1021.718	1021.76	1021.821	1021.822	1021.852	1021.89	1021.883	1021.856	1021.89	1021.898	1021.931	1021.938	1021.934	1021.972	1021.95	1021.953	1021.972	1021.949	1021.988	1022.006	1022.045	1022.009	1022.071	1022.069	1022.086	1022.121	1022.088	1022.048	1022.063	1022.095	1022.06
1021.672	1021.66	1021.595	1021.623	1021.552	1021.555	1021.574	1021.526	1021.524	1021.539	1021.483	1021.523	1021.531	1021.528	1021.463	1021.418	1021.527	1021.516	1021.482	1021.518	1021.417	1021.509	1021.461	1021.464	1021.494	1021.46	1021.438	1021.523	1021.413	1021.493	1021.426	1021.481	1021.441	1021.401	1021.463	1021.471	1021.403	1021.492	1021.429	1021.44	1021.481	1021.485	1021.51	1021.466	1021.42	1021.45	1021.55	1021.391	1021.527	1021.467	1021.492	1021.532	1021.527	1021.54	1021.484	1021.438	1021.561	1021.5	1021.534	1021.445	1021.465	1021.559	1021.485	1021.571	1021.513	1021.53	1021.561	1021.561	1021.565	1021.606	1021.573	1021.547	1021.505	1021.614	1021.538	1021.624	1021.58	1021.621	1021.632	1021.632	1021.706	1021.623	1021.709	1021.705	1021.699	1021.749	1021.759	1021.729	1021.718	1021.72	1021.841	1021.748	1021.84	1021.831	1021.832	1021.823	1021.817	1021.841	1021.858	1021.884	1021.935	1021.908	1021.946	1021.984	1022.013	1022.019	1022.036	1022.014	1022.067	1022.096	1022.023	1022.132	1022.102	1022.072	1022.134	1022.127	1022.136	1022.143	1022.178	1022.173	1022.158	1022.236	1022.245	1022.24	1022.264	1022.212	1022.282	1022.236	1022.249	1022.304	1022.276	1022.305	1022.336	1022.287	1022.26	1022.299	1022.272
1021.851	1021.872	1021.835	1021.889	1021.814	1021.807	1021.8	1021.785	1021.748	1021.735	1021.697	1021.759	1021.705	1021.696	1021.734	1021.706	1021.652	1021.711	1021.618	1021.787	1021.678	1021.712	1021.696	1021.667	1021.698	1021.694	1021.625	1021.766	1021.6	1021.685	1021.691	1021.667	1021.727	1021.706	1021.684	1021.725	1021.701	1021.752	1021.681	1021.664	1021.755	1021.69	1021.731	1021.767	1021.755	1021.705	1021.814	1021.649	1021.802	1021.757	1021.71	1021.795	1021.704	1021.715	1021.717	1021.711	1021.799	1021.711	1021.736	1021.769	1021.761	1021.727	1021.741	1021.751	1021.759	1021.778	1021.81	1021.742	1021.777	1021.76	1021.815	1021.818	1021.74	1021.848	1021.768	1021.846	1021.829	1021.85	1021.864	1021.834	1021.911	1021.91	1021.925	1021.935	1021.905	1021.991	1021.959	1021.978	1022.006	1022.023	1022.01	1022.015	1022.057	1022.006	1022.061	1022.061	1022.074	1022.048	1022.112	1022.099	1022.077	1022.172	1022.137	1022.181	1022.186	1022.19	1022.206	1022.253	1022.238	1022.311	1022.241	1022.337	1022.272	1022.341	1022.365	1022.349	1022.416	1022.359	1022.394	1022.424	1022.393	1022.469	1022.448	1022.416	1022.508	1022.437	1022.493	1022.503	1022.46	1022.543	1022.476	1022.534	1022.508	1022.543	1022.522	1022.531	1022.535
1022.101	1022.093	1022.074	1022.037	1022.038	1022.018	1021.965	1021.981	1021.966	1021.945	1021.98	1021.906	1021.953	1021.915	1021.91	1021.906	1021.866	1022.025	1021.837	1021.918	1021.858	1021.861	1021.903	1021.899	1021.895	1021.912	1021.89	1021.901	1021.892	1021.962	1021.977	1021.884	1021.935	1021.908	1021.929	1021.967	1021.924	1021.857	1021.936	1021.977	1021.959	1021.964	1021.97	1021.93	1022.01	1021.949	1021.992	1022.012	1021.995	1022.048	1021.93	1022.033	1021.999	1022.043	1022.071	1021.973	1021.954	1022.002	1022.072	1022.045	1022.004	1021.988	1022.048	1021.983	1022.01	1022.003	1021.985	1021.985	1022.08	1021.984	1021.936	1021.98	1022.051	1022.072	1021.995	1022.059	1022.039	1022.083	1022.107	1022.083	1022.087	1022.132	1022.092	1022.139	1022.167	1022.163	1022.171	1022.195	1022.186	1022.177	1022.199	1022.243	1022.25	1022.235	1022.307	1022.237	1022.265	1022.267	1022.32	1022.381	1022.311	1022.431	1022.352	1022.431	1022.456	1022.438	1022.433	1022.511	1022.425	1022.518	1022.554	1022.558	1022.557	1022.575	1022.571	1022.548	1022.597	1022.584	1022.566	1022.674	1022.593	1022.643	1022.646	1022.661	1022.692	1022.708	1022.719	1022.717	1022.757	1022.711	1022.722	1022.781	1022.694	1022.779	1022.745	1022.758	1022.776
1022.251	1022.257	1022.26	1022.23	1022.234	1022.266	1022.196	1022.235	1022.196	1022.171	1022.21	1022.02	1022.227	1022.121	1022.15	1022.164	1022.086	1022.105	1022.108	1022.128	1022.142	1022.139	1022.133	1022.135	1022.076	1022.139	1022.125	1022.126	1022.096	1022.05	1022.064	1022.182	1022.133	1022.126	1022.107	1022.091	1022.152	1022.141	1022.141	1022.13	1022.091	1022.1	1022.183	1022.053	1022.253	1022.14	1022.192	1022.194	1022.142	1022.234	1022.217	1022.205	1022.201	1022.19	1022.174	1022.201	1022.229	1022.249	1022.183	1022.201	1022.232	1022.216	1022.211	1022.202	1022.169	1022.183	1022.214	1022.197	1022.145	1022.197	1022.24	1022.232	1022.204	1022.21	1022.259	1022.279	1022.247	1022.252	1022.281	1022.307	1022.313	1022.34	1022.35	1022.345	1022.351	1022.342	1022.347	1022.4	1022.344	1022.428	1022.432	1022.433	1022.425	1022.419	1022.507	1022.38	1022.559	1022.507	1022.508	1022.582	1022.558	1022.613	1022.593	1022.602	1022.656	1022.679	1022.67	1022.686	1022.679	1022.715	1022.704	1022.731	1022.771	1022.753	1022.816	1022.8	1022.828	1022.83	1022.832	1022.854	1022.86	1022.883	1022.903	1022.867	1022.849	1022.908	1022.962	1022.844	1023.005	1022.959	1022.943	1022.983	1022.961	1023.051	1022.995	1022.995	1022.999
1022.493	1022.467	1022.466	1022.466	1022.394	1022.443	1022.37	1022.404	1022.354	1022.338	1022.427	1022.345	1022.41	1022.257	1022.299	1022.355	1022.318	1022.302	1022.411	1022.307	1022.315	1022.293	1022.267	1022.319	1022.312	1022.289	1022.274	1022.296	1022.327	1022.36	1022.334	1022.313	1022.215	1022.254	1022.304	1022.271	1022.249	1022.301	1022.226	1022.382	1022.388	1022.346	1022.403	1022.32	1022.389	1022.324	1022.367	1022.39	1022.361	1022.401	1022.342	1022.343	1022.371	1022.382	1022.383	1022.403	1022.312	1022.333	1022.373	1022.405	1022.383	1022.35	1022.352	1022.442	1022.419	1022.352	1022.374	1022.429	1022.377	1022.454	1022.376	1022.377	1022.409	1022.443	1022.451	1022.335	1022.493	1022.504	1022.491	1022.498	1022.516	1022.474	1022.599	1022.532	1022.591	1022.629	1022.603	1022.624	1022.587	1022.68	1022.598	1022.643	1022.703	1022.66	1022.753	1022.711	1022.725	1022.735	1022.778	1022.816	1022.789	1022.784	1022.905	1022.888	1022.867	1022.873	1022.904	1022.906	1022.957	1022.972	1022.971	1022.998	1023.003	1022.942	1023.035	1023.021	1023.002	1023.079	1023.12	1023.047	1023.15	1023.12	1023.09	1023.148	1023.165	1023.118	1023.251	1023.185	1023.203	1023.207	1023.232	1023.25	1023.206	1023.239	1023.225	1023.283	1023.259
1022.759	1022.679	1022.646	1022.69	1022.615	1022.728	1022.603	1022.649	1022.647	1022.605	1022.584	1022.551	1022.538	1022.629	1022.542	1022.493	1022.548	1022.572	1022.473	1022.504	1022.552	1022.582	1022.572	1022.545	1022.531	1022.526	1022.561	1022.523	1022.469	1022.482	1022.475	1022.481	1022.58	1022.495	1022.487	1022.542	1022.447	1022.604	1022.481	1022.506	1022.494	1022.471	1022.532	1022.551	1022.532	1022.595	1022.567	1022.558	1022.576	1022.553	1022.574	1022.592	1022.559	1022.555	1022.566	1022.541	1022.59	1022.612	1022.618	1022.553	1022.544	1022.632	1022.675	1022.511	1022.657	1022.64	1022.61	1022.617	1022.623	1022.676	1022.6	1022.697	1022.686	1022.646	1022.669	1022.718	1022.694	1022.699	1022.714	1022.751	1022.785	1022.752	1022.817	1022.768	1022.814	1022.791	1022.785	1022.88	1022.797	1022.897	1022.868	1022.909	1022.918	1022.874	1022.905	1022.989	1022.932	1023.011	1023.019	1022.988	1023.087	1023.099	1023.014	1023.076	1023.121	1023.136	1023.14	1023.134	1023.128	1023.145	1023.183	1023.192	1023.182	1023.284	1023.211	1023.285	1023.31	1023.318	1023.333	1023.381	1023.324	1023.407	1023.364	1023.404	1023.437	1023.391	1023.399	1023.467	1023.447	1023.473	1023.485	1023.486	1023.506	1023.545	1023.502	1023.563	1023.529
1022.904	1022.887	1022.888	1022.914	1022.829	1022.917	1022.873	1022.835	1022.827	1022.794	1022.806	1022.901	1022.746	1022.789	1022.77	1022.772	1022.812	1022.765	1022.778	1022.849	1022.734	1022.734	1022.78	1022.76	1022.791	1022.761	1022.774	1022.816	1022.802	1022.759	1022.823	1022.668	1022.765	1022.679	1022.705	1022.785	1022.648	1022.719	1022.714	1022.712	1022.739	1022.759	1022.742	1022.766	1022.714	1022.759	1022.736	1022.73	1022.775	1022.739	1022.764	1022.747	1022.737	1022.76	1022.79	1022.747	1022.824	1022.753	1022.776	1022.804	1022.81	1022.774	1022.843	1022.839	1022.863	1022.829	1022.827	1022.856	1022.819	1022.869	1022.876	1022.876	1022.865	1022.861	1022.894	1022.931	1022.875	1022.975	1022.964	1022.935	1022.942	1022.965	1023.008	1023.002	1023.041	1023.038	1023.046	1023.092	1023.043	1023.113	1023.129	1023.082	1023.084	1023.183	1023.169	1023.198	1023.207	1023.243	1023.262	1023.261	1023.274	1023.281	1023.287	1023.309	1023.335	1023.324	1023.346	1023.387	1023.469	1023.449	1023.479	1023.473	1023.437	1023.543	1023.473	1023.537	1023.572	1023.535	1023.558	1023.669	1023.561	1023.68	1023.714	1023.68	1023.69	1023.773	1023.725	1023.729	1023.769	1023.763	1023.78	1023.782	1023.785	1023.823	1023.792	1023.813	1023.843
1023.141	1023.121	1023.075	1023.049	1023.095	1023.066	1023.117	1023.102	1023.101	1023.084	1023.043	1023.073	1023.077	1023.051	1023.042	1023.039	1023.029	1023.036	1023.016	1022.962	1022.952	1023.019	1023.043	1022.996	1023.004	1023.025	1022.923	1022.985	1022.983	1022.912	1023.064	1022.925	1023.001	1023.04	1023.037	1023.009	1022.975	1022.941	1022.954	1022.929	1022.906	1022.916	1022.905	1022.994	1022.937	1022.949	1022.965	1022.97	1022.967	1022.947	1022.978	1022.952	1022.993	1023.017	1022.985	1022.972	1022.961	1023.037	1023.026	1022.996	1022.997	1023.035	1023.057	1023.093	1023.061	1023.031	1023.058	1023.074	1023.098	1023.091	1023.119	1023.082	1023.107	1023.147	1023.101	1023.139	1023.145	1023.171	1023.16	1023.142	1023.205	1023.202	1023.213	1023.219	1023.241	1023.28	1023.318	1023.269	1023.327	1023.292	1023.357	1023.33	1023.318	1023.379	1023.364	1023.418	1023.437	1023.41	1023.427	1023.484	1023.487	1023.492	1023.535	1023.545	1023.59	1023.594	1023.649	1023.597	1023.682	1023.658	1023.701	1023.796	1023.806	1023.785	1023.819	1023.815	1023.827	1023.849	1023.883	1023.859	1023.979	1023.867	1023.962	1024.027	1024.034	1024.007	1024.002	1024.019	1024.03	1024.03	1024.063	1024.08	1024.042	1024.066	1024.075	1024.067	1024.083
1023.343	1023.397	1023.346	1023.321	1023.4	1023.267	1023.335	1023.298	1023.276	1023.263	1023.287	1023.245	1023.3	1023.27	1023.265	1023.249	1023.231	1023.247	1023.26	1023.191	1023.253	1023.301	1023.233	1023.255	1023.137	1023.262	1023.17	1023.192	1023.181	1023.143	1023.2	1023.198	1023.144	1023.198	1023.175	1023.14	1023.229	1023.152	1023.179	1023.178	1023.151	1023.192	1023.195	1023.179	1023.17	1023.165	1023.153	1023.167	1023.172	1023.184	1023.218	1023.18	1023.215	1023.184	1023.148	1023.274	1023.177	1023.273	1023.275	1023.234	1023.281	1023.33	1023.269	1023.282	1023.273	1023.354	1023.369	1023.29	1023.353	1023.26	1023.369	1023.32	1023.292	1023.33	1023.354	1023.412	1023.376	1023.36	1023.355	1023.35	1023.375	1023.379	1023.389	1023.441	1023.411	1023.45	1023.499	1023.443	1023.611	1023.505	1023.561	1023.575	1023.574	1023.606	1023.644	1023.639	1023.683	1023.671	1023.668	1023.717	1023.736	1023.814	1023.803	1023.856	1023.885	1023.846	1023.881	1023.91	1023.978	1023.963	1023.915	1024.002	1024.044	1024.035	1024.082	1024.099	1024.1	1024.131	1024.156	1024.116	1024.229	1024.159	1024.175	1024.216	1024.224	1024.202	1024.242	1024.232	1024.253	1024.254	1024.284	1024.267	1024.271	1024.29	1024.276	1024.283	1024.284
1023.53	1023.591	1023.585	1023.568	1023.593	1023.522	1023.565	1023.5	1023.514	1023.491	1023.528	1023.473	1023.497	1023.466	1023.475	1023.489	1023.484	1023.452	1023.499	1023.461	1023.467	1023.411	1023.363	1023.541	1023.349	1023.43	1023.458	1023.374	1023.455	1023.446	1023.411	1023.488	1023.42	1023.407	1023.46	1023.384	1023.455	1023.401	1023.431	1023.438	1023.409	1023.431	1023.433	1023.378	1023.402	1023.416	1023.397	1023.44	1023.408	1023.433	1023.444	1023.414	1023.44	1023.478	1023.37	1023.527	1023.421	1023.471	1023.487	1023.483	1023.451	1023.487	1023.477	1023.556	1023.484	1023.538	1023.568	1023.505	1023.598	1023.507	1023.569	1023.561	1023.56	1023.556	1023.54	1023.576	1023.547	1023.57	1023.586	1023.569	1023.618	1023.633	1023.582	1023.659	1023.648	1023.653	1023.764	1023.677	1023.775	1023.731	1023.799	1023.799	1023.806	1023.892	1023.905	1023.89	1023.926	1023.95	1023.95	1023.985	1024.002	1024.067	1024.035	1024.093	1024.1	1024.095	1024.14	1024.172	1024.175	1024.196	1024.212	1024.221	1024.264	1024.277	1024.271	1024.304	1024.326	1024.312	1024.384	1024.325	1024.396	1024.367	1024.41	1024.412	1024.417	1024.454	1024.465	1024.445	1024.487	1024.479	1024.505	1024.476	1024.514	1024.521	1024.482	1024.532	1024.517
1023.847	1023.792	1023.773	1023.803	1023.757	1023.787	1023.754	1023.791	1023.841	1023.745	1023.744	1023.761	1023.71	1023.739	1023.735	1023.666	1023.716	1023.643	1023.723	1023.679	1023.667	1023.731	1023.603	1023.702	1023.559	1023.622	1023.655	1023.57	1023.686	1023.671	1023.657	1023.669	1023.678	1023.66	1023.703	1023.653	1023.623	1023.644	1023.659	1023.668	1023.626	1023.646	1023.636	1023.664	1023.645	1023.647	1023.646	1023.664	1023.64	1023.659	1023.663	1023.675	1023.647	1023.75	1023.707	1023.705	1023.742	1023.716	1023.724	1023.728	1023.694	1023.717	1023.753	1023.822	1023.703	1023.733	1023.739	1023.798	1023.802	1023.76	1023.772	1023.768	1023.786	1023.782	1023.759	1023.741	1023.789	1023.802	1023.817	1023.781	1023.764	1023.906	1023.814	1023.913	1023.902	1023.901	1023.953	1023.996	1023.978	1024.028	1024.047	1024.058	1024.093	1024.137	1024.11	1024.174	1024.186	1024.174	1024.219	1024.256	1024.242	1024.257	1024.287	1024.337	1024.347	1024.343	1024.353	1024.384	1024.311	1024.349	1024.42	1024.428	1024.463	1024.499	1024.493	1024.547	1024.585	1024.542	1024.596	1024.607	1024.543	1024.578	1024.633	1024.631	1024.641	1024.692	1024.668	1024.675	1024.691	1024.69	1024.756	1024.735	1024.754	1024.768	1024.754	1024.755	1024.752
1024.032	1023.979	1023.977	1024.056	1023.989	1024.047	1023.933	1023.935	1024.003	1024.013	1023.944	1023.998	1023.944	1023.986	1024.004	1023.875	1024.014	1023.852	1023.997	1023.959	1023.92	1024.024	1023.847	1023.821	1023.867	1023.909	1023.905	1023.943	1023.873	1023.874	1023.872	1023.86	1023.869	1023.889	1023.833	1023.824	1023.861	1023.891	1023.889	1023.869	1023.928	1023.908	1023.917	1023.925	1023.886	1023.891	1023.941	1023.874	1023.934	1023.929	1023.917	1023.964	1023.847	1023.937	1023.905	1023.918	1023.963	1023.959	1023.946	1023.908	1023.931	1023.971	1023.958	1023.886	1023.958	1023.958	1023.961	1023.947	1023.912	1023.957	1023.962	1023.936	1023.937	1023.945	1023.961	1024.015	1024.093	1024.005	1024.062	1024.1	1024.099	1024.116	1024.146	1024.18	1024.204	1024.178	1024.167	1024.251	1024.24	1024.279	1024.275	1024.297	1024.318	1024.345	1024.323	1024.416	1024.408	1024.389	1024.392	1024.431	1024.462	1024.468	1024.543	1024.548	1024.536	1024.615	1024.539	1024.615	1024.68	1024.671	1024.687	1024.716	1024.634	1024.736	1024.738	1024.745	1024.768	1024.808	1024.783	1024.848	1024.871	1024.886	1024.892	1024.872	1024.92	1024.901	1024.924	1024.929	1024.943	1024.916	1024.96	1024.969	1024.969	1025.002	1025.015	1024.996	1025.014
1024.286	1024.289	1024.246	1024.245	1024.16	1024.193	1024.221	1024.201	1024.168	1024.197	1024.17	1024.239	1024.094	1024.112	1024.168	1024.108	1024.245	1024.081	1024.127	1024.131	1024.09	1024.094	1024.153	1024.149	1024.162	1024.117	1024.034	1024.09	1024.037	1024.102	1024.08	1024.037	1024.025	1024.071	1024.069	1024.119	1024.063	1024.064	1024.081	1024.085	1024.071	1024.046	1024.055	1024.073	1024.064	1024.081	1024.149	1024.07	1024.131	1024.103	1024.07	1024.122	1024.106	1024.127	1024.126	1024.129	1024.129	1024.096	1024.169	1024.154	1024.096	1024.114	1024.131	1024.09	1024.209	1024.064	1024.112	1024.152	1024.156	1024.164	1024.093	1024.19	1024.191	1024.225	1024.247	1024.223	1024.208	1024.281	1024.303	1024.329	1024.338	1024.334	1024.478	1024.358	1024.413	1024.432	1024.43	1024.448	1024.458	1024.473	1024.484	1024.489	1024.5	1024.53	1024.604	1024.537	1024.567	1024.638	1024.677	1024.643	1024.741	1024.66	1024.71	1024.749	1024.763	1024.802	1024.829	1024.796	1024.839	1024.841	1024.872	1024.988	1024.95	1024.979	1024.994	1024.976	1024.986	1025.085	1025.076	1025.055	1025.079	1025.081	1025.085	1025.132	1025.139	1025.15	1025.186	1025.136	1025.151	1025.258	1025.204	1025.236	1025.258	1025.249	1025.23	1025.239	1025.269
1024.413	1024.373	1024.344	1024.403	1024.568	1024.357	1024.403	1024.359	1024.339	1024.394	1024.238	1024.353	1024.378	1024.384	1024.368	1024.308	1024.294	1024.349	1024.322	1024.364	1024.392	1024.334	1024.351	1024.213	1024.218	1024.296	1024.349	1024.293	1024.264	1024.246	1024.233	1024.271	1024.278	1024.243	1024.198	1024.206	1024.22	1024.245	1024.262	1024.248	1024.205	1024.306	1024.27	1024.285	1024.287	1024.214	1024.241	1024.207	1024.237	1024.258	1024.265	1024.271	1024.256	1024.261	1024.248	1024.277	1024.328	1024.321	1024.226	1024.313	1024.293	1024.306	1024.324	1024.297	1024.314	1024.278	1024.372	1024.339	1024.3	1024.375	1024.338	1024.397	1024.354	1024.372	1024.429	1024.462	1024.447	1024.587	1024.449	1024.491	1024.59	1024.584	1024.596	1024.611	1024.657	1024.655	1024.651	1024.673	1024.676	1024.68	1024.694	1024.726	1024.742	1024.716	1024.763	1024.835	1024.839	1024.847	1024.842	1024.861	1024.956	1024.972	1024.965	1025.008	1025.01	1024.972	1025.107	1025.101	1025.102	1025.187	1025.21	1025.11	1025.225	1025.181	1025.241	1025.28	1025.266	1025.205	1025.283	1025.335	1025.341	1025.386	1025.431	1025.43	1025.421	1025.418	1025.502	1025.509	1025.507	1025.53	1025.408	1025.511	1025.493	1025.493	1025.535	1025.561	1025.524
1024.617	1024.653	1024.686	1024.575	1024.625	1024.59	1024.634	1024.596	1024.564	1024.654	1024.6	1024.575	1024.54	1024.513	1024.543	1024.625	1024.466	1024.632	1024.518	1024.486	1024.501	1024.476	1024.513	1024.548	1024.516	1024.474	1024.398	1024.355	1024.47	1024.437	1024.43	1024.42	1024.405	1024.396	1024.508	1024.419	1024.479	1024.439	1024.382	1024.439	1024.403	1024.442	1024.362	1024.379	1024.408	1024.429	1024.465	1024.508	1024.419	1024.433	1024.461	1024.428	1024.454	1024.489	1024.517	1024.452	1024.436	1024.525	1024.459	1024.526	1024.525	1024.522	1024.528	1024.494	1024.537	1024.551	1024.537	1024.521	1024.546	1024.613	1024.567	1024.597	1024.667	1024.661	1024.657	1024.698	1024.653	1024.683	1024.731	1024.777	1024.785	1024.755	1024.791	1024.832	1024.831	1024.819	1024.843	1024.89	1024.844	1024.926	1024.906	1024.904	1024.951	1025.002	1024.965	1025.003	1025.031	1025.04	1025.111	1025.195	1025.046	1025.196	1025.169	1025.191	1025.249	1025.275	1025.251	1025.326	1025.314	1025.366	1025.412	1025.388	1025.514	1025.494	1025.485	1025.51	1025.531	1025.605	1025.59	1025.634	1025.623	1025.641	1025.636	1025.603	1025.803	1025.714	1025.721	1025.766	1025.785	1025.768	1025.829	1025.849	1025.798	1025.798	1025.799	1025.742	1025.82
1024.784	1024.797	1024.83	1024.764	1024.879	1024.801	1024.799	1024.802	1024.754	1024.708	1024.798	1024.725	1024.789	1024.764	1024.755	1024.801	1024.701	1024.757	1024.749	1024.733	1024.753	1024.732	1024.689	1024.632	1024.65	1024.684	1024.659	1024.694	1024.624	1024.621	1024.638	1024.647	1024.635	1024.609	1024.681	1024.553	1024.62	1024.626	1024.605	1024.68	1024.579	1024.625	1024.696	1024.681	1024.642	1024.687	1024.57	1024.641	1024.632	1024.658	1024.673	1024.635	1024.769	1024.592	1024.711	1024.675	1024.639	1024.693	1024.701	1024.711	1024.69	1024.714	1024.735	1024.737	1024.755	1024.738	1024.725	1024.76	1024.781	1024.695	1024.805	1024.751	1024.812	1024.845	1024.849	1024.887	1024.915	1024.906	1024.951	1024.941	1024.935	1025.007	1025.017	1024.964	1025.001	1025.044	1025.064	1025.067	1025.06	1025.118	1025.16	1025.166	1025.153	1025.17	1025.27	1025.214	1025.302	1025.295	1025.307	1025.393	1025.342	1025.449	1025.47	1025.463	1025.494	1025.567	1025.524	1025.658	1025.652	1025.634	1025.661	1025.719	1025.695	1025.714	1025.838	1025.824	1025.795	1025.886	1025.806	1025.943	1025.914	1025.979	1026.007	1026.002	1026.023	1026.03	1026.06	1026.068	1026.063	1026.078	1026.083	1026.026	1026.049	1026.079	1026.071	1026.056	1026.086
1025.123	1025.112	1025.071	1025.028	1025.095	1025.019	1024.982	1025.049	1025.031	1024.991	1025.089	1024.952	1024.967	1024.961	1024.931	1024.929	1024.963	1024.937	1024.95	1024.896	1024.897	1024.928	1024.971	1024.892	1024.936	1024.923	1024.842	1024.875	1024.773	1024.962	1024.87	1024.864	1024.895	1024.826	1024.879	1024.826	1024.813	1024.833	1024.798	1024.804	1024.839	1024.812	1024.865	1024.811	1024.783	1024.905	1024.842	1024.9	1024.806	1024.859	1024.869	1024.826	1024.962	1024.88	1024.922	1024.916	1024.895	1024.919	1024.882	1024.914	1024.956	1024.955	1024.945	1024.93	1024.929	1025.023	1024.973	1024.949	1024.946	1024.959	1025.122	1025.017	1025.03	1025.059	1025.072	1025.07	1025.117	1025.081	1025.108	1025.159	1025.194	1025.166	1025.145	1025.184	1025.222	1025.238	1025.232	1025.269	1025.343	1025.315	1025.349	1025.454	1025.476	1025.39	1025.542	1025.452	1025.556	1025.57	1025.56	1025.609	1025.682	1025.604	1025.687	1025.755	1025.785	1025.782	1025.831	1025.83	1025.903	1025.896	1025.9	1025.929	1026.015	1025.992	1026.053	1026.067	1026.077	1026.126	1026.063	1026.16	1026.121	1026.147	1026.163	1026.166	1026.186	1026.199	1026.214	1026.22	1026.218	1026.253	1026.244	1026.26	1026.271	1026.292	1026.282	1026.32	1026.3
1025.263	1025.275	1025.243	1025.267	1025.223	1025.289	1025.282	1025.318	1025.256	1025.224	1025.24	1025.258	1025.212	1025.216	1025.195	1025.148	1025.166	1025.156	1025.157	1025.111	1025.128	1025.118	1025.179	1025.08	1025.15	1025.123	1025.04	1025.158	1025.016	1025.169	1025.104	1025.091	1025.101	1025.045	1025.082	1025.066	1025.033	1025.096	1025.067	1025.002	1025.105	1025.023	1025.072	1025.046	1025.024	1025.082	1025.006	1025.129	1025.035	1025.072	1025.09	1025.052	1025.087	1025.103	1025.11	1025.095	1025.111	1025.168	1025.118	1025.147	1025.155	1025.126	1025.106	1025.192	1025.132	1025.196	1025.201	1025.207	1025.244	1025.281	1025.211	1025.237	1025.238	1025.227	1025.238	1025.274	1025.291	1025.314	1025.3	1025.35	1025.379	1025.354	1025.379	1025.413	1025.446	1025.5	1025.521	1025.524	1025.539	1025.608	1025.58	1025.66	1025.717	1025.685	1025.772	1025.787	1025.829	1025.885	1025.9	1025.897	1025.982	1025.936	1025.931	1025.997	1026.033	1026.029	1026.107	1026.081	1026.12	1026.151	1026.151	1026.139	1026.22	1026.195	1026.207	1026.232	1026.251	1026.279	1026.291	1026.304	1026.294	1026.354	1026.382	1026.358	1026.414	1026.396	1026.415	1026.413	1026.427	1026.473	1026.464	1026.498	1026.504	1026.555	1026.566	1026.536	1026.528
1025.491	1025.511	1025.486	1025.53	1025.45	1025.495	1025.51	1025.521	1025.456	1025.466	1025.38	1025.491	1025.452	1025.428	1025.433	1025.409	1025.352	1025.413	1025.386	1025.363	1025.366	1025.314	1025.386	1025.268	1025.33	1025.321	1025.276	1025.371	1025.247	1025.321	1025.269	1025.251	1025.28	1025.269	1025.287	1025.285	1025.255	1025.326	1025.313	1025.238	1025.316	1025.237	1025.288	1025.225	1025.205	1025.31	1025.218	1025.336	1025.325	1025.359	1025.317	1025.289	1025.309	1025.308	1025.326	1025.38	1025.398	1025.368	1025.377	1025.365	1025.403	1025.368	1025.322	1025.381	1025.38	1025.363	1025.385	1025.349	1025.394	1025.47	1025.367	1025.455	1025.414	1025.42	1025.457	1025.521	1025.464	1025.556	1025.539	1025.572	1025.578	1025.583	1025.676	1025.642	1025.716	1025.771	1025.768	1025.77	1025.72	1025.848	1025.841	1025.861	1025.927	1025.992	1025.976	1026.06	1026.06	1026.091	1026.135	1026.122	1026.126	1026.195	1026.184	1026.208	1026.229	1026.228	1026.254	1026.307	1026.296	1026.315	1026.37	1026.373	1026.366	1026.412	1026.425	1026.436	1026.462	1026.466	1026.52	1026.498	1026.518	1026.6	1026.614	1026.576	1026.643	1026.618	1026.654	1026.662	1026.664	1026.713	1026.704	1026.74	1026.717	1026.775	1026.804	1026.759	1026.791
1025.73	1025.757	1025.715	1025.729	1025.72	1025.671	1025.698	1025.734	1025.654	1025.706	1025.679	1025.689	1025.644	1025.618	1025.612	1025.616	1025.544	1025.667	1025.573	1025.548	1025.554	1025.506	1025.614	1025.516	1025.554	1025.56	1025.537	1025.551	1025.506	1025.527	1025.532	1025.497	1025.508	1025.541	1025.497	1025.528	1025.502	1025.48	1025.463	1025.461	1025.507	1025.434	1025.5	1025.443	1025.402	1025.553	1025.516	1025.492	1025.52	1025.548	1025.501	1025.51	1025.562	1025.518	1025.517	1025.576	1025.594	1025.525	1025.568	1025.549	1025.597	1025.622	1025.586	1025.549	1025.63	1025.575	1025.604	1025.578	1025.555	1025.636	1025.651	1025.646	1025.576	1025.645	1025.685	1025.722	1025.675	1025.74	1025.732	1025.766	1025.803	1025.814	1025.922	1025.843	1025.997	1025.992	1025.939	1026.056	1026.074	1026.075	1026.14	1026.156	1026.157	1026.22	1026.174	1026.242	1026.238	1026.263	1026.301	1026.336	1026.325	1026.392	1026.398	1026.417	1026.447	1026.458	1026.429	1026.507	1026.494	1026.501	1026.571	1026.622	1026.571	1026.643	1026.622	1026.633	1026.704	1026.709	1026.747	1026.76	1026.763	1026.774	1026.784	1026.818	1026.848	1026.852	1026.887	1026.895	1026.923	1026.978	1026.949	1027.019	1026.993	1027.019	1027.039	1027.049	1027.081
1025.843	1025.902	1025.912	1025.858	1025.906	1025.897	1025.971	1025.963	1025.844	1025.826	1025.979	1025.867	1025.932	1025.912	1025.88	1025.907	1025.774	1025.828	1025.783	1025.786	1025.785	1025.695	1025.749	1025.676	1025.702	1025.71	1025.7	1025.679	1025.785	1025.693	1025.682	1025.679	1025.676	1025.736	1025.657	1025.68	1025.655	1025.626	1025.626	1025.689	1025.685	1025.668	1025.74	1025.751	1025.727	1025.712	1025.694	1025.648	1025.647	1025.704	1025.717	1025.696	1025.656	1025.713	1025.706	1025.702	1025.713	1025.709	1025.761	1025.714	1025.71	1025.745	1025.759	1025.74	1025.823	1025.727	1025.795	1025.809	1025.805	1025.813	1025.809	1025.745	1025.803	1025.892	1025.901	1025.858	1025.905	1025.956	1025.926	1025.994	1026.031	1026.025	1026.155	1026.095	1026.171	1026.157	1026.146	1026.261	1026.3	1026.262	1026.366	1026.366	1026.349	1026.401	1026.414	1026.4	1026.444	1026.46	1026.459	1026.515	1026.575	1026.525	1026.618	1026.636	1026.637	1026.696	1026.72	1026.707	1026.746	1026.753	1026.765	1026.8	1026.844	1026.877	1026.795	1026.855	1026.94	1026.975	1026.919	1026.99	1027.015	1027.03	1027.047	1027.102	1027.099	1027.139	1027.152	1027.174	1027.207	1027.271	1027.193	1027.281	1027.282	1027.283	1027.285	1027.317	1027.329
1026.096	1026.088	1026.1	1026.088	1026.09	1026.036	1026.014	1026.073	1026.113	1026.08	1026.168	1026.026	1026.083	1026.037	1026	1026.042	1025.989	1026.029	1025.987	1025.951	1025.949	1025.968	1025.932	1025.961	1025.865	1025.878	1025.924	1025.897	1025.906	1025.794	1025.895	1025.918	1025.884	1025.854	1025.862	1025.895	1025.853	1025.863	1025.889	1025.849	1025.829	1025.887	1025.824	1025.875	1025.916	1025.843	1025.916	1025.977	1025.883	1025.866	1025.886	1025.907	1025.853	1025.926	1025.92	1025.915	1025.929	1025.923	1025.823	1025.95	1025.923	1025.932	1025.946	1025.919	1025.934	1025.958	1025.952	1025.971	1025.983	1025.994	1026.028	1026.077	1026.068	1026.05	1026.052	1026.116	1026.144	1026.164	1026.189	1026.227	1026.257	1026.245	1026.331	1026.324	1026.325	1026.396	1026.443	1026.402	1026.4	1026.494	1026.477	1026.493	1026.525	1026.53	1026.6	1026.591	1026.62	1026.661	1026.654	1026.631	1026.781	1026.739	1026.824	1026.837	1026.83	1026.861	1026.927	1026.889	1026.964	1027.001	1027.01	1027.029	1027.036	1027.067	1027.143	1027.171	1027.158	1027.168	1027.241	1027.238	1027.246	1027.274	1027.288	1027.314	1027.322	1027.394	1027.411	1027.451	1027.464	1027.473	1027.538	1027.536	1027.516	1027.553	1027.578	1027.55	1027.612
1026.249	1026.224	1026.217	1026.221	1026.185	1026.329	1026.234	1026.228	1026.238	1026.142	1026.21	1026.169	1026.207	1026.19	1026.158	1026.191	1026.101	1026.155	1026.158	1026.127	1026.117	1026.145	1026.035	1026.15	1026.1	1026.079	1026.071	1026.04	1026.101	1026.105	1026.077	1026.032	1026.021	1026.052	1026.021	1026.031	1026.021	1026.017	1026.038	1026.055	1026.045	1026.11	1026.068	1026.063	1026.083	1026.088	1026.09	1025.998	1026.059	1026.071	1026.037	1026.034	1026.101	1026.015	1026.038	1026.035	1026.043	1026.103	1026.065	1026.122	1026.097	1026.09	1026.121	1026.148	1026.102	1026.182	1026.149	1026.146	1026.175	1026.194	1026.189	1026.168	1026.203	1026.27	1026.338	1026.361	1026.252	1026.353	1026.39	1026.404	1026.448	1026.501	1026.4	1026.568	1026.563	1026.528	1026.555	1026.614	1026.66	1026.711	1026.616	1026.687	1026.766	1026.709	1026.719	1026.8	1026.768	1026.824	1026.896	1026.911	1026.948	1026.985	1026.971	1027.03	1027.114	1027.135	1027.136	1027.215	1027.2	1027.187	1027.235	1027.302	1027.347	1027.304	1027.349	1027.362	1027.381	1027.448	1027.514	1027.486	1027.512	1027.572	1027.621	1027.671	1027.737	1027.707	1027.694	1027.727	1027.738	1027.696	1027.801	1027.78	1027.797	1027.825	1027.824	1027.779	1027.822
1026.497	1026.47	1026.469	1026.531	1026.303	1026.417	1026.366	1026.39	1026.402	1026.351	1026.464	1026.362	1026.311	1026.312	1026.318	1026.306	1026.323	1026.266	1026.302	1026.311	1026.3	1026.297	1026.235	1026.253	1026.227	1026.257	1026.269	1026.232	1026.215	1026.162	1026.185	1026.22	1026.231	1026.215	1026.155	1026.181	1026.247	1026.217	1026.208	1026.261	1026.181	1026.131	1026.187	1026.206	1026.178	1026.173	1026.244	1026.205	1026.231	1026.246	1026.212	1026.197	1026.257	1026.191	1026.265	1026.26	1026.227	1026.248	1026.276	1026.23	1026.274	1026.295	1026.287	1026.314	1026.325	1026.307	1026.326	1026.371	1026.407	1026.381	1026.444	1026.42	1026.498	1026.501	1026.457	1026.463	1026.589	1026.568	1026.606	1026.577	1026.608	1026.711	1026.633	1026.694	1026.72	1026.728	1026.778	1026.837	1026.744	1026.81	1026.867	1026.845	1026.844	1026.895	1026.958	1026.98	1027.033	1027.043	1027.068	1027.135	1027.087	1027.264	1027.26	1027.245	1027.256	1027.303	1027.296	1027.382	1027.4	1027.474	1027.507	1027.459	1027.54	1027.627	1027.642	1027.676	1027.744	1027.743	1027.689	1027.801	1027.846	1027.864	1027.848	1027.873	1027.826	1027.896	1027.923	1027.949	1027.981	1028.016	1027.981	1027.979	1028.012	1028.001	1028	1028.062	1027.993
1026.653	1026.565	1026.527	1026.666	1026.586	1026.644	1026.553	1026.557	1026.582	1026.56	1026.523	1026.511	1026.503	1026.518	1026.506	1026.45	1026.545	1026.471	1026.462	1026.446	1026.396	1026.38	1026.446	1026.432	1026.416	1026.37	1026.355	1026.372	1026.408	1026.386	1026.398	1026.386	1026.323	1026.287	1026.443	1026.347	1026.376	1026.394	1026.381	1026.357	1026.406	1026.404	1026.338	1026.349	1026.378	1026.414	1026.345	1026.432	1026.354	1026.356	1026.372	1026.397	1026.408	1026.403	1026.34	1026.369	1026.409	1026.392	1026.437	1026.42	1026.465	1026.466	1026.447	1026.481	1026.533	1026.561	1026.552	1026.574	1026.565	1026.541	1026.632	1026.602	1026.632	1026.691	1026.705	1026.717	1026.797	1026.701	1026.835	1026.848	1026.798	1026.786	1026.901	1026.855	1026.896	1026.927	1026.955	1026.952	1027.026	1027.007	1027.059	1027.061	1027.092	1027.17	1027.175	1027.073	1027.232	1027.262	1027.271	1027.389	1027.344	1027.389	1027.425	1027.46	1027.555	1027.605	1027.636	1027.649	1027.663	1027.707	1027.756	1027.803	1027.852	1027.865	1027.915	1027.931	1027.927	1027.95	1028.017	1028.035	1028.045	1028.068	1028.08	1028.118	1028.116	1028.135	1028.136	1028.146	1028.127	1028.147	1028.197	1028.183	1028.223	1028.199	1028.188	1028.252	1028.22
1026.851	1026.823	1026.807	1026.842	1026.761	1026.809	1026.781	1026.735	1026.707	1026.718	1026.682	1026.721	1026.645	1026.659	1026.691	1026.685	1026.649	1026.625	1026.638	1026.656	1026.646	1026.607	1026.574	1026.545	1026.615	1026.587	1026.577	1026.601	1026.558	1026.558	1026.534	1026.589	1026.568	1026.546	1026.561	1026.54	1026.521	1026.549	1026.582	1026.556	1026.557	1026.545	1026.535	1026.522	1026.529	1026.594	1026.467	1026.59	1026.597	1026.587	1026.597	1026.584	1026.54	1026.672	1026.58	1026.596	1026.652	1026.581	1026.66	1026.629	1026.606	1026.629	1026.694	1026.758	1026.692	1026.753	1026.754	1026.786	1026.781	1026.823	1026.795	1026.85	1026.828	1026.877	1026.909	1026.886	1026.968	1027.005	1027.009	1027.009	1026.99	1026.992	1027.032	1027.023	1027.033	1027.091	1027.121	1027.104	1027.242	1027.166	1027.204	1027.293	1027.347	1027.301	1027.399	1027.405	1027.409	1027.445	1027.473	1027.521	1027.552	1027.656	1027.686	1027.719	1027.787	1027.769	1027.816	1027.876	1027.967	1027.99	1027.997	1028.036	1028.076	1028.044	1028.102	1028.135	1028.133	1028.161	1028.178	1028.191	1028.238	1028.26	1028.235	1028.234	1028.295	1028.281	1028.295	1028.397	1028.402	1028.356	1028.404	1028.391	1028.4	1028.426	1028.457	1028.441	1028.524
1027.033	1026.968	1026.946	1026.987	1026.968	1026.949	1026.963	1026.921	1026.909	1026.927	1026.861	1026.895	1026.847	1026.857	1026.885	1026.867	1026.808	1026.841	1026.765	1026.793	1026.805	1026.771	1026.807	1026.779	1026.807	1026.734	1026.743	1026.785	1026.697	1026.781	1026.739	1026.777	1026.753	1026.748	1026.678	1026.792	1026.742	1026.678	1026.691	1026.743	1026.773	1026.701	1026.809	1026.792	1026.688	1026.738	1026.727	1026.72	1026.733	1026.688	1026.686	1026.768	1026.736	1026.803	1026.802	1026.806	1026.799	1026.752	1026.846	1026.793	1026.822	1026.814	1026.868	1026.909	1026.88	1026.939	1026.974	1027.001	1026.975	1026.999	1026.935	1027.071	1027.046	1027.042	1027.05	1027.071	1027.097	1027.168	1027.144	1027.148	1027.212	1027.239	1027.17	1027.284	1027.266	1027.294	1027.312	1027.315	1027.343	1027.403	1027.437	1027.51	1027.555	1027.527	1027.597	1027.629	1027.65	1027.77	1027.807	1027.77	1027.809	1027.916	1027.903	1027.947	1028.019	1028.022	1028.095	1028.059	1028.115	1028.163	1028.168	1028.19	1028.225	1028.249	1028.253	1028.288	1028.325	1028.355	1028.349	1028.417	1028.438	1028.451	1028.433	1028.475	1028.54	1028.538	1028.528	1028.61	1028.622	1028.622	1028.629	1028.7	1028.663	1028.671	1028.69	1028.664	1028.751
