1011.652	1011.723	1011.701	1011.674	1011.742	1011.667	1011.63	1011.725	1011.733	1011.704	1011.712	1011.673	1011.724	1011.705	1011.696	1011.725	1011.722	1011.687	1011.688	1011.764	1011.697	1011.751	1011.774	1011.74	1011.654	1011.693	1011.817	1011.684	1011.793	1011.709	1011.792	1011.73	1011.687	1011.798	1011.821	1011.768	1011.823	1011.775	1011.847	1011.802	1011.758	1011.736	1011.825	1011.873	1011.832	1011.832	1011.803	1011.812	1011.829	1011.846	1011.874	1011.866	1011.836	1011.841	1011.854	1011.871	1011.874	1011.85	1011.87	1011.892	1011.933	1011.966	1011.971	1011.931	1011.953	1011.91	1011.976	1011.96	1011.935	1011.893	1011.927	1011.974	1011.956	1012.007	1011.991	1011.997	1012.01	1011.979	1011.979	1012.017	1012.007	1012.018	1012.014	1011.993	1012.032	1012.036	1012.042	1012.072	1012.045	1012.005	1012.052	1012.032	1012.051	1012.035	1012.056	1012.049	1012.049	1012.061	1012.044	1012.082	1012.09	1012.053	1012.097	1012.088	1012.121	1012.123	1012.093	1012.14	1012.097	1012.137	1012.125	1012.127	1012.134	1012.116	1012.137	1012.171	1012.161	1012.161	1012.19	1012.149	1012.182	1012.162	1012.159	1012.168	1012.172	1012.194	1012.218	1012.18	1012.244	1012.191	1012.245	1012.287	1012.27	1012.263	1012.249	1012.245	1012.248
1011.738	1011.786	1011.765	1011.716	1011.774	1011.694	1011.66	1011.762	1011.789	1011.747	1011.762	1011.784	1011.785	1011.815	1011.804	1011.75	1011.746	1011.778	1011.788	1011.767	1011.744	1011.864	1011.74	1011.703	1011.796	1011.843	1011.86	1011.749	1011.849	1011.76	1011.88	1011.808	1011.754	1011.818	1011.837	1011.849	1011.826	1011.895	1011.835	1011.85	1011.862	1011.831	1011.889	1011.936	1011.921	1011.891	1011.87	1011.935	1011.914	1011.945	1011.98	1011.948	1011.915	1011.936	1011.998	1011.861	1012.011	1011.931	1011.985	1012.001	1011.964	1011.998	1012.036	1011.943	1012.034	1012.004	1012.028	1012.038	1012.024	1012.013	1012.041	1012.034	1012.064	1012.03	1012.051	1012.056	1012.055	1012.032	1012.029	1012.059	1012.063	1012.067	1012.054	1012.081	1012.094	1012.082	1012.094	1012.084	1012.051	1012.069	1012.102	1012.075	1012.122	1012.09	1012.113	1012.108	1012.089	1012.1	1012.103	1012.136	1012.123	1012.148	1012.169	1012.143	1012.176	1012.192	1012.16	1012.19	1012.144	1012.216	1012.171	1012.186	1012.181	1012.159	1012.165	1012.202	1012.233	1012.202	1012.25	1012.233	1012.242	1012.255	1012.249	1012.261	1012.268	1012.238	1012.281	1012.275	1012.274	1012.254	1012.242	1012.292	1012.296	1012.283	1012.325	1012.296	1012.296
1011.865	1011.8	1011.742	1011.814	1011.913	1011.871	1011.832	1011.822	1011.861	1011.882	1011.847	1011.821	1011.803	1011.907	1011.871	1011.809	1011.79	1011.86	1011.835	1011.877	1011.861	1011.878	1011.695	1011.779	1011.881	1011.9	1011.855	1011.87	1011.921	1011.92	1011.932	1011.794	1011.886	1011.965	1011.917	1011.923	1011.825	1011.981	1011.936	1011.987	1011.921	1011.959	1012.02	1012.016	1011.913	1011.934	1011.997	1011.98	1011.951	1012.031	1011.994	1011.955	1011.977	1012.016	1012.078	1012.001	1012.049	1012.029	1012.068	1012.049	1012.026	1012.014	1012.037	1012.037	1012.074	1012.067	1012.053	1012.089	1012.078	1012.066	1012.079	1012.087	1012.14	1012.06	1012.133	1012.102	1012.097	1012.114	1012.109	1012.111	1012.127	1012.135	1012.128	1012.144	1012.122	1012.136	1012.128	1012.114	1012.106	1012.16	1012.139	1012.14	1012.175	1012.161	1012.187	1012.184	1012.165	1012.156	1012.206	1012.199	1012.184	1012.209	1012.194	1012.187	1012.192	1012.21	1012.219	1012.228	1012.222	1012.257	1012.224	1012.284	1012.242	1012.27	1012.276	1012.234	1012.291	1012.272	1012.271	1012.319	1012.293	1012.315	1012.317	1012.327	1012.362	1012.331	1012.338	1012.349	1012.294	1012.379	1012.322	1012.344	1012.35	1012.329	1012.377	1012.373	1012.387
1011.824	1011.91	1011.924	1011.969	1011.875	1011.807	1011.826	1011.885	1011.914	1011.834	1011.852	1011.897	1011.951	1011.9	1011.888	1011.908	1011.913	1011.904	1011.86	1011.994	1011.874	1011.911	1011.981	1011.963	1011.936	1011.964	1012.026	1011.936	1011.861	1011.871	1011.982	1011.965	1012.05	1012.038	1011.925	1011.98	1012.016	1012.059	1011.96	1012.006	1011.988	1012.047	1012.04	1011.992	1012.01	1012.079	1012.033	1012.055	1012.058	1012.061	1012.023	1012.036	1012.077	1012.031	1012.037	1012.091	1012.075	1012.096	1012.096	1012.074	1012.099	1012.117	1012.067	1012.169	1012.036	1012.135	1012.148	1012.143	1012.13	1012.138	1012.166	1012.159	1012.141	1012.127	1012.17	1012.129	1012.161	1012.167	1012.167	1012.184	1012.188	1012.171	1012.174	1012.18	1012.215	1012.217	1012.187	1012.198	1012.216	1012.19	1012.209	1012.273	1012.193	1012.242	1012.224	1012.238	1012.255	1012.246	1012.254	1012.242	1012.294	1012.265	1012.258	1012.294	1012.266	1012.272	1012.295	1012.271	1012.318	1012.314	1012.291	1012.389	1012.335	1012.365	1012.379	1012.338	1012.346	1012.37	1012.36	1012.36	1012.348	1012.36	1012.378	1012.372	1012.379	1012.427	1012.368	1012.455	1012.399	1012.438	1012.424	1012.439	1012.444	1012.442	1012.439	1012.429	1012.461
1012.015	1011.971	1011.815	1011.854	1012.008	1012.046	1012.03	1012.008	1011.984	1011.959	1012.079	1011.911	1011.981	1011.947	1011.979	1011.964	1011.932	1012.031	1012.029	1011.951	1012.012	1012.012	1011.942	1011.942	1012.019	1012.043	1011.944	1011.888	1012.168	1012.058	1012.075	1012.025	1011.977	1012.01	1012.066	1012.085	1012.016	1012.032	1012.047	1012.107	1012.108	1012.092	1012.053	1012.06	1012.134	1012.067	1012.043	1012.151	1012.1	1012.093	1012.122	1012.114	1012.1	1012.161	1012.173	1012.134	1012.118	1012.124	1012.18	1012.161	1012.163	1012.184	1012.138	1012.239	1012.129	1012.257	1012.156	1012.177	1012.185	1012.189	1012.2	1012.18	1012.208	1012.259	1012.197	1012.219	1012.263	1012.24	1012.239	1012.26	1012.224	1012.249	1012.275	1012.257	1012.248	1012.235	1012.249	1012.271	1012.277	1012.273	1012.291	1012.274	1012.216	1012.307	1012.274	1012.292	1012.314	1012.309	1012.324	1012.306	1012.317	1012.34	1012.349	1012.32	1012.335	1012.375	1012.388	1012.365	1012.367	1012.395	1012.384	1012.353	1012.407	1012.39	1012.388	1012.43	1012.408	1012.379	1012.464	1012.399	1012.48	1012.426	1012.464	1012.467	1012.432	1012.487	1012.414	1012.503	1012.495	1012.467	1012.504	1012.502	1012.484	1012.497	1012.525	1012.5	1012.572
1011.981	1011.938	1012.124	1012.07	1012.016	1011.938	1011.913	1011.981	1012.033	1012.005	1012.039	1011.975	1012.068	1012.049	1012.07	1012.068	1012.029	1012.033	1012.016	1012.036	1012.07	1012.073	1012.067	1012.109	1012.091	1012.052	1012.118	1012.115	1012.048	1011.965	1012.053	1012.101	1012.149	1012.157	1012.103	1012.05	1012.122	1012.18	1012.16	1012.083	1012.071	1012.129	1012.181	1012.17	1012.107	1012.136	1012.27	1012.123	1012.164	1012.161	1012.191	1012.182	1012.153	1012.183	1012.159	1012.133	1012.275	1012.163	1012.206	1012.204	1012.202	1012.237	1012.234	1012.222	1012.208	1012.258	1012.209	1012.289	1012.272	1012.248	1012.278	1012.277	1012.295	1012.224	1012.291	1012.287	1012.267	1012.277	1012.298	1012.298	1012.296	1012.336	1012.273	1012.32	1012.333	1012.343	1012.363	1012.334	1012.317	1012.372	1012.322	1012.354	1012.414	1012.355	1012.366	1012.386	1012.37	1012.367	1012.415	1012.416	1012.405	1012.385	1012.432	1012.419	1012.449	1012.432	1012.402	1012.473	1012.441	1012.41	1012.52	1012.443	1012.5	1012.498	1012.477	1012.502	1012.51	1012.496	1012.571	1012.45	1012.558	1012.496	1012.519	1012.547	1012.533	1012.571	1012.582	1012.533	1012.537	1012.6	1012.583	1012.588	1012.597	1012.596	1012.603	1012.584	1012.555
1012.155	1012.029	1012.035	1012.023	1012.082	1012.114	1012.144	1012.145	1012.099	1012.089	1012.082	1012.142	1012.116	1012.072	1012.064	1012.095	1012.117	1012.119	1012.087	1012.192	1012.035	1012.11	1012.113	1012.124	1012.109	1012.102	1012.152	1012.103	1012.109	1012.266	1012.208	1012.134	1012.134	1012.13	1012.124	1012.203	1012.238	1012.105	1012.166	1012.21	1012.257	1012.225	1012.163	1012.169	1012.228	1012.243	1012.203	1012.169	1012.275	1012.214	1012.199	1012.26	1012.288	1012.249	1012.292	1012.261	1012.252	1012.26	1012.284	1012.291	1012.285	1012.294	1012.296	1012.311	1012.322	1012.304	1012.323	1012.296	1012.287	1012.331	1012.361	1012.308	1012.37	1012.314	1012.396	1012.349	1012.38	1012.391	1012.376	1012.371	1012.385	1012.374	1012.386	1012.405	1012.397	1012.375	1012.388	1012.415	1012.429	1012.423	1012.419	1012.432	1012.405	1012.401	1012.455	1012.45	1012.462	1012.493	1012.444	1012.413	1012.52	1012.463	1012.498	1012.481	1012.496	1012.521	1012.522	1012.526	1012.531	1012.537	1012.501	1012.55	1012.498	1012.537	1012.562	1012.547	1012.573	1012.568	1012.577	1012.603	1012.596	1012.636	1012.626	1012.619	1012.624	1012.595	1012.594	1012.677	1012.633	1012.659	1012.623	1012.646	1012.679	1012.665	1012.666	1012.733	1012.674
1012.086	1012.148	1012.136	1012.165	1012.168	1012.085	1012.086	1012.108	1012.086	1012.185	1012.129	1012.15	1012.113	1012.166	1012.192	1012.179	1012.153	1012.174	1012.133	1012.185	1012.155	1012.225	1012.182	1012.182	1012.205	1012.203	1012.159	1012.204	1012.243	1012.181	1012.175	1012.201	1012.24	1012.242	1012.237	1012.233	1012.213	1012.275	1012.296	1012.195	1012.226	1012.293	1012.284	1012.281	1012.292	1012.261	1012.279	1012.338	1012.19	1012.268	1012.311	1012.328	1012.303	1012.302	1012.33	1012.338	1012.3	1012.379	1012.345	1012.352	1012.364	1012.359	1012.364	1012.365	1012.371	1012.364	1012.39	1012.386	1012.41	1012.434	1012.408	1012.406	1012.446	1012.402	1012.432	1012.414	1012.443	1012.413	1012.405	1012.453	1012.449	1012.444	1012.487	1012.453	1012.474	1012.487	1012.469	1012.484	1012.493	1012.454	1012.524	1012.499	1012.511	1012.556	1012.546	1012.53	1012.538	1012.553	1012.542	1012.567	1012.557	1012.547	1012.574	1012.578	1012.566	1012.585	1012.608	1012.597	1012.583	1012.688	1012.559	1012.707	1012.631	1012.642	1012.663	1012.641	1012.68	1012.672	1012.641	1012.726	1012.621	1012.691	1012.683	1012.678	1012.741	1012.745	1012.708	1012.727	1012.713	1012.736	1012.76	1012.732	1012.741	1012.773	1012.796	1012.764	1012.776
1012.162	1012.225	1012.161	1012.188	1012.196	1012.156	1012.234	1012.264	1012.191	1012.212	1012.174	1012.258	1012.224	1012.138	1012.184	1012.248	1012.26	1012.251	1012.261	1012.233	1012.248	1012.239	1012.323	1012.288	1012.225	1012.195	1012.261	1012.285	1012.263	1012.289	1012.31	1012.241	1012.275	1012.274	1012.271	1012.307	1012.337	1012.325	1012.285	1012.308	1012.338	1012.367	1012.335	1012.329	1012.342	1012.394	1012.315	1012.389	1012.305	1012.364	1012.393	1012.383	1012.382	1012.401	1012.354	1012.426	1012.405	1012.435	1012.429	1012.433	1012.424	1012.405	1012.455	1012.432	1012.459	1012.464	1012.462	1012.465	1012.48	1012.47	1012.451	1012.497	1012.458	1012.494	1012.512	1012.508	1012.498	1012.494	1012.515	1012.547	1012.526	1012.564	1012.523	1012.569	1012.55	1012.553	1012.543	1012.553	1012.558	1012.56	1012.598	1012.564	1012.607	1012.6	1012.607	1012.61	1012.619	1012.615	1012.623	1012.642	1012.611	1012.683	1012.653	1012.671	1012.67	1012.632	1012.62	1012.718	1012.666	1012.747	1012.69	1012.748	1012.745	1012.74	1012.754	1012.749	1012.75	1012.756	1012.743	1012.767	1012.747	1012.763	1012.775	1012.775	1012.821	1012.799	1012.846	1012.789	1012.871	1012.827	1012.825	1012.82	1012.837	1012.865	1012.88	1012.839	1012.932
1012.228	1012.266	1012.225	1012.27	1012.268	1012.247	1012.324	1012.288	1012.256	1012.279	1012.282	1012.285	1012.299	1012.249	1012.265	1012.329	1012.295	1012.266	1012.339	1012.27	1012.351	1012.284	1012.351	1012.336	1012.27	1012.307	1012.347	1012.337	1012.325	1012.372	1012.33	1012.298	1012.409	1012.409	1012.359	1012.39	1012.397	1012.365	1012.37	1012.371	1012.407	1012.402	1012.368	1012.416	1012.416	1012.465	1012.38	1012.434	1012.468	1012.479	1012.486	1012.477	1012.439	1012.43	1012.455	1012.491	1012.47	1012.49	1012.489	1012.492	1012.484	1012.492	1012.531	1012.502	1012.547	1012.526	1012.56	1012.549	1012.568	1012.559	1012.536	1012.562	1012.544	1012.619	1012.568	1012.601	1012.586	1012.598	1012.62	1012.613	1012.606	1012.656	1012.57	1012.67	1012.612	1012.627	1012.658	1012.669	1012.659	1012.664	1012.673	1012.667	1012.695	1012.692	1012.702	1012.635	1012.643	1012.721	1012.729	1012.727	1012.729	1012.755	1012.764	1012.755	1012.788	1012.751	1012.722	1012.783	1012.767	1012.781	1012.821	1012.778	1012.805	1012.787	1012.801	1012.847	1012.843	1012.849	1012.888	1012.839	1012.899	1012.889	1012.886	1012.889	1012.916	1012.902	1012.95	1012.87	1012.959	1012.945	1012.937	1012.97	1012.988	1012.954	1012.972	1012.947	1013.026
1012.304	1012.33	1012.315	1012.353	1012.319	1012.295	1012.361	1012.317	1012.323	1012.316	1012.383	1012.33	1012.35	1012.363	1012.376	1012.39	1012.354	1012.345	1012.417	1012.323	1012.422	1012.37	1012.401	1012.386	1012.397	1012.443	1012.405	1012.432	1012.416	1012.415	1012.366	1012.418	1012.537	1012.484	1012.432	1012.454	1012.441	1012.448	1012.51	1012.438	1012.495	1012.491	1012.44	1012.491	1012.476	1012.478	1012.53	1012.489	1012.54	1012.525	1012.537	1012.543	1012.503	1012.507	1012.578	1012.532	1012.56	1012.582	1012.565	1012.566	1012.595	1012.607	1012.605	1012.591	1012.637	1012.579	1012.645	1012.61	1012.632	1012.652	1012.627	1012.646	1012.658	1012.693	1012.641	1012.69	1012.671	1012.683	1012.701	1012.693	1012.685	1012.703	1012.695	1012.723	1012.689	1012.724	1012.757	1012.759	1012.746	1012.751	1012.76	1012.771	1012.773	1012.783	1012.814	1012.738	1012.755	1012.841	1012.819	1012.815	1012.862	1012.79	1012.859	1012.848	1012.881	1012.921	1012.894	1012.869	1012.925	1012.847	1012.934	1012.874	1012.926	1012.902	1012.898	1012.947	1012.945	1012.947	1012.988	1012.957	1013.003	1013.003	1013.003	1012.954	1012.983	1013.004	1012.998	1013.033	1013.001	1013.042	1013.032	1013.067	1013.103	1013.061	1013.09	1013.082	1013.072
1012.401	1012.409	1012.372	1012.403	1012.369	1012.383	1012.457	1012.444	1012.43	1012.355	1012.429	1012.453	1012.436	1012.419	1012.428	1012.445	1012.436	1012.463	1012.499	1012.447	1012.47	1012.444	1012.472	1012.464	1012.475	1012.514	1012.455	1012.533	1012.457	1012.494	1012.502	1012.538	1012.523	1012.468	1012.469	1012.509	1012.544	1012.514	1012.558	1012.535	1012.64	1012.597	1012.538	1012.571	1012.584	1012.534	1012.641	1012.549	1012.588	1012.617	1012.593	1012.599	1012.623	1012.656	1012.645	1012.611	1012.678	1012.649	1012.621	1012.654	1012.687	1012.702	1012.684	1012.683	1012.716	1012.676	1012.72	1012.672	1012.71	1012.73	1012.726	1012.763	1012.743	1012.74	1012.767	1012.772	1012.749	1012.783	1012.802	1012.815	1012.808	1012.764	1012.858	1012.781	1012.831	1012.849	1012.834	1012.835	1012.836	1012.84	1012.858	1012.847	1012.862	1012.856	1012.895	1012.905	1012.924	1012.945	1012.897	1012.907	1012.941	1012.902	1012.915	1012.909	1012.927	1012.966	1013.01	1012.948	1013.053	1012.942	1013.02	1012.994	1013.032	1013.036	1013.031	1013.025	1013.03	1013.055	1013.031	1013.081	1013.061	1013.11	1013.136	1013.079	1013.087	1013.15	1013.058	1013.23	1013.097	1013.171	1013.136	1013.146	1013.187	1013.162	1013.183	1013.222	1013.172
1012.434	1012.463	1012.453	1012.515	1012.502	1012.47	1012.471	1012.428	1012.435	1012.531	1012.482	1012.487	1012.494	1012.504	1012.551	1012.55	1012.5	1012.489	1012.495	1012.571	1012.562	1012.52	1012.558	1012.548	1012.555	1012.587	1012.592	1012.592	1012.495	1012.64	1012.516	1012.565	1012.615	1012.63	1012.645	1012.558	1012.666	1012.574	1012.606	1012.694	1012.622	1012.601	1012.628	1012.675	1012.74	1012.656	1012.633	1012.672	1012.742	1012.715	1012.65	1012.658	1012.711	1012.737	1012.675	1012.759	1012.714	1012.675	1012.731	1012.756	1012.754	1012.748	1012.778	1012.763	1012.767	1012.795	1012.791	1012.805	1012.832	1012.831	1012.819	1012.851	1012.821	1012.866	1012.863	1012.791	1012.831	1012.877	1012.868	1012.857	1012.91	1012.865	1012.955	1012.87	1012.95	1012.905	1012.927	1012.944	1012.927	1012.926	1012.96	1012.939	1012.991	1012.996	1012.987	1013.002	1013.008	1013.014	1013.081	1013.058	1012.974	1013.137	1012.961	1013.064	1013.083	1013.063	1013.092	1013.065	1013.097	1013.068	1013.134	1013.119	1013.128	1013.158	1013.17	1013.153	1013.133	1013.207	1013.133	1013.215	1013.155	1013.167	1013.216	1013.223	1013.254	1013.338	1013.196	1013.299	1013.214	1013.315	1013.288	1013.31	1013.324	1013.274	1013.234	1013.336	1013.336
1012.51	1012.607	1012.563	1012.531	1012.533	1012.546	1012.625	1012.665	1012.593	1012.626	1012.557	1012.581	1012.599	1012.579	1012.573	1012.551	1012.567	1012.681	1012.66	1012.581	1012.621	1012.64	1012.614	1012.617	1012.643	1012.639	1012.607	1012.657	1012.652	1012.725	1012.635	1012.771	1012.718	1012.637	1012.664	1012.657	1012.726	1012.729	1012.738	1012.718	1012.672	1012.735	1012.772	1012.72	1012.683	1012.763	1012.772	1012.798	1012.728	1012.728	1012.797	1012.837	1012.806	1012.788	1012.823	1012.845	1012.774	1012.88	1012.829	1012.824	1012.862	1012.876	1012.876	1012.878	1012.881	1012.901	1012.882	1012.899	1012.892	1012.904	1012.93	1012.916	1012.933	1012.962	1012.901	1013.004	1012.987	1012.986	1012.983	1012.98	1013.014	1012.971	1013.001	1012.992	1013.035	1012.997	1013.03	1013.02	1012.996	1013.079	1013.061	1013.092	1013.015	1013.062	1013.104	1013.1	1013.113	1013.115	1013.093	1013.177	1013.042	1013.253	1013.139	1013.207	1013.176	1013.152	1013.188	1013.195	1013.201	1013.247	1013.19	1013.201	1013.261	1013.232	1013.232	1013.274	1013.252	1013.28	1013.288	1013.262	1013.335	1013.337	1013.331	1013.321	1013.302	1013.317	1013.389	1013.351	1013.394	1013.393	1013.357	1013.38	1013.401	1013.436	1013.507	1013.425	1013.493
1012.593	1012.623	1012.59	1012.649	1012.69	1012.633	1012.589	1012.597	1012.597	1012.601	1012.668	1012.699	1012.659	1012.666	1012.705	1012.73	1012.697	1012.636	1012.672	1012.735	1012.716	1012.717	1012.73	1012.735	1012.745	1012.749	1012.751	1012.799	1012.712	1012.729	1012.755	1012.747	1012.715	1012.763	1012.87	1012.871	1012.756	1012.757	1012.789	1012.785	1012.886	1012.805	1012.765	1012.863	1012.89	1012.873	1012.797	1012.835	1012.908	1012.921	1012.858	1012.818	1012.862	1012.922	1012.891	1012.872	1012.9	1012.932	1012.9	1012.948	1012.971	1012.924	1012.931	1012.971	1012.975	1012.965	1013	1013.009	1012.998	1013.008	1013.028	1013.021	1013.034	1013.072	1013.018	1013.08	1013.005	1013.032	1013.08	1013.059	1013.061	1013.094	1013.141	1013.102	1013.116	1013.118	1013.141	1013.145	1013.168	1013.21	1013.067	1013.253	1013.217	1013.203	1013.23	1013.188	1013.235	1013.275	1013.173	1013.351	1013.294	1013.23	1013.293	1013.279	1013.284	1013.329	1013.339	1013.296	1013.338	1013.308	1013.371	1013.352	1013.383	1013.382	1013.386	1013.415	1013.407	1013.383	1013.495	1013.408	1013.411	1013.432	1013.432	1013.49	1013.527	1013.466	1013.555	1013.427	1013.555	1013.502	1013.559	1013.612	1013.572	1013.54	1013.584	1013.515	1013.659
1012.764	1012.719	1012.769	1012.727	1012.691	1012.733	1012.757	1012.744	1012.81	1012.805	1012.753	1012.709	1012.738	1012.786	1012.753	1012.75	1012.784	1012.787	1012.83	1012.799	1012.808	1012.785	1012.825	1012.814	1012.804	1012.826	1012.823	1012.792	1012.854	1012.865	1012.887	1012.829	1012.902	1012.892	1012.804	1012.816	1012.922	1012.909	1012.977	1012.868	1012.905	1012.891	1012.933	1012.986	1012.879	1012.91	1012.974	1012.966	1012.939	1012.946	1012.964	1013.019	1013.043	1012.981	1012.959	1013.053	1013.038	1012.999	1013.062	1013.065	1013.029	1013.042	1013.109	1013.046	1013.093	1013.08	1013.095	1013.075	1013.11	1013.109	1013.088	1013.146	1013.108	1013.157	1013.162	1013.156	1013.212	1013.225	1013.185	1013.17	1013.226	1013.193	1013.205	1013.202	1013.243	1013.234	1013.249	1013.25	1013.247	1013.273	1013.338	1013.265	1013.292	1013.289	1013.341	1013.324	1013.306	1013.331	1013.366	1013.31	1013.374	1013.401	1013.427	1013.4	1013.416	1013.413	1013.389	1013.431	1013.502	1013.388	1013.512	1013.469	1013.45	1013.494	1013.494	1013.475	1013.537	1013.555	1013.479	1013.621	1013.56	1013.616	1013.586	1013.567	1013.597	1013.588	1013.643	1013.614	1013.679	1013.645	1013.656	1013.663	1013.701	1013.745	1013.725	1013.81	1013.72
1012.819	1012.745	1012.825	1012.841	1012.805	1012.811	1012.823	1012.792	1012.802	1012.779	1012.84	1012.873	1012.836	1012.866	1012.883	1012.886	1012.878	1012.875	1012.905	1012.823	1012.929	1012.901	1012.913	1012.934	1012.933	1012.934	1012.941	1012.926	1012.999	1012.894	1012.982	1012.945	1012.888	1012.896	1013.004	1013.087	1013.014	1012.895	1013.005	1013.037	1013.03	1013.041	1013.057	1013.033	1013.008	1013.098	1013.004	1013.074	1013.067	1013.083	1013.068	1013.08	1013.075	1013.063	1013.139	1013.07	1013.104	1013.154	1013.156	1013.146	1013.139	1013.156	1013.135	1013.136	1013.228	1013.151	1013.249	1013.191	1013.216	1013.221	1013.209	1013.27	1013.221	1013.263	1013.266	1013.269	1013.281	1013.26	1013.248	1013.295	1013.312	1013.289	1013.361	1013.336	1013.336	1013.343	1013.346	1013.371	1013.384	1013.347	1013.463	1013.349	1013.46	1013.428	1013.423	1013.524	1013.508	1013.445	1013.535	1013.456	1013.556	1013.513	1013.495	1013.514	1013.527	1013.534	1013.566	1013.61	1013.568	1013.609	1013.588	1013.637	1013.633	1013.607	1013.617	1013.645	1013.625	1013.73	1013.622	1013.751	1013.635	1013.718	1013.756	1013.749	1013.772	1013.776	1013.792	1013.794	1013.804	1013.819	1013.862	1013.814	1013.844	1013.877	1013.788	1013.936	1013.82
1012.939	1012.932	1012.894	1012.917	1012.962	1012.938	1012.929	1012.93	1012.966	1012.986	1012.947	1012.927	1012.928	1012.936	1012.962	1012.984	1012.971	1012.958	1012.991	1012.995	1012.993	1012.99	1013.002	1013.023	1013.011	1013.004	1013.043	1013.022	1013.057	1013.056	1013.064	1013.116	1013.058	1013.057	1013.156	1013.05	1013.03	1013.147	1013.083	1013.114	1013.101	1013.111	1013.135	1013.132	1013.14	1013.148	1013.093	1013.203	1013.165	1013.2	1013.182	1013.217	1013.252	1013.191	1013.225	1013.194	1013.258	1013.257	1013.235	1013.244	1013.254	1013.244	1013.28	1013.309	1013.323	1013.252	1013.342	1013.318	1013.334	1013.357	1013.358	1013.359	1013.339	1013.402	1013.344	1013.397	1013.384	1013.39	1013.419	1013.443	1013.425	1013.464	1013.439	1013.457	1013.447	1013.53	1013.501	1013.481	1013.494	1013.478	1013.509	1013.528	1013.521	1013.572	1013.53	1013.601	1013.636	1013.622	1013.638	1013.589	1013.673	1013.6	1013.651	1013.641	1013.661	1013.663	1013.687	1013.706	1013.662	1013.784	1013.711	1013.741	1013.79	1013.749	1013.799	1013.853	1013.742	1013.857	1013.774	1013.87	1013.826	1013.839	1013.869	1013.887	1013.921	1013.903	1013.948	1013.907	1014.001	1013.941	1014	1013.969	1013.974	1013.981	1013.988	1014.047	1014.016
1013.071	1012.985	1013.007	1012.997	1013.033	1013.068	1013.06	1013.011	1013.005	1013.065	1013.026	1013.037	1013.076	1013.075	1013.027	1013.049	1013.111	1013.133	1013.07	1013.132	1013.068	1013.143	1013.133	1013.115	1013.104	1013.108	1013.123	1013.145	1013.106	1013.203	1013.114	1013.162	1013.189	1013.189	1013.237	1013.191	1013.179	1013.245	1013.164	1013.235	1013.225	1013.242	1013.266	1013.238	1013.226	1013.253	1013.294	1013.308	1013.255	1013.295	1013.288	1013.325	1013.337	1013.281	1013.332	1013.344	1013.356	1013.354	1013.349	1013.347	1013.359	1013.385	1013.436	1013.387	1013.398	1013.421	1013.392	1013.401	1013.417	1013.442	1013.47	1013.483	1013.461	1013.517	1013.463	1013.515	1013.506	1013.508	1013.534	1013.553	1013.564	1013.597	1013.514	1013.619	1013.554	1013.623	1013.681	1013.661	1013.663	1013.682	1013.623	1013.752	1013.618	1013.707	1013.691	1013.66	1013.696	1013.736	1013.734	1013.745	1013.794	1013.75	1013.813	1013.787	1013.87	1013.869	1013.816	1013.848	1013.844	1013.847	1013.891	1013.855	1013.915	1013.95	1014.001	1014.003	1013.946	1014.006	1013.935	1014.002	1013.985	1014.011	1014.018	1014.032	1014.035	1014.01	1014.091	1014.01	1014.111	1014.07	1014.096	1014.111	1014.115	1014.122	1014.142	1014.119	1014.138
1013.165	1013.039	1013.164	1013.126	1013.137	1013.177	1013.147	1013.095	1013.107	1013.151	1013.141	1013.173	1013.18	1013.187	1013.136	1013.134	1013.198	1013.242	1013.153	1013.247	1013.184	1013.26	1013.235	1013.217	1013.252	1013.26	1013.23	1013.302	1013.204	1013.279	1013.218	1013.26	1013.291	1013.27	1013.319	1013.345	1013.308	1013.273	1013.336	1013.381	1013.334	1013.349	1013.36	1013.327	1013.355	1013.391	1013.393	1013.38	1013.378	1013.381	1013.371	1013.386	1013.395	1013.414	1013.465	1013.445	1013.454	1013.476	1013.471	1013.465	1013.52	1013.547	1013.552	1013.515	1013.522	1013.57	1013.502	1013.573	1013.586	1013.574	1013.604	1013.618	1013.6	1013.619	1013.63	1013.643	1013.659	1013.656	1013.67	1013.688	1013.682	1013.682	1013.686	1013.724	1013.689	1013.683	1013.748	1013.754	1013.75	1013.828	1013.741	1013.869	1013.813	1013.862	1013.836	1013.798	1013.821	1013.866	1013.882	1013.912	1013.922	1013.916	1013.956	1013.948	1014.028	1014.033	1013.991	1014.005	1014.027	1013.956	1014.058	1014.018	1014.03	1014.056	1014.061	1014.058	1014.073	1014.077	1014.073	1014.121	1014.088	1014.125	1014.134	1014.148	1014.153	1014.11	1014.198	1014.121	1014.189	1014.173	1014.19	1014.206	1014.215	1014.221	1014.244	1014.214	1014.257
1013.249	1013.237	1013.292	1013.233	1013.257	1013.266	1013.232	1013.22	1013.31	1013.302	1013.275	1013.27	1013.27	1013.311	1013.283	1013.28	1013.28	1013.301	1013.289	1013.345	1013.321	1013.317	1013.306	1013.318	1013.357	1013.405	1013.356	1013.404	1013.372	1013.359	1013.399	1013.426	1013.424	1013.401	1013.393	1013.375	1013.404	1013.433	1013.528	1013.453	1013.404	1013.449	1013.458	1013.435	1013.508	1013.514	1013.464	1013.502	1013.547	1013.487	1013.551	1013.568	1013.533	1013.596	1013.581	1013.561	1013.621	1013.604	1013.563	1013.592	1013.649	1013.656	1013.608	1013.702	1013.645	1013.655	1013.672	1013.746	1013.712	1013.701	1013.703	1013.695	1013.752	1013.716	1013.782	1013.749	1013.8	1013.8	1013.814	1013.87	1013.824	1013.802	1013.942	1013.776	1013.94	1013.891	1013.893	1013.896	1013.86	1013.938	1013.902	1013.929	1014.005	1014.003	1013.95	1013.998	1014.017	1014.014	1014.041	1014.034	1014.038	1014.047	1014.04	1014.067	1014.053	1014.056	1014.102	1014.082	1014.12	1014.121	1014.147	1014.148	1014.144	1014.141	1014.146	1014.148	1014.166	1014.158	1014.185	1014.238	1014.199	1014.242	1014.225	1014.238	1014.284	1014.249	1014.277	1014.277	1014.279	1014.287	1014.301	1014.299	1014.307	1014.314	1014.325	1014.347	1014.361
1013.323	1013.399	1013.327	1013.301	1013.33	1013.364	1013.384	1013.359	1013.339	1013.321	1013.373	1013.369	1013.5	1013.453	1013.368	1013.393	1013.453	1013.461	1013.469	1013.367	1013.462	1013.444	1013.48	1013.46	1013.441	1013.487	1013.527	1013.436	1013.558	1013.503	1013.486	1013.49	1013.508	1013.526	1013.544	1013.499	1013.614	1013.568	1013.512	1013.527	1013.586	1013.616	1013.625	1013.598	1013.566	1013.596	1013.72	1013.643	1013.595	1013.617	1013.714	1013.707	1013.646	1013.688	1013.653	1013.743	1013.722	1013.667	1013.748	1013.755	1013.752	1013.754	1013.712	1013.821	1013.728	1013.84	1013.864	1013.84	1013.828	1013.85	1013.871	1013.816	1013.947	1013.827	1013.929	1013.89	1013.914	1013.898	1013.885	1013.94	1013.986	1013.934	1014.091	1013.904	1014.113	1014.024	1014.018	1014.047	1014.04	1014.039	1014.095	1014.088	1014.048	1014.106	1014.103	1014.125	1014.132	1014.129	1014.177	1014.128	1014.153	1014.197	1014.129	1014.197	1014.151	1014.154	1014.236	1014.207	1014.236	1014.256	1014.206	1014.278	1014.269	1014.254	1014.274	1014.295	1014.279	1014.334	1014.284	1014.299	1014.324	1014.334	1014.327	1014.332	1014.357	1014.381	1014.358	1014.414	1014.4	1014.41	1014.423	1014.414	1014.425	1014.443	1014.434	1014.459	1014.431
1013.388	1013.454	1013.557	1013.612	1013.471	1013.468	1013.515	1013.52	1013.55	1013.587	1013.604	1013.436	1013.437	1013.507	1013.535	1013.574	1013.57	1013.478	1013.584	1013.521	1013.663	1013.572	1013.547	1013.583	1013.586	1013.573	1013.621	1013.563	1013.624	1013.58	1013.635	1013.713	1013.692	1013.64	1013.648	1013.684	1013.659	1013.621	1013.779	1013.79	1013.672	1013.652	1013.705	1013.763	1013.78	1013.758	1013.739	1013.662	1013.805	1013.862	1013.812	1013.765	1013.801	1013.876	1013.854	1013.861	1013.824	1013.871	1013.926	1013.882	1013.885	1013.942	1013.935	1013.924	1013.924	1014.011	1013.895	1014.009	1014.008	1013.982	1014.008	1014	1014.048	1014.003	1014.075	1014.063	1014.053	1014.102	1014.099	1014.077	1014.129	1014.024	1014.119	1014.123	1014.117	1014.101	1014.145	1014.167	1014.164	1014.151	1014.095	1014.237	1014.175	1014.216	1014.2	1014.198	1014.215	1014.223	1014.228	1014.264	1014.233	1014.294	1014.262	1014.303	1014.321	1014.313	1014.302	1014.301	1014.33	1014.302	1014.379	1014.348	1014.348	1014.359	1014.376	1014.389	1014.364	1014.434	1014.398	1014.46	1014.459	1014.394	1014.447	1014.471	1014.445	1014.505	1014.497	1014.48	1014.486	1014.502	1014.532	1014.54	1014.542	1014.548	1014.559	1014.591	1014.567
1013.704	1013.772	1013.48	1013.532	1013.585	1013.661	1013.636	1013.583	1013.634	1013.521	1013.499	1013.747	1013.678	1013.711	1013.652	1013.625	1013.678	1013.695	1013.754	1013.666	1013.632	1013.709	1013.718	1013.743	1013.755	1013.716	1013.702	1013.807	1013.756	1013.786	1013.755	1013.706	1013.757	1013.801	1013.796	1013.818	1013.806	1013.93	1013.805	1013.738	1013.823	1013.969	1013.937	1013.816	1013.866	1013.89	1013.919	1014.013	1013.909	1013.863	1013.913	1013.999	1013.991	1013.892	1013.967	1013.942	1014.037	1014.022	1013.973	1014.026	1014.057	1014.019	1014.01	1014.082	1014.052	1014.091	1014.063	1014.116	1014.082	1014.076	1014.138	1014.131	1014.109	1014.189	1014.102	1014.179	1014.135	1014.155	1014.168	1014.147	1014.198	1014.247	1014.204	1014.244	1014.214	1014.263	1014.261	1014.21	1014.254	1014.378	1014.263	1014.326	1014.281	1014.304	1014.321	1014.344	1014.375	1014.363	1014.328	1014.416	1014.346	1014.374	1014.445	1014.384	1014.394	1014.424	1014.431	1014.473	1014.493	1014.393	1014.523	1014.423	1014.494	1014.506	1014.496	1014.538	1014.553	1014.507	1014.54	1014.513	1014.568	1014.579	1014.595	1014.592	1014.583	1014.607	1014.603	1014.648	1014.676	1014.656	1014.647	1014.654	1014.672	1014.683	1014.687	1014.71	1014.659
1013.443	1013.85	1013.755	1013.848	1013.761	1013.741	1013.764	1013.781	1013.798	1013.871	1013.799	1013.756	1013.714	1013.784	1013.788	1013.802	1013.843	1013.803	1013.717	1013.877	1013.845	1013.87	1013.869	1013.82	1013.849	1013.905	1013.856	1013.882	1013.817	1013.904	1013.937	1013.923	1013.952	1013.942	1013.924	1013.969	1013.924	1013.985	1013.92	1014.054	1013.985	1013.957	1013.989	1014.024	1014.056	1014.036	1014.011	1014.036	1014.02	1014.122	1014.106	1014.059	1014.061	1014.088	1014.186	1014.087	1014.113	1014.113	1014.16	1014.166	1014.148	1014.148	1014.179	1014.198	1014.139	1014.194	1014.219	1014.166	1014.199	1014.226	1014.216	1014.229	1014.213	1014.31	1014.209	1014.304	1014.304	1014.291	1014.333	1014.352	1014.291	1014.332	1014.301	1014.335	1014.356	1014.321	1014.357	1014.405	1014.406	1014.348	1014.391	1014.418	1014.424	1014.438	1014.451	1014.435	1014.425	1014.446	1014.477	1014.441	1014.528	1014.476	1014.504	1014.537	1014.542	1014.555	1014.558	1014.522	1014.547	1014.567	1014.582	1014.58	1014.613	1014.609	1014.595	1014.621	1014.628	1014.624	1014.725	1014.647	1014.669	1014.698	1014.678	1014.703	1014.752	1014.731	1014.74	1014.747	1014.712	1014.754	1014.793	1014.795	1014.803	1014.817	1014.809	1014.817	1014.877
1013.798	1013.997	1013.812	1013.836	1013.847	1013.861	1013.906	1013.906	1013.833	1013.903	1013.887	1013.89	1014	1013.957	1013.967	1013.97	1013.933	1013.945	1013.971	1013.982	1013.98	1013.909	1013.983	1014.027	1014.031	1014.012	1013.998	1014.041	1014.07	1014.03	1014.018	1014.043	1014.047	1014.035	1014.057	1014.094	1014.059	1014.134	1014.076	1014.079	1014.074	1014.134	1014.17	1014.127	1014.086	1014.155	1014.156	1014.175	1014.155	1014.196	1014.159	1014.154	1014.226	1014.222	1014.197	1014.186	1014.268	1014.209	1014.264	1014.228	1014.222	1014.282	1014.274	1014.26	1014.348	1014.274	1014.336	1014.29	1014.345	1014.35	1014.316	1014.41	1014.333	1014.365	1014.39	1014.317	1014.379	1014.384	1014.401	1014.425	1014.43	1014.44	1014.468	1014.446	1014.479	1014.471	1014.44	1014.478	1014.52	1014.485	1014.575	1014.485	1014.554	1014.521	1014.543	1014.61	1014.605	1014.588	1014.635	1014.556	1014.641	1014.627	1014.613	1014.659	1014.632	1014.637	1014.695	1014.704	1014.702	1014.733	1014.684	1014.767	1014.722	1014.763	1014.784	1014.77	1014.764	1014.78	1014.737	1014.818	1014.796	1014.83	1014.856	1014.874	1014.854	1014.823	1014.908	1014.888	1014.918	1014.901	1014.914	1014.926	1014.934	1014.952	1014.985	1014.947	1014.983
1014.021	1014.036	1014.065	1014.028	1014.079	1014.062	1013.988	1013.95	1014.047	1014.051	1014.054	1014.043	1014.093	1014.028	1014.047	1014.094	1014.08	1014.087	1014.105	1014.035	1014.13	1014.11	1014.055	1014.103	1014.113	1014.096	1014.135	1014.112	1014.145	1014.155	1014.165	1014.132	1014.155	1014.193	1014.221	1014.196	1014.196	1014.213	1014.22	1014.197	1014.267	1014.283	1014.227	1014.18	1014.248	1014.292	1014.238	1014.301	1014.275	1014.292	1014.285	1014.284	1014.305	1014.317	1014.374	1014.327	1014.368	1014.327	1014.365	1014.361	1014.353	1014.377	1014.393	1014.389	1014.467	1014.36	1014.462	1014.409	1014.452	1014.489	1014.494	1014.497	1014.457	1014.472	1014.524	1014.481	1014.51	1014.531	1014.52	1014.532	1014.565	1014.541	1014.576	1014.585	1014.565	1014.662	1014.617	1014.586	1014.617	1014.607	1014.647	1014.6	1014.688	1014.671	1014.661	1014.708	1014.705	1014.703	1014.738	1014.749	1014.728	1014.747	1014.757	1014.734	1014.749	1014.767	1014.793	1014.812	1014.786	1014.86	1014.806	1014.883	1014.873	1014.89	1014.871	1014.843	1014.904	1014.95	1014.876	1014.97	1014.928	1014.965	1014.981	1014.99	1014.981	1015	1015.033	1014.979	1015.052	1015.033	1015.061	1015.077	1015.072	1015.081	1015.116	1015.098	1015.134
1014.186	1014.067	1014.186	1014.139	1014.157	1014.223	1014.149	1014.121	1014.184	1014.137	1014.199	1014.152	1014.167	1014.151	1014.126	1014.171	1014.191	1014.19	1014.212	1014.224	1014.218	1014.238	1014.197	1014.247	1014.255	1014.226	1014.256	1014.241	1014.275	1014.263	1014.291	1014.269	1014.268	1014.304	1014.296	1014.28	1014.337	1014.267	1014.356	1014.325	1014.376	1014.346	1014.29	1014.36	1014.389	1014.39	1014.37	1014.411	1014.404	1014.418	1014.395	1014.393	1014.439	1014.47	1014.483	1014.431	1014.463	1014.514	1014.507	1014.517	1014.51	1014.507	1014.552	1014.504	1014.545	1014.513	1014.538	1014.52	1014.534	1014.573	1014.574	1014.556	1014.61	1014.626	1014.595	1014.67	1014.657	1014.655	1014.645	1014.641	1014.649	1014.683	1014.662	1014.739	1014.686	1014.749	1014.768	1014.736	1014.76	1014.745	1014.77	1014.797	1014.79	1014.796	1014.804	1014.773	1014.771	1014.831	1014.828	1014.882	1014.856	1014.87	1014.92	1014.882	1014.932	1014.951	1014.929	1014.974	1014.925	1015.002	1014.966	1014.968	1014.98	1014.992	1014.972	1015.018	1015.063	1015.049	1015.067	1015.094	1015.089	1015.123	1015.096	1015.104	1015.131	1015.13	1015.17	1015.167	1015.191	1015.192	1015.213	1015.18	1015.175	1015.227	1015.248	1015.254	1015.283
1014.306	1014.236	1014.248	1014.25	1014.241	1014.308	1014.289	1014.262	1014.29	1014.259	1014.308	1014.292	1014.294	1014.302	1014.272	1014.288	1014.309	1014.306	1014.294	1014.4	1014.287	1014.341	1014.324	1014.373	1014.382	1014.351	1014.366	1014.37	1014.416	1014.379	1014.394	1014.414	1014.412	1014.444	1014.437	1014.401	1014.473	1014.385	1014.488	1014.437	1014.501	1014.471	1014.443	1014.515	1014.486	1014.52	1014.525	1014.517	1014.522	1014.539	1014.515	1014.54	1014.587	1014.571	1014.524	1014.618	1014.548	1014.637	1014.593	1014.603	1014.639	1014.633	1014.67	1014.62	1014.654	1014.695	1014.65	1014.718	1014.731	1014.691	1014.694	1014.684	1014.724	1014.76	1014.708	1014.802	1014.777	1014.774	1014.789	1014.787	1014.781	1014.859	1014.776	1014.846	1014.823	1014.852	1014.87	1014.84	1014.864	1014.887	1014.905	1014.924	1014.922	1014.924	1014.959	1014.926	1014.91	1014.973	1014.952	1014.996	1015.016	1014.994	1015.05	1015.035	1015.087	1015.095	1015.072	1015.125	1015.075	1015.123	1015.128	1015.114	1015.145	1015.153	1015.126	1015.178	1015.208	1015.175	1015.24	1015.199	1015.233	1015.235	1015.207	1015.251	1015.279	1015.267	1015.321	1015.336	1015.328	1015.34	1015.372	1015.336	1015.356	1015.41	1015.396	1015.42	1015.427
1014.345	1014.501	1014.351	1014.425	1014.413	1014.406	1014.383	1014.379	1014.417	1014.436	1014.39	1014.437	1014.436	1014.405	1014.456	1014.47	1014.441	1014.463	1014.402	1014.479	1014.421	1014.495	1014.452	1014.477	1014.484	1014.489	1014.502	1014.472	1014.493	1014.518	1014.501	1014.536	1014.518	1014.55	1014.588	1014.525	1014.574	1014.543	1014.6	1014.543	1014.648	1014.601	1014.57	1014.635	1014.602	1014.664	1014.612	1014.635	1014.653	1014.666	1014.693	1014.719	1014.739	1014.707	1014.636	1014.824	1014.648	1014.75	1014.719	1014.721	1014.757	1014.757	1014.758	1014.762	1014.779	1014.814	1014.79	1014.89	1014.857	1014.816	1014.825	1014.856	1014.82	1014.866	1014.888	1014.857	1014.868	1014.89	1014.907	1014.953	1014.943	1014.982	1014.948	1014.947	1014.965	1015.002	1015.017	1014.984	1014.967	1015.025	1015.036	1014.989	1015.103	1015.059	1015.084	1015.125	1015.108	1015.118	1015.144	1015.131	1015.163	1015.136	1015.163	1015.172	1015.179	1015.186	1015.184	1015.208	1015.223	1015.246	1015.268	1015.29	1015.313	1015.338	1015.309	1015.288	1015.344	1015.36	1015.374	1015.343	1015.405	1015.368	1015.405	1015.455	1015.459	1015.462	1015.471	1015.438	1015.486	1015.474	1015.515	1015.529	1015.55	1015.562	1015.537	1015.592	1015.538
1014.387	1014.657	1014.478	1014.514	1014.496	1014.492	1014.512	1014.528	1014.501	1014.531	1014.515	1014.509	1014.542	1014.515	1014.618	1014.618	1014.52	1014.579	1014.565	1014.607	1014.585	1014.582	1014.576	1014.617	1014.62	1014.621	1014.666	1014.646	1014.596	1014.678	1014.628	1014.67	1014.64	1014.639	1014.667	1014.655	1014.712	1014.662	1014.733	1014.716	1014.734	1014.666	1014.684	1014.794	1014.802	1014.767	1014.694	1014.796	1014.787	1014.768	1014.815	1014.806	1014.779	1014.873	1014.797	1014.859	1014.79	1014.942	1014.882	1014.839	1014.859	1014.88	1014.882	1014.929	1014.893	1014.902	1014.959	1014.919	1014.935	1014.973	1014.968	1014.989	1015.019	1014.968	1015.054	1014.941	1015.028	1015.016	1015.006	1015.073	1015.098	1015.028	1015.147	1015.122	1015.084	1015.106	1015.143	1015.171	1015.175	1015.156	1015.213	1015.17	1015.218	1015.16	1015.188	1015.283	1015.288	1015.258	1015.331	1015.251	1015.288	1015.325	1015.308	1015.347	1015.338	1015.353	1015.379	1015.328	1015.445	1015.433	1015.407	1015.434	1015.409	1015.489	1015.513	1015.478	1015.497	1015.485	1015.509	1015.53	1015.586	1015.565	1015.607	1015.614	1015.582	1015.641	1015.627	1015.637	1015.709	1015.634	1015.687	1015.701	1015.721	1015.73	1015.725	1015.807	1015.635
1014.613	1014.656	1014.655	1014.704	1014.683	1014.693	1014.705	1014.703	1014.658	1014.614	1014.787	1014.634	1014.736	1014.662	1014.65	1014.662	1014.678	1014.739	1014.669	1014.728	1014.695	1014.715	1014.766	1014.755	1014.726	1014.714	1014.702	1014.78	1014.744	1014.783	1014.733	1014.795	1014.801	1014.809	1014.82	1014.812	1014.882	1014.765	1014.817	1014.796	1014.839	1014.88	1014.899	1014.872	1014.798	1014.869	1014.979	1014.901	1014.921	1014.901	1014.935	1014.957	1014.946	1014.981	1014.903	1014.988	1015.045	1014.981	1014.963	1015.008	1015.051	1015.057	1015.023	1015	1015.099	1015.044	1015.102	1015.047	1015.077	1015.115	1015.093	1015.098	1015.224	1015.042	1015.19	1015.167	1015.196	1015.2	1015.198	1015.207	1015.22	1015.24	1015.222	1015.184	1015.266	1015.297	1015.273	1015.288	1015.327	1015.281	1015.343	1015.379	1015.274	1015.406	1015.387	1015.372	1015.373	1015.381	1015.411	1015.412	1015.465	1015.474	1015.45	1015.512	1015.498	1015.505	1015.548	1015.528	1015.555	1015.51	1015.566	1015.63	1015.604	1015.61	1015.603	1015.621	1015.689	1015.636	1015.762	1015.674	1015.698	1015.718	1015.731	1015.761	1015.785	1015.778	1015.752	1015.827	1015.775	1015.799	1015.898	1015.854	1015.888	1015.945	1015.853	1015.998	1015.917
1015.006	1014.73	1014.8	1014.759	1014.752	1014.766	1014.721	1014.756	1014.905	1014.735	1014.869	1014.694	1014.805	1014.81	1014.844	1014.872	1014.844	1014.819	1014.805	1014.882	1014.853	1014.863	1014.846	1014.79	1014.856	1014.959	1014.895	1014.909	1014.839	1014.929	1014.937	1014.932	1014.888	1014.903	1014.931	1014.879	1014.932	1014.959	1015.035	1014.994	1014.989	1014.962	1014.946	1015.019	1015.119	1015.028	1015.029	1014.93	1015.096	1015.088	1015.039	1015.053	1015.063	1015.038	1015.143	1015.106	1015.075	1015.093	1015.154	1015.157	1015.105	1015.124	1015.222	1015.147	1015.269	1015.149	1015.183	1015.253	1015.215	1015.212	1015.27	1015.261	1015.252	1015.278	1015.312	1015.282	1015.262	1015.306	1015.35	1015.325	1015.297	1015.425	1015.347	1015.45	1015.383	1015.413	1015.444	1015.443	1015.478	1015.533	1015.431	1015.555	1015.498	1015.53	1015.518	1015.537	1015.594	1015.604	1015.566	1015.642	1015.57	1015.606	1015.642	1015.652	1015.672	1015.677	1015.68	1015.712	1015.718	1015.784	1015.779	1015.702	1015.764	1015.824	1015.819	1015.821	1015.854	1015.797	1015.9	1015.837	1015.937	1015.948	1015.906	1015.921	1015.96	1015.955	1016.015	1016.01	1016.028	1016.022	1016.044	1016.014	1016.03	1016.068	1016.03	1016.066	1016.114
1014.799	1014.872	1015.017	1014.958	1014.931	1015.005	1014.996	1014.951	1014.959	1014.852	1015.017	1014.99	1015.009	1014.927	1014.949	1014.94	1014.905	1014.993	1015.034	1014.951	1014.987	1014.956	1015.042	1015.043	1014.996	1014.965	1014.959	1015.067	1015.011	1015.044	1014.991	1015.063	1015.063	1015.065	1015.086	1015.1	1015.136	1015.063	1015.034	1015.078	1015.111	1015.148	1015.141	1015.133	1015.137	1015.03	1015.235	1015.243	1015.182	1015.18	1015.19	1015.236	1015.246	1015.22	1015.278	1015.19	1015.282	1015.317	1015.238	1015.268	1015.313	1015.323	1015.34	1015.303	1015.312	1015.408	1015.357	1015.365	1015.367	1015.378	1015.406	1015.401	1015.366	1015.507	1015.372	1015.455	1015.523	1015.483	1015.484	1015.529	1015.52	1015.545	1015.452	1015.63	1015.544	1015.553	1015.616	1015.588	1015.57	1015.657	1015.616	1015.663	1015.689	1015.651	1015.713	1015.715	1015.695	1015.696	1015.718	1015.763	1015.746	1015.812	1015.827	1015.765	1015.82	1015.849	1015.833	1015.886	1015.859	1015.878	1015.901	1015.944	1015.93	1015.943	1015.972	1016	1016.005	1016.035	1016.021	1016.046	1016.036	1016.04	1016.065	1016.091	1016.083	1016.084	1016.146	1016.039	1016.18	1016.121	1016.131	1016.176	1016.157	1016.142	1016.233	1016.175	1016.212
1015.096	1015.158	1015.019	1015.161	1015.07	1015.006	1015.015	1015.068	1015.053	1015.115	1015.097	1015.024	1015.105	1015.076	1015.106	1015.115	1015.117	1015.152	1015.095	1015.083	1015.188	1015.107	1015.124	1015.114	1015.111	1015.183	1015.218	1015.175	1015.108	1015.222	1015.175	1015.21	1015.196	1015.185	1015.184	1015.189	1015.201	1015.256	1015.252	1015.299	1015.242	1015.261	1015.274	1015.264	1015.271	1015.331	1015.292	1015.289	1015.32	1015.352	1015.342	1015.34	1015.353	1015.392	1015.364	1015.416	1015.399	1015.377	1015.375	1015.422	1015.455	1015.42	1015.379	1015.524	1015.443	1015.502	1015.51	1015.494	1015.564	1015.568	1015.531	1015.58	1015.555	1015.579	1015.581	1015.569	1015.613	1015.643	1015.659	1015.654	1015.625	1015.72	1015.714	1015.684	1015.797	1015.761	1015.724	1015.737	1015.779	1015.742	1015.845	1015.789	1015.851	1015.861	1015.884	1015.871	1015.87	1015.932	1015.97	1015.913	1015.993	1015.926	1015.996	1015.99	1016.002	1016.009	1016.02	1016.055	1016.042	1016.097	1016.049	1016.108	1016.095	1016.099	1016.125	1016.123	1016.105	1016.178	1016.115	1016.202	1016.171	1016.2	1016.186	1016.197	1016.229	1016.239	1016.276	1016.251	1016.28	1016.315	1016.281	1016.305	1016.293	1016.277	1016.338	1016.295	1016.375
1015.118	1015.343	1015.156	1015.272	1015.275	1015.227	1015.243	1015.271	1015.2	1015.232	1015.213	1015.292	1015.273	1015.27	1015.263	1015.243	1015.257	1015.257	1015.284	1015.287	1015.231	1015.251	1015.327	1015.301	1015.274	1015.327	1015.285	1015.304	1015.302	1015.305	1015.302	1015.309	1015.313	1015.354	1015.363	1015.374	1015.354	1015.407	1015.316	1015.392	1015.449	1015.43	1015.444	1015.456	1015.413	1015.454	1015.395	1015.5	1015.502	1015.411	1015.446	1015.502	1015.522	1015.542	1015.49	1015.58	1015.516	1015.542	1015.635	1015.613	1015.601	1015.616	1015.578	1015.637	1015.619	1015.624	1015.679	1015.65	1015.701	1015.722	1015.72	1015.743	1015.729	1015.716	1015.802	1015.778	1015.771	1015.808	1015.81	1015.778	1015.826	1015.811	1015.922	1015.862	1015.91	1015.945	1015.898	1015.951	1016.004	1015.911	1016.036	1015.942	1016.032	1016.016	1016.014	1016.032	1016.039	1016.057	1016.077	1016.054	1016.141	1016.085	1016.134	1016.104	1016.125	1016.155	1016.172	1016.171	1016.148	1016.23	1016.191	1016.214	1016.241	1016.239	1016.256	1016.252	1016.261	1016.31	1016.251	1016.336	1016.286	1016.368	1016.343	1016.344	1016.388	1016.348	1016.335	1016.445	1016.332	1016.428	1016.405	1016.422	1016.476	1016.496	1016.473	1016.473	1016.499
1015.209	1015.483	1015.353	1015.392	1015.37	1015.39	1015.408	1015.412	1015.403	1015.4	1015.351	1015.456	1015.33	1015.376	1015.402	1015.38	1015.42	1015.403	1015.43	1015.413	1015.398	1015.404	1015.453	1015.46	1015.43	1015.46	1015.441	1015.466	1015.481	1015.433	1015.499	1015.487	1015.504	1015.544	1015.479	1015.498	1015.493	1015.544	1015.516	1015.496	1015.565	1015.53	1015.541	1015.599	1015.566	1015.599	1015.617	1015.631	1015.628	1015.575	1015.647	1015.704	1015.641	1015.654	1015.67	1015.691	1015.714	1015.668	1015.747	1015.819	1015.809	1015.799	1015.765	1015.764	1015.834	1015.799	1015.805	1015.81	1015.814	1015.836	1015.865	1015.853	1015.908	1015.928	1015.914	1015.97	1015.96	1015.959	1015.963	1015.998	1016.056	1015.967	1016.037	1016.061	1016.016	1016.069	1016.086	1016.125	1016.137	1016.108	1016.16	1016.09	1016.168	1016.155	1016.157	1016.166	1016.172	1016.194	1016.232	1016.205	1016.245	1016.223	1016.272	1016.246	1016.301	1016.331	1016.298	1016.311	1016.307	1016.322	1016.347	1016.357	1016.381	1016.36	1016.376	1016.407	1016.415	1016.44	1016.418	1016.483	1016.439	1016.497	1016.522	1016.522	1016.53	1016.517	1016.492	1016.582	1016.5	1016.549	1016.548	1016.568	1016.625	1016.599	1016.585	1016.635	1016.611
1015.49	1015.678	1015.43	1015.532	1015.533	1015.554	1015.557	1015.559	1015.57	1015.559	1015.506	1015.583	1015.479	1015.55	1015.575	1015.547	1015.588	1015.557	1015.598	1015.513	1015.627	1015.583	1015.588	1015.596	1015.544	1015.577	1015.605	1015.571	1015.634	1015.594	1015.67	1015.602	1015.62	1015.701	1015.63	1015.67	1015.677	1015.645	1015.747	1015.673	1015.719	1015.684	1015.67	1015.731	1015.739	1015.75	1015.804	1015.735	1015.771	1015.778	1015.852	1015.895	1015.829	1015.828	1015.888	1015.801	1015.913	1015.851	1015.86	1015.937	1015.876	1015.867	1015.963	1015.96	1015.978	1015.997	1015.967	1016.021	1016.024	1016.004	1016.026	1016.02	1016.056	1016.095	1016.047	1016.118	1016.071	1016.067	1016.144	1016.171	1016.185	1016.176	1016.145	1016.208	1016.16	1016.188	1016.205	1016.229	1016.242	1016.25	1016.252	1016.272	1016.285	1016.285	1016.311	1016.318	1016.351	1016.375	1016.367	1016.354	1016.384	1016.374	1016.41	1016.401	1016.46	1016.469	1016.434	1016.464	1016.479	1016.451	1016.507	1016.5	1016.532	1016.509	1016.533	1016.564	1016.556	1016.577	1016.585	1016.582	1016.596	1016.577	1016.603	1016.627	1016.634	1016.684	1016.683	1016.66	1016.731	1016.714	1016.725	1016.746	1016.765	1016.738	1016.746	1016.782	1016.746
1015.655	1015.947	1015.541	1015.746	1015.754	1015.721	1015.724	1015.726	1015.681	1015.698	1015.698	1015.746	1015.719	1015.744	1015.732	1015.701	1015.696	1015.672	1015.8	1015.662	1015.774	1015.718	1015.762	1015.778	1015.73	1015.727	1015.789	1015.709	1015.834	1015.765	1015.814	1015.726	1015.751	1015.832	1015.804	1015.839	1015.876	1015.794	1015.872	1015.853	1015.904	1015.904	1015.89	1015.884	1015.917	1015.895	1015.922	1015.931	1015.95	1015.923	1015.953	1015.996	1016.008	1015.985	1016.061	1016.005	1016.043	1016.076	1016.074	1016.079	1016.028	1016.003	1016.131	1016.122	1016.073	1016.146	1016.124	1016.178	1016.188	1016.169	1016.18	1016.204	1016.176	1016.215	1016.22	1016.25	1016.175	1016.201	1016.276	1016.315	1016.251	1016.351	1016.285	1016.324	1016.356	1016.343	1016.363	1016.388	1016.391	1016.397	1016.369	1016.46	1016.411	1016.442	1016.468	1016.455	1016.487	1016.518	1016.462	1016.494	1016.537	1016.525	1016.541	1016.54	1016.543	1016.553	1016.578	1016.593	1016.611	1016.628	1016.653	1016.638	1016.682	1016.669	1016.694	1016.729	1016.713	1016.729	1016.763	1016.69	1016.794	1016.732	1016.763	1016.787	1016.764	1016.808	1016.845	1016.778	1016.899	1016.836	1016.863	1016.858	1016.878	1016.898	1016.914	1016.929	1016.933
1015.475	1016.12	1015.853	1015.9	1015.857	1015.822	1015.824	1015.865	1015.85	1015.909	1015.89	1015.862	1015.828	1015.85	1015.906	1015.918	1015.903	1015.81	1015.951	1015.843	1015.916	1015.887	1015.896	1015.903	1015.919	1015.942	1015.955	1015.932	1016.026	1015.902	1016	1016.004	1015.963	1015.976	1015.945	1015.884	1015.997	1016.059	1015.995	1016.046	1016.029	1016.036	1016.061	1016.054	1016.086	1016.082	1016.075	1016.137	1016.023	1016.1	1016.146	1016.127	1016.116	1016.066	1016.155	1016.222	1016.149	1016.206	1016.192	1016.188	1016.216	1016.261	1016.247	1016.225	1016.269	1016.27	1016.24	1016.254	1016.304	1016.318	1016.309	1016.355	1016.328	1016.352	1016.363	1016.362	1016.424	1016.379	1016.364	1016.433	1016.416	1016.445	1016.439	1016.452	1016.513	1016.493	1016.531	1016.536	1016.514	1016.555	1016.547	1016.592	1016.559	1016.623	1016.606	1016.596	1016.611	1016.628	1016.642	1016.696	1016.632	1016.695	1016.7	1016.728	1016.711	1016.716	1016.771	1016.762	1016.773	1016.78	1016.786	1016.83	1016.826	1016.797	1016.806	1016.834	1016.858	1016.836	1016.964	1016.87	1016.951	1016.929	1016.941	1016.958	1016.964	1016.954	1017.002	1016.996	1017.022	1016.987	1017.053	1017.019	1017.032	1017.066	1017.026	1017.088	1017.139
1016.007	1016.142	1015.957	1016.034	1016.132	1016.125	1016.062	1016.034	1016.046	1016.03	1015.993	1016.075	1016.074	1016.088	1016.055	1016.002	1016.022	1016.054	1016.032	1016.047	1016.113	1016.08	1016.049	1016.049	1016.093	1016.111	1016.052	1016.052	1016.042	1016.103	1016.097	1016.077	1016.098	1016.156	1016.201	1016.19	1016.109	1016.186	1016.079	1016.183	1016.139	1016.156	1016.2	1016.195	1016.195	1016.247	1016.152	1016.262	1016.23	1016.32	1016.294	1016.223	1016.256	1016.353	1016.282	1016.296	1016.313	1016.324	1016.373	1016.37	1016.356	1016.369	1016.351	1016.429	1016.451	1016.311	1016.452	1016.438	1016.45	1016.46	1016.444	1016.472	1016.491	1016.488	1016.555	1016.472	1016.587	1016.581	1016.551	1016.586	1016.582	1016.539	1016.664	1016.624	1016.626	1016.621	1016.646	1016.649	1016.65	1016.717	1016.692	1016.704	1016.722	1016.733	1016.711	1016.751	1016.774	1016.758	1016.789	1016.805	1016.745	1016.928	1016.806	1016.869	1016.872	1016.848	1016.863	1016.88	1016.972	1016.915	1016.902	1016.952	1016.918	1016.991	1017.03	1017.011	1017.072	1016.952	1017.056	1017.041	1017.043	1017.116	1017.106	1017.085	1017.111	1017.117	1017.111	1017.151	1017.162	1017.166	1017.19	1017.194	1017.231	1017.264	1017.242	1017.255	1017.256
1016.342	1016.186	1016.194	1016.224	1016.136	1016.095	1016.141	1016.184	1016.18	1016.191	1016.201	1016.204	1016.114	1016.136	1016.19	1016.205	1016.217	1016.244	1016.178	1016.245	1016.126	1016.149	1016.237	1016.227	1016.191	1016.178	1016.2	1016.338	1016.165	1016.307	1016.233	1016.248	1016.304	1016.228	1016.166	1016.275	1016.228	1016.356	1016.294	1016.32	1016.333	1016.344	1016.345	1016.324	1016.32	1016.389	1016.347	1016.4	1016.383	1016.322	1016.37	1016.433	1016.43	1016.404	1016.411	1016.422	1016.514	1016.417	1016.451	1016.478	1016.479	1016.526	1016.577	1016.486	1016.525	1016.555	1016.608	1016.561	1016.557	1016.602	1016.627	1016.63	1016.655	1016.532	1016.699	1016.681	1016.629	1016.671	1016.714	1016.704	1016.716	1016.754	1016.754	1016.701	1016.812	1016.814	1016.815	1016.834	1016.839	1016.827	1016.821	1016.908	1016.871	1016.897	1016.913	1016.914	1016.927	1016.939	1016.941	1016.997	1016.959	1017.01	1016.95	1017.013	1017.019	1017.048	1017.104	1017.056	1017.043	1017.081	1017.125	1017.182	1017.123	1017.168	1017.142	1017.081	1017.203	1017.225	1017.223	1017.262	1017.224	1017.233	1017.256	1017.287	1017.314	1017.328	1017.335	1017.325	1017.347	1017.389	1017.363	1017.395	1017.392	1017.356	1017.411	1017.443	1017.308
1016.281	1016.279	1016.35	1016.371	1016.369	1016.379	1016.378	1016.34	1016.304	1016.349	1016.303	1016.308	1016.372	1016.334	1016.345	1016.328	1016.297	1016.296	1016.289	1016.359	1016.384	1016.375	1016.325	1016.305	1016.38	1016.42	1016.322	1016.362	1016.308	1016.363	1016.366	1016.366	1016.403	1016.432	1016.448	1016.47	1016.408	1016.431	1016.43	1016.422	1016.439	1016.43	1016.448	1016.482	1016.498	1016.447	1016.531	1016.436	1016.534	1016.556	1016.565	1016.566	1016.536	1016.529	1016.687	1016.555	1016.59	1016.619	1016.626	1016.653	1016.646	1016.647	1016.672	1016.643	1016.737	1016.736	1016.659	1016.762	1016.768	1016.754	1016.758	1016.728	1016.807	1016.843	1016.721	1016.841	1016.848	1016.867	1016.858	1016.847	1016.903	1016.899	1016.912	1016.948	1016.948	1016.914	1016.937	1016.963	1016.967	1017.003	1017.029	1017.018	1017.003	1017.025	1017.075	1017.045	1017.069	1017.12	1017.07	1017.132	1017.108	1017.112	1017.179	1017.189	1017.167	1017.159	1017.189	1017.217	1017.238	1017.306	1017.177	1017.259	1017.287	1017.299	1017.37	1017.411	1017.35	1017.338	1017.351	1017.356	1017.425	1017.413	1017.434	1017.446	1017.433	1017.441	1017.483	1017.518	1017.483	1017.533	1017.537	1017.561	1017.605	1017.606	1017.597	1017.705	1017.567
1016.552	1016.524	1016.525	1016.419	1016.459	1016.448	1016.429	1016.462	1016.513	1016.466	1016.494	1016.444	1016.479	1016.445	1016.453	1016.464	1016.493	1016.518	1016.513	1016.425	1016.468	1016.451	1016.486	1016.496	1016.515	1016.506	1016.497	1016.517	1016.568	1016.52	1016.558	1016.545	1016.49	1016.513	1016.533	1016.456	1016.578	1016.548	1016.581	1016.602	1016.605	1016.642	1016.637	1016.602	1016.642	1016.573	1016.721	1016.622	1016.644	1016.673	1016.626	1016.645	1016.738	1016.776	1016.72	1016.693	1016.74	1016.766	1016.747	1016.764	1016.783	1016.794	1016.783	1016.869	1016.778	1016.858	1016.87	1016.921	1016.851	1016.846	1016.958	1016.978	1016.875	1017.003	1016.914	1016.972	1016.967	1016.999	1017.012	1017.022	1017.073	1017.006	1017.081	1017.085	1017.075	1017.106	1017.134	1017.142	1017.133	1017.164	1017.165	1017.137	1017.251	1017.144	1017.22	1017.241	1017.258	1017.274	1017.254	1017.3	1017.305	1017.325	1017.301	1017.295	1017.41	1017.425	1017.377	1017.441	1017.381	1017.439	1017.455	1017.445	1017.509	1017.45	1017.474	1017.517	1017.466	1017.559	1017.617	1017.542	1017.591	1017.583	1017.615	1017.635	1017.664	1017.734	1017.654	1017.704	1017.718	1017.699	1017.758	1017.698	1017.732	1017.814	1017.775	1017.792	1017.88
1016.63	1016.606	1016.665	1016.62	1016.633	1016.636	1016.63	1016.668	1016.637	1016.546	1016.684	1016.596	1016.617	1016.656	1016.65	1016.628	1016.643	1016.589	1016.613	1016.611	1016.687	1016.618	1016.616	1016.641	1016.62	1016.603	1016.677	1016.617	1016.661	1016.639	1016.641	1016.727	1016.674	1016.687	1016.7	1016.655	1016.779	1016.663	1016.726	1016.735	1016.667	1016.726	1016.746	1016.713	1016.814	1016.762	1016.794	1016.8	1016.802	1016.824	1016.819	1016.804	1016.831	1016.859	1016.819	1016.946	1016.885	1016.886	1016.983	1016.954	1016.964	1017	1016.924	1017.026	1016.911	1017.07	1017.011	1017.001	1017.001	1017.001	1017.041	1017.11	1017.077	1017.135	1017.108	1017.168	1017.126	1017.164	1017.167	1017.154	1017.232	1017.205	1017.265	1017.207	1017.25	1017.237	1017.257	1017.309	1017.349	1017.307	1017.375	1017.282	1017.391	1017.319	1017.393	1017.407	1017.393	1017.404	1017.445	1017.458	1017.461	1017.459	1017.514	1017.495	1017.569	1017.543	1017.506	1017.624	1017.573	1017.578	1017.66	1017.594	1017.658	1017.647	1017.67	1017.685	1017.708	1017.733	1017.72	1017.765	1017.795	1017.781	1017.815	1017.802	1017.81	1017.873	1017.847	1017.873	1017.936	1017.865	1017.985	1017.939	1017.905	1017.94	1018.012	1018.017	1018.028
1016.809	1016.798	1016.788	1016.804	1016.788	1016.809	1016.802	1016.764	1016.746	1016.739	1016.792	1016.741	1016.781	1016.792	1016.734	1016.711	1016.805	1016.785	1016.779	1016.757	1016.779	1016.824	1016.787	1016.798	1016.775	1016.745	1016.768	1016.773	1016.791	1016.841	1016.773	1016.835	1016.802	1016.816	1016.868	1016.852	1016.87	1016.82	1016.867	1016.89	1016.847	1016.849	1016.87	1016.857	1016.91	1016.914	1016.931	1016.94	1016.995	1016.968	1017	1016.984	1016.992	1017.061	1016.989	1017.037	1017.029	1017.028	1017.119	1017.041	1017.054	1017.145	1017.066	1017.195	1017.089	1017.2	1017.185	1017.168	1017.202	1017.202	1017.185	1017.248	1017.259	1017.286	1017.249	1017.322	1017.285	1017.326	1017.329	1017.326	1017.407	1017.348	1017.419	1017.381	1017.419	1017.427	1017.443	1017.496	1017.481	1017.423	1017.567	1017.457	1017.554	1017.545	1017.59	1017.588	1017.569	1017.595	1017.611	1017.621	1017.697	1017.635	1017.69	1017.685	1017.71	1017.685	1017.699	1017.744	1017.788	1017.8	1017.822	1017.879	1017.881	1017.85	1017.876	1017.878	1017.906	1017.92	1017.928	1017.979	1017.96	1017.966	1017.984	1017.972	1018.007	1018.028	1018.074	1018.04	1018.106	1018.109	1018.137	1018.174	1018.148	1018.11	1018.141	1018.181	1018.151
1016.969	1016.978	1016.911	1016.954	1016.899	1016.923	1016.95	1016.909	1016.92	1016.946	1016.89	1016.929	1016.939	1016.938	1016.877	1016.843	1016.938	1016.929	1016.901	1016.947	1016.868	1016.965	1016.935	1016.946	1016.969	1016.939	1016.921	1017.01	1016.895	1016.983	1016.919	1016.979	1016.943	1016.917	1016.973	1016.991	1016.959	1017.041	1016.995	1017.017	1017.06	1017.061	1017.091	1017.077	1017.044	1017.064	1017.142	1017.031	1017.139	1017.099	1017.131	1017.166	1017.174	1017.216	1017.16	1017.139	1017.255	1017.206	1017.246	1017.17	1017.194	1017.287	1017.23	1017.335	1017.282	1017.306	1017.346	1017.353	1017.386	1017.434	1017.413	1017.391	1017.367	1017.474	1017.415	1017.485	1017.461	1017.504	1017.518	1017.517	1017.58	1017.509	1017.591	1017.586	1017.586	1017.634	1017.649	1017.631	1017.615	1017.607	1017.716	1017.645	1017.745	1017.73	1017.753	1017.752	1017.751	1017.777	1017.803	1017.814	1017.881	1017.853	1017.878	1017.904	1017.928	1017.933	1017.947	1017.915	1017.983	1018.024	1017.947	1018.066	1018.027	1018.005	1018.064	1018.068	1018.081	1018.094	1018.135	1018.126	1018.115	1018.186	1018.199	1018.198	1018.226	1018.179	1018.247	1018.212	1018.222	1018.276	1018.257	1018.292	1018.333	1018.293	1018.282	1018.329	1018.315
1017.078	1017.096	1017.077	1017.128	1017.081	1017.092	1017.097	1017.094	1017.076	1017.076	1017.051	1017.106	1017.059	1017.054	1017.097	1017.063	1017.015	1017.081	1016.994	1017.156	1017.056	1017.092	1017.084	1017.068	1017.09	1017.103	1017.033	1017.183	1017.02	1017.096	1017.103	1017.091	1017.151	1017.139	1017.131	1017.161	1017.143	1017.203	1017.138	1017.138	1017.204	1017.159	1017.203	1017.232	1017.227	1017.2	1017.308	1017.171	1017.313	1017.288	1017.274	1017.359	1017.298	1017.317	1017.333	1017.339	1017.425	1017.358	1017.387	1017.428	1017.43	1017.42	1017.443	1017.459	1017.478	1017.493	1017.532	1017.487	1017.53	1017.521	1017.587	1017.611	1017.539	1017.663	1017.588	1017.668	1017.646	1017.673	1017.693	1017.661	1017.747	1017.743	1017.755	1017.768	1017.744	1017.823	1017.783	1017.798	1017.839	1017.873	1017.865	1017.858	1017.934	1017.86	1017.944	1017.944	1017.97	1017.95	1018.031	1018.015	1017.989	1018.068	1018.034	1018.069	1018.074	1018.086	1018.101	1018.136	1018.115	1018.181	1018.118	1018.215	1018.157	1018.216	1018.245	1018.226	1018.289	1018.234	1018.266	1018.295	1018.266	1018.347	1018.326	1018.302	1018.393	1018.329	1018.387	1018.397	1018.368	1018.444	1018.391	1018.455	1018.43	1018.483	1018.465	1018.489	1018.495
1017.269	1017.274	1017.267	1017.226	1017.24	1017.233	1017.196	1017.227	1017.22	1017.214	1017.259	1017.21	1017.254	1017.224	1017.219	1017.218	1017.19	1017.345	1017.161	1017.245	1017.191	1017.196	1017.239	1017.225	1017.228	1017.249	1017.225	1017.236	1017.247	1017.313	1017.327	1017.234	1017.28	1017.268	1017.297	1017.333	1017.297	1017.254	1017.332	1017.372	1017.359	1017.366	1017.367	1017.328	1017.398	1017.347	1017.402	1017.428	1017.408	1017.484	1017.384	1017.498	1017.472	1017.525	1017.575	1017.483	1017.48	1017.545	1017.624	1017.603	1017.57	1017.568	1017.661	1017.604	1017.649	1017.659	1017.662	1017.682	1017.806	1017.713	1017.677	1017.732	1017.815	1017.834	1017.756	1017.83	1017.815	1017.874	1017.89	1017.871	1017.87	1017.931	1017.885	1017.947	1017.981	1017.981	1017.999	1018.021	1018.016	1018.017	1018.034	1018.08	1018.089	1018.073	1018.145	1018.078	1018.113	1018.114	1018.149	1018.205	1018.148	1018.257	1018.187	1018.247	1018.273	1018.255	1018.253	1018.333	1018.254	1018.33	1018.357	1018.365	1018.368	1018.377	1018.373	1018.353	1018.415	1018.414	1018.392	1018.5	1018.419	1018.473	1018.474	1018.492	1018.52	1018.535	1018.549	1018.55	1018.605	1018.563	1018.574	1018.628	1018.552	1018.639	1018.614	1018.639	1018.658
1017.393	1017.403	1017.418	1017.402	1017.403	1017.451	1017.385	1017.432	1017.402	1017.386	1017.443	1017.257	1017.483	1017.375	1017.413	1017.431	1017.338	1017.358	1017.363	1017.391	1017.415	1017.417	1017.408	1017.416	1017.351	1017.423	1017.412	1017.42	1017.388	1017.331	1017.36	1017.512	1017.467	1017.467	1017.458	1017.443	1017.521	1017.509	1017.499	1017.489	1017.443	1017.466	1017.573	1017.408	1017.661	1017.523	1017.586	1017.604	1017.539	1017.665	1017.653	1017.663	1017.667	1017.654	1017.652	1017.701	1017.752	1017.784	1017.711	1017.741	1017.791	1017.786	1017.792	1017.809	1017.794	1017.837	1017.885	1017.884	1017.83	1017.9	1017.958	1017.967	1017.944	1017.95	1018.009	1018.033	1017.997	1018.007	1018.043	1018.07	1018.079	1018.102	1018.109	1018.119	1018.126	1018.115	1018.125	1018.177	1018.127	1018.205	1018.215	1018.221	1018.215	1018.215	1018.289	1018.165	1018.328	1018.28	1018.278	1018.347	1018.322	1018.367	1018.355	1018.366	1018.409	1018.436	1018.416	1018.442	1018.438	1018.474	1018.456	1018.476	1018.521	1018.499	1018.578	1018.559	1018.578	1018.588	1018.58	1018.608	1018.61	1018.632	1018.654	1018.632	1018.626	1018.674	1018.728	1018.615	1018.786	1018.738	1018.726	1018.776	1018.754	1018.848	1018.784	1018.803	1018.816
1017.618	1017.584	1017.588	1017.604	1017.519	1017.582	1017.514	1017.554	1017.499	1017.49	1017.618	1017.533	1017.611	1017.465	1017.515	1017.586	1017.552	1017.532	1017.658	1017.538	1017.545	1017.525	1017.5	1017.565	1017.569	1017.551	1017.543	1017.569	1017.618	1017.657	1017.634	1017.6	1017.509	1017.585	1017.642	1017.611	1017.583	1017.648	1017.556	1017.736	1017.749	1017.699	1017.767	1017.663	1017.758	1017.687	1017.747	1017.788	1017.761	1017.815	1017.761	1017.774	1017.835	1017.853	1017.863	1017.906	1017.801	1017.847	1017.912	1017.957	1017.956	1017.918	1017.931	1018.043	1018.034	1017.974	1018.009	1018.069	1018.036	1018.115	1018.05	1018.066	1018.096	1018.132	1018.146	1018.044	1018.193	1018.205	1018.189	1018.197	1018.207	1018.18	1018.28	1018.225	1018.287	1018.319	1018.309	1018.327	1018.307	1018.395	1018.322	1018.37	1018.415	1018.382	1018.472	1018.432	1018.443	1018.444	1018.479	1018.514	1018.482	1018.479	1018.583	1018.571	1018.551	1018.564	1018.596	1018.603	1018.65	1018.658	1018.655	1018.68	1018.694	1018.629	1018.728	1018.703	1018.692	1018.747	1018.788	1018.738	1018.833	1018.815	1018.793	1018.854	1018.868	1018.824	1018.947	1018.885	1018.893	1018.905	1018.931	1018.939	1018.909	1018.949	1018.943	1019	1018.987
1017.866	1017.773	1017.743	1017.786	1017.706	1017.825	1017.7	1017.771	1017.78	1017.734	1017.714	1017.685	1017.69	1017.778	1017.698	1017.672	1017.728	1017.753	1017.669	1017.683	1017.718	1017.754	1017.749	1017.723	1017.713	1017.715	1017.754	1017.724	1017.688	1017.715	1017.712	1017.736	1017.838	1017.752	1017.761	1017.822	1017.747	1017.928	1017.794	1017.83	1017.808	1017.793	1017.863	1017.895	1017.881	1017.961	1017.949	1017.941	1017.98	1017.97	1017.997	1018.026	1018.007	1018.015	1018.028	1018.017	1018.071	1018.094	1018.103	1018.053	1018.054	1018.145	1018.2	1018.057	1018.182	1018.182	1018.169	1018.183	1018.194	1018.251	1018.191	1018.292	1018.297	1018.259	1018.288	1018.333	1018.307	1018.316	1018.328	1018.365	1018.403	1018.377	1018.44	1018.395	1018.439	1018.426	1018.418	1018.511	1018.435	1018.516	1018.499	1018.54	1018.558	1018.522	1018.55	1018.613	1018.577	1018.639	1018.648	1018.619	1018.692	1018.7	1018.624	1018.685	1018.729	1018.746	1018.76	1018.756	1018.744	1018.763	1018.793	1018.805	1018.801	1018.892	1018.818	1018.884	1018.908	1018.913	1018.921	1018.959	1018.918	1018.988	1018.953	1018.993	1019.017	1018.982	1018.991	1019.055	1019.048	1019.07	1019.091	1019.099	1019.128	1019.166	1019.122	1019.174	1019.161
1017.965	1017.94	1017.939	1017.967	1017.871	1017.961	1017.917	1017.891	1017.886	1017.87	1017.891	1017.993	1017.832	1017.89	1017.877	1017.881	1017.918	1017.866	1017.878	1017.955	1017.83	1017.838	1017.874	1017.85	1017.896	1017.872	1017.89	1017.959	1017.957	1017.921	1018.005	1017.862	1017.979	1017.898	1017.933	1018.018	1017.897	1017.985	1017.988	1017.991	1018.023	1018.054	1018.038	1018.072	1018.023	1018.083	1018.07	1018.073	1018.119	1018.094	1018.134	1018.129	1018.124	1018.162	1018.19	1018.154	1018.234	1018.173	1018.195	1018.227	1018.243	1018.224	1018.286	1018.294	1018.323	1018.305	1018.313	1018.348	1018.322	1018.378	1018.398	1018.408	1018.407	1018.405	1018.438	1018.472	1018.427	1018.522	1018.518	1018.493	1018.501	1018.523	1018.556	1018.555	1018.602	1018.599	1018.601	1018.661	1018.604	1018.674	1018.689	1018.648	1018.657	1018.754	1018.732	1018.764	1018.765	1018.793	1018.809	1018.811	1018.822	1018.841	1018.856	1018.88	1018.895	1018.88	1018.897	1018.929	1019.002	1018.972	1018.999	1018.999	1018.967	1019.061	1018.995	1019.049	1019.073	1019.052	1019.06	1019.154	1019.078	1019.171	1019.198	1019.175	1019.19	1019.258	1019.211	1019.219	1019.251	1019.25	1019.263	1019.272	1019.277	1019.329	1019.316	1019.349	1019.376
1018.12	1018.105	1018.059	1018.039	1018.073	1018.042	1018.081	1018.068	1018.073	1018.065	1018.046	1018.081	1018.077	1018.059	1018.057	1018.06	1018.058	1018.054	1018.044	1018.003	1017.987	1018.046	1018.074	1018.04	1018.054	1018.075	1017.988	1018.052	1018.056	1018.007	1018.145	1018.034	1018.101	1018.148	1018.161	1018.14	1018.132	1018.121	1018.15	1018.137	1018.128	1018.144	1018.139	1018.215	1018.182	1018.198	1018.207	1018.224	1018.247	1018.245	1018.275	1018.272	1018.313	1018.338	1018.329	1018.336	1018.334	1018.395	1018.378	1018.352	1018.354	1018.386	1018.418	1018.458	1018.436	1018.435	1018.46	1018.479	1018.501	1018.505	1018.547	1018.52	1018.547	1018.594	1018.569	1018.61	1018.631	1018.665	1018.654	1018.64	1018.698	1018.706	1018.719	1018.725	1018.745	1018.787	1018.818	1018.783	1018.843	1018.803	1018.866	1018.84	1018.839	1018.888	1018.864	1018.917	1018.934	1018.904	1018.927	1018.996	1018.982	1018.992	1019.026	1019.034	1019.061	1019.068	1019.102	1019.052	1019.13	1019.089	1019.129	1019.203	1019.209	1019.188	1019.223	1019.222	1019.24	1019.241	1019.252	1019.246	1019.327	1019.256	1019.325	1019.392	1019.423	1019.383	1019.384	1019.407	1019.424	1019.428	1019.474	1019.503	1019.47	1019.499	1019.516	1019.512	1019.536
1018.228	1018.274	1018.227	1018.206	1018.273	1018.162	1018.224	1018.197	1018.177	1018.167	1018.185	1018.158	1018.212	1018.196	1018.193	1018.179	1018.17	1018.186	1018.201	1018.153	1018.206	1018.255	1018.193	1018.222	1018.128	1018.236	1018.173	1018.188	1018.191	1018.161	1018.212	1018.219	1018.192	1018.245	1018.229	1018.205	1018.293	1018.239	1018.28	1018.293	1018.287	1018.324	1018.339	1018.333	1018.334	1018.347	1018.352	1018.371	1018.383	1018.399	1018.425	1018.405	1018.447	1018.424	1018.405	1018.508	1018.431	1018.521	1018.526	1018.502	1018.551	1018.603	1018.553	1018.573	1018.573	1018.658	1018.686	1018.63	1018.699	1018.627	1018.726	1018.699	1018.67	1018.703	1018.731	1018.805	1018.789	1018.791	1018.789	1018.807	1018.845	1018.849	1018.86	1018.904	1018.866	1018.907	1018.953	1018.901	1019.047	1018.953	1019.011	1019.031	1019.029	1019.057	1019.082	1019.081	1019.113	1019.095	1019.086	1019.129	1019.154	1019.21	1019.193	1019.25	1019.266	1019.224	1019.244	1019.254	1019.311	1019.305	1019.256	1019.33	1019.367	1019.355	1019.404	1019.429	1019.421	1019.45	1019.467	1019.416	1019.582	1019.484	1019.498	1019.564	1019.577	1019.555	1019.612	1019.604	1019.627	1019.643	1019.691	1019.677	1019.676	1019.708	1019.692	1019.717	1019.724
1018.347	1018.403	1018.375	1018.353	1018.38	1018.316	1018.364	1018.314	1018.343	1018.324	1018.357	1018.311	1018.339	1018.312	1018.315	1018.319	1018.325	1018.295	1018.337	1018.315	1018.333	1018.305	1018.265	1018.424	1018.262	1018.339	1018.368	1018.293	1018.37	1018.359	1018.321	1018.388	1018.343	1018.351	1018.403	1018.356	1018.425	1018.375	1018.419	1018.439	1018.417	1018.452	1018.47	1018.447	1018.477	1018.503	1018.491	1018.533	1018.517	1018.545	1018.564	1018.552	1018.584	1018.62	1018.537	1018.683	1018.603	1018.645	1018.668	1018.681	1018.671	1018.716	1018.706	1018.782	1018.717	1018.782	1018.812	1018.761	1018.86	1018.784	1018.862	1018.872	1018.878	1018.896	1018.886	1018.945	1018.924	1018.956	1018.984	1018.973	1019.018	1019.041	1018.997	1019.092	1019.069	1019.068	1019.158	1019.077	1019.169	1019.13	1019.187	1019.183	1019.181	1019.23	1019.255	1019.234	1019.271	1019.289	1019.297	1019.317	1019.326	1019.39	1019.334	1019.412	1019.408	1019.392	1019.44	1019.473	1019.466	1019.485	1019.495	1019.503	1019.554	1019.561	1019.558	1019.595	1019.617	1019.604	1019.686	1019.616	1019.72	1019.678	1019.735	1019.741	1019.74	1019.791	1019.802	1019.785	1019.839	1019.829	1019.872	1019.843	1019.89	1019.918	1019.882	1019.951	1019.952
1018.55	1018.507	1018.496	1018.501	1018.472	1018.504	1018.457	1018.489	1018.532	1018.472	1018.465	1018.485	1018.446	1018.477	1018.483	1018.45	1018.501	1018.427	1018.488	1018.458	1018.448	1018.51	1018.414	1018.501	1018.376	1018.433	1018.452	1018.401	1018.486	1018.484	1018.481	1018.495	1018.517	1018.507	1018.559	1018.529	1018.512	1018.547	1018.568	1018.587	1018.556	1018.579	1018.586	1018.619	1018.612	1018.636	1018.646	1018.675	1018.664	1018.683	1018.691	1018.713	1018.698	1018.786	1018.753	1018.767	1018.817	1018.805	1018.824	1018.837	1018.822	1018.86	1018.914	1018.991	1018.87	1018.92	1018.943	1019.001	1019.021	1018.987	1019.009	1019.017	1019.061	1019.075	1019.066	1019.069	1019.13	1019.143	1019.168	1019.129	1019.114	1019.241	1019.164	1019.236	1019.219	1019.225	1019.269	1019.304	1019.286	1019.336	1019.345	1019.344	1019.37	1019.408	1019.378	1019.451	1019.454	1019.437	1019.484	1019.524	1019.512	1019.522	1019.559	1019.604	1019.625	1019.626	1019.628	1019.657	1019.565	1019.6	1019.686	1019.691	1019.721	1019.76	1019.745	1019.81	1019.859	1019.81	1019.879	1019.895	1019.816	1019.859	1019.932	1019.934	1019.937	1020.002	1019.977	1019.996	1020.007	1020.007	1020.076	1020.061	1020.083	1020.103	1020.099	1020.108	1020.12
1018.682	1018.625	1018.604	1018.685	1018.623	1018.684	1018.559	1018.566	1018.62	1018.631	1018.57	1018.616	1018.57	1018.624	1018.647	1018.526	1018.657	1018.528	1018.641	1018.62	1018.596	1018.702	1018.55	1018.54	1018.593	1018.623	1018.618	1018.668	1018.601	1018.629	1018.631	1018.627	1018.649	1018.667	1018.629	1018.624	1018.656	1018.69	1018.701	1018.692	1018.759	1018.749	1018.772	1018.79	1018.77	1018.772	1018.831	1018.787	1018.843	1018.86	1018.857	1018.917	1018.805	1018.914	1018.889	1018.913	1018.964	1018.982	1018.973	1018.954	1018.992	1019.05	1019.057	1018.999	1019.092	1019.099	1019.115	1019.131	1019.117	1019.162	1019.178	1019.167	1019.183	1019.192	1019.208	1019.264	1019.351	1019.261	1019.322	1019.352	1019.351	1019.366	1019.392	1019.426	1019.449	1019.431	1019.425	1019.5	1019.486	1019.525	1019.523	1019.542	1019.579	1019.613	1019.576	1019.683	1019.661	1019.629	1019.634	1019.678	1019.715	1019.713	1019.788	1019.784	1019.764	1019.853	1019.766	1019.842	1019.911	1019.896	1019.904	1019.942	1019.847	1019.963	1019.965	1019.968	1019.995	1020.026	1019.994	1020.071	1020.091	1020.107	1020.114	1020.114	1020.154	1020.138	1020.158	1020.173	1020.181	1020.165	1020.206	1020.216	1020.223	1020.261	1020.278	1020.271	1020.291
1018.874	1018.873	1018.829	1018.831	1018.739	1018.781	1018.826	1018.803	1018.769	1018.798	1018.767	1018.826	1018.684	1018.699	1018.745	1018.681	1018.842	1018.665	1018.725	1018.723	1018.691	1018.703	1018.773	1018.781	1018.802	1018.75	1018.685	1018.749	1018.698	1018.794	1018.783	1018.744	1018.745	1018.804	1018.811	1018.873	1018.815	1018.816	1018.845	1018.857	1018.85	1018.833	1018.849	1018.88	1018.902	1018.93	1019.043	1018.93	1019.044	1019.022	1018.97	1019.051	1019.055	1019.089	1019.093	1019.105	1019.113	1019.086	1019.2	1019.198	1019.134	1019.17	1019.21	1019.18	1019.356	1019.174	1019.259	1019.326	1019.346	1019.354	1019.284	1019.404	1019.402	1019.427	1019.449	1019.42	1019.411	1019.478	1019.498	1019.52	1019.533	1019.519	1019.663	1019.539	1019.593	1019.627	1019.635	1019.652	1019.665	1019.693	1019.711	1019.721	1019.73	1019.763	1019.843	1019.769	1019.791	1019.858	1019.899	1019.858	1019.963	1019.855	1019.915	1019.948	1019.955	1020.005	1020.026	1019.999	1020.027	1020.024	1020.048	1020.148	1020.113	1020.122	1020.144	1020.129	1020.132	1020.23	1020.229	1020.207	1020.225	1020.23	1020.237	1020.272	1020.282	1020.293	1020.331	1020.293	1020.294	1020.406	1020.36	1020.402	1020.421	1020.418	1020.409	1020.414	1020.449
1018.942	1018.898	1018.872	1018.932	1019.085	1018.887	1018.915	1018.896	1018.883	1018.929	1018.765	1018.9	1018.92	1018.934	1018.924	1018.853	1018.827	1018.897	1018.859	1018.902	1018.94	1018.881	1018.918	1018.782	1018.8	1018.908	1018.971	1018.926	1018.906	1018.896	1018.889	1018.933	1018.969	1018.938	1018.887	1018.908	1018.935	1018.98	1019.016	1019.015	1018.973	1019.099	1019.073	1019.107	1019.12	1019.043	1019.1	1019.076	1019.123	1019.162	1019.184	1019.196	1019.188	1019.194	1019.183	1019.226	1019.296	1019.311	1019.208	1019.324	1019.327	1019.361	1019.393	1019.379	1019.413	1019.393	1019.507	1019.472	1019.429	1019.524	1019.484	1019.553	1019.512	1019.53	1019.59	1019.622	1019.61	1019.733	1019.608	1019.641	1019.737	1019.72	1019.734	1019.748	1019.807	1019.818	1019.824	1019.867	1019.877	1019.898	1019.91	1019.956	1019.97	1019.938	1019.984	1020.036	1020.039	1020.032	1020.027	1020.033	1020.114	1020.119	1020.117	1020.15	1020.147	1020.095	1020.231	1020.209	1020.212	1020.277	1020.287	1020.197	1020.296	1020.255	1020.308	1020.357	1020.343	1020.288	1020.357	1020.397	1020.405	1020.44	1020.472	1020.465	1020.458	1020.455	1020.52	1020.528	1020.529	1020.561	1020.467	1020.555	1020.559	1020.574	1020.613	1020.645	1020.604
1019.091	1019.129	1019.165	1019.044	1019.086	1019.053	1019.099	1019.065	1019.043	1019.135	1019.081	1019.068	1019.029	1018.988	1019.018	1019.101	1018.954	1019.117	1019.013	1018.986	1019.009	1018.975	1019.037	1019.093	1019.071	1019.045	1018.979	1018.943	1019.081	1019.049	1019.049	1019.05	1019.049	1019.058	1019.175	1019.109	1019.175	1019.145	1019.104	1019.169	1019.142	1019.191	1019.136	1019.16	1019.213	1019.242	1019.295	1019.355	1019.271	1019.301	1019.349	1019.326	1019.358	1019.415	1019.458	1019.395	1019.385	1019.499	1019.431	1019.517	1019.517	1019.529	1019.542	1019.543	1019.586	1019.616	1019.627	1019.62	1019.648	1019.732	1019.68	1019.714	1019.786	1019.779	1019.77	1019.824	1019.769	1019.8	1019.846	1019.894	1019.915	1019.875	1019.916	1019.977	1019.97	1019.973	1020.008	1020.051	1020.009	1020.08	1020.06	1020.069	1020.106	1020.141	1020.112	1020.145	1020.168	1020.174	1020.228	1020.308	1020.155	1020.293	1020.252	1020.269	1020.31	1020.329	1020.294	1020.353	1020.328	1020.37	1020.405	1020.378	1020.503	1020.464	1020.455	1020.469	1020.501	1020.551	1020.541	1020.564	1020.553	1020.57	1020.565	1020.53	1020.68	1020.625	1020.631	1020.661	1020.682	1020.682	1020.737	1020.767	1020.733	1020.747	1020.761	1020.732	1020.809
1019.184	1019.206	1019.249	1019.176	1019.295	1019.21	1019.212	1019.211	1019.161	1019.112	1019.204	1019.143	1019.21	1019.192	1019.181	1019.218	1019.104	1019.165	1019.186	1019.179	1019.202	1019.191	1019.151	1019.108	1019.136	1019.18	1019.178	1019.227	1019.164	1019.175	1019.204	1019.221	1019.223	1019.218	1019.29	1019.165	1019.259	1019.28	1019.269	1019.362	1019.276	1019.332	1019.436	1019.427	1019.403	1019.453	1019.351	1019.431	1019.435	1019.48	1019.501	1019.479	1019.613	1019.462	1019.571	1019.564	1019.558	1019.613	1019.624	1019.659	1019.651	1019.686	1019.725	1019.74	1019.773	1019.762	1019.761	1019.813	1019.837	1019.757	1019.884	1019.84	1019.906	1019.929	1019.934	1019.974	1020.013	1019.997	1020.035	1020.035	1020.033	1020.099	1020.122	1020.061	1020.106	1020.152	1020.18	1020.183	1020.174	1020.227	1020.261	1020.262	1020.252	1020.248	1020.339	1020.272	1020.347	1020.333	1020.345	1020.414	1020.357	1020.454	1020.458	1020.445	1020.463	1020.507	1020.467	1020.57	1020.557	1020.54	1020.563	1020.61	1020.581	1020.59	1020.695	1020.675	1020.643	1020.725	1020.648	1020.751	1020.731	1020.779	1020.804	1020.787	1020.813	1020.812	1020.853	1020.869	1020.868	1020.883	1020.901	1020.856	1020.896	1020.945	1020.951	1020.949	1020.976
1019.474	1019.45	1019.405	1019.365	1019.431	1019.357	1019.329	1019.389	1019.366	1019.335	1019.431	1019.298	1019.31	1019.309	1019.281	1019.281	1019.336	1019.305	1019.314	1019.276	1019.275	1019.303	1019.364	1019.291	1019.353	1019.356	1019.29	1019.335	1019.251	1019.426	1019.354	1019.362	1019.39	1019.349	1019.414	1019.387	1019.394	1019.424	1019.4	1019.423	1019.482	1019.464	1019.527	1019.504	1019.485	1019.605	1019.564	1019.632	1019.561	1019.619	1019.65	1019.611	1019.762	1019.695	1019.751	1019.753	1019.75	1019.792	1019.766	1019.825	1019.869	1019.89	1019.882	1019.886	1019.891	1019.998	1019.958	1019.953	1019.954	1019.974	1020.11	1020.04	1020.047	1020.077	1020.095	1020.098	1020.151	1020.14	1020.169	1020.215	1020.242	1020.221	1020.203	1020.241	1020.271	1020.301	1020.295	1020.315	1020.364	1020.342	1020.359	1020.435	1020.451	1020.389	1020.507	1020.422	1020.497	1020.5	1020.492	1020.53	1020.591	1020.518	1020.578	1020.632	1020.655	1020.648	1020.678	1020.67	1020.738	1020.725	1020.719	1020.726	1020.795	1020.765	1020.839	1020.852	1020.846	1020.896	1020.825	1020.942	1020.889	1020.919	1020.943	1020.945	1020.964	1020.987	1021.017	1021.017	1021.014	1021.063	1021.062	1021.082	1021.096	1021.121	1021.116	1021.164	1021.154
1019.533	1019.541	1019.502	1019.513	1019.454	1019.521	1019.523	1019.564	1019.496	1019.475	1019.498	1019.521	1019.492	1019.5	1019.482	1019.445	1019.46	1019.443	1019.44	1019.414	1019.438	1019.432	1019.502	1019.406	1019.482	1019.467	1019.404	1019.518	1019.402	1019.56	1019.493	1019.502	1019.542	1019.5	1019.551	1019.567	1019.552	1019.639	1019.631	1019.57	1019.691	1019.622	1019.689	1019.669	1019.67	1019.742	1019.672	1019.807	1019.73	1019.782	1019.815	1019.774	1019.826	1019.847	1019.876	1019.878	1019.91	1019.97	1019.95	1019.986	1020.009	1020.007	1020.002	1020.07	1020.042	1020.105	1020.109	1020.106	1020.159	1020.191	1020.148	1020.195	1020.2	1020.195	1020.206	1020.248	1020.265	1020.29	1020.283	1020.332	1020.351	1020.333	1020.374	1020.404	1020.416	1020.466	1020.474	1020.471	1020.468	1020.528	1020.503	1020.576	1020.609	1020.578	1020.64	1020.639	1020.663	1020.7	1020.704	1020.689	1020.75	1020.719	1020.725	1020.78	1020.802	1020.803	1020.882	1020.851	1020.889	1020.917	1020.917	1020.903	1021	1020.958	1020.971	1020.986	1021.008	1021.037	1021.036	1021.055	1021.048	1021.121	1021.149	1021.128	1021.191	1021.176	1021.201	1021.2	1021.212	1021.247	1021.234	1021.268	1021.282	1021.343	1021.352	1021.33	1021.32
1019.71	1019.716	1019.662	1019.692	1019.602	1019.652	1019.656	1019.679	1019.609	1019.632	1019.562	1019.667	1019.624	1019.628	1019.641	1019.609	1019.561	1019.641	1019.607	1019.594	1019.619	1019.569	1019.656	1019.541	1019.604	1019.591	1019.565	1019.673	1019.561	1019.639	1019.608	1019.61	1019.654	1019.663	1019.687	1019.711	1019.703	1019.789	1019.788	1019.729	1019.836	1019.765	1019.836	1019.79	1019.791	1019.902	1019.823	1019.946	1019.952	1020.004	1019.983	1019.968	1019.996	1020.001	1020.023	1020.081	1020.105	1020.09	1020.103	1020.114	1020.153	1020.148	1020.123	1020.184	1020.199	1020.208	1020.231	1020.211	1020.263	1020.333	1020.259	1020.345	1020.332	1020.327	1020.371	1020.428	1020.375	1020.457	1020.443	1020.47	1020.493	1020.493	1020.562	1020.535	1020.598	1020.649	1020.634	1020.638	1020.598	1020.69	1020.669	1020.681	1020.718	1020.754	1020.736	1020.814	1020.801	1020.839	1020.879	1020.868	1020.866	1020.943	1020.928	1020.944	1020.97	1020.966	1020.988	1021.034	1021.034	1021.066	1021.124	1021.119	1021.117	1021.149	1021.16	1021.177	1021.201	1021.204	1021.263	1021.233	1021.247	1021.32	1021.326	1021.306	1021.375	1021.341	1021.371	1021.379	1021.389	1021.423	1021.422	1021.452	1021.436	1021.498	1021.527	1021.486	1021.524
1019.873	1019.885	1019.825	1019.832	1019.834	1019.762	1019.788	1019.825	1019.744	1019.8	1019.751	1019.756	1019.721	1019.724	1019.735	1019.757	1019.693	1019.821	1019.736	1019.724	1019.734	1019.691	1019.82	1019.718	1019.762	1019.772	1019.746	1019.781	1019.75	1019.787	1019.798	1019.787	1019.807	1019.852	1019.812	1019.868	1019.879	1019.885	1019.873	1019.89	1019.958	1019.911	1019.984	1019.929	1019.898	1020.057	1020.041	1020.04	1020.081	1020.11	1020.088	1020.103	1020.161	1020.133	1020.149	1020.21	1020.245	1020.188	1020.25	1020.233	1020.293	1020.326	1020.301	1020.294	1020.378	1020.357	1020.404	1020.373	1020.363	1020.448	1020.472	1020.476	1020.436	1020.502	1020.553	1020.58	1020.529	1020.61	1020.589	1020.615	1020.638	1020.634	1020.716	1020.654	1020.769	1020.749	1020.722	1020.82	1020.823	1020.82	1020.877	1020.882	1020.881	1020.94	1020.881	1020.961	1020.955	1020.98	1021.018	1021.064	1021.042	1021.108	1021.124	1021.143	1021.171	1021.176	1021.127	1021.216	1021.198	1021.214	1021.271	1021.315	1021.264	1021.341	1021.319	1021.335	1021.401	1021.397	1021.435	1021.445	1021.439	1021.455	1021.457	1021.487	1021.514	1021.508	1021.544	1021.548	1021.57	1021.619	1021.594	1021.656	1021.629	1021.643	1021.667	1021.684	1021.74
1019.909	1019.956	1019.969	1019.899	1019.952	1019.915	1020.003	1019.996	1019.861	1019.821	1019.97	1019.869	1019.931	1019.925	1019.898	1019.94	1019.818	1019.897	1019.867	1019.882	1019.899	1019.83	1019.901	1019.846	1019.866	1019.889	1019.899	1019.879	1019.99	1019.908	1019.913	1019.939	1019.957	1020.023	1019.941	1019.994	1020.005	1020.001	1020.011	1020.074	1020.082	1020.077	1020.146	1020.164	1020.155	1020.157	1020.154	1020.134	1020.158	1020.212	1020.254	1020.241	1020.23	1020.29	1020.276	1020.284	1020.311	1020.319	1020.39	1020.359	1020.365	1020.418	1020.454	1020.445	1020.543	1020.474	1020.527	1020.556	1020.57	1020.586	1020.59	1020.549	1020.616	1020.685	1020.7	1020.67	1020.717	1020.749	1020.722	1020.77	1020.802	1020.767	1020.903	1020.83	1020.887	1020.865	1020.858	1020.976	1021.015	1020.972	1021.074	1021.07	1021.052	1021.109	1021.122	1021.107	1021.144	1021.161	1021.154	1021.21	1021.279	1021.22	1021.3	1021.309	1021.312	1021.375	1021.399	1021.391	1021.426	1021.425	1021.427	1021.464	1021.494	1021.528	1021.449	1021.49	1021.573	1021.606	1021.555	1021.616	1021.635	1021.651	1021.661	1021.718	1021.698	1021.732	1021.733	1021.744	1021.775	1021.83	1021.75	1021.834	1021.845	1021.843	1021.855	1021.901	1021.927
1020.094	1020.081	1020.11	1020.085	1020.076	1020.016	1019.981	1020.041	1020.076	1020.044	1020.134	1019.965	1020.051	1020.018	1019.967	1020.052	1019.988	1020.046	1020.021	1020.004	1020.016	1020.036	1020.006	1020.046	1019.993	1020.018	1020.063	1020.039	1020.06	1019.965	1020.063	1020.097	1020.086	1020.092	1020.11	1020.149	1020.133	1020.159	1020.182	1020.154	1020.152	1020.223	1020.17	1020.22	1020.274	1020.218	1020.301	1020.367	1020.306	1020.316	1020.362	1020.41	1020.367	1020.444	1020.454	1020.465	1020.493	1020.505	1020.406	1020.552	1020.551	1020.565	1020.586	1020.572	1020.597	1020.647	1020.659	1020.681	1020.706	1020.716	1020.763	1020.811	1020.807	1020.795	1020.799	1020.847	1020.871	1020.883	1020.9	1020.936	1020.968	1020.954	1021.039	1021.013	1021.01	1021.075	1021.134	1021.087	1021.083	1021.188	1021.167	1021.174	1021.205	1021.207	1021.288	1021.28	1021.316	1021.356	1021.352	1021.308	1021.46	1021.402	1021.469	1021.48	1021.475	1021.495	1021.548	1021.512	1021.588	1021.61	1021.618	1021.636	1021.634	1021.661	1021.729	1021.75	1021.739	1021.742	1021.806	1021.8	1021.809	1021.825	1021.824	1021.826	1021.833	1021.896	1021.9	1021.939	1021.957	1021.954	1022.012	1022.014	1022.004	1022.041	1022.066	1022.049	1022.11
1020.179	1020.146	1020.142	1020.152	1020.109	1020.268	1020.143	1020.146	1020.162	1020.056	1020.139	1020.096	1020.163	1020.143	1020.119	1020.161	1020.077	1020.135	1020.142	1020.111	1020.108	1020.153	1020.055	1020.195	1020.15	1020.14	1020.142	1020.114	1020.21	1020.22	1020.2	1020.172	1020.179	1020.234	1020.219	1020.247	1020.241	1020.247	1020.27	1020.302	1020.3	1020.399	1020.349	1020.358	1020.409	1020.427	1020.443	1020.353	1020.444	1020.476	1020.459	1020.482	1020.575	1020.496	1020.543	1020.542	1020.561	1020.654	1020.608	1020.684	1020.659	1020.666	1020.718	1020.764	1020.725	1020.828	1020.807	1020.809	1020.844	1020.866	1020.869	1020.859	1020.889	1020.941	1020.995	1021.026	1020.919	1021.032	1021.07	1021.07	1021.102	1021.159	1021.041	1021.237	1021.224	1021.194	1021.218	1021.276	1021.319	1021.383	1021.282	1021.36	1021.462	1021.402	1021.405	1021.481	1021.443	1021.496	1021.567	1021.57	1021.602	1021.609	1021.587	1021.649	1021.727	1021.734	1021.725	1021.808	1021.777	1021.755	1021.785	1021.855	1021.897	1021.852	1021.878	1021.883	1021.893	1021.937	1021.979	1021.956	1021.983	1022.018	1022.049	1022.083	1022.126	1022.104	1022.089	1022.118	1022.126	1022.099	1022.193	1022.186	1022.185	1022.217	1022.231	1022.212	1022.264
1020.341	1020.324	1020.33	1020.384	1020.167	1020.291	1020.242	1020.264	1020.276	1020.224	1020.347	1020.255	1020.213	1020.216	1020.227	1020.221	1020.244	1020.196	1020.23	1020.244	1020.252	1020.272	1020.21	1020.246	1020.226	1020.263	1020.309	1020.282	1020.276	1020.239	1020.271	1020.318	1020.35	1020.36	1020.317	1020.349	1020.418	1020.404	1020.402	1020.475	1020.402	1020.361	1020.452	1020.487	1020.475	1020.487	1020.589	1020.546	1020.599	1020.629	1020.615	1020.614	1020.692	1020.639	1020.739	1020.746	1020.72	1020.758	1020.794	1020.761	1020.828	1020.848	1020.853	1020.885	1020.896	1020.886	1020.916	1020.978	1021.012	1020.998	1021.066	1021.053	1021.119	1021.121	1021.079	1021.088	1021.213	1021.189	1021.218	1021.197	1021.228	1021.345	1021.257	1021.331	1021.366	1021.372	1021.416	1021.483	1021.376	1021.452	1021.513	1021.5	1021.493	1021.547	1021.598	1021.635	1021.677	1021.669	1021.676	1021.737	1021.681	1021.846	1021.835	1021.811	1021.821	1021.85	1021.849	1021.916	1021.928	1021.976	1022.002	1021.948	1022.014	1022.068	1022.06	1022.087	1022.123	1022.127	1022.07	1022.146	1022.169	1022.169	1022.162	1022.178	1022.158	1022.226	1022.247	1022.272	1022.3	1022.334	1022.307	1022.307	1022.379	1022.375	1022.385	1022.468	1022.384
1020.419	1020.342	1020.309	1020.428	1020.355	1020.412	1020.35	1020.361	1020.379	1020.362	1020.336	1020.333	1020.337	1020.364	1020.356	1020.304	1020.4	1020.337	1020.343	1020.338	1020.314	1020.312	1020.39	1020.385	1020.381	1020.35	1020.348	1020.375	1020.42	1020.41	1020.444	1020.452	1020.406	1020.391	1020.522	1020.455	1020.495	1020.52	1020.529	1020.526	1020.597	1020.601	1020.57	1020.601	1020.641	1020.688	1020.642	1020.749	1020.689	1020.702	1020.735	1020.756	1020.776	1020.796	1020.752	1020.798	1020.861	1020.863	1020.911	1020.914	1020.966	1020.972	1020.968	1020.999	1021.046	1021.074	1021.081	1021.11	1021.104	1021.1	1021.194	1021.162	1021.185	1021.251	1021.267	1021.277	1021.356	1021.249	1021.395	1021.411	1021.376	1021.362	1021.505	1021.44	1021.498	1021.548	1021.58	1021.574	1021.65	1021.628	1021.683	1021.68	1021.699	1021.792	1021.793	1021.69	1021.825	1021.847	1021.839	1021.959	1021.898	1021.935	1021.974	1021.99	1022.041	1022.071	1022.086	1022.091	1022.085	1022.106	1022.131	1022.159	1022.201	1022.187	1022.23	1022.233	1022.221	1022.232	1022.295	1022.306	1022.307	1022.332	1022.364	1022.41	1022.407	1022.436	1022.433	1022.433	1022.425	1022.446	1022.506	1022.505	1022.554	1022.534	1022.537	1022.602	1022.576
1020.544	1020.502	1020.477	1020.513	1020.441	1020.487	1020.465	1020.442	1020.44	1020.462	1020.437	1020.48	1020.402	1020.43	1020.465	1020.463	1020.444	1020.428	1020.449	1020.489	1020.481	1020.465	1020.464	1020.438	1020.513	1020.495	1020.502	1020.537	1020.505	1020.524	1020.519	1020.572	1020.57	1020.567	1020.595	1020.588	1020.588	1020.628	1020.67	1020.655	1020.673	1020.683	1020.691	1020.7	1020.732	1020.804	1020.694	1020.83	1020.861	1020.866	1020.882	1020.877	1020.862	1021.004	1020.935	1020.97	1021.036	1020.983	1021.069	1021.058	1021.047	1021.071	1021.146	1021.197	1021.133	1021.192	1021.2	1021.244	1021.255	1021.296	1021.277	1021.343	1021.321	1021.381	1021.406	1021.381	1021.469	1021.519	1021.534	1021.54	1021.528	1021.556	1021.627	1021.624	1021.641	1021.695	1021.707	1021.695	1021.848	1021.756	1021.794	1021.884	1021.939	1021.876	1021.956	1021.942	1021.955	1021.989	1021.996	1022.047	1022.07	1022.131	1022.135	1022.143	1022.185	1022.16	1022.186	1022.219	1022.283	1022.284	1022.27	1022.303	1022.345	1022.312	1022.37	1022.405	1022.399	1022.43	1022.44	1022.446	1022.507	1022.525	1022.497	1022.489	1022.559	1022.54	1022.563	1022.654	1022.674	1022.622	1022.675	1022.654	1022.661	1022.684	1022.719	1022.703	1022.788
1020.653	1020.585	1020.558	1020.604	1020.583	1020.567	1020.578	1020.557	1020.552	1020.581	1020.522	1020.56	1020.513	1020.526	1020.56	1020.562	1020.527	1020.569	1020.517	1020.555	1020.561	1020.549	1020.598	1020.591	1020.625	1020.579	1020.587	1020.639	1020.577	1020.663	1020.64	1020.685	1020.692	1020.69	1020.646	1020.77	1020.745	1020.698	1020.731	1020.781	1020.831	1020.775	1020.903	1020.897	1020.827	1020.892	1020.898	1020.911	1020.942	1020.925	1020.935	1021.022	1020.998	1021.083	1021.09	1021.119	1021.14	1021.099	1021.197	1021.155	1021.191	1021.191	1021.248	1021.302	1021.276	1021.338	1021.366	1021.395	1021.387	1021.433	1021.372	1021.513	1021.485	1021.494	1021.511	1021.54	1021.559	1021.65	1021.641	1021.646	1021.722	1021.764	1021.696	1021.824	1021.809	1021.844	1021.864	1021.869	1021.9	1021.94	1021.957	1022.03	1022.06	1022.038	1022.091	1022.11	1022.114	1022.194	1022.212	1022.186	1022.201	1022.264	1022.253	1022.27	1022.332	1022.321	1022.388	1022.332	1022.396	1022.454	1022.449	1022.452	1022.479	1022.492	1022.489	1022.525	1022.551	1022.591	1022.574	1022.645	1022.668	1022.679	1022.656	1022.69	1022.748	1022.743	1022.732	1022.811	1022.817	1022.808	1022.819	1022.889	1022.86	1022.864	1022.893	1022.87	1022.958
