1010.314	1010.361	1010.348	1010.331	1010.376	1010.329	1010.306	1010.368	1010.375	1010.356	1010.363	1010.337	1010.372	1010.358	1010.353	1010.373	1010.372	1010.35	1010.352	1010.4	1010.359	1010.394	1010.41	1010.388	1010.333	1010.359	1010.439	1010.351	1010.422	1010.366	1010.421	1010.38	1010.353	1010.426	1010.439	1010.404	1010.441	1010.41	1010.455	1010.426	1010.399	1010.386	1010.444	1010.475	1010.45	1010.451	1010.432	1010.438	1010.449	1010.459	1010.477	1010.471	1010.452	1010.455	1010.462	1010.473	1010.474	1010.46	1010.47	1010.483	1010.508	1010.528	1010.531	1010.506	1010.519	1010.492	1010.534	1010.524	1010.509	1010.482	1010.503	1010.533	1010.522	1010.556	1010.542	1010.547	1010.56	1010.537	1010.537	1010.568	1010.558	1010.57	1010.568	1010.549	1010.586	1010.589	1010.598	1010.63	1010.603	1010.559	1010.61	1010.587	1010.608	1010.591	1010.614	1010.609	1010.611	1010.623	1010.605	1010.645	1010.653	1010.614	1010.661	1010.652	1010.686	1010.689	1010.657	1010.706	1010.661	1010.705	1010.691	1010.694	1010.702	1010.683	1010.707	1010.745	1010.734	1010.735	1010.767	1010.724	1010.759	1010.738	1010.735	1010.745	1010.749	1010.774	1010.801	1010.759	1010.833	1010.772	1010.835	1010.883	1010.864	1010.857	1010.841	1010.836	1010.841
1010.365	1010.396	1010.383	1010.353	1010.389	1010.341	1010.321	1010.386	1010.405	1010.379	1010.388	1010.404	1010.406	1010.426	1010.42	1010.385	1010.385	1010.406	1010.413	1010.4	1010.385	1010.465	1010.384	1010.362	1010.421	1010.451	1010.462	1010.39	1010.454	1010.398	1010.475	1010.43	1010.395	1010.437	1010.448	1010.455	1010.44	1010.484	1010.446	1010.456	1010.465	1010.444	1010.483	1010.513	1010.504	1010.485	1010.473	1010.512	1010.499	1010.518	1010.54	1010.52	1010.498	1010.511	1010.55	1010.465	1010.563	1010.508	1010.541	1010.551	1010.527	1010.548	1010.585	1010.513	1010.582	1010.553	1010.579	1010.589	1010.573	1010.563	1010.591	1010.583	1010.614	1010.58	1010.6	1010.605	1010.604	1010.581	1010.578	1010.611	1010.615	1010.621	1010.607	1010.636	1010.651	1010.639	1010.653	1010.641	1010.607	1010.627	1010.662	1010.633	1010.683	1010.649	1010.675	1010.669	1010.65	1010.662	1010.666	1010.702	1010.688	1010.715	1010.737	1010.709	1010.746	1010.763	1010.728	1010.761	1010.711	1010.79	1010.74	1010.758	1010.752	1010.729	1010.735	1010.776	1010.812	1010.778	1010.833	1010.814	1010.826	1010.841	1010.834	1010.848	1010.856	1010.822	1010.872	1010.866	1010.864	1010.842	1010.83	1010.888	1010.893	1010.879	1010.929	1010.896	1010.895
1010.443	1010.4	1010.363	1010.412	1010.477	1010.451	1010.425	1010.42	1010.446	1010.461	1010.439	1010.423	1010.412	1010.481	1010.459	1010.42	1010.408	1010.457	1010.44	1010.468	1010.458	1010.469	1010.351	1010.406	1010.472	1010.484	1010.455	1010.465	1010.499	1010.499	1010.507	1010.418	1010.478	1010.53	1010.497	1010.502	1010.438	1010.537	1010.51	1010.542	1010.5	1010.524	1010.569	1010.565	1010.496	1010.509	1010.55	1010.54	1010.521	1010.583	1010.548	1010.524	1010.535	1010.566	1010.63	1010.551	1010.599	1010.579	1010.619	1010.599	1010.576	1010.562	1010.586	1010.586	1010.623	1010.617	1010.603	1010.64	1010.629	1010.616	1010.63	1010.638	1010.693	1010.61	1010.686	1010.654	1010.649	1010.667	1010.662	1010.664	1010.682	1010.69	1010.684	1010.701	1010.678	1010.693	1010.685	1010.672	1010.664	1010.722	1010.7	1010.701	1010.74	1010.724	1010.752	1010.75	1010.728	1010.719	1010.773	1010.767	1010.752	1010.779	1010.763	1010.757	1010.762	1010.781	1010.792	1010.802	1010.795	1010.835	1010.798	1010.865	1010.818	1010.849	1010.857	1010.811	1010.876	1010.855	1010.855	1010.911	1010.882	1010.908	1010.91	1010.923	1010.964	1010.928	1010.937	1010.949	1010.886	1010.986	1010.921	1010.948	1010.954	1010.93	1010.989	1010.984	1011.002
1010.41	1010.467	1010.478	1010.509	1010.447	1010.403	1010.416	1010.456	1010.476	1010.425	1010.438	1010.469	1010.504	1010.473	1010.466	1010.481	1010.484	1010.48	1010.453	1010.538	1010.462	1010.486	1010.532	1010.521	1010.504	1010.521	1010.57	1010.503	1010.457	1010.463	1010.535	1010.525	1010.597	1010.587	1010.5	1010.535	1010.563	1010.606	1010.523	1010.552	1010.54	1010.593	1010.586	1010.541	1010.556	1010.626	1010.58	1010.603	1010.608	1010.612	1010.572	1010.586	1010.627	1010.581	1010.587	1010.642	1010.625	1010.646	1010.646	1010.624	1010.649	1010.667	1010.615	1010.722	1010.584	1010.686	1010.699	1010.695	1010.682	1010.69	1010.721	1010.713	1010.693	1010.679	1010.724	1010.682	1010.716	1010.721	1010.722	1010.741	1010.745	1010.728	1010.73	1010.736	1010.775	1010.778	1010.746	1010.758	1010.778	1010.752	1010.773	1010.844	1010.758	1010.812	1010.792	1010.807	1010.826	1010.815	1010.825	1010.812	1010.872	1010.839	1010.831	1010.873	1010.842	1010.848	1010.874	1010.848	1010.901	1010.896	1010.872	1010.984	1010.922	1010.958	1010.973	1010.928	1010.936	1010.965	1010.955	1010.957	1010.944	1010.958	1010.978	1010.973	1010.982	1011.039	1010.969	1011.074	1011.007	1011.055	1011.039	1011.058	1011.066	1011.064	1011.06	1011.049	1011.089
1010.533	1010.501	1010.4	1010.427	1010.532	1010.569	1010.553	1010.533	1010.516	1010.5	1010.607	1010.472	1010.518	1010.498	1010.519	1010.511	1010.492	1010.567	1010.566	1010.506	1010.551	1010.552	1010.503	1010.502	1010.558	1010.582	1010.505	1010.469	1010.709	1010.599	1010.617	1010.568	1010.531	1010.555	1010.611	1010.63	1010.561	1010.577	1010.592	1010.65	1010.651	1010.635	1010.596	1010.603	1010.68	1010.612	1010.589	1010.699	1010.648	1010.641	1010.671	1010.662	1010.648	1010.711	1010.723	1010.684	1010.667	1010.673	1010.731	1010.711	1010.712	1010.734	1010.687	1010.795	1010.677	1010.814	1010.706	1010.729	1010.738	1010.742	1010.755	1010.733	1010.763	1010.818	1010.751	1010.775	1010.824	1010.799	1010.799	1010.823	1010.784	1010.81	1010.838	1010.818	1010.81	1010.797	1010.813	1010.838	1010.845	1010.841	1010.862	1010.844	1010.78	1010.881	1010.845	1010.865	1010.891	1010.885	1010.902	1010.883	1010.895	1010.921	1010.932	1010.899	1010.916	1010.963	1010.976	1010.951	1010.954	1010.986	1010.973	1010.939	1011.002	1010.983	1010.981	1011.031	1011.007	1010.974	1011.076	1010.999	1011.095	1011.032	1011.076	1011.082	1011.04	1011.107	1011.021	1011.128	1011.121	1011.087	1011.134	1011.133	1011.112	1011.128	1011.164	1011.134	1011.226
1010.501	1010.474	1010.637	1010.584	1010.532	1010.477	1010.461	1010.506	1010.552	1010.524	1010.561	1010.507	1010.592	1010.575	1010.597	1010.596	1010.558	1010.564	1010.547	1010.567	1010.601	1010.605	1010.6	1010.642	1010.626	1010.588	1010.652	1010.649	1010.585	1010.516	1010.59	1010.638	1010.687	1010.697	1010.643	1010.591	1010.662	1010.721	1010.701	1010.622	1010.611	1010.669	1010.724	1010.713	1010.649	1010.679	1010.821	1010.668	1010.71	1010.708	1010.739	1010.729	1010.698	1010.73	1010.706	1010.68	1010.828	1010.711	1010.755	1010.754	1010.751	1010.788	1010.786	1010.773	1010.758	1010.811	1010.76	1010.847	1010.829	1010.804	1010.837	1010.836	1010.855	1010.778	1010.851	1010.847	1010.825	1010.837	1010.861	1010.861	1010.86	1010.904	1010.833	1010.886	1010.902	1010.913	1010.936	1010.905	1010.887	1010.95	1010.894	1010.93	1010.999	1010.933	1010.946	1010.969	1010.951	1010.948	1011.003	1011.005	1010.992	1010.971	1011.024	1011.01	1011.045	1011.025	1010.991	1011.075	1011.036	1011	1011.133	1011.041	1011.109	1011.107	1011.083	1011.114	1011.124	1011.108	1011.2	1011.058	1011.187	1011.112	1011.141	1011.178	1011.159	1011.207	1011.222	1011.163	1011.167	1011.246	1011.227	1011.235	1011.248	1011.248	1011.258	1011.233	1011.197
1010.661	1010.536	1010.543	1010.532	1010.591	1010.624	1010.654	1010.656	1010.611	1010.603	1010.598	1010.659	1010.634	1010.59	1010.585	1010.616	1010.64	1010.643	1010.612	1010.716	1010.562	1010.636	1010.64	1010.652	1010.637	1010.631	1010.681	1010.632	1010.639	1010.802	1010.743	1010.666	1010.667	1010.663	1010.66	1010.742	1010.777	1010.642	1010.703	1010.749	1010.798	1010.764	1010.701	1010.707	1010.77	1010.788	1010.746	1010.712	1010.824	1010.759	1010.744	1010.809	1010.84	1010.797	1010.843	1010.809	1010.799	1010.808	1010.834	1010.842	1010.837	1010.847	1010.85	1010.866	1010.88	1010.859	1010.881	1010.851	1010.842	1010.892	1010.925	1010.866	1010.936	1010.873	1010.965	1010.912	1010.947	1010.959	1010.943	1010.937	1010.954	1010.945	1010.957	1010.979	1010.971	1010.946	1010.961	1010.992	1011.01	1011.002	1010.998	1011.014	1010.983	1010.98	1011.042	1011.038	1011.053	1011.09	1011.033	1010.998	1011.123	1011.056	1011.098	1011.076	1011.096	1011.124	1011.128	1011.134	1011.138	1011.148	1011.106	1011.165	1011.102	1011.151	1011.181	1011.163	1011.196	1011.19	1011.204	1011.237	1011.23	1011.28	1011.267	1011.261	1011.269	1011.234	1011.234	1011.338	1011.284	1011.317	1011.272	1011.302	1011.344	1011.328	1011.331	1011.416	1011.342
1010.584	1010.647	1010.635	1010.664	1010.669	1010.588	1010.589	1010.612	1010.592	1010.692	1010.638	1010.659	1010.624	1010.679	1010.706	1010.694	1010.669	1010.69	1010.65	1010.703	1010.673	1010.747	1010.702	1010.704	1010.728	1010.726	1010.682	1010.729	1010.771	1010.707	1010.702	1010.73	1010.772	1010.774	1010.77	1010.767	1010.746	1010.812	1010.834	1010.728	1010.761	1010.832	1010.823	1010.821	1010.833	1010.802	1010.821	1010.886	1010.73	1010.812	1010.858	1010.877	1010.849	1010.848	1010.88	1010.888	1010.847	1010.935	1010.897	1010.905	1010.918	1010.914	1010.921	1010.924	1010.931	1010.922	1010.951	1010.947	1010.975	1011.002	1010.973	1010.97	1011.017	1010.967	1011.002	1010.98	1011.013	1010.98	1010.971	1011.025	1011.023	1011.018	1011.068	1011.03	1011.056	1011.072	1011.05	1011.068	1011.079	1011.033	1011.116	1011.087	1011.102	1011.156	1011.146	1011.126	1011.138	1011.156	1011.145	1011.175	1011.163	1011.151	1011.185	1011.191	1011.176	1011.199	1011.227	1011.215	1011.197	1011.328	1011.17	1011.353	1011.26	1011.274	1011.299	1011.274	1011.323	1011.315	1011.279	1011.387	1011.256	1011.344	1011.334	1011.329	1011.409	1011.414	1011.371	1011.396	1011.379	1011.411	1011.443	1011.408	1011.42	1011.461	1011.489	1011.449	1011.463
1010.652	1010.717	1010.652	1010.681	1010.691	1010.651	1010.731	1010.763	1010.689	1010.712	1010.675	1010.763	1010.729	1010.643	1010.69	1010.756	1010.769	1010.761	1010.772	1010.744	1010.762	1010.754	1010.842	1010.808	1010.741	1010.711	1010.781	1010.807	1010.786	1010.814	1010.837	1010.764	1010.802	1010.802	1010.8	1010.84	1010.873	1010.86	1010.816	1010.842	1010.874	1010.908	1010.874	1010.867	1010.881	1010.94	1010.855	1010.936	1010.844	1010.91	1010.942	1010.931	1010.931	1010.954	1010.9	1010.982	1010.957	1010.992	1010.985	1010.991	1010.981	1010.96	1011.017	1010.991	1011.023	1011.029	1011.028	1011.031	1011.049	1011.038	1011.016	1011.07	1011.024	1011.067	1011.088	1011.084	1011.073	1011.069	1011.093	1011.132	1011.107	1011.154	1011.107	1011.161	1011.141	1011.145	1011.133	1011.147	1011.152	1011.155	1011.201	1011.159	1011.212	1011.204	1011.214	1011.218	1011.228	1011.225	1011.235	1011.26	1011.222	1011.313	1011.276	1011.299	1011.298	1011.249	1011.235	1011.358	1011.294	1011.396	1011.324	1011.398	1011.395	1011.389	1011.409	1011.403	1011.406	1011.415	1011.4	1011.432	1011.407	1011.427	1011.444	1011.445	1011.505	1011.475	1011.537	1011.469	1011.574	1011.519	1011.518	1011.511	1011.534	1011.569	1011.591	1011.54	1011.663
1010.709	1010.749	1010.71	1010.755	1010.755	1010.735	1010.815	1010.778	1010.747	1010.773	1010.777	1010.782	1010.797	1010.748	1010.764	1010.831	1010.796	1010.768	1010.844	1010.773	1010.859	1010.79	1010.862	1010.849	1010.78	1010.822	1010.865	1010.855	1010.843	1010.896	1010.851	1010.819	1010.939	1010.94	1010.887	1010.921	1010.93	1010.897	1010.904	1010.905	1010.943	1010.938	1010.902	1010.955	1010.958	1011.012	1010.92	1010.98	1011.018	1011.032	1011.041	1011.031	1010.988	1010.978	1011.007	1011.05	1011.026	1011.049	1011.049	1011.051	1011.043	1011.052	1011.099	1011.066	1011.118	1011.095	1011.135	1011.123	1011.146	1011.136	1011.108	1011.137	1011.118	1011.206	1011.148	1011.187	1011.171	1011.185	1011.212	1011.203	1011.196	1011.257	1011.156	1011.276	1011.21	1011.227	1011.266	1011.28	1011.268	1011.274	1011.286	1011.279	1011.315	1011.313	1011.324	1011.241	1011.252	1011.347	1011.359	1011.357	1011.363	1011.395	1011.408	1011.399	1011.44	1011.392	1011.357	1011.434	1011.415	1011.434	1011.484	1011.431	1011.466	1011.443	1011.461	1011.521	1011.518	1011.528	1011.576	1011.516	1011.592	1011.58	1011.579	1011.583	1011.619	1011.603	1011.668	1011.564	1011.684	1011.666	1011.657	1011.702	1011.725	1011.679	1011.705	1011.675	1011.781
1010.776	1010.805	1010.79	1010.831	1010.797	1010.775	1010.842	1010.799	1010.807	1010.801	1010.873	1010.818	1010.841	1010.856	1010.87	1010.885	1010.849	1010.84	1010.918	1010.819	1010.926	1010.872	1010.908	1010.893	1010.907	1010.957	1010.919	1010.948	1010.934	1010.934	1010.882	1010.938	1011.073	1011.016	1010.958	1010.984	1010.971	1010.979	1011.049	1010.969	1011.034	1011.031	1010.974	1011.032	1011.015	1011.018	1011.078	1011.033	1011.093	1011.077	1011.093	1011.101	1011.055	1011.06	1011.143	1011.09	1011.124	1011.149	1011.129	1011.131	1011.166	1011.177	1011.177	1011.161	1011.218	1011.148	1011.226	1011.185	1011.211	1011.235	1011.206	1011.229	1011.244	1011.288	1011.226	1011.286	1011.264	1011.279	1011.301	1011.291	1011.284	1011.306	1011.298	1011.335	1011.294	1011.34	1011.382	1011.385	1011.369	1011.374	1011.386	1011.403	1011.405	1011.417	1011.456	1011.36	1011.381	1011.492	1011.464	1011.461	1011.519	1011.43	1011.516	1011.504	1011.547	1011.598	1011.562	1011.532	1011.608	1011.508	1011.622	1011.546	1011.613	1011.585	1011.581	1011.645	1011.643	1011.645	1011.701	1011.659	1011.723	1011.724	1011.725	1011.661	1011.703	1011.734	1011.727	1011.773	1011.733	1011.789	1011.776	1011.823	1011.872	1011.819	1011.856	1011.846	1011.833
1010.863	1010.874	1010.837	1010.872	1010.836	1010.853	1010.933	1010.92	1010.906	1010.831	1010.909	1010.936	1010.92	1010.904	1010.915	1010.934	1010.927	1010.957	1010.998	1010.943	1010.969	1010.942	1010.976	1010.968	1010.982	1011.026	1010.963	1011.051	1010.968	1011.01	1011.021	1011.063	1011.047	1010.988	1010.989	1011.035	1011.076	1011.044	1011.094	1011.07	1011.192	1011.144	1011.077	1011.114	1011.13	1011.073	1011.199	1011.093	1011.138	1011.173	1011.147	1011.155	1011.185	1011.226	1011.214	1011.176	1011.254	1011.221	1011.188	1011.227	1011.266	1011.286	1011.265	1011.264	1011.305	1011.254	1011.31	1011.251	1011.297	1011.323	1011.319	1011.364	1011.338	1011.336	1011.372	1011.379	1011.35	1011.394	1011.417	1011.434	1011.427	1011.373	1011.492	1011.396	1011.461	1011.486	1011.468	1011.471	1011.474	1011.479	1011.503	1011.49	1011.51	1011.504	1011.554	1011.565	1011.59	1011.613	1011.553	1011.564	1011.609	1011.56	1011.579	1011.571	1011.595	1011.649	1011.709	1011.631	1011.769	1011.622	1011.727	1011.692	1011.745	1011.75	1011.746	1011.74	1011.748	1011.786	1011.752	1011.821	1011.795	1011.864	1011.9	1011.822	1011.835	1011.922	1011.798	1012.017	1011.85	1011.956	1011.907	1011.922	1011.979	1011.946	1011.975	1012.014	1011.959
1010.887	1010.919	1010.911	1010.979	1010.966	1010.933	1010.936	1010.892	1010.901	1011.007	1010.956	1010.961	1010.973	1010.986	1011.04	1011.041	1010.987	1010.976	1010.985	1011.069	1011.061	1011.016	1011.061	1011.052	1011.062	1011.1	1011.107	1011.109	1011	1011.166	1011.027	1011.084	1011.138	1011.156	1011.175	1011.079	1011.204	1011.1	1011.139	1011.241	1011.16	1011.138	1011.171	1011.226	1011.303	1011.207	1011.183	1011.228	1011.316	1011.283	1011.205	1011.214	1011.281	1011.315	1011.24	1011.345	1011.287	1011.242	1011.311	1011.342	1011.341	1011.336	1011.373	1011.353	1011.356	1011.394	1011.389	1011.408	1011.443	1011.441	1011.427	1011.469	1011.43	1011.488	1011.483	1011.393	1011.443	1011.505	1011.492	1011.477	1011.547	1011.49	1011.61	1011.499	1011.608	1011.55	1011.578	1011.603	1011.58	1011.58	1011.626	1011.6	1011.667	1011.675	1011.662	1011.682	1011.688	1011.694	1011.781	1011.752	1011.64	1011.86	1011.627	1011.766	1011.792	1011.769	1011.81	1011.777	1011.82	1011.783	1011.875	1011.856	1011.868	1011.911	1011.93	1011.904	1011.878	1011.983	1011.884	1012.001	1011.915	1011.933	1012.001	1012.007	1012.028	1012.086	1011.976	1012.061	1012.002	1012.071	1012.053	1012.069	1012.08	1012.043	1012.017	1012.086	1012.086
1010.955	1011.062	1011.016	1010.982	1010.986	1011.002	1011.092	1011.14	1011.061	1011.101	1011.026	1011.054	1011.078	1011.057	1011.051	1011.029	1011.049	1011.179	1011.156	1011.069	1011.115	1011.14	1011.113	1011.119	1011.152	1011.15	1011.114	1011.172	1011.167	1011.253	1011.151	1011.31	1011.248	1011.155	1011.188	1011.181	1011.267	1011.271	1011.282	1011.26	1011.207	1011.282	1011.328	1011.269	1011.226	1011.324	1011.337	1011.372	1011.286	1011.289	1011.377	1011.426	1011.39	1011.369	1011.412	1011.441	1011.351	1011.485	1011.422	1011.416	1011.465	1011.483	1011.482	1011.486	1011.493	1011.519	1011.495	1011.519	1011.51	1011.526	1011.56	1011.545	1011.565	1011.604	1011.522	1011.661	1011.638	1011.638	1011.637	1011.633	1011.682	1011.619	1011.665	1011.653	1011.71	1011.661	1011.708	1011.694	1011.665	1011.772	1011.753	1011.792	1011.691	1011.748	1011.802	1011.799	1011.818	1011.821	1011.788	1011.902	1011.72	1012.004	1011.856	1011.949	1011.91	1011.878	1011.93	1011.94	1011.951	1012.008	1011.941	1011.96	1012.022	1012.003	1012.004	1012.034	1012.018	1012.038	1012.044	1012.029	1012.077	1012.079	1012.078	1012.07	1012.057	1012.067	1012.118	1012.092	1012.122	1012.122	1012.097	1012.111	1012.126	1012.15	1012.197	1012.143	1012.187
1011.028	1011.064	1011.03	1011.097	1011.144	1011.083	1011.039	1011.051	1011.052	1011.059	1011.136	1011.176	1011.132	1011.143	1011.191	1011.221	1011.184	1011.115	1011.157	1011.229	1011.211	1011.215	1011.233	1011.241	1011.254	1011.262	1011.267	1011.326	1011.225	1011.247	1011.28	1011.272	1011.235	1011.292	1011.425	1011.427	1011.287	1011.292	1011.333	1011.328	1011.456	1011.356	1011.309	1011.431	1011.467	1011.451	1011.359	1011.408	1011.502	1011.518	1011.438	1011.391	1011.447	1011.527	1011.487	1011.462	1011.5	1011.543	1011.5	1011.565	1011.594	1011.535	1011.542	1011.594	1011.6	1011.588	1011.633	1011.65	1011.637	1011.651	1011.677	1011.667	1011.685	1011.738	1011.667	1011.753	1011.652	1011.691	1011.756	1011.731	1011.734	1011.777	1011.842	1011.792	1011.81	1011.811	1011.842	1011.847	1011.878	1011.936	1011.747	1011.998	1011.946	1011.928	1011.965	1011.909	1011.973	1012.014	1011.887	1012.07	1012.028	1011.964	1012.028	1012.019	1012.023	1012.055	1012.064	1012.033	1012.063	1012.043	1012.09	1012.076	1012.099	1012.1	1012.103	1012.123	1012.12	1012.104	1012.181	1012.123	1012.125	1012.141	1012.141	1012.18	1012.206	1012.164	1012.225	1012.136	1012.225	1012.189	1012.226	1012.261	1012.234	1012.211	1012.242	1012.195	1012.292
1011.198	1011.154	1011.213	1011.169	1011.131	1011.184	1011.215	1011.202	1011.285	1011.281	1011.221	1011.173	1011.209	1011.267	1011.231	1011.229	1011.27	1011.275	1011.331	1011.294	1011.305	1011.282	1011.33	1011.321	1011.312	1011.341	1011.338	1011.305	1011.38	1011.396	1011.426	1011.357	1011.448	1011.438	1011.332	1011.347	1011.482	1011.468	1011.552	1011.42	1011.465	1011.451	1011.506	1011.576	1011.443	1011.486	1011.566	1011.56	1011.526	1011.537	1011.561	1011.632	1011.668	1011.589	1011.563	1011.688	1011.666	1011.618	1011.702	1011.704	1011.659	1011.678	1011.766	1011.683	1011.744	1011.727	1011.753	1011.725	1011.774	1011.773	1011.746	1011.827	1011.775	1011.843	1011.851	1011.842	1011.924	1011.944	1011.89	1011.87	1011.947	1011.902	1011.918	1011.913	1011.971	1011.959	1011.977	1011.977	1011.975	1012.006	1012.052	1012.002	1012.021	1012.018	1012.056	1012.044	1012.031	1012.049	1012.074	1012.034	1012.08	1012.099	1012.118	1012.101	1012.113	1012.112	1012.093	1012.125	1012.177	1012.095	1012.184	1012.154	1012.14	1012.172	1012.172	1012.16	1012.202	1012.216	1012.165	1012.261	1012.22	1012.259	1012.239	1012.227	1012.247	1012.241	1012.276	1012.257	1012.301	1012.279	1012.286	1012.289	1012.316	1012.344	1012.33	1012.388	1012.328
1011.244	1011.164	1011.256	1011.28	1011.244	1011.256	1011.273	1011.242	1011.258	1011.234	1011.308	1011.351	1011.309	1011.346	1011.368	1011.372	1011.365	1011.365	1011.401	1011.306	1011.434	1011.405	1011.423	1011.452	1011.452	1011.455	1011.464	1011.45	1011.544	1011.418	1011.529	1011.485	1011.417	1011.428	1011.568	1011.675	1011.583	1011.434	1011.574	1011.619	1011.61	1011.629	1011.651	1011.624	1011.594	1011.713	1011.593	1011.685	1011.677	1011.698	1011.681	1011.698	1011.694	1011.679	1011.783	1011.695	1011.738	1011.805	1011.81	1011.796	1011.788	1011.813	1011.788	1011.79	1011.923	1011.816	1011.954	1011.872	1011.908	1011.916	1011.898	1011.985	1011.916	1011.977	1011.98	1011.985	1012.002	1011.978	1011.962	1012.015	1012.028	1012.013	1012.062	1012.045	1012.044	1012.05	1012.053	1012.07	1012.079	1012.053	1012.136	1012.055	1012.132	1012.111	1012.108	1012.18	1012.168	1012.124	1012.189	1012.133	1012.204	1012.175	1012.162	1012.177	1012.187	1012.191	1012.215	1012.245	1012.216	1012.245	1012.231	1012.264	1012.263	1012.245	1012.252	1012.27	1012.257	1012.328	1012.255	1012.343	1012.266	1012.321	1012.348	1012.343	1012.358	1012.36	1012.37	1012.371	1012.377	1012.387	1012.416	1012.385	1012.406	1012.427	1012.368	1012.464	1012.387
1011.363	1011.359	1011.321	1011.353	1011.41	1011.388	1011.383	1011.386	1011.43	1011.458	1011.415	1011.395	1011.399	1011.412	1011.445	1011.473	1011.462	1011.448	1011.491	1011.499	1011.498	1011.498	1011.514	1011.542	1011.531	1011.525	1011.576	1011.552	1011.599	1011.601	1011.616	1011.687	1011.616	1011.617	1011.747	1011.61	1011.588	1011.743	1011.662	1011.706	1011.692	1011.706	1011.74	1011.737	1011.749	1011.761	1011.692	1011.838	1011.791	1011.838	1011.815	1011.864	1011.911	1011.834	1011.878	1011.838	1011.93	1011.931	1011.903	1011.915	1011.933	1011.921	1011.975	1012.009	1012.021	1011.94	1012.036	1012.019	1012.031	1012.046	1012.048	1012.049	1012.035	1012.08	1012.039	1012.076	1012.068	1012.073	1012.094	1012.112	1012.099	1012.128	1012.112	1012.125	1012.116	1012.176	1012.155	1012.142	1012.151	1012.139	1012.162	1012.176	1012.17	1012.206	1012.176	1012.228	1012.252	1012.243	1012.253	1012.221	1012.279	1012.23	1012.266	1012.26	1012.273	1012.275	1012.291	1012.304	1012.274	1012.358	1012.308	1012.329	1012.36	1012.333	1012.367	1012.404	1012.331	1012.406	1012.352	1012.417	1012.386	1012.396	1012.417	1012.428	1012.452	1012.439	1012.468	1012.44	1012.502	1012.462	1012.501	1012.481	1012.484	1012.488	1012.493	1012.55	1012.518
1011.502	1011.403	1011.434	1011.428	1011.474	1011.522	1011.516	1011.461	1011.46	1011.534	1011.49	1011.509	1011.559	1011.564	1011.507	1011.536	1011.618	1011.646	1011.571	1011.65	1011.575	1011.67	1011.661	1011.643	1011.631	1011.641	1011.663	1011.694	1011.646	1011.776	1011.664	1011.729	1011.767	1011.77	1011.833	1011.78	1011.767	1011.855	1011.75	1011.848	1011.836	1011.86	1011.897	1011.857	1011.846	1011.886	1011.945	1011.968	1011.897	1011.954	1011.944	1011.998	1012.008	1011.941	1012.007	1012.017	1012.026	1012.026	1012.023	1012.023	1012.032	1012.053	1012.093	1012.06	1012.07	1012.086	1012.066	1012.073	1012.084	1012.101	1012.122	1012.131	1012.116	1012.157	1012.118	1012.156	1012.15	1012.15	1012.169	1012.184	1012.192	1012.214	1012.156	1012.232	1012.187	1012.235	1012.275	1012.262	1012.262	1012.276	1012.236	1012.324	1012.234	1012.294	1012.284	1012.264	1012.287	1012.315	1012.314	1012.322	1012.356	1012.325	1012.369	1012.352	1012.409	1012.41	1012.374	1012.396	1012.392	1012.394	1012.422	1012.398	1012.437	1012.461	1012.495	1012.497	1012.459	1012.501	1012.452	1012.498	1012.487	1012.508	1012.516	1012.53	1012.534	1012.507	1012.591	1012.507	1012.613	1012.568	1012.596	1012.612	1012.616	1012.623	1012.644	1012.619	1012.64
1011.595	1011.448	1011.604	1011.564	1011.58	1011.635	1011.604	1011.543	1011.563	1011.622	1011.614	1011.658	1011.673	1011.684	1011.624	1011.623	1011.707	1011.766	1011.656	1011.778	1011.699	1011.805	1011.773	1011.755	1011.804	1011.818	1011.785	1011.88	1011.758	1011.86	1011.781	1011.838	1011.879	1011.857	1011.924	1011.963	1011.918	1011.873	1011.964	1012.015	1011.967	1011.994	1012.005	1011.968	1012.005	1012.033	1012.038	1012.028	1012.027	1012.03	1012.024	1012.037	1012.044	1012.06	1012.096	1012.083	1012.09	1012.106	1012.103	1012.101	1012.14	1012.16	1012.166	1012.141	1012.148	1012.183	1012.137	1012.186	1012.197	1012.188	1012.21	1012.219	1012.206	1012.221	1012.23	1012.242	1012.252	1012.251	1012.261	1012.274	1012.268	1012.268	1012.271	1012.297	1012.274	1012.271	1012.315	1012.318	1012.316	1012.369	1012.313	1012.398	1012.36	1012.395	1012.377	1012.352	1012.368	1012.399	1012.41	1012.43	1012.437	1012.432	1012.459	1012.455	1012.517	1012.522	1012.483	1012.493	1012.515	1012.459	1012.547	1012.506	1012.518	1012.545	1012.549	1012.548	1012.564	1012.568	1012.565	1012.615	1012.581	1012.62	1012.629	1012.644	1012.65	1012.606	1012.699	1012.617	1012.689	1012.671	1012.691	1012.708	1012.718	1012.724	1012.748	1012.716	1012.762
1011.674	1011.668	1011.742	1011.671	1011.71	1011.725	1011.686	1011.678	1011.794	1011.79	1011.762	1011.76	1011.766	1011.823	1011.788	1011.788	1011.793	1011.823	1011.808	1011.887	1011.859	1011.858	1011.849	1011.869	1011.922	1011.992	1011.931	1012	1011.957	1011.943	1012	1012.021	1012.02	1012.006	1012.001	1011.985	1012.016	1012.04	1012.112	1012.057	1012.024	1012.058	1012.067	1012.052	1012.108	1012.115	1012.08	1012.109	1012.141	1012.1	1012.147	1012.16	1012.135	1012.18	1012.169	1012.156	1012.199	1012.189	1012.159	1012.18	1012.222	1012.23	1012.197	1012.265	1012.225	1012.233	1012.246	1012.299	1012.276	1012.268	1012.272	1012.266	1012.307	1012.284	1012.33	1012.309	1012.344	1012.343	1012.354	1012.391	1012.359	1012.344	1012.439	1012.325	1012.437	1012.403	1012.406	1012.409	1012.384	1012.437	1012.413	1012.433	1012.484	1012.483	1012.448	1012.48	1012.498	1012.495	1012.522	1012.516	1012.52	1012.531	1012.523	1012.551	1012.535	1012.539	1012.585	1012.565	1012.605	1012.605	1012.632	1012.633	1012.63	1012.627	1012.633	1012.635	1012.654	1012.648	1012.675	1012.731	1012.691	1012.736	1012.718	1012.733	1012.783	1012.745	1012.777	1012.776	1012.779	1012.788	1012.804	1012.803	1012.812	1012.821	1012.833	1012.857	1012.873
1011.739	1011.836	1011.759	1011.732	1011.774	1011.822	1011.852	1011.829	1011.809	1011.793	1011.865	1011.865	1012.025	1011.984	1011.878	1011.914	1011.997	1012.007	1012.015	1011.895	1012.014	1012.004	1012.032	1012.022	1012.009	1012.045	1012.077	1012.013	1012.103	1012.065	1012.054	1012.059	1012.074	1012.089	1012.104	1012.073	1012.161	1012.13	1012.091	1012.104	1012.145	1012.171	1012.18	1012.162	1012.139	1012.164	1012.251	1012.198	1012.166	1012.182	1012.251	1012.248	1012.206	1012.236	1012.212	1012.276	1012.262	1012.226	1012.282	1012.29	1012.29	1012.292	1012.263	1012.34	1012.276	1012.354	1012.371	1012.355	1012.347	1012.363	1012.378	1012.341	1012.431	1012.352	1012.421	1012.395	1012.411	1012.401	1012.393	1012.429	1012.46	1012.425	1012.557	1012.406	1012.582	1012.492	1012.488	1012.517	1012.512	1012.511	1012.565	1012.559	1012.521	1012.578	1012.576	1012.598	1012.605	1012.604	1012.652	1012.603	1012.628	1012.672	1012.606	1012.674	1012.627	1012.631	1012.716	1012.686	1012.717	1012.739	1012.687	1012.762	1012.755	1012.739	1012.761	1012.783	1012.766	1012.827	1012.772	1012.789	1012.817	1012.827	1012.822	1012.828	1012.855	1012.882	1012.859	1012.918	1012.904	1012.916	1012.931	1012.921	1012.933	1012.954	1012.945	1012.972	1012.943
1011.789	1011.876	1012.013	1012.056	1011.923	1011.928	1011.991	1012.004	1012.034	1012.064	1012.079	1011.929	1011.937	1012.017	1012.041	1012.073	1012.073	1012.005	1012.088	1012.044	1012.152	1012.089	1012.074	1012.103	1012.107	1012.099	1012.137	1012.096	1012.142	1012.112	1012.154	1012.212	1012.2	1012.163	1012.171	1012.199	1012.182	1012.155	1012.271	1012.28	1012.199	1012.186	1012.226	1012.268	1012.281	1012.267	1012.255	1012.202	1012.304	1012.344	1012.31	1012.279	1012.303	1012.357	1012.343	1012.349	1012.323	1012.358	1012.398	1012.369	1012.372	1012.412	1012.409	1012.401	1012.401	1012.464	1012.382	1012.462	1012.462	1012.444	1012.465	1012.46	1012.505	1012.463	1012.533	1012.521	1012.513	1012.561	1012.558	1012.536	1012.587	1012.486	1012.578	1012.581	1012.576	1012.562	1012.605	1012.628	1012.625	1012.614	1012.559	1012.702	1012.64	1012.683	1012.667	1012.664	1012.683	1012.692	1012.697	1012.733	1012.703	1012.766	1012.732	1012.777	1012.797	1012.788	1012.777	1012.777	1012.808	1012.779	1012.864	1012.83	1012.831	1012.843	1012.863	1012.877	1012.852	1012.927	1012.89	1012.957	1012.957	1012.886	1012.943	1012.97	1012.943	1013.009	1013.002	1012.984	1012.992	1013.01	1013.046	1013.055	1013.058	1013.064	1013.075	1013.113	1013.085
1012.102	1012.157	1011.89	1011.964	1012.024	1012.087	1012.072	1012.037	1012.08	1011.996	1011.977	1012.176	1012.127	1012.153	1012.114	1012.096	1012.137	1012.152	1012.198	1012.138	1012.116	1012.175	1012.182	1012.203	1012.215	1012.192	1012.185	1012.261	1012.227	1012.249	1012.231	1012.197	1012.236	1012.269	1012.267	1012.286	1012.279	1012.365	1012.278	1012.232	1012.293	1012.396	1012.375	1012.295	1012.331	1012.348	1012.369	1012.438	1012.365	1012.334	1012.37	1012.429	1012.425	1012.359	1012.411	1012.394	1012.471	1012.458	1012.42	1012.463	1012.494	1012.461	1012.454	1012.522	1012.495	1012.533	1012.506	1012.559	1012.527	1012.523	1012.584	1012.578	1012.556	1012.638	1012.551	1012.628	1012.584	1012.604	1012.617	1012.598	1012.649	1012.699	1012.655	1012.696	1012.666	1012.717	1012.716	1012.664	1012.71	1012.839	1012.72	1012.786	1012.741	1012.766	1012.783	1012.807	1012.839	1012.828	1012.792	1012.887	1012.811	1012.843	1012.919	1012.855	1012.865	1012.899	1012.907	1012.954	1012.976	1012.87	1013.01	1012.902	1012.981	1012.995	1012.984	1013.03	1013.049	1012.999	1013.035	1013.006	1013.07	1013.082	1013.101	1013.099	1013.089	1013.116	1013.112	1013.164	1013.196	1013.173	1013.163	1013.173	1013.194	1013.207	1013.212	1013.24	1013.182
1011.806	1012.198	1012.136	1012.207	1012.148	1012.136	1012.157	1012.172	1012.189	1012.246	1012.196	1012.168	1012.139	1012.192	1012.198	1012.212	1012.242	1012.216	1012.159	1012.276	1012.255	1012.275	1012.278	1012.247	1012.27	1012.312	1012.282	1012.301	1012.258	1012.324	1012.348	1012.341	1012.363	1012.357	1012.347	1012.379	1012.35	1012.393	1012.348	1012.455	1012.396	1012.379	1012.401	1012.433	1012.464	1012.446	1012.424	1012.45	1012.437	1012.535	1012.52	1012.477	1012.48	1012.506	1012.602	1012.507	1012.532	1012.533	1012.582	1012.588	1012.572	1012.573	1012.605	1012.625	1012.567	1012.625	1012.65	1012.599	1012.634	1012.661	1012.653	1012.666	1012.65	1012.748	1012.647	1012.744	1012.743	1012.732	1012.777	1012.797	1012.735	1012.778	1012.745	1012.781	1012.804	1012.768	1012.806	1012.857	1012.859	1012.798	1012.843	1012.873	1012.879	1012.896	1012.91	1012.895	1012.884	1012.907	1012.941	1012.902	1012.998	1012.942	1012.973	1013.009	1013.016	1013.031	1013.034	1012.997	1013.025	1013.048	1013.065	1013.063	1013.102	1013.098	1013.083	1013.114	1013.122	1013.118	1013.236	1013.146	1013.171	1013.206	1013.185	1013.213	1013.269	1013.244	1013.256	1013.265	1013.225	1013.276	1013.322	1013.324	1013.335	1013.351	1013.342	1013.353	1013.424
1012.141	1012.289	1012.16	1012.182	1012.195	1012.21	1012.245	1012.25	1012.2	1012.254	1012.246	1012.253	1012.335	1012.307	1012.315	1012.319	1012.295	1012.306	1012.328	1012.339	1012.341	1012.291	1012.349	1012.389	1012.395	1012.379	1012.369	1012.411	1012.439	1012.405	1012.396	1012.42	1012.425	1012.417	1012.44	1012.476	1012.444	1012.516	1012.464	1012.467	1012.465	1012.523	1012.559	1012.521	1012.483	1012.551	1012.552	1012.572	1012.555	1012.595	1012.561	1012.558	1012.628	1012.626	1012.604	1012.592	1012.674	1012.618	1012.673	1012.639	1012.637	1012.696	1012.69	1012.678	1012.765	1012.693	1012.758	1012.714	1012.77	1012.776	1012.744	1012.839	1012.762	1012.794	1012.822	1012.748	1012.813	1012.82	1012.838	1012.864	1012.869	1012.88	1012.91	1012.888	1012.922	1012.914	1012.883	1012.924	1012.969	1012.933	1013.031	1012.934	1013.01	1012.975	1013	1013.074	1013.071	1013.054	1013.107	1013.019	1013.115	1013.1	1013.084	1013.135	1013.104	1013.11	1013.178	1013.188	1013.186	1013.223	1013.169	1013.263	1013.212	1013.261	1013.287	1013.271	1013.265	1013.285	1013.238	1013.33	1013.306	1013.346	1013.376	1013.397	1013.375	1013.34	1013.436	1013.416	1013.453	1013.434	1013.453	1013.467	1013.479	1013.502	1013.542	1013.496	1013.54
1012.29	1012.308	1012.337	1012.308	1012.361	1012.35	1012.289	1012.266	1012.349	1012.356	1012.36	1012.353	1012.402	1012.347	1012.367	1012.413	1012.403	1012.413	1012.433	1012.371	1012.463	1012.446	1012.398	1012.446	1012.457	1012.444	1012.482	1012.464	1012.496	1012.507	1012.518	1012.491	1012.514	1012.551	1012.581	1012.56	1012.56	1012.578	1012.586	1012.568	1012.635	1012.652	1012.602	1012.559	1012.624	1012.668	1012.618	1012.681	1012.659	1012.678	1012.672	1012.673	1012.695	1012.707	1012.766	1012.72	1012.763	1012.724	1012.764	1012.761	1012.755	1012.78	1012.798	1012.795	1012.877	1012.769	1012.876	1012.823	1012.868	1012.907	1012.913	1012.919	1012.877	1012.894	1012.948	1012.906	1012.937	1012.96	1012.951	1012.965	1013	1012.976	1013.014	1013.024	1013.003	1013.111	1013.062	1013.03	1013.065	1013.055	1013.1	1013.049	1013.15	1013.131	1013.119	1013.174	1013.171	1013.17	1013.211	1013.223	1013.201	1013.222	1013.235	1013.21	1013.227	1013.247	1013.277	1013.301	1013.272	1013.358	1013.298	1013.387	1013.375	1013.397	1013.375	1013.343	1013.415	1013.473	1013.382	1013.495	1013.444	1013.491	1013.508	1013.519	1013.509	1013.531	1013.576	1013.509	1013.601	1013.58	1013.616	1013.637	1013.632	1013.642	1013.684	1013.664	1013.708
1012.424	1012.321	1012.434	1012.395	1012.417	1012.481	1012.417	1012.396	1012.458	1012.42	1012.48	1012.438	1012.455	1012.443	1012.423	1012.47	1012.491	1012.494	1012.517	1012.532	1012.53	1012.552	1012.517	1012.565	1012.575	1012.55	1012.58	1012.569	1012.603	1012.594	1012.622	1012.606	1012.608	1012.645	1012.64	1012.626	1012.683	1012.619	1012.705	1012.677	1012.728	1012.702	1012.649	1012.718	1012.749	1012.751	1012.734	1012.778	1012.773	1012.789	1012.768	1012.769	1012.816	1012.85	1012.864	1012.814	1012.848	1012.903	1012.898	1012.91	1012.905	1012.904	1012.952	1012.904	1012.946	1012.915	1012.942	1012.926	1012.943	1012.982	1012.986	1012.969	1013.026	1013.045	1013.013	1013.098	1013.085	1013.083	1013.073	1013.072	1013.08	1013.12	1013.097	1013.183	1013.125	1013.197	1013.219	1013.185	1013.21	1013.195	1013.224	1013.256	1013.25	1013.259	1013.27	1013.235	1013.233	1013.301	1013.299	1013.362	1013.332	1013.349	1013.408	1013.367	1013.426	1013.447	1013.421	1013.476	1013.419	1013.513	1013.47	1013.473	1013.49	1013.504	1013.48	1013.539	1013.593	1013.576	1013.598	1013.631	1013.627	1013.672	1013.641	1013.649	1013.683	1013.68	1013.734	1013.73	1013.762	1013.762	1013.788	1013.746	1013.742	1013.807	1013.832	1013.842	1013.88
1012.52	1012.458	1012.475	1012.482	1012.478	1012.546	1012.532	1012.511	1012.541	1012.517	1012.565	1012.553	1012.559	1012.569	1012.546	1012.563	1012.586	1012.588	1012.58	1012.682	1012.58	1012.634	1012.621	1012.67	1012.681	1012.655	1012.671	1012.678	1012.724	1012.692	1012.709	1012.732	1012.733	1012.766	1012.762	1012.729	1012.802	1012.718	1012.821	1012.773	1012.838	1012.811	1012.786	1012.859	1012.832	1012.868	1012.877	1012.871	1012.879	1012.899	1012.877	1012.903	1012.954	1012.94	1012.894	1012.994	1012.923	1013.017	1012.973	1012.987	1013.026	1013.024	1013.066	1013.013	1013.051	1013.097	1013.049	1013.124	1013.14	1013.099	1013.103	1013.094	1013.139	1013.18	1013.127	1013.23	1013.201	1013.201	1013.22	1013.218	1013.213	1013.302	1013.21	1013.291	1013.266	1013.3	1013.323	1013.289	1013.315	1013.343	1013.365	1013.39	1013.39	1013.39	1013.431	1013.394	1013.378	1013.453	1013.43	1013.482	1013.508	1013.482	1013.548	1013.53	1013.591	1013.602	1013.574	1013.64	1013.582	1013.64	1013.647	1013.63	1013.668	1013.684	1013.653	1013.72	1013.756	1013.714	1013.8	1013.748	1013.792	1013.795	1013.762	1013.818	1013.856	1013.838	1013.905	1013.924	1013.914	1013.933	1013.971	1013.927	1013.954	1014.012	1014.003	1014.021	1014.026
1012.539	1012.689	1012.554	1012.63	1012.623	1012.622	1012.605	1012.605	1012.645	1012.665	1012.626	1012.675	1012.677	1012.65	1012.703	1012.722	1012.697	1012.723	1012.667	1012.744	1012.691	1012.766	1012.728	1012.755	1012.766	1012.774	1012.789	1012.763	1012.788	1012.814	1012.8	1012.837	1012.823	1012.857	1012.899	1012.838	1012.89	1012.86	1012.921	1012.865	1012.977	1012.929	1012.9	1012.97	1012.938	1013.005	1012.952	1012.978	1012.998	1013.017	1013.048	1013.077	1013.102	1013.071	1012.996	1013.201	1013.014	1013.127	1013.095	1013.099	1013.141	1013.142	1013.146	1013.152	1013.172	1013.212	1013.187	1013.302	1013.267	1013.222	1013.235	1013.27	1013.231	1013.284	1013.312	1013.279	1013.294	1013.32	1013.34	1013.394	1013.386	1013.435	1013.394	1013.394	1013.417	1013.461	1013.479	1013.441	1013.425	1013.49	1013.503	1013.45	1013.584	1013.535	1013.566	1013.616	1013.598	1013.608	1013.641	1013.627	1013.667	1013.633	1013.668	1013.677	1013.69	1013.7	1013.699	1013.73	1013.75	1013.78	1013.807	1013.839	1013.867	1013.903	1013.866	1013.842	1013.912	1013.935	1013.954	1013.915	1013.994	1013.95	1013.999	1014.033	1014.036	1014.039	1014.044	1014.019	1014.053	1014.046	1014.075	1014.084	1014.1	1014.11	1014.092	1014.131	1014.094
1012.558	1012.819	1012.655	1012.695	1012.684	1012.686	1012.71	1012.729	1012.709	1012.741	1012.729	1012.727	1012.763	1012.74	1012.846	1012.85	1012.757	1012.818	1012.808	1012.853	1012.835	1012.836	1012.835	1012.878	1012.885	1012.888	1012.937	1012.92	1012.874	1012.96	1012.911	1012.96	1012.932	1012.934	1012.967	1012.957	1013.02	1012.969	1013.047	1013.032	1013.053	1012.983	1013.003	1013.123	1013.136	1013.1	1013.024	1013.136	1013.128	1013.112	1013.164	1013.155	1013.129	1013.235	1013.153	1013.223	1013.151	1013.321	1013.257	1013.214	1013.238	1013.263	1013.269	1013.323	1013.285	1013.296	1013.361	1013.319	1013.339	1013.383	1013.38	1013.409	1013.444	1013.387	1013.487	1013.359	1013.462	1013.45	1013.439	1013.52	1013.551	1013.47	1013.613	1013.585	1013.54	1013.569	1013.613	1013.648	1013.653	1013.632	1013.7	1013.647	1013.707	1013.638	1013.675	1013.789	1013.798	1013.764	1013.859	1013.759	1013.808	1013.854	1013.831	1013.882	1013.873	1013.896	1013.93	1013.865	1014.007	1013.999	1013.967	1014.002	1013.973	1014.042	1014.059	1014.035	1014.049	1014.04	1014.058	1014.072	1014.112	1014.098	1014.127	1014.132	1014.109	1014.151	1014.14	1014.148	1014.198	1014.145	1014.185	1014.194	1014.206	1014.212	1014.209	1014.265	1014.148
1012.75	1012.797	1012.803	1012.857	1012.841	1012.857	1012.875	1012.878	1012.84	1012.804	1012.978	1012.831	1012.937	1012.868	1012.86	1012.877	1012.896	1012.961	1012.895	1012.96	1012.929	1012.953	1013.011	1013.002	1012.977	1012.968	1012.96	1013.044	1013.009	1013.053	1013.004	1013.075	1013.085	1013.096	1013.113	1013.107	1013.185	1013.064	1013.122	1013.101	1013.149	1013.197	1013.219	1013.192	1013.113	1013.193	1013.319	1013.233	1013.259	1013.242	1013.281	1013.31	1013.299	1013.34	1013.256	1013.356	1013.424	1013.351	1013.333	1013.388	1013.44	1013.448	1013.411	1013.388	1013.505	1013.443	1013.512	1013.449	1013.488	1013.537	1013.51	1013.518	1013.676	1013.456	1013.639	1013.611	1013.647	1013.656	1013.653	1013.664	1013.684	1013.708	1013.689	1013.642	1013.741	1013.778	1013.749	1013.769	1013.817	1013.764	1013.841	1013.887	1013.758	1013.926	1013.903	1013.884	1013.89	1013.901	1013.941	1013.941	1014.007	1014.013	1013.993	1014.04	1014.032	1014.037	1014.069	1014.055	1014.074	1014.044	1014.085	1014.129	1014.111	1014.116	1014.112	1014.125	1014.172	1014.136	1014.222	1014.162	1014.178	1014.191	1014.2	1014.222	1014.236	1014.232	1014.214	1014.265	1014.231	1014.249	1014.315	1014.286	1014.309	1014.349	1014.286	1014.383	1014.328
1013.119	1012.847	1012.924	1012.888	1012.889	1012.908	1012.869	1012.908	1013.066	1012.9	1013.04	1012.87	1012.987	1012.997	1013.037	1013.069	1013.046	1013.025	1013.015	1013.102	1013.076	1013.091	1013.077	1013.02	1013.097	1013.21	1013.144	1013.164	1013.095	1013.194	1013.208	1013.207	1013.161	1013.181	1013.215	1013.162	1013.22	1013.253	1013.339	1013.297	1013.296	1013.27	1013.255	1013.34	1013.459	1013.356	1013.359	1013.25	1013.447	1013.438	1013.384	1013.403	1013.419	1013.391	1013.518	1013.475	1013.442	1013.464	1013.538	1013.543	1013.483	1013.507	1013.624	1013.537	1013.685	1013.545	1013.587	1013.68	1013.635	1013.633	1013.71	1013.702	1013.691	1013.723	1013.767	1013.733	1013.708	1013.765	1013.822	1013.791	1013.759	1013.919	1013.824	1013.95	1013.868	1013.905	1013.945	1013.944	1013.991	1014.034	1013.933	1014.053	1014.014	1014.039	1014.029	1014.045	1014.088	1014.095	1014.067	1014.124	1014.07	1014.096	1014.124	1014.131	1014.148	1014.151	1014.153	1014.179	1014.182	1014.227	1014.225	1014.17	1014.214	1014.256	1014.252	1014.253	1014.276	1014.237	1014.306	1014.262	1014.332	1014.34	1014.31	1014.32	1014.347	1014.343	1014.39	1014.384	1014.403	1014.398	1014.419	1014.389	1014.405	1014.444	1014.405	1014.442	1014.492
1012.89	1012.966	1013.12	1013.066	1013.047	1013.127	1013.123	1013.084	1013.099	1012.997	1013.172	1013.148	1013.172	1013.093	1013.119	1013.117	1013.086	1013.185	1013.237	1013.154	1013.198	1013.172	1013.269	1013.275	1013.227	1013.199	1013.195	1013.32	1013.263	1013.304	1013.249	1013.332	1013.339	1013.345	1013.374	1013.39	1013.435	1013.353	1013.322	1013.375	1013.417	1013.462	1013.458	1013.453	1013.462	1013.338	1013.585	1013.6	1013.529	1013.528	1013.544	1013.603	1013.617	1013.587	1013.658	1013.556	1013.669	1013.712	1013.62	1013.659	1013.712	1013.726	1013.748	1013.704	1013.716	1013.846	1013.781	1013.796	1013.801	1013.818	1013.856	1013.85	1013.811	1013.993	1013.82	1013.93	1014.012	1013.97	1013.97	1014.017	1014.01	1014.028	1013.931	1014.091	1014.029	1014.035	1014.081	1014.063	1014.049	1014.115	1014.086	1014.121	1014.14	1014.115	1014.161	1014.164	1014.15	1014.152	1014.167	1014.199	1014.186	1014.236	1014.245	1014.202	1014.24	1014.261	1014.25	1014.285	1014.267	1014.28	1014.298	1014.327	1014.319	1014.328	1014.347	1014.366	1014.37	1014.4	1014.386	1014.411	1014.401	1014.403	1014.429	1014.454	1014.446	1014.447	1014.509	1014.405	1014.545	1014.485	1014.495	1014.543	1014.524	1014.508	1014.604	1014.543	1014.581
1013.16	1013.232	1013.097	1013.249	1013.162	1013.104	1013.119	1013.18	1013.172	1013.245	1013.232	1013.161	1013.252	1013.228	1013.265	1013.282	1013.291	1013.336	1013.28	1013.274	1013.393	1013.313	1013.338	1013.333	1013.335	1013.421	1013.471	1013.424	1013.35	1013.486	1013.435	1013.479	1013.468	1013.46	1013.464	1013.474	1013.493	1013.562	1013.557	1013.616	1013.551	1013.577	1013.597	1013.589	1013.6	1013.681	1013.635	1013.634	1013.677	1013.72	1013.71	1013.71	1013.728	1013.781	1013.745	1013.815	1013.795	1013.767	1013.765	1013.826	1013.869	1013.825	1013.775	1013.964	1013.864	1013.942	1013.955	1013.933	1014.015	1014.02	1013.988	1014.034	1014.016	1014.034	1014.037	1014.03	1014.064	1014.085	1014.096	1014.092	1014.074	1014.143	1014.139	1014.119	1014.197	1014.174	1014.149	1014.158	1014.189	1014.164	1014.236	1014.199	1014.242	1014.25	1014.269	1014.261	1014.261	1014.304	1014.331	1014.292	1014.345	1014.301	1014.348	1014.346	1014.355	1014.361	1014.372	1014.406	1014.393	1014.446	1014.4	1014.458	1014.446	1014.451	1014.475	1014.473	1014.456	1014.527	1014.466	1014.552	1014.52	1014.549	1014.536	1014.548	1014.581	1014.591	1014.628	1014.602	1014.632	1014.669	1014.635	1014.661	1014.65	1014.634	1014.696	1014.653	1014.736
1013.158	1013.399	1013.211	1013.338	1013.349	1013.309	1013.333	1013.369	1013.303	1013.345	1013.333	1013.421	1013.409	1013.412	1013.412	1013.396	1013.417	1013.424	1013.462	1013.47	1013.415	1013.445	1013.541	1013.518	1013.494	1013.562	1013.52	1013.547	1013.549	1013.559	1013.562	1013.575	1013.585	1013.635	1013.652	1013.67	1013.649	1013.717	1013.613	1013.707	1013.782	1013.764	1013.78	1013.799	1013.753	1013.807	1013.74	1013.877	1013.88	1013.771	1013.817	1013.891	1013.921	1013.947	1013.882	1013.998	1013.918	1013.953	1014.042	1014.027	1014.021	1014.033	1014.003	1014.049	1014.036	1014.043	1014.085	1014.066	1014.103	1014.12	1014.119	1014.135	1014.125	1014.118	1014.18	1014.163	1014.161	1014.189	1014.192	1014.172	1014.206	1014.194	1014.273	1014.23	1014.266	1014.291	1014.259	1014.296	1014.334	1014.269	1014.366	1014.292	1014.364	1014.35	1014.349	1014.364	1014.371	1014.388	1014.41	1014.388	1014.472	1014.419	1014.467	1014.439	1014.459	1014.488	1014.507	1014.506	1014.483	1014.564	1014.525	1014.548	1014.576	1014.574	1014.59	1014.587	1014.596	1014.646	1014.586	1014.672	1014.622	1014.706	1014.681	1014.681	1014.726	1014.687	1014.675	1014.786	1014.673	1014.771	1014.748	1014.766	1014.822	1014.844	1014.821	1014.823	1014.851
1013.225	1013.518	1013.392	1013.442	1013.427	1013.456	1013.483	1013.494	1013.492	1013.496	1013.45	1013.576	1013.447	1013.504	1013.539	1013.523	1013.575	1013.563	1013.603	1013.592	1013.583	1013.6	1013.663	1013.679	1013.65	1013.696	1013.68	1013.716	1013.74	1013.686	1013.769	1013.759	1013.785	1013.838	1013.767	1013.797	1013.797	1013.865	1013.833	1013.813	1013.902	1013.864	1013.881	1013.96	1013.921	1013.967	1013.993	1014.007	1014.006	1013.949	1014.022	1014.067	1014.021	1014.035	1014.048	1014.064	1014.082	1014.05	1014.109	1014.162	1014.154	1014.149	1014.126	1014.127	1014.18	1014.157	1014.162	1014.168	1014.173	1014.19	1014.21	1014.202	1014.244	1014.258	1014.249	1014.289	1014.282	1014.281	1014.285	1014.309	1014.362	1014.29	1014.345	1014.369	1014.329	1014.378	1014.396	1014.434	1014.448	1014.421	1014.472	1014.405	1014.479	1014.468	1014.47	1014.479	1014.486	1014.508	1014.544	1014.52	1014.558	1014.538	1014.585	1014.562	1014.615	1014.647	1014.615	1014.629	1014.625	1014.64	1014.665	1014.675	1014.7	1014.68	1014.696	1014.726	1014.734	1014.761	1014.74	1014.805	1014.762	1014.821	1014.848	1014.848	1014.858	1014.845	1014.82	1014.914	1014.829	1014.881	1014.882	1014.903	1014.964	1014.938	1014.925	1014.978	1014.952
1013.485	1013.698	1013.44	1013.557	1013.567	1013.6	1013.612	1013.624	1013.645	1013.642	1013.596	1013.691	1013.582	1013.675	1013.711	1013.687	1013.743	1013.716	1013.773	1013.683	1013.822	1013.779	1013.791	1013.81	1013.762	1013.807	1013.847	1013.816	1013.892	1013.853	1013.949	1013.867	1013.897	1013.997	1013.919	1013.975	1013.991	1013.959	1014.053	1014.001	1014.037	1014.014	1014.007	1014.055	1014.063	1014.073	1014.113	1014.066	1014.094	1014.102	1014.158	1014.189	1014.142	1014.144	1014.189	1014.129	1014.21	1014.166	1014.173	1014.231	1014.188	1014.182	1014.254	1014.255	1014.269	1014.283	1014.263	1014.307	1014.311	1014.295	1014.317	1014.311	1014.345	1014.381	1014.338	1014.403	1014.361	1014.358	1014.429	1014.456	1014.471	1014.463	1014.434	1014.494	1014.45	1014.477	1014.495	1014.518	1014.532	1014.539	1014.542	1014.561	1014.575	1014.577	1014.603	1014.61	1014.643	1014.668	1014.66	1014.648	1014.678	1014.669	1014.707	1014.699	1014.756	1014.767	1014.733	1014.765	1014.779	1014.752	1014.811	1014.805	1014.837	1014.814	1014.841	1014.871	1014.863	1014.886	1014.893	1014.892	1014.907	1014.889	1014.918	1014.943	1014.952	1015.005	1015.004	1014.981	1015.055	1015.036	1015.049	1015.073	1015.094	1015.067	1015.076	1015.118	1015.08
1013.621	1013.951	1013.524	1013.752	1013.774	1013.75	1013.762	1013.78	1013.739	1013.771	1013.783	1013.848	1013.831	1013.871	1013.865	1013.838	1013.844	1013.823	1013.985	1013.827	1013.971	1013.91	1013.97	1013.995	1013.945	1013.949	1014.017	1013.944	1014.059	1014.015	1014.056	1013.996	1014.018	1014.08	1014.063	1014.093	1014.121	1014.064	1014.127	1014.115	1014.157	1014.159	1014.151	1014.149	1014.175	1014.161	1014.184	1014.194	1014.209	1014.191	1014.213	1014.247	1014.257	1014.24	1014.307	1014.257	1014.293	1014.324	1014.324	1014.332	1014.288	1014.266	1014.385	1014.379	1014.337	1014.405	1014.386	1014.434	1014.445	1014.428	1014.441	1014.464	1014.439	1014.475	1014.481	1014.511	1014.441	1014.466	1014.54	1014.577	1014.519	1014.614	1014.552	1014.589	1014.62	1014.609	1014.63	1014.654	1014.657	1014.665	1014.639	1014.727	1014.681	1014.712	1014.739	1014.727	1014.761	1014.793	1014.739	1014.771	1014.816	1014.805	1014.822	1014.822	1014.824	1014.834	1014.861	1014.877	1014.897	1014.915	1014.943	1014.928	1014.977	1014.964	1014.991	1015.028	1015.012	1015.028	1015.065	1014.99	1015.101	1015.037	1015.069	1015.095	1015.071	1015.118	1015.159	1015.087	1015.221	1015.151	1015.182	1015.179	1015.201	1015.226	1015.244	1015.262	1015.267
1013.402	1014.089	1013.822	1013.889	1013.852	1013.828	1013.845	1013.902	1013.897	1013.974	1013.966	1013.943	1013.92	1013.955	1014.019	1014.034	1014.03	1013.949	1014.077	1014.005	1014.064	1014.047	1014.061	1014.071	1014.087	1014.107	1014.121	1014.109	1014.185	1014.094	1014.169	1014.175	1014.15	1014.164	1014.146	1014.107	1014.192	1014.25	1014.199	1014.247	1014.231	1014.241	1014.266	1014.264	1014.294	1014.294	1014.289	1014.347	1014.248	1014.319	1014.361	1014.347	1014.338	1014.293	1014.375	1014.439	1014.373	1014.427	1014.417	1014.416	1014.443	1014.487	1014.475	1014.456	1014.501	1014.503	1014.476	1014.489	1014.538	1014.552	1014.546	1014.59	1014.564	1014.588	1014.601	1014.6	1014.661	1014.619	1014.605	1014.674	1014.657	1014.687	1014.681	1014.696	1014.757	1014.738	1014.776	1014.782	1014.761	1014.802	1014.795	1014.841	1014.808	1014.875	1014.861	1014.852	1014.869	1014.889	1014.904	1014.961	1014.895	1014.963	1014.969	1015	1014.981	1014.988	1015.049	1015.039	1015.051	1015.061	1015.069	1015.117	1015.112	1015.082	1015.092	1015.123	1015.15	1015.127	1015.269	1015.164	1015.255	1015.231	1015.245	1015.264	1015.27	1015.26	1015.315	1015.31	1015.339	1015.302	1015.378	1015.341	1015.356	1015.396	1015.352	1015.424	1015.482
1013.92	1014.082	1013.9	1014.004	1014.102	1014.105	1014.057	1014.041	1014.061	1014.055	1014.032	1014.109	1014.116	1014.137	1014.113	1014.074	1014.098	1014.133	1014.12	1014.14	1014.208	1014.182	1014.159	1014.163	1014.209	1014.229	1014.18	1014.185	1014.18	1014.24	1014.237	1014.223	1014.246	1014.302	1014.347	1014.342	1014.271	1014.344	1014.254	1014.348	1014.312	1014.329	1014.373	1014.37	1014.374	1014.423	1014.34	1014.443	1014.416	1014.502	1014.481	1014.416	1014.449	1014.541	1014.478	1014.493	1014.511	1014.524	1014.572	1014.569	1014.558	1014.573	1014.557	1014.633	1014.655	1014.524	1014.657	1014.645	1014.658	1014.668	1014.654	1014.681	1014.701	1014.7	1014.767	1014.689	1014.803	1014.798	1014.769	1014.805	1014.802	1014.762	1014.889	1014.85	1014.853	1014.849	1014.875	1014.879	1014.88	1014.95	1014.926	1014.939	1014.961	1014.974	1014.952	1014.996	1015.022	1015.007	1015.041	1015.06	1014.996	1015.195	1015.064	1015.133	1015.139	1015.114	1015.133	1015.15	1015.255	1015.193	1015.178	1015.234	1015.196	1015.279	1015.321	1015.299	1015.369	1015.235	1015.35	1015.333	1015.338	1015.416	1015.407	1015.383	1015.415	1015.425	1015.418	1015.464	1015.477	1015.483	1015.512	1015.519	1015.564	1015.602	1015.579	1015.593	1015.595
1014.229	1014.094	1014.111	1014.15	1014.076	1014.05	1014.102	1014.152	1014.157	1014.175	1014.193	1014.202	1014.128	1014.157	1014.214	1014.236	1014.256	1014.287	1014.233	1014.299	1014.199	1014.225	1014.309	1014.307	1014.279	1014.272	1014.296	1014.428	1014.273	1014.407	1014.343	1014.359	1014.412	1014.348	1014.296	1014.398	1014.359	1014.482	1014.428	1014.456	1014.473	1014.486	1014.49	1014.472	1014.47	1014.539	1014.502	1014.555	1014.541	1014.487	1014.532	1014.597	1014.595	1014.573	1014.582	1014.596	1014.685	1014.595	1014.629	1014.655	1014.659	1014.705	1014.753	1014.668	1014.707	1014.736	1014.79	1014.745	1014.742	1014.788	1014.815	1014.82	1014.846	1014.725	1014.896	1014.877	1014.826	1014.871	1014.913	1014.905	1014.917	1014.958	1014.96	1014.908	1015.024	1015.03	1015.031	1015.052	1015.058	1015.045	1015.041	1015.135	1015.098	1015.128	1015.146	1015.15	1015.166	1015.18	1015.184	1015.249	1015.207	1015.266	1015.2	1015.271	1015.279	1015.313	1015.377	1015.326	1015.312	1015.354	1015.406	1015.474	1015.403	1015.452	1015.424	1015.359	1015.497	1015.521	1015.518	1015.561	1015.518	1015.53	1015.558	1015.591	1015.623	1015.639	1015.652	1015.641	1015.666	1015.715	1015.685	1015.721	1015.718	1015.682	1015.745	1015.783	1015.629
1014.144	1014.151	1014.229	1014.26	1014.267	1014.287	1014.295	1014.27	1014.244	1014.294	1014.26	1014.274	1014.34	1014.314	1014.331	1014.323	1014.304	1014.309	1014.312	1014.382	1014.409	1014.407	1014.368	1014.355	1014.428	1014.471	1014.386	1014.429	1014.382	1014.437	1014.444	1014.448	1014.486	1014.516	1014.535	1014.562	1014.509	1014.534	1014.536	1014.532	1014.551	1014.547	1014.567	1014.604	1014.621	1014.575	1014.658	1014.57	1014.668	1014.692	1014.704	1014.708	1014.681	1014.677	1014.832	1014.704	1014.739	1014.77	1014.778	1014.805	1014.801	1014.802	1014.828	1014.801	1014.895	1014.896	1014.822	1014.924	1014.934	1014.923	1014.928	1014.9	1014.98	1015.019	1014.898	1015.02	1015.028	1015.048	1015.04	1015.029	1015.09	1015.087	1015.102	1015.144	1015.145	1015.111	1015.135	1015.165	1015.171	1015.211	1015.242	1015.231	1015.217	1015.246	1015.303	1015.272	1015.304	1015.358	1015.308	1015.375	1015.349	1015.356	1015.428	1015.441	1015.42	1015.411	1015.447	1015.481	1015.507	1015.586	1015.439	1015.537	1015.569	1015.582	1015.664	1015.712	1015.642	1015.628	1015.645	1015.649	1015.731	1015.715	1015.738	1015.75	1015.736	1015.746	1015.795	1015.834	1015.796	1015.85	1015.859	1015.887	1015.939	1015.943	1015.933	1016.036	1015.902
1014.363	1014.351	1014.364	1014.274	1014.323	1014.324	1014.316	1014.356	1014.41	1014.375	1014.41	1014.372	1014.413	1014.389	1014.406	1014.423	1014.458	1014.488	1014.491	1014.418	1014.464	1014.454	1014.494	1014.51	1014.533	1014.53	1014.526	1014.55	1014.605	1014.563	1014.604	1014.596	1014.548	1014.574	1014.598	1014.529	1014.648	1014.624	1014.66	1014.683	1014.691	1014.731	1014.73	1014.7	1014.741	1014.678	1014.825	1014.73	1014.757	1014.787	1014.743	1014.764	1014.858	1014.897	1014.843	1014.82	1014.868	1014.894	1014.878	1014.896	1014.917	1014.929	1014.918	1015.009	1014.917	1015	1015.013	1015.068	1014.995	1014.993	1015.111	1015.135	1015.028	1015.164	1015.072	1015.136	1015.128	1015.163	1015.177	1015.189	1015.245	1015.176	1015.257	1015.263	1015.257	1015.293	1015.328	1015.336	1015.33	1015.365	1015.369	1015.342	1015.469	1015.355	1015.439	1015.462	1015.483	1015.502	1015.481	1015.535	1015.54	1015.566	1015.542	1015.539	1015.673	1015.69	1015.637	1015.712	1015.645	1015.713	1015.731	1015.723	1015.796	1015.728	1015.758	1015.809	1015.754	1015.862	1015.932	1015.844	1015.899	1015.888	1015.926	1015.951	1015.988	1016.041	1015.973	1016.018	1016.029	1016.016	1016.057	1016.013	1016.036	1016.094	1016.067	1016.079	1016.138
1014.405	1014.397	1014.463	1014.432	1014.456	1014.466	1014.471	1014.517	1014.495	1014.42	1014.558	1014.484	1014.512	1014.558	1014.561	1014.547	1014.57	1014.527	1014.557	1014.563	1014.646	1014.586	1014.592	1014.623	1014.609	1014.599	1014.677	1014.626	1014.674	1014.657	1014.664	1014.752	1014.704	1014.72	1014.737	1014.698	1014.824	1014.715	1014.78	1014.794	1014.729	1014.792	1014.815	1014.786	1014.891	1014.842	1014.878	1014.886	1014.892	1014.916	1014.913	1014.9	1014.929	1014.959	1014.923	1015.054	1014.992	1014.996	1015.095	1015.069	1015.081	1015.12	1015.043	1015.15	1015.031	1015.2	1015.137	1015.129	1015.131	1015.132	1015.175	1015.248	1015.215	1015.275	1015.247	1015.312	1015.266	1015.31	1015.315	1015.303	1015.391	1015.363	1015.435	1015.369	1015.422	1015.41	1015.436	1015.499	1015.544	1015.5	1015.58	1015.478	1015.598	1015.523	1015.606	1015.624	1015.608	1015.622	1015.671	1015.689	1015.694	1015.695	1015.762	1015.741	1015.825	1015.799	1015.76	1015.895	1015.84	1015.848	1015.948	1015.872	1015.947	1015.934	1015.963	1015.981	1016.005	1016.022	1016.013	1016.042	1016.063	1016.055	1016.079	1016.071	1016.079	1016.122	1016.103	1016.119	1016.162	1016.116	1016.193	1016.163	1016.143	1016.165	1016.216	1016.221	1016.229
1014.543	1014.544	1014.545	1014.572	1014.569	1014.602	1014.606	1014.578	1014.57	1014.572	1014.633	1014.592	1014.641	1014.662	1014.614	1014.6	1014.7	1014.687	1014.691	1014.678	1014.708	1014.758	1014.731	1014.75	1014.736	1014.713	1014.742	1014.752	1014.777	1014.831	1014.769	1014.836	1014.805	1014.823	1014.88	1014.869	1014.891	1014.846	1014.895	1014.925	1014.886	1014.892	1014.917	1014.906	1014.966	1014.973	1014.993	1015.005	1015.062	1015.039	1015.075	1015.062	1015.072	1015.145	1015.074	1015.123	1015.117	1015.118	1015.212	1015.134	1015.149	1015.244	1015.168	1015.297	1015.192	1015.305	1015.292	1015.276	1015.314	1015.314	1015.297	1015.365	1015.378	1015.408	1015.371	1015.45	1015.413	1015.46	1015.464	1015.465	1015.556	1015.491	1015.576	1015.534	1015.58	1015.592	1015.615	1015.68	1015.665	1015.602	1015.767	1015.644	1015.757	1015.748	1015.801	1015.802	1015.783	1015.817	1015.837	1015.849	1015.938	1015.865	1015.935	1015.929	1015.958	1015.93	1015.946	1016.001	1016.034	1016.044	1016.061	1016.102	1016.104	1016.086	1016.103	1016.105	1016.125	1016.134	1016.138	1016.173	1016.162	1016.165	1016.179	1016.171	1016.195	1016.212	1016.253	1016.223	1016.281	1016.284	1016.31	1016.345	1016.321	1016.288	1016.317	1016.353	1016.325
1014.663	1014.684	1014.634	1014.687	1014.646	1014.679	1014.712	1014.684	1014.705	1014.74	1014.695	1014.745	1014.765	1014.772	1014.722	1014.698	1014.8	1014.802	1014.785	1014.836	1014.767	1014.867	1014.846	1014.862	1014.894	1014.873	1014.863	1014.954	1014.852	1014.941	1014.886	1014.95	1014.919	1014.901	1014.958	1014.98	1014.953	1015.04	1014.999	1015.025	1015.071	1015.076	1015.112	1015.101	1015.072	1015.096	1015.18	1015.069	1015.185	1015.147	1015.183	1015.222	1015.232	1015.278	1015.222	1015.203	1015.321	1015.275	1015.315	1015.239	1015.265	1015.364	1015.304	1015.419	1015.363	1015.392	1015.437	1015.446	1015.485	1015.54	1015.519	1015.497	1015.474	1015.588	1015.525	1015.606	1015.579	1015.628	1015.644	1015.643	1015.714	1015.64	1015.731	1015.729	1015.732	1015.792	1015.814	1015.799	1015.783	1015.777	1015.901	1015.822	1015.937	1015.926	1015.954	1015.954	1015.955	1015.988	1016.012	1016.021	1016.069	1016.049	1016.07	1016.088	1016.106	1016.112	1016.122	1016.102	1016.15	1016.184	1016.128	1016.222	1016.189	1016.17	1016.223	1016.226	1016.238	1016.249	1016.287	1016.278	1016.268	1016.332	1016.346	1016.345	1016.371	1016.327	1016.39	1016.357	1016.368	1016.419	1016.401	1016.437	1016.476	1016.44	1016.431	1016.475	1016.463
1014.733	1014.761	1014.756	1014.819	1014.783	1014.807	1014.823	1014.829	1014.823	1014.834	1014.819	1014.884	1014.846	1014.852	1014.904	1014.88	1014.845	1014.916	1014.844	1015.007	1014.92	1014.962	1014.963	1014.954	1014.984	1015.005	1014.944	1015.098	1014.944	1015.025	1015.038	1015.032	1015.1	1015.093	1015.091	1015.125	1015.111	1015.175	1015.114	1015.121	1015.19	1015.148	1015.196	1015.233	1015.232	1015.206	1015.323	1015.187	1015.335	1015.313	1015.302	1015.391	1015.331	1015.354	1015.372	1015.379	1015.471	1015.401	1015.433	1015.48	1015.483	1015.474	1015.501	1015.52	1015.542	1015.562	1015.607	1015.561	1015.611	1015.602	1015.678	1015.706	1015.623	1015.762	1015.68	1015.773	1015.75	1015.782	1015.805	1015.768	1015.872	1015.866	1015.885	1015.903	1015.876	1015.971	1015.93	1015.952	1015.998	1016.025	1016.022	1016.019	1016.078	1016.027	1016.086	1016.088	1016.105	1016.091	1016.156	1016.146	1016.124	1016.195	1016.166	1016.199	1016.206	1016.216	1016.23	1016.262	1016.244	1016.304	1016.249	1016.335	1016.283	1016.338	1016.363	1016.348	1016.404	1016.355	1016.385	1016.413	1016.386	1016.462	1016.443	1016.422	1016.507	1016.447	1016.502	1016.512	1016.485	1016.56	1016.509	1016.572	1016.549	1016.602	1016.585	1016.61	1016.617
1014.877	1014.894	1014.9	1014.875	1014.901	1014.906	1014.881	1014.923	1014.929	1014.935	1014.991	1014.952	1015.005	1014.984	1014.991	1014.999	1014.982	1015.142	1014.972	1015.062	1015.016	1015.031	1015.082	1015.078	1015.09	1015.116	1015.103	1015.12	1015.137	1015.212	1015.234	1015.144	1015.199	1015.193	1015.228	1015.27	1015.237	1015.199	1015.282	1015.329	1015.319	1015.331	1015.339	1015.301	1015.377	1015.328	1015.391	1015.423	1015.41	1015.488	1015.388	1015.507	1015.482	1015.54	1015.593	1015.499	1015.497	1015.564	1015.648	1015.632	1015.594	1015.595	1015.703	1015.642	1015.694	1015.708	1015.713	1015.737	1015.878	1015.775	1015.74	1015.8	1015.893	1015.916	1015.829	1015.913	1015.897	1015.968	1015.99	1015.969	1015.972	1016.032	1015.998	1016.046	1016.07	1016.071	1016.085	1016.11	1016.109	1016.108	1016.125	1016.169	1016.178	1016.166	1016.235	1016.177	1016.209	1016.211	1016.242	1016.293	1016.243	1016.345	1016.283	1016.337	1016.361	1016.348	1016.346	1016.418	1016.348	1016.416	1016.443	1016.452	1016.456	1016.466	1016.462	1016.444	1016.504	1016.502	1016.483	1016.585	1016.506	1016.56	1016.56	1016.579	1016.608	1016.623	1016.639	1016.64	1016.697	1016.655	1016.668	1016.723	1016.649	1016.736	1016.712	1016.738	1016.759
1014.951	1014.975	1015.003	1015.004	1015.019	1015.075	1015.03	1015.085	1015.069	1015.066	1015.13	1014.963	1015.191	1015.099	1015.145	1015.172	1015.093	1015.125	1015.14	1015.174	1015.204	1015.217	1015.218	1015.236	1015.177	1015.26	1015.253	1015.272	1015.246	1015.196	1015.233	1015.391	1015.353	1015.36	1015.359	1015.349	1015.439	1015.43	1015.426	1015.423	1015.378	1015.407	1015.524	1015.352	1015.624	1015.483	1015.551	1015.573	1015.509	1015.641	1015.636	1015.646	1015.648	1015.637	1015.638	1015.691	1015.749	1015.79	1015.709	1015.747	1015.809	1015.805	1015.813	1015.834	1015.821	1015.869	1015.925	1015.925	1015.866	1015.945	1016.009	1016.016	1016.001	1016.006	1016.051	1016.076	1016.044	1016.056	1016.089	1016.116	1016.128	1016.15	1016.159	1016.168	1016.177	1016.167	1016.178	1016.229	1016.184	1016.257	1016.266	1016.275	1016.272	1016.274	1016.345	1016.232	1016.384	1016.342	1016.34	1016.405	1016.381	1016.425	1016.411	1016.423	1016.466	1016.491	1016.473	1016.5	1016.498	1016.533	1016.516	1016.536	1016.58	1016.56	1016.635	1016.618	1016.637	1016.648	1016.64	1016.668	1016.67	1016.693	1016.715	1016.696	1016.69	1016.737	1016.791	1016.682	1016.852	1016.806	1016.794	1016.847	1016.826	1016.921	1016.86	1016.881	1016.894
1015.114	1015.1	1015.12	1015.149	1015.084	1015.155	1015.104	1015.156	1015.119	1015.123	1015.257	1015.189	1015.275	1015.146	1015.207	1015.286	1015.265	1015.256	1015.392	1015.284	1015.302	1015.293	1015.277	1015.351	1015.362	1015.353	1015.355	1015.388	1015.445	1015.494	1015.477	1015.451	1015.362	1015.445	1015.509	1015.483	1015.464	1015.537	1015.45	1015.644	1015.659	1015.615	1015.692	1015.585	1015.692	1015.62	1015.686	1015.731	1015.704	1015.767	1015.712	1015.726	1015.792	1015.815	1015.828	1015.882	1015.768	1015.821	1015.898	1015.954	1015.951	1015.911	1015.923	1016.042	1016.034	1015.979	1016.013	1016.073	1016.045	1016.119	1016.061	1016.077	1016.108	1016.142	1016.155	1016.06	1016.198	1016.212	1016.2	1016.209	1016.221	1016.196	1016.292	1016.241	1016.302	1016.333	1016.325	1016.341	1016.324	1016.408	1016.341	1016.388	1016.431	1016.401	1016.488	1016.451	1016.462	1016.466	1016.5	1016.535	1016.507	1016.506	1016.604	1016.593	1016.574	1016.588	1016.622	1016.63	1016.675	1016.685	1016.681	1016.705	1016.72	1016.655	1016.756	1016.731	1016.72	1016.778	1016.818	1016.768	1016.866	1016.847	1016.826	1016.889	1016.904	1016.86	1016.988	1016.925	1016.936	1016.948	1016.976	1016.986	1016.954	1017	1016.996	1017.056	1017.044
1015.301	1015.233	1015.221	1015.275	1015.218	1015.346	1015.243	1015.324	1015.344	1015.314	1015.308	1015.292	1015.309	1015.405	1015.343	1015.328	1015.399	1015.436	1015.362	1015.389	1015.439	1015.486	1015.492	1015.474	1015.475	1015.488	1015.534	1015.509	1015.48	1015.516	1015.522	1015.55	1015.667	1015.585	1015.602	1015.673	1015.598	1015.788	1015.656	1015.7	1015.683	1015.672	1015.751	1015.788	1015.78	1015.865	1015.855	1015.853	1015.897	1015.892	1015.924	1015.97	1015.946	1015.96	1015.985	1015.97	1016.033	1016.056	1016.067	1016.022	1016.023	1016.111	1016.161	1016.031	1016.148	1016.147	1016.139	1016.154	1016.163	1016.217	1016.163	1016.259	1016.264	1016.229	1016.256	1016.302	1016.28	1016.29	1016.304	1016.341	1016.378	1016.355	1016.415	1016.374	1016.415	1016.404	1016.396	1016.487	1016.419	1016.496	1016.483	1016.523	1016.543	1016.508	1016.537	1016.6	1016.566	1016.627	1016.637	1016.611	1016.682	1016.691	1016.618	1016.677	1016.723	1016.741	1016.755	1016.753	1016.74	1016.759	1016.792	1016.804	1016.802	1016.895	1016.82	1016.888	1016.913	1016.918	1016.926	1016.964	1016.924	1016.994	1016.961	1017.001	1017.027	1016.994	1017.005	1017.07	1017.063	1017.09	1017.113	1017.121	1017.151	1017.193	1017.148	1017.203	1017.191
1015.346	1015.337	1015.354	1015.397	1015.324	1015.424	1015.398	1015.387	1015.402	1015.401	1015.43	1015.539	1015.404	1015.474	1015.472	1015.49	1015.54	1015.505	1015.53	1015.614	1015.51	1015.527	1015.577	1015.562	1015.619	1015.603	1015.63	1015.704	1015.71	1015.685	1015.776	1015.645	1015.769	1015.694	1015.734	1015.833	1015.71	1015.806	1015.814	1015.823	1015.871	1015.92	1015.907	1015.952	1015.895	1015.982	1015.966	1015.972	1016.03	1016.009	1016.048	1016.048	1016.046	1016.085	1016.113	1016.084	1016.159	1016.102	1016.126	1016.157	1016.173	1016.158	1016.213	1016.222	1016.251	1016.236	1016.245	1016.279	1016.258	1016.313	1016.334	1016.343	1016.343	1016.343	1016.377	1016.412	1016.37	1016.46	1016.456	1016.434	1016.443	1016.465	1016.498	1016.496	1016.543	1016.542	1016.545	1016.604	1016.551	1016.619	1016.636	1016.598	1016.609	1016.704	1016.685	1016.717	1016.72	1016.751	1016.767	1016.769	1016.782	1016.8	1016.816	1016.842	1016.858	1016.844	1016.862	1016.893	1016.967	1016.938	1016.968	1016.969	1016.937	1017.033	1016.967	1017.023	1017.048	1017.026	1017.034	1017.132	1017.054	1017.152	1017.182	1017.157	1017.177	1017.248	1017.204	1017.212	1017.246	1017.245	1017.258	1017.269	1017.277	1017.332	1017.319	1017.353	1017.381
1015.481	1015.48	1015.441	1015.433	1015.487	1015.467	1015.529	1015.529	1015.55	1015.555	1015.546	1015.603	1015.617	1015.611	1015.621	1015.639	1015.648	1015.655	1015.658	1015.62	1015.619	1015.702	1015.747	1015.715	1015.744	1015.782	1015.685	1015.771	1015.787	1015.735	1015.915	1015.782	1015.879	1015.952	1015.975	1015.958	1015.953	1015.943	1015.987	1015.978	1015.972	1015.999	1015.997	1016.074	1016.047	1016.065	1016.078	1016.098	1016.12	1016.121	1016.153	1016.155	1016.196	1016.222	1016.215	1016.223	1016.221	1016.281	1016.268	1016.247	1016.249	1016.278	1016.311	1016.35	1016.33	1016.332	1016.357	1016.374	1016.399	1016.404	1016.445	1016.423	1016.452	1016.496	1016.474	1016.514	1016.534	1016.567	1016.556	1016.544	1016.599	1016.608	1016.624	1016.63	1016.65	1016.689	1016.721	1016.688	1016.749	1016.713	1016.779	1016.755	1016.754	1016.805	1016.784	1016.839	1016.858	1016.829	1016.854	1016.921	1016.907	1016.918	1016.954	1016.963	1016.993	1017.002	1017.036	1016.986	1017.068	1017.026	1017.066	1017.14	1017.148	1017.131	1017.168	1017.168	1017.187	1017.187	1017.201	1017.196	1017.277	1017.206	1017.277	1017.347	1017.378	1017.342	1017.344	1017.368	1017.387	1017.393	1017.445	1017.474	1017.445	1017.476	1017.494	1017.488	1017.514
1015.564	1015.634	1015.594	1015.586	1015.684	1015.565	1015.656	1015.64	1015.628	1015.633	1015.67	1015.651	1015.735	1015.732	1015.742	1015.741	1015.744	1015.778	1015.808	1015.763	1015.842	1015.918	1015.851	1015.9	1015.791	1015.942	1015.866	1015.901	1015.915	1015.881	1015.961	1015.983	1015.953	1016.023	1016.014	1015.997	1016.082	1016.036	1016.08	1016.099	1016.097	1016.138	1016.158	1016.155	1016.159	1016.174	1016.183	1016.202	1016.218	1016.237	1016.265	1016.248	1016.29	1016.271	1016.257	1016.353	1016.284	1016.37	1016.376	1016.354	1016.404	1016.453	1016.409	1016.428	1016.429	1016.514	1016.54	1016.49	1016.557	1016.49	1016.586	1016.561	1016.535	1016.571	1016.596	1016.667	1016.655	1016.657	1016.654	1016.673	1016.711	1016.717	1016.728	1016.773	1016.737	1016.779	1016.824	1016.775	1016.92	1016.828	1016.887	1016.911	1016.911	1016.939	1016.963	1016.964	1016.997	1016.983	1016.977	1017.021	1017.046	1017.102	1017.087	1017.147	1017.165	1017.126	1017.146	1017.156	1017.213	1017.211	1017.162	1017.24	1017.279	1017.267	1017.318	1017.345	1017.34	1017.371	1017.389	1017.337	1017.505	1017.407	1017.422	1017.493	1017.506	1017.484	1017.541	1017.534	1017.559	1017.577	1017.629	1017.619	1017.619	1017.653	1017.639	1017.667	1017.675
1015.656	1015.744	1015.723	1015.714	1015.765	1015.705	1015.779	1015.734	1015.787	1015.778	1015.839	1015.797	1015.851	1015.833	1015.852	1015.873	1015.895	1015.871	1015.937	1015.922	1015.959	1015.935	1015.896	1016.086	1015.919	1016.023	1016.056	1015.996	1016.073	1016.069	1016.043	1016.111	1016.075	1016.089	1016.142	1016.104	1016.174	1016.132	1016.181	1016.206	1016.194	1016.23	1016.252	1016.234	1016.263	1016.291	1016.282	1016.322	1016.31	1016.341	1016.361	1016.353	1016.387	1016.421	1016.347	1016.485	1016.414	1016.453	1016.476	1016.489	1016.483	1016.526	1016.519	1016.597	1016.535	1016.598	1016.63	1016.584	1016.677	1016.608	1016.682	1016.693	1016.701	1016.72	1016.711	1016.769	1016.751	1016.783	1016.81	1016.802	1016.847	1016.87	1016.825	1016.919	1016.898	1016.898	1016.99	1016.91	1017.005	1016.966	1017.027	1017.025	1017.025	1017.074	1017.101	1017.083	1017.12	1017.139	1017.149	1017.169	1017.182	1017.246	1017.195	1017.274	1017.273	1017.259	1017.312	1017.348	1017.346	1017.365	1017.379	1017.383	1017.437	1017.446	1017.442	1017.481	1017.501	1017.489	1017.574	1017.502	1017.606	1017.567	1017.628	1017.636	1017.637	1017.691	1017.701	1017.684	1017.742	1017.733	1017.779	1017.75	1017.805	1017.834	1017.797	1017.872	1017.873
1015.849	1015.82	1015.824	1015.848	1015.83	1015.88	1015.841	1015.896	1015.971	1015.913	1015.926	1015.969	1015.939	1015.998	1016.016	1015.994	1016.053	1015.991	1016.061	1016.042	1016.043	1016.11	1016.034	1016.121	1016.014	1016.077	1016.102	1016.061	1016.145	1016.15	1016.155	1016.175	1016.2	1016.199	1016.256	1016.233	1016.225	1016.263	1016.287	1016.31	1016.286	1016.311	1016.323	1016.36	1016.356	1016.381	1016.392	1016.423	1016.415	1016.436	1016.447	1016.472	1016.46	1016.545	1016.515	1016.529	1016.58	1016.572	1016.591	1016.604	1016.592	1016.629	1016.682	1016.754	1016.645	1016.693	1016.715	1016.772	1016.793	1016.762	1016.785	1016.794	1016.837	1016.853	1016.847	1016.852	1016.91	1016.927	1016.952	1016.916	1016.904	1017.024	1016.954	1017.026	1017.012	1017.019	1017.062	1017.098	1017.083	1017.134	1017.144	1017.145	1017.171	1017.21	1017.183	1017.254	1017.265	1017.25	1017.297	1017.335	1017.327	1017.343	1017.382	1017.429	1017.452	1017.455	1017.462	1017.496	1017.407	1017.444	1017.533	1017.539	1017.57	1017.61	1017.596	1017.662	1017.713	1017.661	1017.734	1017.751	1017.671	1017.717	1017.794	1017.801	1017.806	1017.873	1017.849	1017.869	1017.882	1017.883	1017.979	1017.959	1017.993	1018.017	1018.015	1018.022	1018.032
1015.953	1015.908	1015.901	1016.011	1015.959	1016.036	1015.913	1015.937	1016.018	1016.043	1016.003	1016.059	1016.032	1016.094	1016.127	1016.031	1016.164	1016.055	1016.168	1016.16	1016.146	1016.253	1016.123	1016.125	1016.181	1016.219	1016.222	1016.275	1016.219	1016.254	1016.262	1016.263	1016.291	1016.315	1016.284	1016.29	1016.327	1016.364	1016.379	1016.376	1016.444	1016.436	1016.461	1016.481	1016.465	1016.472	1016.531	1016.493	1016.55	1016.57	1016.568	1016.628	1016.525	1016.628	1016.608	1016.632	1016.683	1016.701	1016.697	1016.681	1016.717	1016.772	1016.78	1016.728	1016.813	1016.821	1016.839	1016.855	1016.845	1016.888	1016.908	1016.9	1016.918	1016.929	1016.946	1016.997	1017.082	1016.997	1017.057	1017.086	1017.088	1017.104	1017.132	1017.168	1017.191	1017.176	1017.174	1017.247	1017.236	1017.275	1017.275	1017.294	1017.334	1017.367	1017.336	1017.447	1017.428	1017.395	1017.401	1017.449	1017.488	1017.489	1017.568	1017.566	1017.55	1017.645	1017.561	1017.639	1017.706	1017.695	1017.705	1017.743	1017.654	1017.773	1017.777	1017.785	1017.812	1017.852	1017.812	1017.91	1017.937	1017.958	1017.972	1017.973	1018.019	1018.005	1018.025	1018.041	1018.049	1018.036	1018.075	1018.083	1018.091	1018.126	1018.143	1018.138	1018.159
1016.1	1016.116	1016.092	1016.105	1016.034	1016.088	1016.143	1016.134	1016.117	1016.155	1016.141	1016.209	1016.1	1016.128	1016.18	1016.136	1016.294	1016.144	1016.211	1016.216	1016.199	1016.218	1016.292	1016.31	1016.342	1016.3	1016.249	1016.32	1016.277	1016.373	1016.371	1016.341	1016.347	1016.409	1016.424	1016.49	1016.442	1016.449	1016.481	1016.495	1016.492	1016.479	1016.5	1016.532	1016.555	1016.586	1016.693	1016.594	1016.701	1016.685	1016.64	1016.717	1016.723	1016.758	1016.765	1016.777	1016.787	1016.764	1016.873	1016.871	1016.814	1016.849	1016.885	1016.859	1017.02	1016.856	1016.935	1016.998	1017.018	1017.03	1016.969	1017.083	1017.084	1017.108	1017.13	1017.106	1017.1	1017.166	1017.185	1017.207	1017.223	1017.211	1017.353	1017.237	1017.29	1017.325	1017.335	1017.353	1017.366	1017.398	1017.417	1017.429	1017.439	1017.472	1017.555	1017.484	1017.511	1017.582	1017.621	1017.584	1017.695	1017.593	1017.652	1017.692	1017.701	1017.751	1017.783	1017.755	1017.79	1017.79	1017.822	1017.946	1017.906	1017.921	1017.953	1017.936	1017.942	1018.047	1018.048	1018.029	1018.046	1018.051	1018.058	1018.09	1018.1	1018.114	1018.149	1018.118	1018.12	1018.225	1018.184	1018.222	1018.239	1018.239	1018.232	1018.239	1018.273
1016.121	1016.099	1016.09	1016.16	1016.309	1016.149	1016.187	1016.182	1016.182	1016.239	1016.104	1016.242	1016.271	1016.297	1016.3	1016.253	1016.244	1016.315	1016.291	1016.343	1016.39	1016.348	1016.393	1016.277	1016.303	1016.407	1016.477	1016.445	1016.432	1016.43	1016.433	1016.481	1016.522	1016.5	1016.461	1016.487	1016.515	1016.561	1016.6	1016.604	1016.568	1016.692	1016.672	1016.706	1016.722	1016.653	1016.71	1016.691	1016.738	1016.778	1016.801	1016.816	1016.811	1016.819	1016.812	1016.855	1016.921	1016.936	1016.843	1016.951	1016.955	1016.985	1017.015	1017.002	1017.034	1017.019	1017.128	1017.098	1017.059	1017.151	1017.118	1017.186	1017.148	1017.167	1017.226	1017.256	1017.248	1017.369	1017.248	1017.283	1017.381	1017.365	1017.382	1017.397	1017.453	1017.462	1017.468	1017.515	1017.527	1017.55	1017.567	1017.609	1017.628	1017.599	1017.65	1017.719	1017.725	1017.72	1017.714	1017.724	1017.831	1017.841	1017.841	1017.885	1017.883	1017.821	1017.999	1017.972	1017.979	1018.045	1018.052	1017.962	1018.064	1018.03	1018.076	1018.121	1018.109	1018.064	1018.126	1018.165	1018.173	1018.207	1018.241	1018.238	1018.231	1018.23	1018.291	1018.3	1018.302	1018.333	1018.25	1018.332	1018.336	1018.349	1018.389	1018.42	1018.386
1016.22	1016.27	1016.315	1016.22	1016.273	1016.258	1016.31	1016.294	1016.29	1016.386	1016.35	1016.352	1016.331	1016.309	1016.347	1016.437	1016.318	1016.477	1016.393	1016.381	1016.412	1016.395	1016.462	1016.52	1016.509	1016.496	1016.445	1016.421	1016.559	1016.538	1016.545	1016.552	1016.557	1016.573	1016.686	1016.631	1016.696	1016.675	1016.643	1016.71	1016.689	1016.739	1016.692	1016.717	1016.771	1016.799	1016.849	1016.909	1016.834	1016.866	1016.916	1016.896	1016.931	1016.986	1017.029	1016.971	1016.964	1017.07	1017.008	1017.088	1017.088	1017.099	1017.113	1017.116	1017.159	1017.188	1017.2	1017.196	1017.225	1017.307	1017.262	1017.296	1017.37	1017.365	1017.357	1017.41	1017.36	1017.393	1017.441	1017.491	1017.508	1017.472	1017.515	1017.572	1017.566	1017.571	1017.608	1017.666	1017.619	1017.708	1017.685	1017.697	1017.743	1017.793	1017.757	1017.806	1017.84	1017.85	1017.92	1018.019	1017.834	1018.01	1017.966	1017.991	1018.035	1018.052	1018.024	1018.075	1018.054	1018.09	1018.12	1018.099	1018.212	1018.178	1018.171	1018.185	1018.216	1018.265	1018.258	1018.283	1018.274	1018.292	1018.29	1018.263	1018.399	1018.348	1018.356	1018.386	1018.408	1018.409	1018.461	1018.494	1018.462	1018.479	1018.492	1018.467	1018.542
1016.261	1016.295	1016.347	1016.297	1016.416	1016.357	1016.372	1016.384	1016.353	1016.324	1016.42	1016.382	1016.454	1016.452	1016.457	1016.507	1016.417	1016.486	1016.515	1016.522	1016.556	1016.556	1016.53	1016.501	1016.535	1016.586	1016.593	1016.648	1016.599	1016.616	1016.65	1016.673	1016.683	1016.682	1016.756	1016.648	1016.739	1016.765	1016.761	1016.851	1016.774	1016.831	1016.929	1016.923	1016.906	1016.956	1016.863	1016.941	1016.948	1016.994	1017.021	1017.004	1017.135	1016.991	1017.098	1017.093	1017.087	1017.136	1017.15	1017.181	1017.175	1017.209	1017.246	1017.259	1017.291	1017.286	1017.289	1017.342	1017.365	1017.292	1017.417	1017.378	1017.441	1017.466	1017.47	1017.515	1017.555	1017.54	1017.591	1017.593	1017.592	1017.672	1017.703	1017.627	1017.684	1017.747	1017.782	1017.789	1017.778	1017.846	1017.892	1017.894	1017.882	1017.879	1018.004	1017.919	1018.013	1018.003	1018.014	1018.081	1018.031	1018.122	1018.126	1018.119	1018.137	1018.176	1018.141	1018.234	1018.22	1018.205	1018.225	1018.272	1018.248	1018.258	1018.356	1018.339	1018.312	1018.387	1018.32	1018.413	1018.397	1018.443	1018.469	1018.455	1018.479	1018.482	1018.524	1018.543	1018.543	1018.559	1018.581	1018.542	1018.58	1018.627	1018.637	1018.638	1018.666
1016.48	1016.474	1016.452	1016.429	1016.502	1016.447	1016.433	1016.502	1016.496	1016.484	1016.582	1016.477	1016.502	1016.517	1016.508	1016.524	1016.584	1016.572	1016.594	1016.572	1016.583	1016.619	1016.681	1016.632	1016.698	1016.71	1016.659	1016.707	1016.64	1016.805	1016.749	1016.763	1016.793	1016.765	1016.83	1016.815	1016.828	1016.859	1016.843	1016.866	1016.924	1016.911	1016.973	1016.954	1016.942	1017.059	1017.023	1017.097	1017.032	1017.094	1017.127	1017.092	1017.237	1017.174	1017.225	1017.228	1017.224	1017.263	1017.239	1017.298	1017.339	1017.359	1017.352	1017.357	1017.365	1017.472	1017.44	1017.436	1017.44	1017.462	1017.626	1017.542	1017.551	1017.591	1017.615	1017.625	1017.689	1017.675	1017.713	1017.771	1017.808	1017.781	1017.755	1017.808	1017.85	1017.893	1017.887	1017.912	1017.973	1017.945	1017.969	1018.05	1018.069	1018.012	1018.126	1018.049	1018.12	1018.124	1018.118	1018.154	1018.209	1018.145	1018.201	1018.251	1018.271	1018.266	1018.294	1018.288	1018.348	1018.339	1018.335	1018.342	1018.406	1018.38	1018.448	1018.46	1018.458	1018.507	1018.443	1018.551	1018.506	1018.535	1018.559	1018.562	1018.583	1018.609	1018.638	1018.638	1018.639	1018.688	1018.691	1018.71	1018.727	1018.753	1018.751	1018.798	1018.792
1016.495	1016.518	1016.498	1016.52	1016.481	1016.548	1016.564	1016.615	1016.569	1016.565	1016.601	1016.637	1016.626	1016.646	1016.644	1016.628	1016.658	1016.657	1016.669	1016.658	1016.691	1016.694	1016.769	1016.694	1016.774	1016.771	1016.725	1016.836	1016.739	1016.889	1016.837	1016.851	1016.894	1016.86	1016.915	1016.936	1016.928	1017.012	1017.012	1016.965	1017.075	1017.018	1017.084	1017.07	1017.078	1017.148	1017.091	1017.223	1017.156	1017.205	1017.239	1017.208	1017.259	1017.28	1017.304	1017.309	1017.339	1017.392	1017.373	1017.409	1017.439	1017.437	1017.431	1017.516	1017.484	1017.564	1017.57	1017.568	1017.632	1017.678	1017.628	1017.688	1017.702	1017.697	1017.712	1017.762	1017.784	1017.819	1017.813	1017.872	1017.904	1017.881	1017.933	1017.97	1017.989	1018.04	1018.047	1018.046	1018.043	1018.098	1018.075	1018.144	1018.179	1018.15	1018.209	1018.21	1018.236	1018.271	1018.275	1018.263	1018.32	1018.29	1018.295	1018.346	1018.369	1018.371	1018.445	1018.415	1018.452	1018.48	1018.479	1018.466	1018.557	1018.52	1018.532	1018.548	1018.569	1018.599	1018.6	1018.62	1018.617	1018.686	1018.715	1018.698	1018.756	1018.743	1018.766	1018.77	1018.783	1018.819	1018.81	1018.845	1018.86	1018.921	1018.934	1018.914	1018.909
1016.603	1016.625	1016.598	1016.635	1016.571	1016.627	1016.641	1016.679	1016.632	1016.667	1016.62	1016.723	1016.702	1016.723	1016.746	1016.737	1016.709	1016.791	1016.78	1016.779	1016.811	1016.781	1016.87	1016.778	1016.844	1016.843	1016.832	1016.942	1016.844	1016.926	1016.903	1016.908	1016.952	1016.967	1017	1017.029	1017.025	1017.112	1017.117	1017.065	1017.172	1017.108	1017.181	1017.145	1017.152	1017.256	1017.194	1017.307	1017.32	1017.37	1017.36	1017.35	1017.375	1017.379	1017.407	1017.475	1017.503	1017.489	1017.509	1017.524	1017.574	1017.571	1017.542	1017.618	1017.634	1017.644	1017.674	1017.655	1017.719	1017.812	1017.723	1017.836	1017.821	1017.818	1017.874	1017.946	1017.883	1017.986	1017.969	1018.004	1018.025	1018.025	1018.088	1018.066	1018.124	1018.174	1018.16	1018.163	1018.128	1018.21	1018.195	1018.205	1018.241	1018.273	1018.258	1018.332	1018.325	1018.359	1018.399	1018.39	1018.39	1018.459	1018.445	1018.461	1018.484	1018.482	1018.504	1018.543	1018.542	1018.571	1018.628	1018.629	1018.628	1018.656	1018.669	1018.686	1018.709	1018.714	1018.769	1018.745	1018.758	1018.829	1018.839	1018.82	1018.887	1018.856	1018.889	1018.901	1018.914	1018.951	1018.952	1018.982	1018.968	1019.03	1019.057	1019.022	1019.059
1016.702	1016.729	1016.693	1016.715	1016.731	1016.687	1016.722	1016.768	1016.711	1016.774	1016.747	1016.764	1016.746	1016.765	1016.789	1016.821	1016.783	1016.905	1016.847	1016.847	1016.874	1016.847	1016.977	1016.897	1016.948	1016.968	1016.959	1017.004	1016.983	1017.021	1017.039	1017.035	1017.06	1017.11	1017.075	1017.134	1017.148	1017.156	1017.151	1017.173	1017.244	1017.206	1017.282	1017.234	1017.21	1017.372	1017.358	1017.363	1017.414	1017.454	1017.433	1017.452	1017.522	1017.495	1017.518	1017.589	1017.634	1017.567	1017.646	1017.632	1017.707	1017.746	1017.715	1017.704	1017.809	1017.78	1017.841	1017.808	1017.8	1017.904	1017.938	1017.949	1017.905	1017.988	1018.036	1018.06	1018.017	1018.093	1018.075	1018.1	1018.121	1018.115	1018.189	1018.134	1018.239	1018.224	1018.202	1018.29	1018.293	1018.29	1018.345	1018.352	1018.351	1018.407	1018.353	1018.427	1018.425	1018.447	1018.483	1018.525	1018.505	1018.567	1018.581	1018.598	1018.623	1018.629	1018.585	1018.666	1018.651	1018.666	1018.723	1018.768	1018.721	1018.796	1018.777	1018.793	1018.852	1018.851	1018.887	1018.899	1018.896	1018.914	1018.92	1018.95	1018.982	1018.98	1019.019	1019.027	1019.051	1019.1	1019.076	1019.135	1019.112	1019.126	1019.15	1019.165	1019.218
1016.693	1016.75	1016.774	1016.73	1016.796	1016.779	1016.869	1016.875	1016.776	1016.755	1016.899	1016.824	1016.895	1016.902	1016.891	1016.94	1016.849	1016.928	1016.918	1016.947	1016.979	1016.929	1017.006	1016.969	1016.996	1017.03	1017.049	1017.045	1017.153	1017.088	1017.1	1017.13	1017.155	1017.225	1017.153	1017.209	1017.218	1017.218	1017.239	1017.317	1017.334	1017.338	1017.42	1017.447	1017.443	1017.449	1017.447	1017.43	1017.465	1017.53	1017.579	1017.569	1017.562	1017.635	1017.622	1017.638	1017.673	1017.682	1017.773	1017.74	1017.75	1017.815	1017.859	1017.852	1017.97	1017.888	1017.954	1017.987	1018.004	1018.02	1018.026	1017.987	1018.055	1018.119	1018.136	1018.108	1018.153	1018.181	1018.158	1018.201	1018.231	1018.198	1018.321	1018.257	1018.306	1018.287	1018.282	1018.386	1018.426	1018.388	1018.486	1018.483	1018.469	1018.524	1018.535	1018.524	1018.558	1018.574	1018.568	1018.619	1018.677	1018.625	1018.695	1018.703	1018.708	1018.77	1018.791	1018.785	1018.82	1018.823	1018.827	1018.863	1018.894	1018.928	1018.856	1018.896	1018.976	1019.006	1018.961	1019.019	1019.041	1019.058	1019.07	1019.131	1019.118	1019.157	1019.162	1019.176	1019.205	1019.26	1019.181	1019.26	1019.271	1019.272	1019.284	1019.328	1019.353
1016.828	1016.831	1016.879	1016.868	1016.877	1016.827	1016.809	1016.888	1016.94	1016.92	1017.038	1016.871	1016.975	1016.95	1016.916	1017.015	1016.959	1017.031	1017.018	1017.015	1017.043	1017.075	1017.054	1017.115	1017.075	1017.109	1017.165	1017.149	1017.185	1017.099	1017.204	1017.249	1017.244	1017.261	1017.285	1017.334	1017.322	1017.361	1017.396	1017.369	1017.375	1017.462	1017.408	1017.473	1017.541	1017.479	1017.575	1017.654	1017.589	1017.605	1017.662	1017.722	1017.678	1017.768	1017.786	1017.802	1017.839	1017.861	1017.747	1017.925	1017.925	1017.945	1017.972	1017.956	1017.986	1018.034	1018.047	1018.071	1018.095	1018.101	1018.147	1018.192	1018.192	1018.183	1018.188	1018.235	1018.255	1018.264	1018.281	1018.315	1018.342	1018.331	1018.409	1018.385	1018.382	1018.439	1018.494	1018.451	1018.449	1018.545	1018.529	1018.54	1018.569	1018.573	1018.65	1018.644	1018.676	1018.716	1018.71	1018.668	1018.803	1018.748	1018.81	1018.821	1018.817	1018.835	1018.887	1018.856	1018.928	1018.951	1018.959	1018.981	1018.979	1019.007	1019.071	1019.094	1019.084	1019.091	1019.156	1019.151	1019.159	1019.181	1019.186	1019.194	1019.206	1019.27	1019.276	1019.31	1019.329	1019.331	1019.39	1019.391	1019.381	1019.423	1019.454	1019.436	1019.509
1016.881	1016.863	1016.87	1016.896	1016.867	1017.055	1016.937	1016.959	1016.993	1016.89	1016.998	1016.966	1017.054	1017.048	1017.031	1017.094	1017.011	1017.09	1017.114	1017.093	1017.105	1017.164	1017.072	1017.232	1017.192	1017.192	1017.208	1017.186	1017.303	1017.324	1017.311	1017.287	1017.304	1017.372	1017.364	1017.398	1017.401	1017.416	1017.454	1017.494	1017.5	1017.618	1017.572	1017.586	1017.643	1017.668	1017.688	1017.595	1017.701	1017.747	1017.733	1017.766	1017.876	1017.785	1017.845	1017.85	1017.876	1017.989	1017.938	1018.023	1018.005	1018.011	1018.057	1018.1	1018.069	1018.161	1018.143	1018.15	1018.181	1018.203	1018.21	1018.2	1018.232	1018.278	1018.33	1018.36	1018.262	1018.364	1018.4	1018.401	1018.429	1018.48	1018.375	1018.549	1018.538	1018.51	1018.532	1018.59	1018.63	1018.687	1018.599	1018.67	1018.765	1018.711	1018.716	1018.785	1018.752	1018.797	1018.862	1018.862	1018.89	1018.895	1018.876	1018.933	1019.007	1019.014	1019.005	1019.079	1019.056	1019.038	1019.069	1019.139	1019.175	1019.136	1019.161	1019.169	1019.183	1019.232	1019.278	1019.257	1019.287	1019.329	1019.367	1019.407	1019.458	1019.434	1019.419	1019.451	1019.462	1019.432	1019.544	1019.534	1019.54	1019.578	1019.598	1019.579	1019.642
1017.013	1017.006	1017.026	1017.105	1016.885	1017.035	1016.999	1017.041	1017.073	1017.032	1017.18	1017.092	1017.062	1017.082	1017.109	1017.118	1017.154	1017.115	1017.17	1017.199	1017.221	1017.248	1017.19	1017.241	1017.231	1017.284	1017.344	1017.328	1017.33	1017.3	1017.341	1017.404	1017.448	1017.468	1017.428	1017.472	1017.556	1017.548	1017.555	1017.644	1017.574	1017.536	1017.645	1017.685	1017.674	1017.693	1017.813	1017.768	1017.835	1017.876	1017.868	1017.874	1017.965	1017.909	1018.025	1018.031	1018.011	1018.049	1018.083	1018.058	1018.119	1018.138	1018.146	1018.174	1018.185	1018.177	1018.206	1018.266	1018.3	1018.288	1018.351	1018.341	1018.402	1018.405	1018.37	1018.38	1018.494	1018.475	1018.502	1018.481	1018.509	1018.611	1018.535	1018.604	1018.632	1018.636	1018.679	1018.742	1018.644	1018.715	1018.768	1018.76	1018.754	1018.804	1018.852	1018.882	1018.922	1018.918	1018.922	1018.975	1018.922	1019.07	1019.064	1019.04	1019.052	1019.077	1019.075	1019.137	1019.153	1019.202	1019.225	1019.174	1019.238	1019.299	1019.296	1019.336	1019.382	1019.387	1019.327	1019.417	1019.452	1019.454	1019.448	1019.469	1019.446	1019.523	1019.548	1019.581	1019.615	1019.655	1019.627	1019.628	1019.713	1019.713	1019.727	1019.824	1019.729
1017.055	1016.984	1016.965	1017.109	1017.051	1017.128	1017.074	1017.101	1017.142	1017.14	1017.126	1017.138	1017.159	1017.201	1017.205	1017.162	1017.281	1017.225	1017.244	1017.255	1017.236	1017.244	1017.337	1017.344	1017.354	1017.333	1017.344	1017.381	1017.439	1017.438	1017.485	1017.505	1017.463	1017.452	1017.61	1017.544	1017.598	1017.631	1017.653	1017.654	1017.742	1017.756	1017.723	1017.764	1017.817	1017.875	1017.828	1017.96	1017.889	1017.909	1017.96	1017.994	1018.015	1018.034	1018	1018.046	1018.103	1018.107	1018.156	1018.155	1018.205	1018.213	1018.211	1018.242	1018.286	1018.314	1018.322	1018.351	1018.347	1018.348	1018.433	1018.406	1018.431	1018.486	1018.502	1018.515	1018.59	1018.493	1018.627	1018.643	1018.608	1018.595	1018.725	1018.665	1018.717	1018.759	1018.788	1018.786	1018.855	1018.837	1018.887	1018.885	1018.902	1018.983	1018.983	1018.891	1019.016	1019.032	1019.025	1019.134	1019.08	1019.115	1019.148	1019.16	1019.217	1019.252	1019.271	1019.277	1019.276	1019.3	1019.325	1019.355	1019.407	1019.395	1019.444	1019.453	1019.442	1019.456	1019.531	1019.549	1019.55	1019.585	1019.624	1019.674	1019.671	1019.707	1019.711	1019.714	1019.709	1019.739	1019.817	1019.812	1019.872	1019.849	1019.856	1019.94	1019.913
1017.139	1017.114	1017.103	1017.157	1017.096	1017.163	1017.158	1017.148	1017.164	1017.205	1017.194	1017.256	1017.186	1017.232	1017.284	1017.294	1017.284	1017.279	1017.312	1017.369	1017.369	1017.363	1017.373	1017.354	1017.447	1017.441	1017.46	1017.508	1017.485	1017.515	1017.521	1017.592	1017.594	1017.599	1017.643	1017.644	1017.65	1017.708	1017.767	1017.756	1017.781	1017.802	1017.816	1017.833	1017.875	1017.964	1017.844	1018.01	1018.041	1018.046	1018.065	1018.068	1018.056	1018.188	1018.129	1018.161	1018.222	1018.179	1018.259	1018.252	1018.241	1018.266	1018.333	1018.386	1018.332	1018.383	1018.392	1018.435	1018.447	1018.487	1018.473	1018.534	1018.519	1018.575	1018.598	1018.578	1018.658	1018.705	1018.719	1018.725	1018.711	1018.736	1018.804	1018.801	1018.817	1018.862	1018.871	1018.86	1018.993	1018.913	1018.949	1019.027	1019.072	1019.016	1019.09	1019.077	1019.085	1019.117	1019.123	1019.181	1019.205	1019.27	1019.274	1019.287	1019.335	1019.306	1019.34	1019.379	1019.454	1019.454	1019.44	1019.478	1019.527	1019.488	1019.558	1019.6	1019.598	1019.638	1019.646	1019.657	1019.729	1019.746	1019.717	1019.708	1019.79	1019.77	1019.804	1019.914	1019.945	1019.891	1019.965	1019.942	1019.95	1019.982	1020.017	1020.005	1020.084
1017.205	1017.157	1017.146	1017.208	1017.205	1017.205	1017.234	1017.228	1017.242	1017.291	1017.242	1017.299	1017.265	1017.291	1017.339	1017.355	1017.328	1017.383	1017.338	1017.391	1017.41	1017.408	1017.475	1017.479	1017.528	1017.49	1017.509	1017.576	1017.512	1017.619	1017.606	1017.664	1017.683	1017.692	1017.655	1017.805	1017.787	1017.743	1017.787	1017.857	1017.917	1017.865	1018.01	1018.01	1017.94	1018.013	1018.025	1018.042	1018.077	1018.067	1018.079	1018.159	1018.144	1018.223	1018.232	1018.257	1018.277	1018.247	1018.341	1018.304	1018.338	1018.341	1018.393	1018.442	1018.422	1018.481	1018.506	1018.538	1018.533	1018.576	1018.523	1018.651	1018.629	1018.64	1018.66	1018.692	1018.713	1018.794	1018.783	1018.788	1018.857	1018.894	1018.835	1018.944	1018.931	1018.959	1018.974	1018.979	1019.004	1019.042	1019.056	1019.129	1019.156	1019.133	1019.192	1019.211	1019.209	1019.299	1019.32	1019.292	1019.309	1019.379	1019.368	1019.386	1019.455	1019.445	1019.525	1019.463	1019.533	1019.594	1019.588	1019.596	1019.63	1019.648	1019.65	1019.694	1019.726	1019.768	1019.751	1019.831	1019.858	1019.871	1019.844	1019.888	1019.956	1019.958	1019.947	1020.032	1020.04	1020.038	1020.055	1020.119	1020.099	1020.107	1020.134	1020.117	1020.195
