1012.329	1012.38	1012.363	1012.343	1012.392	1012.336	1012.309	1012.38	1012.384	1012.363	1012.367	1012.339	1012.376	1012.362	1012.357	1012.377	1012.375	1012.351	1012.352	1012.407	1012.359	1012.398	1012.414	1012.389	1012.328	1012.357	1012.446	1012.35	1012.427	1012.367	1012.427	1012.381	1012.35	1012.432	1012.448	1012.409	1012.448	1012.413	1012.466	1012.434	1012.402	1012.386	1012.45	1012.485	1012.457	1012.457	1012.435	1012.44	1012.451	1012.461	1012.482	1012.475	1012.454	1012.458	1012.466	1012.477	1012.478	1012.464	1012.478	1012.493	1012.522	1012.546	1012.548	1012.52	1012.535	1012.504	1012.551	1012.541	1012.524	1012.493	1012.517	1012.55	1012.536	1012.573	1012.558	1012.562	1012.574	1012.549	1012.547	1012.579	1012.568	1012.579	1012.577	1012.556	1012.595	1012.6	1012.606	1012.638	1012.609	1012.565	1012.615	1012.593	1012.615	1012.596	1012.621	1012.614	1012.615	1012.626	1012.607	1012.65	1012.657	1012.616	1012.666	1012.655	1012.689	1012.691	1012.657	1012.71	1012.659	1012.703	1012.688	1012.69	1012.698	1012.677	1012.7	1012.737	1012.726	1012.725	1012.755	1012.709	1012.747	1012.724	1012.719	1012.73	1012.732	1012.756	1012.783	1012.74	1012.811	1012.747	1012.807	1012.855	1012.834	1012.826	1012.809	1012.804	1012.805
1012.399	1012.434	1012.419	1012.381	1012.424	1012.364	1012.337	1012.413	1012.433	1012.402	1012.411	1012.427	1012.428	1012.451	1012.444	1012.402	1012.399	1012.423	1012.432	1012.417	1012.4	1012.488	1012.396	1012.369	1012.437	1012.471	1012.485	1012.402	1012.472	1012.409	1012.493	1012.444	1012.405	1012.451	1012.463	1012.472	1012.455	1012.503	1012.462	1012.473	1012.482	1012.46	1012.5	1012.532	1012.522	1012.501	1012.486	1012.529	1012.514	1012.536	1012.559	1012.537	1012.512	1012.525	1012.568	1012.473	1012.582	1012.523	1012.559	1012.574	1012.548	1012.573	1012.612	1012.532	1012.611	1012.579	1012.606	1012.616	1012.597	1012.585	1012.617	1012.608	1012.641	1012.602	1012.624	1012.626	1012.626	1012.6	1012.595	1012.63	1012.634	1012.638	1012.621	1012.651	1012.665	1012.654	1012.665	1012.653	1012.618	1012.638	1012.673	1012.643	1012.697	1012.662	1012.688	1012.683	1012.662	1012.677	1012.678	1012.714	1012.698	1012.726	1012.749	1012.719	1012.756	1012.773	1012.737	1012.769	1012.719	1012.797	1012.742	1012.759	1012.751	1012.728	1012.733	1012.776	1012.81	1012.774	1012.826	1012.804	1012.815	1012.83	1012.821	1012.834	1012.842	1012.808	1012.856	1012.847	1012.846	1012.822	1012.806	1012.863	1012.866	1012.852	1012.898	1012.865	1012.864
1012.502	1012.453	1012.409	1012.463	1012.533	1012.502	1012.472	1012.466	1012.494	1012.511	1012.484	1012.464	1012.451	1012.527	1012.502	1012.455	1012.44	1012.492	1012.474	1012.504	1012.493	1012.506	1012.37	1012.433	1012.507	1012.521	1012.485	1012.496	1012.53	1012.528	1012.536	1012.439	1012.505	1012.56	1012.526	1012.53	1012.46	1012.569	1012.54	1012.575	1012.526	1012.552	1012.601	1012.598	1012.521	1012.534	1012.58	1012.566	1012.545	1012.613	1012.574	1012.546	1012.559	1012.593	1012.661	1012.576	1012.628	1012.606	1012.651	1012.632	1012.607	1012.593	1012.619	1012.62	1012.661	1012.655	1012.637	1012.676	1012.664	1012.649	1012.664	1012.672	1012.731	1012.641	1012.719	1012.684	1012.677	1012.695	1012.69	1012.691	1012.709	1012.718	1012.709	1012.725	1012.701	1012.716	1012.707	1012.692	1012.682	1012.742	1012.721	1012.72	1012.759	1012.744	1012.774	1012.769	1012.746	1012.739	1012.795	1012.788	1012.77	1012.796	1012.78	1012.771	1012.776	1012.795	1012.804	1012.812	1012.806	1012.843	1012.806	1012.874	1012.826	1012.857	1012.861	1012.812	1012.877	1012.855	1012.852	1012.906	1012.874	1012.9	1012.902	1012.912	1012.95	1012.915	1012.922	1012.934	1012.87	1012.967	1012.899	1012.924	1012.931	1012.907	1012.96	1012.955	1012.971
1012.481	1012.544	1012.554	1012.586	1012.515	1012.466	1012.479	1012.521	1012.541	1012.483	1012.496	1012.53	1012.567	1012.529	1012.52	1012.533	1012.536	1012.53	1012.498	1012.596	1012.509	1012.536	1012.587	1012.573	1012.554	1012.572	1012.626	1012.549	1012.495	1012.5	1012.579	1012.568	1012.646	1012.634	1012.539	1012.577	1012.609	1012.654	1012.562	1012.596	1012.579	1012.637	1012.63	1012.581	1012.597	1012.672	1012.622	1012.644	1012.648	1012.65	1012.608	1012.621	1012.666	1012.615	1012.622	1012.682	1012.664	1012.687	1012.688	1012.664	1012.692	1012.712	1012.657	1012.769	1012.623	1012.733	1012.746	1012.741	1012.725	1012.732	1012.765	1012.758	1012.737	1012.719	1012.766	1012.719	1012.753	1012.758	1012.758	1012.777	1012.781	1012.762	1012.765	1012.771	1012.809	1012.809	1012.776	1012.788	1012.808	1012.779	1012.799	1012.87	1012.781	1012.837	1012.816	1012.832	1012.851	1012.841	1012.85	1012.837	1012.894	1012.86	1012.851	1012.892	1012.86	1012.866	1012.891	1012.864	1012.916	1012.911	1012.884	1012.995	1012.932	1012.965	1012.982	1012.934	1012.944	1012.971	1012.956	1012.956	1012.94	1012.954	1012.974	1012.966	1012.974	1013.028	1012.96	1013.059	1012.995	1013.038	1013.019	1013.036	1013.041	1013.038	1013.034	1013.021	1013.058
1012.635	1012.595	1012.481	1012.509	1012.625	1012.665	1012.647	1012.624	1012.601	1012.584	1012.697	1012.548	1012.598	1012.571	1012.593	1012.581	1012.557	1012.641	1012.64	1012.571	1012.622	1012.622	1012.567	1012.566	1012.627	1012.652	1012.564	1012.522	1012.786	1012.663	1012.679	1012.626	1012.584	1012.611	1012.669	1012.69	1012.616	1012.634	1012.648	1012.713	1012.713	1012.694	1012.65	1012.659	1012.74	1012.665	1012.64	1012.756	1012.7	1012.691	1012.721	1012.712	1012.698	1012.766	1012.778	1012.734	1012.717	1012.723	1012.786	1012.765	1012.766	1012.79	1012.74	1012.85	1012.73	1012.871	1012.76	1012.782	1012.792	1012.796	1012.808	1012.786	1012.815	1012.87	1012.801	1012.825	1012.872	1012.845	1012.843	1012.865	1012.825	1012.852	1012.881	1012.861	1012.849	1012.834	1012.849	1012.874	1012.881	1012.876	1012.894	1012.874	1012.81	1012.912	1012.874	1012.895	1012.919	1012.914	1012.93	1012.909	1012.921	1012.949	1012.958	1012.924	1012.941	1012.987	1013	1012.972	1012.975	1013.005	1012.992	1012.956	1013.017	1012.996	1012.995	1013.043	1013.017	1012.982	1013.078	1013.002	1013.094	1013.032	1013.076	1013.077	1013.037	1013.099	1013.016	1013.116	1013.105	1013.073	1013.113	1013.11	1013.089	1013.103	1013.134	1013.104	1013.188
1012.616	1012.582	1012.761	1012.704	1012.643	1012.579	1012.558	1012.61	1012.658	1012.627	1012.664	1012.601	1012.693	1012.673	1012.694	1012.693	1012.649	1012.654	1012.634	1012.656	1012.695	1012.696	1012.688	1012.734	1012.712	1012.668	1012.741	1012.736	1012.66	1012.585	1012.663	1012.715	1012.766	1012.775	1012.717	1012.661	1012.737	1012.799	1012.778	1012.695	1012.681	1012.743	1012.799	1012.787	1012.719	1012.751	1012.893	1012.733	1012.778	1012.774	1012.806	1012.796	1012.763	1012.795	1012.769	1012.737	1012.897	1012.772	1012.82	1012.818	1012.816	1012.855	1012.85	1012.837	1012.822	1012.876	1012.824	1012.909	1012.889	1012.865	1012.897	1012.894	1012.914	1012.834	1012.908	1012.902	1012.879	1012.89	1012.913	1012.913	1012.909	1012.953	1012.883	1012.935	1012.95	1012.961	1012.984	1012.95	1012.93	1012.991	1012.934	1012.97	1013.038	1012.97	1012.981	1013.005	1012.987	1012.983	1013.037	1013.038	1013.023	1013.001	1013.054	1013.04	1013.074	1013.053	1013.019	1013.098	1013.063	1013.026	1013.15	1013.062	1013.127	1013.125	1013.099	1013.128	1013.135	1013.118	1013.205	1013.064	1013.187	1013.116	1013.14	1013.17	1013.155	1013.199	1013.211	1013.153	1013.157	1013.231	1013.21	1013.215	1013.224	1013.222	1013.229	1013.207	1013.174
1012.808	1012.671	1012.676	1012.661	1012.725	1012.76	1012.792	1012.792	1012.74	1012.728	1012.72	1012.785	1012.756	1012.707	1012.697	1012.73	1012.754	1012.756	1012.721	1012.836	1012.664	1012.743	1012.746	1012.758	1012.742	1012.732	1012.786	1012.732	1012.735	1012.905	1012.839	1012.757	1012.758	1012.752	1012.746	1012.829	1012.866	1012.727	1012.791	1012.838	1012.888	1012.854	1012.789	1012.793	1012.856	1012.872	1012.826	1012.79	1012.907	1012.839	1012.822	1012.888	1012.917	1012.873	1012.922	1012.887	1012.879	1012.887	1012.911	1012.918	1012.912	1012.922	1012.922	1012.938	1012.949	1012.929	1012.95	1012.92	1012.91	1012.957	1012.99	1012.932	1013	1012.937	1013.029	1012.976	1013.011	1013.024	1013.007	1013.001	1013.015	1013.002	1013.014	1013.036	1013.026	1013	1013.016	1013.046	1013.061	1013.054	1013.049	1013.064	1013.033	1013.028	1013.087	1013.081	1013.093	1013.127	1013.073	1013.036	1013.158	1013.094	1013.134	1013.114	1013.131	1013.159	1013.159	1013.163	1013.168	1013.174	1013.132	1013.188	1013.128	1013.171	1013.2	1013.183	1013.211	1013.205	1013.214	1013.243	1013.234	1013.279	1013.268	1013.26	1013.264	1013.229	1013.227	1013.324	1013.271	1013.301	1013.259	1013.285	1013.324	1013.306	1013.306	1013.385	1013.316
1012.74	1012.809	1012.796	1012.825	1012.826	1012.738	1012.737	1012.76	1012.733	1012.842	1012.781	1012.802	1012.761	1012.818	1012.844	1012.829	1012.801	1012.823	1012.779	1012.836	1012.803	1012.877	1012.831	1012.83	1012.853	1012.848	1012.8	1012.847	1012.887	1012.818	1012.81	1012.836	1012.877	1012.877	1012.872	1012.867	1012.846	1012.912	1012.936	1012.828	1012.86	1012.935	1012.924	1012.92	1012.933	1012.899	1012.917	1012.983	1012.821	1012.906	1012.952	1012.97	1012.942	1012.94	1012.97	1012.978	1012.937	1013.021	1012.985	1012.992	1013.004	1012.998	1013.002	1013.002	1013.007	1013	1013.028	1013.024	1013.052	1013.08	1013.049	1013.046	1013.091	1013.04	1013.076	1013.055	1013.088	1013.055	1013.046	1013.098	1013.093	1013.087	1013.135	1013.095	1013.116	1013.129	1013.11	1013.128	1013.138	1013.094	1013.171	1013.143	1013.156	1013.206	1013.194	1013.176	1013.184	1013.2	1013.187	1013.215	1013.204	1013.193	1013.222	1013.226	1013.212	1013.234	1013.261	1013.248	1013.231	1013.351	1013.202	1013.374	1013.283	1013.297	1013.321	1013.294	1013.338	1013.326	1013.289	1013.388	1013.266	1013.347	1013.337	1013.33	1013.404	1013.409	1013.364	1013.386	1013.367	1013.393	1013.421	1013.387	1013.398	1013.435	1013.463	1013.425	1013.439
1012.837	1012.903	1012.833	1012.86	1012.866	1012.822	1012.904	1012.936	1012.858	1012.879	1012.837	1012.929	1012.889	1012.794	1012.845	1012.914	1012.926	1012.915	1012.927	1012.895	1012.91	1012.9	1012.99	1012.951	1012.88	1012.846	1012.916	1012.94	1012.915	1012.943	1012.964	1012.888	1012.923	1012.921	1012.918	1012.957	1012.989	1012.975	1012.93	1012.955	1012.988	1013.021	1012.985	1012.98	1012.994	1013.051	1012.963	1013.043	1012.954	1013.017	1013.047	1013.037	1013.035	1013.053	1013.001	1013.079	1013.058	1013.09	1013.082	1013.085	1013.076	1013.055	1013.109	1013.082	1013.112	1013.118	1013.115	1013.119	1013.136	1013.124	1013.103	1013.153	1013.109	1013.151	1013.169	1013.164	1013.154	1013.149	1013.173	1013.207	1013.183	1013.225	1013.177	1013.229	1013.206	1013.209	1013.198	1013.207	1013.213	1013.215	1013.257	1013.22	1013.268	1013.26	1013.267	1013.27	1013.281	1013.275	1013.283	1013.306	1013.269	1013.35	1013.315	1013.336	1013.336	1013.292	1013.278	1013.39	1013.33	1013.424	1013.357	1013.423	1013.419	1013.414	1013.427	1013.422	1013.422	1013.429	1013.412	1013.44	1013.416	1013.435	1013.449	1013.448	1013.501	1013.476	1013.53	1013.461	1013.558	1013.505	1013.502	1013.497	1013.516	1013.55	1013.567	1013.517	1013.627
1012.915	1012.958	1012.911	1012.957	1012.952	1012.928	1013.012	1012.971	1012.934	1012.96	1012.964	1012.967	1012.98	1012.927	1012.943	1013.013	1012.975	1012.943	1013.02	1012.944	1013.032	1012.957	1013.03	1013.012	1012.938	1012.978	1013.021	1013.006	1012.991	1013.041	1012.994	1012.958	1013.082	1013.083	1013.024	1013.058	1013.064	1013.027	1013.03	1013.03	1013.072	1013.067	1013.028	1013.082	1013.083	1013.138	1013.04	1013.101	1013.138	1013.15	1013.155	1013.144	1013.103	1013.093	1013.117	1013.157	1013.132	1013.156	1013.153	1013.157	1013.148	1013.157	1013.198	1013.166	1013.216	1013.191	1013.231	1013.217	1013.239	1013.228	1013.204	1013.234	1013.213	1013.297	1013.237	1013.275	1013.257	1013.27	1013.293	1013.286	1013.277	1013.333	1013.234	1013.348	1013.281	1013.298	1013.332	1013.343	1013.333	1013.338	1013.348	1013.341	1013.372	1013.368	1013.379	1013.303	1013.312	1013.402	1013.411	1013.408	1013.408	1013.438	1013.448	1013.435	1013.475	1013.432	1013.398	1013.468	1013.449	1013.465	1013.513	1013.461	1013.491	1013.471	1013.487	1013.54	1013.535	1013.541	1013.588	1013.528	1013.601	1013.587	1013.583	1013.586	1013.618	1013.599	1013.656	1013.561	1013.665	1013.647	1013.639	1013.676	1013.698	1013.659	1013.679	1013.648	1013.742
1013.008	1013.035	1013.017	1013.057	1013.017	1012.99	1013.063	1013.014	1013.02	1013.012	1013.085	1013.024	1013.045	1013.059	1013.073	1013.088	1013.047	1013.035	1013.113	1013.011	1013.118	1013.061	1013.092	1013.074	1013.085	1013.136	1013.093	1013.12	1013.101	1013.099	1013.045	1013.102	1013.231	1013.17	1013.112	1013.135	1013.12	1013.127	1013.196	1013.114	1013.176	1013.172	1013.115	1013.172	1013.157	1013.158	1013.214	1013.168	1013.222	1013.205	1013.217	1013.222	1013.178	1013.182	1013.26	1013.209	1013.24	1013.263	1013.245	1013.246	1013.278	1013.291	1013.289	1013.272	1013.323	1013.258	1013.332	1013.293	1013.319	1013.342	1013.312	1013.333	1013.346	1013.386	1013.326	1013.381	1013.358	1013.372	1013.392	1013.384	1013.373	1013.392	1013.382	1013.412	1013.374	1013.412	1013.449	1013.451	1013.435	1013.442	1013.452	1013.463	1013.465	1013.476	1013.513	1013.425	1013.447	1013.544	1013.518	1013.513	1013.569	1013.484	1013.565	1013.552	1013.59	1013.637	1013.605	1013.575	1013.639	1013.546	1013.648	1013.576	1013.638	1013.609	1013.603	1013.66	1013.659	1013.661	1013.708	1013.673	1013.725	1013.726	1013.724	1013.665	1013.698	1013.722	1013.714	1013.756	1013.718	1013.767	1013.755	1013.797	1013.838	1013.787	1013.822	1013.812	1013.802
1013.123	1013.131	1013.09	1013.123	1013.083	1013.098	1013.178	1013.163	1013.147	1013.064	1013.145	1013.169	1013.149	1013.129	1013.139	1013.155	1013.144	1013.171	1013.21	1013.153	1013.177	1013.147	1013.176	1013.166	1013.178	1013.219	1013.154	1013.238	1013.155	1013.193	1013.201	1013.241	1013.224	1013.161	1013.161	1013.205	1013.243	1013.206	1013.257	1013.23	1013.345	1013.295	1013.229	1013.267	1013.282	1013.226	1013.343	1013.24	1013.285	1013.314	1013.287	1013.294	1013.32	1013.353	1013.342	1013.302	1013.377	1013.344	1013.311	1013.351	1013.387	1013.402	1013.381	1013.381	1013.417	1013.373	1013.421	1013.369	1013.411	1013.433	1013.428	1013.471	1013.448	1013.443	1013.473	1013.479	1013.453	1013.491	1013.512	1013.526	1013.519	1013.467	1013.575	1013.486	1013.541	1013.561	1013.543	1013.543	1013.544	1013.549	1013.568	1013.555	1013.572	1013.564	1013.61	1013.622	1013.645	1013.671	1013.614	1013.626	1013.666	1013.62	1013.635	1013.627	1013.648	1013.693	1013.742	1013.669	1013.792	1013.662	1013.753	1013.722	1013.766	1013.771	1013.764	1013.757	1013.762	1013.79	1013.761	1013.82	1013.796	1013.853	1013.885	1013.817	1013.825	1013.9	1013.789	1013.996	1013.837	1013.924	1013.881	1013.894	1013.942	1013.911	1013.937	1013.984	1013.924
1013.169	1013.198	1013.186	1013.252	1013.237	1013.203	1013.201	1013.155	1013.161	1013.263	1013.21	1013.213	1013.219	1013.228	1013.277	1013.275	1013.221	1013.208	1013.212	1013.296	1013.285	1013.237	1013.277	1013.264	1013.27	1013.305	1013.31	1013.31	1013.203	1013.361	1013.223	1013.277	1013.334	1013.351	1013.368	1013.269	1013.386	1013.282	1013.315	1013.415	1013.331	1013.308	1013.336	1013.389	1013.463	1013.365	1013.339	1013.382	1013.459	1013.429	1013.357	1013.366	1013.422	1013.45	1013.382	1013.474	1013.425	1013.379	1013.442	1013.47	1013.467	1013.458	1013.493	1013.476	1013.482	1013.513	1013.508	1013.522	1013.552	1013.552	1013.537	1013.573	1013.541	1013.591	1013.587	1013.506	1013.551	1013.603	1013.592	1013.58	1013.64	1013.589	1013.69	1013.592	1013.682	1013.63	1013.655	1013.673	1013.654	1013.651	1013.692	1013.667	1013.727	1013.733	1013.722	1013.74	1013.749	1013.756	1013.835	1013.808	1013.71	1013.901	1013.692	1013.813	1013.834	1013.809	1013.842	1013.81	1013.847	1013.813	1013.89	1013.871	1013.882	1013.916	1013.931	1013.911	1013.887	1013.974	1013.885	1013.98	1013.91	1013.924	1013.982	1013.99	1014.019	1014.086	1013.957	1014.054	1013.978	1014.067	1014.045	1014.062	1014.073	1014.034	1014.002	1014.083	1014.083
1013.26	1013.366	1013.316	1013.28	1013.282	1013.296	1013.379	1013.421	1013.34	1013.374	1013.299	1013.322	1013.341	1013.317	1013.312	1013.284	1013.301	1013.427	1013.403	1013.314	1013.358	1013.376	1013.346	1013.348	1013.375	1013.369	1013.333	1013.388	1013.383	1013.464	1013.364	1013.513	1013.453	1013.364	1013.393	1013.383	1013.458	1013.461	1013.47	1013.448	1013.395	1013.466	1013.508	1013.447	1013.403	1013.492	1013.501	1013.528	1013.45	1013.45	1013.525	1013.57	1013.533	1013.512	1013.552	1013.577	1013.496	1013.616	1013.558	1013.552	1013.595	1013.611	1013.61	1013.613	1013.615	1013.637	1013.615	1013.634	1013.625	1013.639	1013.668	1013.651	1013.671	1013.705	1013.636	1013.752	1013.733	1013.73	1013.726	1013.723	1013.761	1013.713	1013.746	1013.736	1013.785	1013.74	1013.778	1013.767	1013.737	1013.836	1013.813	1013.849	1013.759	1013.815	1013.865	1013.861	1013.875	1013.877	1013.853	1013.952	1013.793	1014.028	1013.905	1013.984	1013.947	1013.919	1013.96	1013.968	1013.975	1014.02	1013.959	1013.972	1014.03	1014.005	1014.005	1014.04	1014.021	1014.044	1014.05	1014.028	1014.088	1014.09	1014.084	1014.076	1014.059	1014.072	1014.13	1014.098	1014.132	1014.131	1014.101	1014.119	1014.136	1014.162	1014.218	1014.155	1014.206
1013.363	1013.394	1013.357	1013.419	1013.464	1013.4	1013.349	1013.356	1013.354	1013.357	1013.429	1013.462	1013.414	1013.42	1013.463	1013.489	1013.453	1013.385	1013.425	1013.495	1013.472	1013.472	1013.484	1013.487	1013.498	1013.502	1013.502	1013.555	1013.456	1013.475	1013.502	1013.494	1013.455	1013.51	1013.629	1013.629	1013.5	1013.499	1013.534	1013.529	1013.641	1013.55	1013.504	1013.614	1013.642	1013.621	1013.533	1013.575	1013.658	1013.673	1013.601	1013.555	1013.604	1013.67	1013.635	1013.615	1013.645	1013.68	1013.644	1013.698	1013.724	1013.67	1013.679	1013.725	1013.729	1013.717	1013.756	1013.766	1013.753	1013.764	1013.787	1013.778	1013.793	1013.836	1013.773	1013.843	1013.758	1013.788	1013.843	1013.818	1013.819	1013.858	1013.913	1013.867	1013.883	1013.885	1013.913	1013.918	1013.946	1013.995	1013.825	1014.032	1014.001	1013.986	1014.012	1013.966	1014.016	1014.049	1013.95	1014.111	1014.065	1014.012	1014.063	1014.051	1014.055	1014.092	1014.099	1014.064	1014.098	1014.073	1014.124	1014.109	1014.133	1014.131	1014.134	1014.156	1014.15	1014.13	1014.219	1014.149	1014.151	1014.168	1014.167	1014.213	1014.241	1014.193	1014.261	1014.16	1014.258	1014.218	1014.259	1014.298	1014.269	1014.245	1014.277	1014.225	1014.334
1013.566	1013.511	1013.567	1013.517	1013.475	1013.519	1013.541	1013.526	1013.596	1013.588	1013.53	1013.481	1013.511	1013.563	1013.526	1013.521	1013.559	1013.562	1013.607	1013.572	1013.582	1013.553	1013.599	1013.584	1013.572	1013.595	1013.591	1013.553	1013.624	1013.634	1013.657	1013.592	1013.672	1013.66	1013.561	1013.574	1013.692	1013.676	1013.753	1013.628	1013.67	1013.653	1013.698	1013.759	1013.635	1013.668	1013.742	1013.731	1013.7	1013.707	1013.727	1013.79	1013.817	1013.744	1013.717	1013.824	1013.807	1013.761	1013.833	1013.838	1013.797	1013.81	1013.888	1013.815	1013.87	1013.855	1013.87	1013.847	1013.886	1013.885	1013.86	1013.926	1013.882	1013.939	1013.945	1013.937	1014.002	1014.012	1013.968	1013.95	1014.012	1013.977	1013.993	1013.989	1014.026	1014.019	1014.031	1014.034	1014.03	1014.052	1014.106	1014.044	1014.067	1014.064	1014.107	1014.092	1014.077	1014.097	1014.126	1014.081	1014.133	1014.154	1014.174	1014.152	1014.163	1014.161	1014.142	1014.175	1014.23	1014.14	1014.238	1014.205	1014.189	1014.223	1014.222	1014.207	1014.257	1014.27	1014.209	1014.319	1014.272	1014.313	1014.29	1014.275	1014.297	1014.289	1014.329	1014.306	1014.353	1014.328	1014.335	1014.34	1014.368	1014.402	1014.388	1014.451	1014.382
1013.637	1013.554	1013.64	1013.654	1013.611	1013.615	1013.625	1013.589	1013.596	1013.569	1013.635	1013.671	1013.628	1013.661	1013.681	1013.683	1013.673	1013.668	1013.701	1013.609	1013.726	1013.693	1013.704	1013.727	1013.724	1013.725	1013.733	1013.714	1013.795	1013.674	1013.772	1013.729	1013.663	1013.672	1013.793	1013.887	1013.803	1013.668	1013.792	1013.826	1013.818	1013.829	1013.846	1013.817	1013.788	1013.89	1013.782	1013.861	1013.853	1013.871	1013.853	1013.866	1013.859	1013.845	1013.931	1013.851	1013.891	1013.948	1013.951	1013.938	1013.931	1013.948	1013.924	1013.924	1014.022	1013.94	1014.039	1013.984	1014.011	1014.015	1014.004	1014.057	1014.014	1014.05	1014.052	1014.054	1014.064	1014.046	1014.035	1014.074	1014.088	1014.068	1014.129	1014.108	1014.109	1014.113	1014.115	1014.136	1014.147	1014.116	1014.21	1014.118	1014.208	1014.182	1014.177	1014.259	1014.245	1014.193	1014.267	1014.202	1014.281	1014.246	1014.231	1014.245	1014.255	1014.259	1014.284	1014.317	1014.284	1014.316	1014.3	1014.338	1014.336	1014.314	1014.322	1014.343	1014.328	1014.407	1014.323	1014.421	1014.331	1014.393	1014.422	1014.416	1014.433	1014.434	1014.445	1014.446	1014.452	1014.464	1014.494	1014.457	1014.479	1014.503	1014.438	1014.543	1014.458
1013.781	1013.772	1013.726	1013.747	1013.795	1013.764	1013.752	1013.752	1013.792	1013.813	1013.766	1013.743	1013.742	1013.749	1013.778	1013.802	1013.786	1013.769	1013.805	1013.809	1013.806	1013.801	1013.814	1013.837	1013.822	1013.812	1013.856	1013.83	1013.869	1013.866	1013.874	1013.931	1013.862	1013.861	1013.975	1013.852	1013.828	1013.96	1013.886	1013.92	1013.904	1013.914	1013.942	1013.938	1013.947	1013.955	1013.89	1014.013	1013.972	1014.01	1013.991	1014.024	1014.056	1014	1014.031	1014.002	1014.058	1014.057	1014.036	1014.044	1014.052	1014.042	1014.073	1014.098	1014.11	1014.046	1014.125	1014.104	1014.117	1014.137	1014.137	1014.137	1014.119	1014.173	1014.123	1014.167	1014.156	1014.16	1014.183	1014.203	1014.187	1014.219	1014.199	1014.213	1014.204	1014.271	1014.246	1014.231	1014.24	1014.227	1014.252	1014.268	1014.261	1014.302	1014.267	1014.323	1014.35	1014.339	1014.35	1014.311	1014.375	1014.318	1014.356	1014.349	1014.363	1014.365	1014.383	1014.397	1014.361	1014.454	1014.398	1014.42	1014.455	1014.424	1014.46	1014.501	1014.419	1014.504	1014.442	1014.513	1014.479	1014.488	1014.511	1014.524	1014.549	1014.533	1014.565	1014.534	1014.599	1014.556	1014.595	1014.574	1014.575	1014.581	1014.585	1014.645	1014.612
1013.938	1013.84	1013.861	1013.847	1013.887	1013.922	1013.911	1013.854	1013.846	1013.912	1013.865	1013.876	1013.919	1013.915	1013.86	1013.882	1013.952	1013.977	1013.904	1013.973	1013.898	1013.983	1013.97	1013.947	1013.934	1013.937	1013.953	1013.977	1013.931	1014.033	1013.938	1013.992	1014.017	1014.016	1014.06	1014.016	1014.004	1014.065	1013.986	1014.053	1014.043	1014.058	1014.078	1014.053	1014.041	1014.065	1014.101	1014.112	1014.065	1014.1	1014.093	1014.126	1014.136	1014.086	1014.13	1014.14	1014.15	1014.148	1014.142	1014.139	1014.149	1014.171	1014.214	1014.17	1014.18	1014.198	1014.172	1014.18	1014.193	1014.215	1014.238	1014.249	1014.229	1014.275	1014.228	1014.27	1014.261	1014.262	1014.283	1014.298	1014.307	1014.332	1014.264	1014.348	1014.294	1014.35	1014.395	1014.379	1014.38	1014.394	1014.348	1014.446	1014.343	1014.411	1014.399	1014.373	1014.4	1014.431	1014.428	1014.434	1014.472	1014.437	1014.485	1014.463	1014.527	1014.525	1014.484	1014.508	1014.504	1014.503	1014.535	1014.509	1014.552	1014.577	1014.614	1014.614	1014.573	1014.617	1014.564	1014.614	1014.602	1014.623	1014.631	1014.645	1014.649	1014.619	1014.708	1014.615	1014.728	1014.68	1014.71	1014.724	1014.728	1014.735	1014.757	1014.73	1014.75
1014.045	1013.91	1014.04	1014.002	1014.011	1014.046	1014.016	1013.959	1013.97	1014.015	1014.004	1014.031	1014.036	1014.042	1013.992	1013.988	1014.049	1014.089	1014.006	1014.092	1014.032	1014.1	1014.077	1014.058	1014.089	1014.095	1014.066	1014.131	1014.039	1014.108	1014.052	1014.09	1014.117	1014.096	1014.141	1014.164	1014.127	1014.095	1014.151	1014.19	1014.148	1014.16	1014.168	1014.138	1014.161	1014.193	1014.194	1014.181	1014.18	1014.181	1014.172	1014.184	1014.191	1014.208	1014.252	1014.234	1014.241	1014.259	1014.253	1014.247	1014.294	1014.315	1014.319	1014.287	1014.292	1014.331	1014.272	1014.331	1014.341	1014.33	1014.354	1014.366	1014.349	1014.364	1014.373	1014.382	1014.393	1014.39	1014.4	1014.414	1014.406	1014.404	1014.408	1014.436	1014.407	1014.401	1014.453	1014.456	1014.451	1014.512	1014.444	1014.542	1014.497	1014.533	1014.513	1014.484	1014.501	1014.534	1014.545	1014.568	1014.575	1014.569	1014.599	1014.594	1014.66	1014.663	1014.62	1014.629	1014.653	1014.588	1014.684	1014.637	1014.65	1014.68	1014.684	1014.68	1014.698	1014.701	1014.697	1014.749	1014.713	1014.754	1014.763	1014.778	1014.782	1014.734	1014.831	1014.746	1014.82	1014.8	1014.816	1014.835	1014.844	1014.851	1014.875	1014.841	1014.889
1014.131	1014.118	1014.166	1014.11	1014.13	1014.137	1014.104	1014.089	1014.172	1014.162	1014.136	1014.128	1014.128	1014.163	1014.137	1014.133	1014.131	1014.151	1014.138	1014.189	1014.164	1014.16	1014.148	1014.157	1014.191	1014.233	1014.187	1014.229	1014.2	1014.187	1014.222	1014.244	1014.242	1014.222	1014.213	1014.197	1014.222	1014.246	1014.327	1014.262	1014.217	1014.256	1014.263	1014.241	1014.303	1014.308	1014.263	1014.296	1014.335	1014.28	1014.336	1014.349	1014.319	1014.372	1014.359	1014.34	1014.389	1014.373	1014.337	1014.361	1014.407	1014.413	1014.371	1014.448	1014.399	1014.407	1014.419	1014.478	1014.451	1014.439	1014.442	1014.434	1014.479	1014.45	1014.499	1014.472	1014.51	1014.509	1014.519	1014.561	1014.525	1014.505	1014.613	1014.482	1014.608	1014.569	1014.57	1014.571	1014.542	1014.6	1014.572	1014.592	1014.649	1014.645	1014.606	1014.639	1014.658	1014.654	1014.686	1014.677	1014.68	1014.691	1014.682	1014.711	1014.693	1014.695	1014.746	1014.723	1014.765	1014.765	1014.792	1014.79	1014.786	1014.781	1014.787	1014.788	1014.808	1014.799	1014.828	1014.887	1014.843	1014.892	1014.872	1014.885	1014.937	1014.895	1014.924	1014.924	1014.925	1014.934	1014.947	1014.945	1014.952	1014.958	1014.97	1014.994	1015.01
1014.209	1014.277	1014.207	1014.181	1014.206	1014.236	1014.252	1014.227	1014.206	1014.187	1014.233	1014.227	1014.347	1014.303	1014.222	1014.244	1014.299	1014.305	1014.311	1014.215	1014.3	1014.281	1014.312	1014.292	1014.274	1014.313	1014.348	1014.265	1014.372	1014.322	1014.306	1014.309	1014.324	1014.338	1014.352	1014.312	1014.41	1014.369	1014.32	1014.332	1014.381	1014.405	1014.412	1014.388	1014.36	1014.386	1014.489	1014.424	1014.383	1014.4	1014.481	1014.474	1014.421	1014.454	1014.424	1014.498	1014.478	1014.432	1014.498	1014.503	1014.498	1014.498	1014.462	1014.549	1014.473	1014.561	1014.579	1014.559	1014.546	1014.563	1014.578	1014.534	1014.634	1014.541	1014.617	1014.587	1014.604	1014.59	1014.579	1014.621	1014.655	1014.614	1014.76	1014.589	1014.785	1014.684	1014.677	1014.708	1014.702	1014.699	1014.758	1014.748	1014.704	1014.767	1014.763	1014.786	1014.793	1014.791	1014.844	1014.787	1014.817	1014.866	1014.786	1014.863	1014.808	1014.811	1014.901	1014.868	1014.901	1014.92	1014.861	1014.943	1014.931	1014.912	1014.934	1014.958	1014.938	1015	1014.945	1014.962	1014.986	1014.996	1014.988	1014.994	1015.02	1015.048	1015.02	1015.084	1015.066	1015.077	1015.09	1015.08	1015.092	1015.112	1015.101	1015.129	1015.096
1014.278	1014.336	1014.427	1014.474	1014.344	1014.34	1014.381	1014.384	1014.409	1014.438	1014.452	1014.298	1014.298	1014.36	1014.383	1014.417	1014.412	1014.327	1014.421	1014.363	1014.484	1014.404	1014.379	1014.409	1014.41	1014.397	1014.436	1014.384	1014.436	1014.397	1014.444	1014.51	1014.49	1014.443	1014.448	1014.479	1014.456	1014.423	1014.556	1014.564	1014.463	1014.443	1014.488	1014.535	1014.548	1014.528	1014.513	1014.447	1014.564	1014.609	1014.567	1014.529	1014.555	1014.616	1014.596	1014.601	1014.568	1014.606	1014.648	1014.613	1014.614	1014.657	1014.65	1014.639	1014.637	1014.705	1014.609	1014.7	1014.697	1014.672	1014.693	1014.684	1014.735	1014.685	1014.762	1014.749	1014.736	1014.787	1014.782	1014.755	1014.812	1014.698	1014.796	1014.8	1014.793	1014.776	1014.826	1014.849	1014.843	1014.827	1014.764	1014.92	1014.85	1014.896	1014.876	1014.873	1014.894	1014.904	1014.909	1014.946	1014.912	1014.978	1014.942	1014.986	1015.006	1014.997	1014.982	1014.98	1015.011	1014.979	1015.062	1015.027	1015.026	1015.037	1015.055	1015.07	1015.039	1015.118	1015.075	1015.146	1015.146	1015.068	1015.131	1015.157	1015.127	1015.195	1015.185	1015.164	1015.169	1015.188	1015.222	1015.23	1015.232	1015.238	1015.251	1015.288	1015.26
1014.57	1014.627	1014.368	1014.411	1014.457	1014.523	1014.497	1014.448	1014.491	1014.388	1014.366	1014.586	1014.521	1014.548	1014.494	1014.47	1014.515	1014.527	1014.576	1014.499	1014.465	1014.53	1014.536	1014.557	1014.566	1014.53	1014.516	1014.603	1014.559	1014.582	1014.555	1014.512	1014.555	1014.59	1014.586	1014.604	1014.592	1014.692	1014.585	1014.528	1014.598	1014.713	1014.685	1014.589	1014.628	1014.646	1014.667	1014.742	1014.655	1014.616	1014.654	1014.722	1014.714	1014.635	1014.692	1014.67	1014.754	1014.736	1014.69	1014.738	1014.769	1014.728	1014.715	1014.79	1014.758	1014.796	1014.764	1014.821	1014.784	1014.778	1014.844	1014.836	1014.81	1014.897	1014.8	1014.882	1014.834	1014.853	1014.865	1014.84	1014.896	1014.948	1014.898	1014.943	1014.909	1014.964	1014.96	1014.903	1014.952	1015.09	1014.959	1015.029	1014.976	1015.001	1015.019	1015.046	1015.082	1015.067	1015.027	1015.124	1015.044	1015.072	1015.154	1015.082	1015.092	1015.126	1015.133	1015.179	1015.201	1015.084	1015.234	1015.118	1015.197	1015.211	1015.199	1015.247	1015.263	1015.209	1015.247	1015.214	1015.276	1015.287	1015.305	1015.301	1015.291	1015.319	1015.314	1015.365	1015.398	1015.373	1015.363	1015.371	1015.391	1015.402	1015.405	1015.431	1015.371
1014.346	1014.703	1014.618	1014.697	1014.621	1014.602	1014.621	1014.632	1014.645	1014.707	1014.64	1014.599	1014.562	1014.62	1014.621	1014.63	1014.662	1014.627	1014.553	1014.688	1014.661	1014.677	1014.675	1014.632	1014.655	1014.698	1014.656	1014.677	1014.62	1014.693	1014.717	1014.704	1014.725	1014.715	1014.699	1014.734	1014.696	1014.742	1014.688	1014.811	1014.737	1014.713	1014.736	1014.771	1014.803	1014.778	1014.75	1014.775	1014.758	1014.865	1014.845	1014.794	1014.795	1014.823	1014.923	1014.817	1014.843	1014.842	1014.891	1014.895	1014.876	1014.873	1014.905	1014.923	1014.858	1014.917	1014.944	1014.884	1014.917	1014.946	1014.935	1014.948	1014.929	1015.035	1014.923	1015.028	1015.026	1015.01	1015.056	1015.075	1015.006	1015.05	1015.015	1015.051	1015.074	1015.034	1015.076	1015.13	1015.129	1015.062	1015.112	1015.14	1015.146	1015.16	1015.171	1015.153	1015.142	1015.164	1015.198	1015.159	1015.253	1015.195	1015.226	1015.263	1015.268	1015.282	1015.284	1015.242	1015.268	1015.29	1015.308	1015.304	1015.341	1015.336	1015.318	1015.346	1015.353	1015.35	1015.464	1015.373	1015.399	1015.433	1015.408	1015.437	1015.495	1015.469	1015.48	1015.488	1015.445	1015.492	1015.538	1015.541	1015.548	1015.566	1015.556	1015.564	1015.635
1014.671	1014.839	1014.679	1014.699	1014.706	1014.716	1014.752	1014.75	1014.685	1014.743	1014.727	1014.726	1014.82	1014.779	1014.783	1014.782	1014.751	1014.759	1014.779	1014.787	1014.783	1014.719	1014.781	1014.822	1014.824	1014.799	1014.783	1014.828	1014.859	1014.814	1014.796	1014.821	1014.822	1014.808	1014.831	1014.867	1014.828	1014.906	1014.845	1014.847	1014.84	1014.904	1014.939	1014.892	1014.846	1014.917	1014.915	1014.934	1014.91	1014.953	1014.91	1014.904	1014.979	1014.972	1014.944	1014.93	1015.018	1014.951	1015.009	1014.967	1014.959	1015.026	1015.015	1014.996	1015.096	1015.011	1015.08	1015.027	1015.088	1015.092	1015.052	1015.157	1015.069	1015.102	1015.128	1015.047	1015.114	1015.118	1015.135	1015.161	1015.167	1015.178	1015.208	1015.184	1015.221	1015.212	1015.176	1015.218	1015.264	1015.224	1015.324	1015.222	1015.298	1015.26	1015.284	1015.357	1015.351	1015.329	1015.382	1015.293	1015.388	1015.372	1015.355	1015.408	1015.377	1015.382	1015.446	1015.456	1015.453	1015.488	1015.431	1015.526	1015.474	1015.52	1015.542	1015.527	1015.518	1015.537	1015.485	1015.579	1015.553	1015.592	1015.623	1015.644	1015.62	1015.583	1015.684	1015.66	1015.694	1015.673	1015.686	1015.7	1015.707	1015.728	1015.767	1015.722	1015.764
1014.874	1014.887	1014.917	1014.878	1014.93	1014.91	1014.83	1014.796	1014.89	1014.892	1014.892	1014.876	1014.93	1014.856	1014.874	1014.923	1014.904	1014.911	1014.929	1014.849	1014.948	1014.923	1014.863	1014.914	1014.921	1014.901	1014.942	1014.914	1014.948	1014.955	1014.96	1014.922	1014.947	1014.987	1015.015	1014.986	1014.985	1015.003	1015.01	1014.982	1015.056	1015.07	1015.009	1014.959	1015.027	1015.072	1015.013	1015.078	1015.046	1015.063	1015.054	1015.052	1015.073	1015.084	1015.144	1015.092	1015.133	1015.087	1015.128	1015.123	1015.114	1015.139	1015.155	1015.15	1015.234	1015.114	1015.227	1015.167	1015.215	1015.255	1015.26	1015.263	1015.216	1015.232	1015.289	1015.239	1015.27	1015.291	1015.276	1015.289	1015.326	1015.297	1015.337	1015.348	1015.324	1015.432	1015.381	1015.346	1015.379	1015.366	1015.411	1015.357	1015.454	1015.433	1015.421	1015.475	1015.47	1015.468	1015.507	1015.519	1015.495	1015.515	1015.527	1015.499	1015.516	1015.535	1015.565	1015.585	1015.555	1015.641	1015.576	1015.666	1015.653	1015.673	1015.651	1015.618	1015.689	1015.741	1015.655	1015.763	1015.716	1015.758	1015.777	1015.787	1015.777	1015.799	1015.836	1015.773	1015.857	1015.833	1015.866	1015.883	1015.876	1015.887	1015.93	1015.908	1015.95
1015.066	1014.931	1015.059	1015.005	1015.024	1015.09	1015.011	1014.978	1015.044	1014.995	1015.057	1015.005	1015.018	1015	1014.971	1015.016	1015.035	1015.032	1015.053	1015.064	1015.054	1015.072	1015.025	1015.078	1015.085	1015.051	1015.081	1015.063	1015.095	1015.08	1015.108	1015.084	1015.08	1015.116	1015.108	1015.085	1015.148	1015.07	1015.163	1015.129	1015.183	1015.148	1015.084	1015.159	1015.19	1015.19	1015.165	1015.209	1015.199	1015.213	1015.186	1015.18	1015.228	1015.259	1015.271	1015.212	1015.245	1015.302	1015.292	1015.303	1015.294	1015.29	1015.337	1015.285	1015.33	1015.293	1015.321	1015.299	1015.313	1015.358	1015.355	1015.335	1015.394	1015.41	1015.376	1015.454	1015.439	1015.436	1015.424	1015.418	1015.427	1015.464	1015.439	1015.527	1015.466	1015.536	1015.557	1015.52	1015.548	1015.53	1015.559	1015.588	1015.578	1015.583	1015.591	1015.556	1015.553	1015.621	1015.617	1015.679	1015.649	1015.665	1015.721	1015.677	1015.733	1015.755	1015.73	1015.781	1015.724	1015.812	1015.769	1015.771	1015.785	1015.798	1015.775	1015.827	1015.879	1015.863	1015.883	1015.916	1015.909	1015.946	1015.914	1015.925	1015.955	1015.955	1016	1015.997	1016.017	1016.018	1016.036	1016.009	1016.005	1016.047	1016.064	1016.068	1016.091
1015.203	1015.125	1015.136	1015.134	1015.121	1015.191	1015.169	1015.137	1015.164	1015.132	1015.18	1015.164	1015.163	1015.171	1015.136	1015.15	1015.171	1015.167	1015.151	1015.262	1015.138	1015.193	1015.171	1015.223	1015.23	1015.196	1015.21	1015.212	1015.259	1015.217	1015.231	1015.249	1015.245	1015.279	1015.269	1015.228	1015.305	1015.208	1015.319	1015.261	1015.33	1015.292	1015.262	1015.339	1015.307	1015.343	1015.346	1015.334	1015.337	1015.354	1015.325	1015.35	1015.4	1015.38	1015.326	1015.431	1015.35	1015.45	1015.398	1015.408	1015.446	1015.437	1015.477	1015.421	1015.457	1015.503	1015.453	1015.527	1015.541	1015.494	1015.496	1015.484	1015.528	1015.567	1015.506	1015.612	1015.585	1015.579	1015.595	1015.591	1015.585	1015.672	1015.577	1015.656	1015.629	1015.661	1015.68	1015.646	1015.673	1015.699	1015.718	1015.739	1015.735	1015.738	1015.779	1015.739	1015.721	1015.793	1015.768	1015.818	1015.84	1015.813	1015.879	1015.861	1015.922	1015.931	1015.905	1015.965	1015.905	1015.962	1015.968	1015.95	1015.987	1015.994	1015.96	1016.014	1016.039	1016.012	1016.065	1016.031	1016.058	1016.06	1016.037	1016.072	1016.095	1016.085	1016.128	1016.141	1016.135	1016.144	1016.17	1016.14	1016.155	1016.198	1016.186	1016.205	1016.209
1015.257	1015.423	1015.255	1015.333	1015.318	1015.308	1015.281	1015.273	1015.313	1015.331	1015.279	1015.328	1015.326	1015.291	1015.346	1015.357	1015.321	1015.342	1015.276	1015.356	1015.294	1015.369	1015.322	1015.344	1015.349	1015.352	1015.363	1015.329	1015.35	1015.376	1015.355	1015.391	1015.37	1015.403	1015.443	1015.373	1015.425	1015.389	1015.449	1015.385	1015.496	1015.445	1015.411	1015.478	1015.441	1015.507	1015.448	1015.474	1015.492	1015.503	1015.531	1015.557	1015.578	1015.541	1015.462	1015.671	1015.472	1015.583	1015.545	1015.547	1015.585	1015.585	1015.586	1015.589	1015.606	1015.646	1015.617	1015.728	1015.69	1015.642	1015.651	1015.687	1015.644	1015.696	1015.719	1015.682	1015.693	1015.716	1015.736	1015.788	1015.775	1015.817	1015.778	1015.777	1015.797	1015.839	1015.856	1015.817	1015.796	1015.863	1015.876	1015.822	1015.953	1015.902	1015.93	1015.976	1015.956	1015.967	1015.997	1015.982	1016.013	1015.987	1016.013	1016.021	1016.026	1016.031	1016.029	1016.049	1016.061	1016.08	1016.097	1016.116	1016.135	1016.154	1016.129	1016.11	1016.157	1016.169	1016.179	1016.154	1016.204	1016.174	1016.203	1016.243	1016.246	1016.249	1016.255	1016.229	1016.266	1016.256	1016.287	1016.298	1016.313	1016.323	1016.303	1016.344	1016.302
1015.313	1015.608	1015.407	1015.443	1015.418	1015.412	1015.432	1015.447	1015.414	1015.445	1015.427	1015.418	1015.45	1015.419	1015.529	1015.528	1015.416	1015.478	1015.46	1015.504	1015.478	1015.472	1015.464	1015.508	1015.507	1015.507	1015.555	1015.529	1015.472	1015.56	1015.503	1015.547	1015.512	1015.509	1015.537	1015.523	1015.582	1015.527	1015.601	1015.58	1015.599	1015.525	1015.543	1015.662	1015.668	1015.628	1015.548	1015.658	1015.647	1015.624	1015.674	1015.664	1015.633	1015.736	1015.651	1015.719	1015.64	1015.809	1015.739	1015.687	1015.71	1015.733	1015.733	1015.786	1015.743	1015.753	1015.816	1015.769	1015.787	1015.83	1015.823	1015.844	1015.877	1015.818	1015.916	1015.785	1015.883	1015.869	1015.857	1015.933	1015.961	1015.879	1016.012	1015.985	1015.941	1015.966	1016.007	1016.032	1016.035	1016.017	1016.068	1016.03	1016.071	1016.019	1016.043	1016.126	1016.129	1016.102	1016.165	1016.095	1016.126	1016.157	1016.142	1016.176	1016.166	1016.177	1016.199	1016.156	1016.253	1016.242	1016.22	1016.242	1016.22	1016.284	1016.304	1016.274	1016.289	1016.279	1016.297	1016.313	1016.358	1016.338	1016.371	1016.376	1016.35	1016.395	1016.385	1016.393	1016.447	1016.389	1016.429	1016.439	1016.453	1016.457	1016.452	1016.514	1016.382
1015.576	1015.621	1015.616	1015.668	1015.641	1015.651	1015.661	1015.655	1015.6	1015.548	1015.738	1015.565	1015.677	1015.59	1015.573	1015.583	1015.599	1015.665	1015.583	1015.646	1015.608	1015.627	1015.681	1015.667	1015.632	1015.616	1015.601	1015.685	1015.643	1015.684	1015.628	1015.693	1015.698	1015.704	1015.712	1015.702	1015.78	1015.646	1015.702	1015.678	1015.725	1015.77	1015.79	1015.758	1015.675	1015.752	1015.872	1015.784	1015.806	1015.78	1015.818	1015.84	1015.827	1015.865	1015.776	1015.868	1015.931	1015.86	1015.839	1015.887	1015.935	1015.939	1015.901	1015.874	1015.985	1015.921	1015.987	1015.924	1015.955	1015.995	1015.972	1015.976	1016.094	1015.911	1016.061	1016.04	1016.065	1016.068	1016.067	1016.073	1016.084	1016.102	1016.084	1016.05	1016.124	1016.151	1016.129	1016.141	1016.176	1016.134	1016.188	1016.219	1016.126	1016.241	1016.223	1016.209	1016.209	1016.214	1016.24	1016.24	1016.284	1016.29	1016.27	1016.32	1016.307	1016.312	1016.346	1016.329	1016.351	1016.311	1016.358	1016.409	1016.387	1016.39	1016.384	1016.398	1016.449	1016.407	1016.507	1016.435	1016.452	1016.466	1016.476	1016.499	1016.515	1016.508	1016.488	1016.543	1016.503	1016.521	1016.593	1016.559	1016.583	1016.627	1016.555	1016.662	1016.598
1016.023	1015.717	1015.789	1015.742	1015.731	1015.742	1015.691	1015.725	1015.885	1015.695	1015.841	1015.642	1015.763	1015.765	1015.799	1015.828	1015.793	1015.764	1015.746	1015.825	1015.791	1015.799	1015.777	1015.715	1015.784	1015.896	1015.823	1015.835	1015.755	1015.853	1015.859	1015.852	1015.803	1015.816	1015.846	1015.786	1015.847	1015.875	1015.958	1015.91	1015.901	1015.87	1015.851	1015.929	1016.032	1015.936	1015.937	1015.826	1016.006	1015.997	1015.941	1015.956	1015.964	1015.936	1016.043	1016.009	1015.974	1015.994	1016.051	1016.052	1016.004	1016.021	1016.111	1016.04	1016.15	1016.041	1016.071	1016.132	1016.096	1016.093	1016.143	1016.134	1016.126	1016.149	1016.178	1016.15	1016.131	1016.17	1016.208	1016.186	1016.16	1016.272	1016.203	1016.293	1016.233	1016.259	1016.287	1016.286	1016.315	1016.361	1016.273	1016.381	1016.33	1016.356	1016.346	1016.36	1016.407	1016.415	1016.382	1016.444	1016.381	1016.41	1016.438	1016.445	1016.461	1016.464	1016.465	1016.491	1016.494	1016.547	1016.542	1016.476	1016.525	1016.57	1016.565	1016.564	1016.589	1016.542	1016.622	1016.572	1016.65	1016.655	1016.62	1016.629	1016.658	1016.652	1016.703	1016.697	1016.718	1016.709	1016.731	1016.696	1016.711	1016.753	1016.708	1016.746	1016.801
1015.806	1015.886	1016.037	1015.977	1015.94	1016.017	1016.007	1015.954	1015.958	1015.835	1016.014	1015.986	1016.003	1015.91	1015.931	1015.916	1015.875	1015.968	1016.008	1015.913	1015.95	1015.912	1016.004	1016.002	1015.948	1015.911	1015.903	1016.016	1015.954	1015.989	1015.929	1016.006	1016.004	1016.004	1016.021	1016.034	1016.066	1015.999	1015.965	1016.01	1016.038	1016.072	1016.064	1016.056	1016.057	1015.95	1016.145	1016.151	1016.093	1016.09	1016.099	1016.14	1016.148	1016.123	1016.176	1016.093	1016.176	1016.209	1016.134	1016.161	1016.202	1016.209	1016.224	1016.19	1016.198	1016.282	1016.236	1016.241	1016.241	1016.25	1016.275	1016.27	1016.237	1016.361	1016.24	1016.314	1016.373	1016.336	1016.335	1016.373	1016.365	1016.386	1016.303	1016.458	1016.382	1016.389	1016.442	1016.417	1016.401	1016.474	1016.438	1016.478	1016.499	1016.465	1016.518	1016.519	1016.5	1016.5	1016.517	1016.55	1016.535	1016.588	1016.598	1016.546	1016.588	1016.611	1016.597	1016.639	1016.615	1016.629	1016.646	1016.68	1016.668	1016.675	1016.696	1016.717	1016.72	1016.752	1016.734	1016.762	1016.748	1016.75	1016.778	1016.806	1016.795	1016.796	1016.861	1016.74	1016.895	1016.827	1016.837	1016.888	1016.866	1016.847	1016.953	1016.885	1016.928
1016.129	1016.183	1016.051	1016.181	1016.092	1016.03	1016.035	1016.081	1016.064	1016.117	1016.099	1016.029	1016.1	1016.072	1016.096	1016.102	1016.101	1016.131	1016.075	1016.06	1016.157	1016.077	1016.09	1016.078	1016.073	1016.138	1016.167	1016.125	1016.061	1016.168	1016.121	1016.153	1016.137	1016.125	1016.121	1016.125	1016.135	1016.186	1016.181	1016.224	1016.17	1016.186	1016.197	1016.186	1016.191	1016.245	1016.206	1016.202	1016.229	1016.257	1016.246	1016.243	1016.255	1016.289	1016.262	1016.311	1016.294	1016.272	1016.269	1016.311	1016.34	1016.308	1016.268	1016.396	1016.321	1016.374	1016.38	1016.364	1016.426	1016.428	1016.392	1016.435	1016.412	1016.432	1016.432	1016.422	1016.46	1016.486	1016.498	1016.491	1016.465	1016.546	1016.539	1016.512	1016.607	1016.576	1016.543	1016.553	1016.591	1016.559	1016.641	1016.594	1016.643	1016.649	1016.668	1016.657	1016.655	1016.705	1016.733	1016.686	1016.747	1016.69	1016.744	1016.739	1016.747	1016.755	1016.766	1016.802	1016.786	1016.844	1016.789	1016.854	1016.84	1016.843	1016.87	1016.867	1016.844	1016.921	1016.85	1016.945	1016.908	1016.939	1016.923	1016.933	1016.969	1016.978	1017.022	1016.992	1017.024	1017.066	1017.025	1017.052	1017.037	1017.017	1017.087	1017.035	1017.125
1016.159	1016.366	1016.189	1016.294	1016.294	1016.245	1016.257	1016.28	1016.21	1016.237	1016.216	1016.288	1016.266	1016.26	1016.251	1016.23	1016.242	1016.24	1016.263	1016.263	1016.208	1016.223	1016.293	1016.264	1016.236	1016.283	1016.242	1016.258	1016.255	1016.256	1016.251	1016.256	1016.257	1016.294	1016.301	1016.31	1016.288	1016.337	1016.25	1016.32	1016.371	1016.352	1016.363	1016.373	1016.33	1016.367	1016.311	1016.407	1016.406	1016.321	1016.352	1016.404	1016.42	1016.438	1016.388	1016.469	1016.41	1016.433	1016.513	1016.493	1016.479	1016.491	1016.455	1016.506	1016.488	1016.491	1016.54	1016.513	1016.556	1016.572	1016.569	1016.588	1016.576	1016.562	1016.634	1016.611	1016.606	1016.637	1016.637	1016.609	1016.65	1016.634	1016.727	1016.674	1016.714	1016.742	1016.702	1016.745	1016.785	1016.707	1016.819	1016.728	1016.812	1016.793	1016.79	1016.807	1016.813	1016.83	1016.852	1016.827	1016.918	1016.856	1016.907	1016.873	1016.892	1016.925	1016.942	1016.94	1016.915	1017.005	1016.962	1016.985	1017.011	1017.01	1017.027	1017.023	1017.03	1017.082	1017.015	1017.11	1017.052	1017.145	1017.114	1017.114	1017.165	1017.115	1017.1	1017.227	1017.094	1017.204	1017.177	1017.197	1017.258	1017.278	1017.25	1017.25	1017.276
1016.254	1016.505	1016.382	1016.416	1016.393	1016.407	1016.421	1016.421	1016.41	1016.404	1016.355	1016.45	1016.329	1016.37	1016.391	1016.368	1016.404	1016.386	1016.408	1016.389	1016.373	1016.375	1016.42	1016.423	1016.393	1016.418	1016.398	1016.42	1016.431	1016.385	1016.444	1016.431	1016.446	1016.481	1016.421	1016.436	1016.43	1016.473	1016.445	1016.425	1016.487	1016.453	1016.462	1016.513	1016.481	1016.508	1016.523	1016.534	1016.531	1016.482	1016.545	1016.593	1016.536	1016.547	1016.559	1016.578	1016.594	1016.554	1016.62	1016.679	1016.67	1016.658	1016.628	1016.626	1016.684	1016.654	1016.658	1016.662	1016.665	1016.683	1016.706	1016.694	1016.737	1016.753	1016.739	1016.786	1016.778	1016.776	1016.778	1016.805	1016.862	1016.777	1016.84	1016.866	1016.816	1016.871	1016.887	1016.926	1016.939	1016.908	1016.963	1016.888	1016.97	1016.956	1016.957	1016.964	1016.968	1016.992	1017.035	1017.003	1017.047	1017.021	1017.074	1017.043	1017.1	1017.132	1017.094	1017.107	1017.101	1017.117	1017.144	1017.155	1017.181	1017.156	1017.174	1017.207	1017.215	1017.241	1017.215	1017.289	1017.236	1017.301	1017.329	1017.327	1017.335	1017.32	1017.289	1017.392	1017.297	1017.353	1017.351	1017.373	1017.437	1017.404	1017.388	1017.443	1017.415
1016.525	1016.688	1016.465	1016.552	1016.549	1016.566	1016.566	1016.564	1016.572	1016.559	1016.509	1016.576	1016.479	1016.541	1016.561	1016.532	1016.567	1016.536	1016.571	1016.489	1016.592	1016.551	1016.552	1016.556	1016.507	1016.535	1016.559	1016.526	1016.581	1016.543	1016.61	1016.545	1016.561	1016.632	1016.565	1016.599	1016.603	1016.574	1016.661	1016.595	1016.632	1016.599	1016.585	1016.636	1016.642	1016.649	1016.695	1016.634	1016.664	1016.671	1016.731	1016.769	1016.709	1016.707	1016.757	1016.682	1016.776	1016.723	1016.729	1016.793	1016.739	1016.727	1016.81	1016.806	1016.819	1016.832	1016.807	1016.856	1016.857	1016.836	1016.858	1016.851	1016.89	1016.931	1016.875	1016.951	1016.898	1016.893	1016.971	1017.001	1017.015	1017.003	1016.967	1017.037	1016.981	1017.009	1017.028	1017.053	1017.066	1017.075	1017.076	1017.096	1017.109	1017.109	1017.136	1017.142	1017.179	1017.203	1017.191	1017.176	1017.206	1017.194	1017.235	1017.223	1017.288	1017.295	1017.256	1017.288	1017.305	1017.272	1017.332	1017.322	1017.357	1017.33	1017.356	1017.391	1017.381	1017.405	1017.413	1017.409	1017.425	1017.402	1017.431	1017.456	1017.462	1017.519	1017.518	1017.49	1017.573	1017.552	1017.565	1017.588	1017.608	1017.575	1017.585	1017.623	1017.581
1016.682	1016.932	1016.576	1016.754	1016.757	1016.725	1016.725	1016.725	1016.683	1016.694	1016.691	1016.731	1016.705	1016.723	1016.711	1016.681	1016.675	1016.65	1016.759	1016.636	1016.733	1016.679	1016.715	1016.726	1016.681	1016.676	1016.728	1016.659	1016.767	1016.706	1016.746	1016.67	1016.689	1016.759	1016.731	1016.759	1016.788	1016.714	1016.782	1016.76	1016.805	1016.801	1016.786	1016.778	1016.805	1016.785	1016.807	1016.815	1016.83	1016.804	1016.827	1016.862	1016.873	1016.85	1016.93	1016.868	1016.906	1016.94	1016.937	1016.94	1016.886	1016.857	1016.994	1016.983	1016.93	1017.006	1016.983	1017.039	1017.048	1017.025	1017.034	1017.06	1017.028	1017.068	1017.072	1017.102	1017.021	1017.048	1017.129	1017.17	1017.098	1017.208	1017.134	1017.174	1017.208	1017.192	1017.216	1017.241	1017.242	1017.249	1017.217	1017.314	1017.258	1017.291	1017.318	1017.302	1017.337	1017.371	1017.308	1017.341	1017.386	1017.372	1017.39	1017.388	1017.39	1017.401	1017.428	1017.443	1017.462	1017.479	1017.506	1017.487	1017.535	1017.519	1017.548	1017.587	1017.569	1017.586	1017.625	1017.54	1017.658	1017.586	1017.622	1017.648	1017.621	1017.67	1017.714	1017.635	1017.772	1017.701	1017.731	1017.725	1017.746	1017.769	1017.785	1017.802	1017.805
1016.53	1017.128	1016.862	1016.901	1016.859	1016.824	1016.825	1016.857	1016.842	1016.889	1016.873	1016.844	1016.813	1016.83	1016.874	1016.883	1016.866	1016.78	1016.899	1016.803	1016.864	1016.836	1016.844	1016.846	1016.859	1016.876	1016.887	1016.862	1016.947	1016.833	1016.916	1016.916	1016.882	1016.89	1016.862	1016.806	1016.903	1016.967	1016.899	1016.952	1016.93	1016.937	1016.961	1016.951	1016.984	1016.98	1016.969	1017.033	1016.907	1016.99	1017.037	1017.014	1017.003	1016.947	1017.043	1017.116	1017.034	1017.094	1017.077	1017.071	1017.1	1017.148	1017.13	1017.105	1017.152	1017.151	1017.119	1017.132	1017.183	1017.196	1017.186	1017.237	1017.206	1017.23	1017.239	1017.239	1017.305	1017.253	1017.237	1017.309	1017.289	1017.319	1017.313	1017.326	1017.39	1017.367	1017.408	1017.412	1017.389	1017.431	1017.422	1017.468	1017.431	1017.503	1017.482	1017.468	1017.483	1017.5	1017.515	1017.574	1017.503	1017.571	1017.576	1017.606	1017.587	1017.591	1017.651	1017.641	1017.652	1017.659	1017.664	1017.713	1017.708	1017.674	1017.686	1017.717	1017.742	1017.716	1017.861	1017.755	1017.846	1017.821	1017.835	1017.853	1017.86	1017.848	1017.903	1017.895	1017.924	1017.882	1017.958	1017.916	1017.932	1017.972	1017.923	1017.994	1018.04
1017.02	1017.165	1016.968	1017.042	1017.145	1017.133	1017.061	1017.026	1017.038	1017.016	1016.975	1017.058	1017.054	1017.066	1017.026	1016.968	1016.986	1017.013	1016.987	1017.001	1017.073	1017.032	1016.994	1016.991	1017.039	1017.054	1016.99	1016.99	1016.976	1017.038	1017.029	1017.006	1017.026	1017.085	1017.134	1017.12	1017.03	1017.112	1016.996	1017.106	1017.057	1017.071	1017.116	1017.11	1017.108	1017.162	1017.059	1017.177	1017.141	1017.239	1017.208	1017.131	1017.165	1017.27	1017.191	1017.206	1017.222	1017.232	1017.285	1017.28	1017.262	1017.275	1017.255	1017.338	1017.362	1017.206	1017.36	1017.343	1017.355	1017.365	1017.347	1017.376	1017.395	1017.392	1017.463	1017.371	1017.495	1017.487	1017.453	1017.491	1017.485	1017.435	1017.57	1017.523	1017.526	1017.519	1017.545	1017.549	1017.549	1017.621	1017.592	1017.603	1017.622	1017.633	1017.608	1017.652	1017.674	1017.655	1017.689	1017.706	1017.637	1017.844	1017.705	1017.774	1017.776	1017.746	1017.761	1017.781	1017.883	1017.818	1017.804	1017.859	1017.822	1017.903	1017.948	1017.927	1017.997	1017.858	1017.978	1017.962	1017.963	1018.037	1018.027	1018.008	1018.03	1018.035	1018.029	1018.065	1018.074	1018.077	1018.097	1018.101	1018.133	1018.16	1018.141	1018.152	1018.152
1017.403	1017.227	1017.233	1017.262	1017.162	1017.115	1017.163	1017.207	1017.199	1017.208	1017.216	1017.217	1017.111	1017.132	1017.187	1017.198	1017.208	1017.233	1017.157	1017.228	1017.096	1017.118	1017.213	1017.198	1017.157	1017.138	1017.161	1017.308	1017.116	1017.269	1017.189	1017.202	1017.26	1017.176	1017.106	1017.223	1017.171	1017.309	1017.242	1017.266	1017.278	1017.288	1017.288	1017.263	1017.256	1017.328	1017.283	1017.338	1017.319	1017.252	1017.302	1017.368	1017.364	1017.334	1017.343	1017.353	1017.452	1017.342	1017.379	1017.408	1017.409	1017.459	1017.515	1017.413	1017.455	1017.488	1017.544	1017.49	1017.483	1017.532	1017.557	1017.559	1017.586	1017.451	1017.632	1017.611	1017.554	1017.598	1017.645	1017.633	1017.645	1017.685	1017.682	1017.623	1017.743	1017.744	1017.744	1017.764	1017.77	1017.756	1017.749	1017.843	1017.801	1017.827	1017.844	1017.843	1017.857	1017.869	1017.871	1017.933	1017.888	1017.945	1017.877	1017.947	1017.953	1017.984	1018.039	1017.99	1017.976	1018.017	1018.055	1018.107	1018.054	1018.095	1018.07	1018.013	1018.124	1018.145	1018.143	1018.178	1018.143	1018.151	1018.171	1018.199	1018.222	1018.234	1018.239	1018.229	1018.248	1018.284	1018.261	1018.288	1018.285	1018.251	1018.298	1018.325	1018.207
1017.353	1017.346	1017.419	1017.438	1017.432	1017.44	1017.434	1017.389	1017.347	1017.394	1017.34	1017.34	1017.408	1017.362	1017.372	1017.349	1017.31	1017.303	1017.293	1017.365	1017.391	1017.377	1017.319	1017.295	1017.374	1017.418	1017.304	1017.346	1017.283	1017.342	1017.341	1017.34	1017.378	1017.408	1017.425	1017.447	1017.375	1017.397	1017.394	1017.383	1017.402	1017.392	1017.41	1017.445	1017.458	1017.402	1017.491	1017.388	1017.49	1017.513	1017.522	1017.522	1017.49	1017.481	1017.653	1017.51	1017.547	1017.577	1017.585	1017.615	1017.605	1017.604	1017.63	1017.596	1017.698	1017.697	1017.61	1017.724	1017.729	1017.711	1017.715	1017.679	1017.766	1017.806	1017.669	1017.799	1017.807	1017.827	1017.816	1017.803	1017.864	1017.859	1017.871	1017.911	1017.908	1017.87	1017.895	1017.923	1017.925	1017.967	1017.993	1017.98	1017.961	1017.983	1018.031	1018.001	1018.022	1018.071	1018.022	1018.08	1018.057	1018.061	1018.124	1018.132	1018.11	1018.103	1018.129	1018.154	1018.171	1018.234	1018.114	1018.187	1018.213	1018.224	1018.289	1018.325	1018.269	1018.257	1018.269	1018.272	1018.335	1018.323	1018.341	1018.351	1018.34	1018.345	1018.381	1018.409	1018.378	1018.42	1018.424	1018.443	1018.481	1018.48	1018.47	1018.563	1018.444
1017.668	1017.635	1017.629	1017.502	1017.544	1017.528	1017.505	1017.537	1017.591	1017.535	1017.564	1017.505	1017.541	1017.499	1017.507	1017.512	1017.543	1017.563	1017.555	1017.453	1017.496	1017.473	1017.51	1017.517	1017.536	1017.521	1017.509	1017.527	1017.578	1017.525	1017.563	1017.546	1017.481	1017.506	1017.526	1017.441	1017.572	1017.538	1017.573	1017.595	1017.595	1017.634	1017.627	1017.585	1017.627	1017.551	1017.711	1017.6	1017.623	1017.654	1017.602	1017.621	1017.72	1017.764	1017.701	1017.672	1017.722	1017.749	1017.729	1017.745	1017.764	1017.776	1017.764	1017.856	1017.756	1017.843	1017.856	1017.91	1017.836	1017.828	1017.95	1017.97	1017.855	1017.996	1017.895	1017.957	1017.953	1017.989	1018.003	1018.012	1018.058	1017.993	1018.063	1018.065	1018.054	1018.081	1018.105	1018.111	1018.102	1018.13	1018.13	1018.103	1018.208	1018.107	1018.178	1018.196	1018.211	1018.226	1018.207	1018.249	1018.253	1018.27	1018.247	1018.24	1018.345	1018.358	1018.313	1018.371	1018.315	1018.367	1018.381	1018.371	1018.43	1018.374	1018.396	1018.433	1018.387	1018.469	1018.52	1018.454	1018.494	1018.487	1018.513	1018.53	1018.553	1018.614	1018.544	1018.585	1018.596	1018.577	1018.627	1018.574	1018.601	1018.669	1018.634	1018.645	1018.716
1017.774	1017.743	1017.807	1017.75	1017.761	1017.763	1017.752	1017.79	1017.752	1017.642	1017.798	1017.693	1017.713	1017.751	1017.74	1017.711	1017.725	1017.659	1017.683	1017.675	1017.751	1017.671	1017.665	1017.687	1017.659	1017.638	1017.713	1017.645	1017.688	1017.664	1017.665	1017.757	1017.7	1017.712	1017.724	1017.673	1017.807	1017.678	1017.744	1017.751	1017.677	1017.74	1017.759	1017.722	1017.829	1017.769	1017.803	1017.806	1017.806	1017.831	1017.825	1017.808	1017.836	1017.866	1017.82	1017.96	1017.893	1017.891	1017.999	1017.964	1017.974	1018.011	1017.928	1018.036	1017.915	1018.076	1018.022	1018.01	1018.009	1018.009	1018.046	1018.11	1018.078	1018.131	1018.106	1018.161	1018.122	1018.157	1018.157	1018.145	1018.216	1018.19	1018.244	1018.19	1018.229	1018.215	1018.233	1018.279	1018.314	1018.274	1018.336	1018.248	1018.348	1018.28	1018.349	1018.361	1018.347	1018.357	1018.392	1018.403	1018.404	1018.402	1018.451	1018.432	1018.499	1018.475	1018.441	1018.548	1018.502	1018.507	1018.579	1018.519	1018.574	1018.563	1018.584	1018.594	1018.614	1018.636	1018.623	1018.66	1018.684	1018.67	1018.698	1018.687	1018.691	1018.743	1018.72	1018.74	1018.792	1018.734	1018.827	1018.789	1018.759	1018.786	1018.843	1018.848	1018.857
1018.002	1017.984	1017.969	1017.981	1017.958	1017.975	1017.963	1017.917	1017.893	1017.882	1017.935	1017.873	1017.908	1017.916	1017.846	1017.818	1017.917	1017.892	1017.88	1017.85	1017.866	1017.913	1017.866	1017.874	1017.842	1017.806	1017.828	1017.83	1017.847	1017.903	1017.822	1017.891	1017.853	1017.867	1017.922	1017.903	1017.922	1017.865	1017.914	1017.936	1017.885	1017.885	1017.906	1017.89	1017.945	1017.949	1017.967	1017.977	1018.032	1018.003	1018.032	1018.015	1018.023	1018.086	1018.017	1018.063	1018.055	1018.052	1018.138	1018.064	1018.075	1018.16	1018.084	1018.206	1018.106	1018.21	1018.195	1018.178	1018.209	1018.209	1018.192	1018.248	1018.257	1018.282	1018.248	1018.314	1018.279	1018.316	1018.317	1018.314	1018.387	1018.333	1018.398	1018.361	1018.395	1018.4	1018.413	1018.463	1018.448	1018.393	1018.525	1018.423	1018.509	1018.499	1018.537	1018.534	1018.518	1018.539	1018.552	1018.56	1018.627	1018.573	1018.621	1018.615	1018.637	1018.615	1018.625	1018.663	1018.701	1018.71	1018.73	1018.778	1018.779	1018.751	1018.772	1018.775	1018.798	1018.808	1018.813	1018.854	1018.838	1018.84	1018.856	1018.843	1018.873	1018.894	1018.94	1018.902	1018.972	1018.972	1019	1019.039	1019.009	1018.962	1018.994	1019.037	1019.003
1018.162	1018.165	1018.098	1018.134	1018.08	1018.099	1018.12	1018.076	1018.082	1018.103	1018.049	1018.079	1018.084	1018.079	1018.02	1017.981	1018.066	1018.053	1018.022	1018.063	1017.983	1018.074	1018.043	1018.05	1018.067	1018.035	1018.014	1018.1	1017.981	1018.068	1018.001	1018.059	1018.021	1017.992	1018.047	1018.063	1018.031	1018.106	1018.06	1018.08	1018.119	1018.117	1018.143	1018.127	1018.095	1018.111	1018.184	1018.078	1018.178	1018.138	1018.168	1018.199	1018.205	1018.243	1018.191	1018.169	1018.279	1018.232	1018.269	1018.197	1018.218	1018.304	1018.251	1018.347	1018.297	1018.319	1018.355	1018.361	1018.39	1018.432	1018.412	1018.391	1018.369	1018.467	1018.412	1018.475	1018.449	1018.489	1018.502	1018.502	1018.56	1018.495	1018.566	1018.561	1018.56	1018.6	1018.613	1018.596	1018.582	1018.574	1018.669	1018.606	1018.692	1018.677	1018.695	1018.692	1018.689	1018.712	1018.735	1018.744	1018.798	1018.775	1018.794	1018.816	1018.835	1018.837	1018.849	1018.824	1018.88	1018.917	1018.846	1018.96	1018.915	1018.893	1018.957	1018.963	1018.976	1018.988	1019.03	1019.021	1019.008	1019.079	1019.094	1019.092	1019.121	1019.067	1019.141	1019.1	1019.111	1019.17	1019.147	1019.183	1019.228	1019.182	1019.168	1019.217	1019.199
1018.279	1018.29	1018.267	1018.31	1018.262	1018.269	1018.268	1018.263	1018.242	1018.239	1018.211	1018.257	1018.21	1018.2	1018.236	1018.201	1018.153	1018.211	1018.125	1018.274	1018.176	1018.207	1018.197	1018.178	1018.195	1018.205	1018.135	1018.275	1018.118	1018.187	1018.191	1018.177	1018.231	1018.217	1018.206	1018.234	1018.215	1018.27	1018.208	1018.205	1018.266	1018.222	1018.26	1018.286	1018.279	1018.253	1018.352	1018.222	1018.352	1018.328	1018.312	1018.39	1018.332	1018.348	1018.362	1018.367	1018.446	1018.383	1018.409	1018.445	1018.446	1018.437	1018.458	1018.472	1018.488	1018.502	1018.537	1018.496	1018.534	1018.525	1018.582	1018.601	1018.538	1018.647	1018.582	1018.652	1018.632	1018.657	1018.673	1018.644	1018.722	1018.716	1018.726	1018.735	1018.713	1018.78	1018.743	1018.754	1018.789	1018.817	1018.809	1018.802	1018.868	1018.801	1018.875	1018.875	1018.894	1018.872	1018.947	1018.931	1018.902	1018.984	1018.946	1018.985	1018.99	1019.001	1019.016	1019.053	1019.028	1019.098	1019.03	1019.131	1019.07	1019.133	1019.166	1019.146	1019.209	1019.152	1019.183	1019.217	1019.184	1019.27	1019.245	1019.219	1019.318	1019.247	1019.31	1019.318	1019.286	1019.369	1019.307	1019.376	1019.348	1019.403	1019.381	1019.407	1019.412
1018.474	1018.474	1018.463	1018.418	1018.426	1018.415	1018.376	1018.4	1018.389	1018.379	1018.416	1018.366	1018.403	1018.371	1018.362	1018.357	1018.326	1018.469	1018.294	1018.369	1018.315	1018.316	1018.354	1018.337	1018.338	1018.355	1018.331	1018.338	1018.344	1018.403	1018.415	1018.326	1018.365	1018.352	1018.378	1018.409	1018.374	1018.331	1018.402	1018.437	1018.422	1018.426	1018.426	1018.386	1018.45	1018.402	1018.451	1018.473	1018.453	1018.522	1018.428	1018.531	1018.505	1018.551	1018.595	1018.508	1018.505	1018.565	1018.636	1018.617	1018.585	1018.581	1018.665	1018.613	1018.653	1018.659	1018.661	1018.679	1018.788	1018.705	1018.672	1018.72	1018.793	1018.811	1018.741	1018.805	1018.792	1018.845	1018.856	1018.837	1018.836	1018.888	1018.848	1018.9	1018.928	1018.925	1018.94	1018.963	1018.956	1018.956	1018.974	1019.027	1019.036	1019.017	1019.092	1019.019	1019.055	1019.054	1019.09	1019.152	1019.086	1019.206	1019.128	1019.191	1019.218	1019.199	1019.194	1019.278	1019.192	1019.273	1019.302	1019.31	1019.311	1019.323	1019.318	1019.295	1019.362	1019.361	1019.335	1019.456	1019.366	1019.425	1019.425	1019.444	1019.472	1019.488	1019.503	1019.502	1019.56	1019.513	1019.525	1019.584	1019.496	1019.592	1019.562	1019.589	1019.609
1018.604	1018.607	1018.617	1018.597	1018.594	1018.633	1018.566	1018.602	1018.57	1018.55	1018.598	1018.424	1018.627	1018.522	1018.552	1018.568	1018.477	1018.492	1018.494	1018.517	1018.535	1018.534	1018.522	1018.527	1018.465	1018.526	1018.514	1018.518	1018.487	1018.434	1018.457	1018.594	1018.551	1018.548	1018.538	1018.523	1018.593	1018.582	1018.569	1018.557	1018.513	1018.529	1018.628	1018.472	1018.702	1018.575	1018.63	1018.645	1018.584	1018.695	1018.683	1018.688	1018.69	1018.678	1018.675	1018.714	1018.757	1018.787	1018.723	1018.749	1018.792	1018.788	1018.791	1018.802	1018.788	1018.826	1018.868	1018.866	1018.818	1018.88	1018.929	1018.937	1018.917	1018.921	1018.976	1018.999	1018.962	1018.971	1019.012	1019.045	1019.055	1019.078	1019.084	1019.091	1019.097	1019.083	1019.091	1019.146	1019.093	1019.175	1019.186	1019.193	1019.186	1019.185	1019.264	1019.131	1019.305	1019.253	1019.248	1019.321	1019.293	1019.339	1019.325	1019.335	1019.38	1019.409	1019.387	1019.412	1019.407	1019.447	1019.425	1019.447	1019.496	1019.471	1019.561	1019.536	1019.558	1019.567	1019.559	1019.587	1019.59	1019.612	1019.636	1019.61	1019.605	1019.657	1019.716	1019.587	1019.782	1019.726	1019.711	1019.764	1019.737	1019.847	1019.768	1019.788	1019.802
1018.817	1018.784	1018.784	1018.793	1018.714	1018.765	1018.699	1018.731	1018.675	1018.663	1018.773	1018.69	1018.758	1018.62	1018.661	1018.723	1018.688	1018.665	1018.778	1018.662	1018.668	1018.648	1018.622	1018.676	1018.674	1018.657	1018.647	1018.667	1018.71	1018.742	1018.719	1018.685	1018.6	1018.667	1018.718	1018.687	1018.66	1018.715	1018.632	1018.794	1018.803	1018.753	1018.809	1018.716	1018.796	1018.733	1018.782	1018.815	1018.791	1018.834	1018.788	1018.796	1018.846	1018.859	1018.867	1018.904	1018.811	1018.85	1018.906	1018.947	1018.941	1018.91	1018.919	1019.024	1019.013	1018.955	1018.984	1019.05	1019.016	1019.104	1019.031	1019.048	1019.086	1019.127	1019.143	1019.025	1019.196	1019.208	1019.191	1019.197	1019.208	1019.176	1019.285	1019.22	1019.289	1019.323	1019.309	1019.328	1019.307	1019.401	1019.315	1019.371	1019.421	1019.385	1019.481	1019.437	1019.446	1019.445	1019.481	1019.519	1019.481	1019.478	1019.591	1019.579	1019.556	1019.569	1019.603	1019.61	1019.661	1019.67	1019.665	1019.692	1019.706	1019.637	1019.741	1019.713	1019.701	1019.759	1019.805	1019.747	1019.854	1019.834	1019.808	1019.876	1019.892	1019.841	1019.979	1019.907	1019.914	1019.93	1019.957	1019.966	1019.931	1019.973	1019.965	1020.024	1020.009
1019.052	1018.965	1018.933	1018.968	1018.895	1019	1018.88	1018.938	1018.942	1018.896	1018.871	1018.84	1018.84	1018.915	1018.842	1018.814	1018.862	1018.881	1018.801	1018.814	1018.842	1018.869	1018.858	1018.833	1018.821	1018.819	1018.851	1018.817	1018.784	1018.804	1018.798	1018.817	1018.905	1018.83	1018.836	1018.886	1018.817	1018.975	1018.854	1018.886	1018.865	1018.847	1018.906	1018.929	1018.913	1018.975	1018.962	1018.955	1018.986	1018.98	1019	1019.031	1019.005	1019.011	1019.027	1019.014	1019.074	1019.099	1019.109	1019.052	1019.052	1019.151	1019.211	1019.052	1019.192	1019.191	1019.175	1019.192	1019.205	1019.271	1019.201	1019.315	1019.321	1019.278	1019.31	1019.361	1019.332	1019.342	1019.353	1019.396	1019.435	1019.407	1019.478	1019.426	1019.469	1019.454	1019.445	1019.547	1019.459	1019.55	1019.53	1019.571	1019.59	1019.549	1019.577	1019.644	1019.603	1019.671	1019.681	1019.647	1019.728	1019.735	1019.651	1019.719	1019.766	1019.784	1019.801	1019.795	1019.781	1019.803	1019.834	1019.847	1019.839	1019.941	1019.855	1019.93	1019.955	1019.961	1019.97	1020.013	1019.965	1020.04	1020.003	1020.043	1020.066	1020.029	1020.038	1020.101	1020.094	1020.114	1020.133	1020.139	1020.167	1020.201	1020.158	1020.206	1020.193
1019.156	1019.132	1019.126	1019.149	1019.06	1019.137	1019.094	1019.064	1019.057	1019.037	1019.048	1019.135	1018.986	1019.034	1019.014	1019.015	1019.044	1018.995	1019.004	1019.066	1018.954	1018.958	1018.987	1018.959	1018.997	1018.974	1018.985	1019.043	1019.037	1019.002	1019.073	1018.946	1019.041	1018.969	1018.993	1019.071	1018.959	1019.035	1019.036	1019.033	1019.061	1019.093	1019.072	1019.103	1019.047	1019.114	1019.096	1019.098	1019.15	1019.119	1019.163	1019.159	1019.152	1019.193	1019.223	1019.181	1019.269	1019.201	1019.224	1019.26	1019.277	1019.255	1019.324	1019.334	1019.365	1019.343	1019.351	1019.392	1019.361	1019.425	1019.447	1019.459	1019.456	1019.454	1019.491	1019.532	1019.478	1019.586	1019.581	1019.554	1019.564	1019.585	1019.621	1019.616	1019.669	1019.663	1019.662	1019.73	1019.665	1019.74	1019.755	1019.707	1019.717	1019.823	1019.797	1019.832	1019.832	1019.86	1019.877	1019.881	1019.891	1019.913	1019.929	1019.955	1019.971	1019.952	1019.972	1020.008	1020.078	1020.047	1020.071	1020.07	1020.039	1020.131	1020.065	1020.117	1020.14	1020.119	1020.128	1020.218	1020.143	1020.231	1020.257	1020.234	1020.246	1020.311	1020.264	1020.271	1020.3	1020.297	1020.31	1020.317	1020.319	1020.367	1020.353	1020.382	1020.407
1019.349	1019.329	1019.271	1019.241	1019.277	1019.236	1019.277	1019.258	1019.26	1019.249	1019.221	1019.254	1019.241	1019.213	1019.206	1019.203	1019.196	1019.187	1019.173	1019.124	1019.109	1019.167	1019.194	1019.148	1019.164	1019.187	1019.083	1019.149	1019.152	1019.095	1019.24	1019.116	1019.186	1019.237	1019.248	1019.223	1019.212	1019.197	1019.226	1019.207	1019.195	1019.204	1019.195	1019.278	1019.238	1019.255	1019.265	1019.285	1019.309	1019.303	1019.337	1019.332	1019.378	1019.403	1019.392	1019.402	1019.399	1019.471	1019.45	1019.42	1019.419	1019.453	1019.489	1019.534	1019.505	1019.506	1019.533	1019.557	1019.579	1019.584	1019.63	1019.6	1019.627	1019.683	1019.652	1019.7	1019.726	1019.763	1019.751	1019.735	1019.802	1019.808	1019.822	1019.827	1019.849	1019.897	1019.93	1019.891	1019.954	1019.906	1019.974	1019.944	1019.942	1019.993	1019.963	1020.019	1020.034	1020.004	1020.025	1020.093	1020.078	1020.087	1020.12	1020.126	1020.151	1020.157	1020.191	1020.141	1020.215	1020.175	1020.214	1020.286	1020.291	1020.269	1020.302	1020.301	1020.316	1020.317	1020.326	1020.32	1020.396	1020.329	1020.393	1020.456	1020.483	1020.444	1020.443	1020.463	1020.479	1020.48	1020.521	1020.545	1020.512	1020.535	1020.551	1020.546	1020.566
1019.495	1019.543	1019.484	1019.453	1019.53	1019.395	1019.461	1019.426	1019.394	1019.375	1019.389	1019.355	1019.411	1019.388	1019.381	1019.357	1019.342	1019.355	1019.366	1019.304	1019.365	1019.422	1019.348	1019.376	1019.267	1019.383	1019.306	1019.318	1019.318	1019.277	1019.331	1019.339	1019.305	1019.361	1019.341	1019.313	1019.406	1019.343	1019.384	1019.395	1019.383	1019.423	1019.442	1019.432	1019.431	1019.443	1019.447	1019.465	1019.477	1019.493	1019.522	1019.499	1019.545	1019.518	1019.497	1019.62	1019.525	1019.629	1019.637	1019.607	1019.662	1019.719	1019.662	1019.685	1019.684	1019.779	1019.81	1019.743	1019.824	1019.738	1019.853	1019.82	1019.787	1019.823	1019.859	1019.941	1019.922	1019.924	1019.924	1019.946	1019.986	1019.99	1020.001	1020.041	1020.006	1020.042	1020.084	1020.034	1020.171	1020.08	1020.134	1020.152	1020.149	1020.174	1020.199	1020.196	1020.225	1020.206	1020.196	1020.237	1020.26	1020.314	1020.296	1020.35	1020.364	1020.323	1020.34	1020.351	1020.405	1020.4	1020.352	1020.42	1020.456	1020.445	1020.49	1020.51	1020.502	1020.528	1020.542	1020.493	1020.647	1020.557	1020.569	1020.627	1020.641	1020.62	1020.67	1020.661	1020.68	1020.692	1020.735	1020.72	1020.716	1020.745	1020.727	1020.747	1020.751
1019.652	1019.72	1019.685	1019.65	1019.678	1019.592	1019.64	1019.579	1019.605	1019.575	1019.606	1019.548	1019.572	1019.538	1019.533	1019.531	1019.534	1019.496	1019.541	1019.512	1019.53	1019.496	1019.447	1019.624	1019.437	1019.519	1019.548	1019.46	1019.541	1019.522	1019.476	1019.548	1019.491	1019.496	1019.553	1019.493	1019.566	1019.511	1019.559	1019.58	1019.551	1019.588	1019.608	1019.581	1019.611	1019.637	1019.62	1019.669	1019.648	1019.679	1019.701	1019.687	1019.725	1019.765	1019.671	1019.841	1019.745	1019.795	1019.822	1019.837	1019.822	1019.873	1019.861	1019.945	1019.87	1019.943	1019.977	1019.916	1020.027	1019.939	1020.027	1020.036	1020.04	1020.055	1020.046	1020.101	1020.08	1020.112	1020.137	1020.126	1020.166	1020.187	1020.146	1020.235	1020.213	1020.211	1020.295	1020.218	1020.303	1020.265	1020.317	1020.313	1020.309	1020.356	1020.378	1020.357	1020.392	1020.409	1020.415	1020.435	1020.443	1020.5	1020.446	1020.516	1020.512	1020.498	1020.542	1020.572	1020.564	1020.582	1020.592	1020.599	1020.646	1020.652	1020.648	1020.681	1020.701	1020.689	1020.763	1020.698	1020.791	1020.753	1020.803	1020.807	1020.805	1020.847	1020.857	1020.84	1020.887	1020.877	1020.911	1020.884	1020.924	1020.944	1020.914	1020.97	1020.971
1019.924	1019.868	1019.848	1019.849	1019.808	1019.838	1019.773	1019.807	1019.851	1019.767	1019.753	1019.772	1019.716	1019.748	1019.751	1019.704	1019.756	1019.668	1019.733	1019.694	1019.678	1019.747	1019.631	1019.729	1019.58	1019.645	1019.665	1019.597	1019.696	1019.688	1019.678	1019.687	1019.71	1019.694	1019.748	1019.709	1019.686	1019.72	1019.747	1019.765	1019.727	1019.751	1019.755	1019.79	1019.779	1019.805	1019.815	1019.846	1019.834	1019.855	1019.862	1019.889	1019.874	1019.976	1019.94	1019.957	1020.011	1020	1020.017	1020.03	1020.016	1020.049	1020.097	1020.169	1020.054	1020.101	1020.121	1020.175	1020.193	1020.163	1020.181	1020.188	1020.228	1020.241	1020.232	1020.233	1020.292	1020.302	1020.323	1020.287	1020.273	1020.39	1020.318	1020.383	1020.367	1020.373	1020.414	1020.447	1020.43	1020.476	1020.483	1020.481	1020.505	1020.539	1020.51	1020.579	1020.579	1020.563	1020.607	1020.642	1020.628	1020.638	1020.67	1020.711	1020.728	1020.728	1020.729	1020.755	1020.672	1020.703	1020.783	1020.788	1020.813	1020.852	1020.837	1020.892	1020.932	1020.887	1020.95	1020.964	1020.893	1020.93	1020.993	1020.994	1020.996	1021.05	1021.027	1021.041	1021.05	1021.044	1021.12	1021.103	1021.126	1021.147	1021.139	1021.145	1021.155
1020.077	1020.022	1019.998	1020.066	1020.007	1020.058	1019.922	1019.923	1019.979	1019.988	1019.904	1019.95	1019.887	1019.943	1019.964	1019.807	1019.959	1019.803	1019.933	1019.903	1019.872	1019.993	1019.809	1019.793	1019.849	1019.878	1019.869	1019.925	1019.844	1019.871	1019.869	1019.859	1019.88	1019.896	1019.847	1019.837	1019.867	1019.906	1019.914	1019.901	1019.978	1019.966	1019.991	1020.007	1019.982	1019.982	1020.04	1019.995	1020.049	1020.066	1020.064	1020.117	1020.013	1020.116	1020.093	1020.114	1020.162	1020.179	1020.17	1020.152	1020.185	1020.237	1020.243	1020.191	1020.277	1020.282	1020.295	1020.31	1020.297	1020.337	1020.351	1020.341	1020.354	1020.363	1020.377	1020.428	1020.505	1020.426	1020.478	1020.505	1020.503	1020.517	1020.543	1020.575	1020.596	1020.578	1020.574	1020.643	1020.629	1020.664	1020.662	1020.68	1020.712	1020.74	1020.708	1020.803	1020.782	1020.754	1020.758	1020.796	1020.829	1020.825	1020.891	1020.887	1020.869	1020.948	1020.873	1020.938	1021.001	1020.987	1020.993	1021.028	1020.944	1021.046	1021.048	1021.05	1021.074	1021.108	1021.074	1021.154	1021.174	1021.187	1021.192	1021.188	1021.232	1021.21	1021.233	1021.248	1021.257	1021.238	1021.281	1021.289	1021.295	1021.337	1021.356	1021.347	1021.368
1020.266	1020.261	1020.215	1020.214	1020.128	1020.163	1020.198	1020.173	1020.136	1020.159	1020.124	1020.174	1020.036	1020.043	1020.082	1020.014	1020.166	1019.986	1020.043	1020.037	1020.001	1020.013	1020.072	1020.078	1020.091	1020.039	1019.968	1020.03	1019.974	1020.063	1020.052	1020.012	1020.01	1020.062	1020.062	1020.118	1020.058	1020.058	1020.084	1020.095	1020.087	1020.067	1020.079	1020.109	1020.127	1020.152	1020.257	1020.147	1020.253	1020.232	1020.183	1020.259	1020.261	1020.292	1020.294	1020.306	1020.312	1020.287	1020.387	1020.387	1020.331	1020.362	1020.398	1020.37	1020.526	1020.363	1020.439	1020.5	1020.518	1020.526	1020.46	1020.57	1020.568	1020.59	1020.608	1020.581	1020.574	1020.635	1020.652	1020.674	1020.683	1020.672	1020.808	1020.694	1020.745	1020.775	1020.781	1020.796	1020.804	1020.827	1020.845	1020.856	1020.863	1020.892	1020.964	1020.896	1020.915	1020.975	1021.009	1020.976	1021.066	1020.971	1021.019	1021.049	1021.056	1021.098	1021.126	1021.099	1021.129	1021.124	1021.151	1021.264	1021.226	1021.235	1021.259	1021.24	1021.244	1021.356	1021.35	1021.322	1021.341	1021.342	1021.345	1021.382	1021.391	1021.403	1021.444	1021.402	1021.402	1021.523	1021.473	1021.517	1021.536	1021.529	1021.516	1021.521	1021.562
1020.346	1020.3	1020.272	1020.324	1020.46	1020.274	1020.295	1020.273	1020.258	1020.297	1020.139	1020.265	1020.275	1020.284	1020.271	1020.198	1020.168	1020.23	1020.189	1020.225	1020.254	1020.193	1020.224	1020.093	1020.108	1020.203	1020.258	1020.212	1020.191	1020.179	1020.167	1020.207	1020.236	1020.203	1020.151	1020.166	1020.191	1020.233	1020.264	1020.262	1020.221	1020.336	1020.31	1020.339	1020.349	1020.275	1020.326	1020.302	1020.344	1020.376	1020.395	1020.406	1020.397	1020.403	1020.39	1020.429	1020.49	1020.502	1020.41	1020.512	1020.515	1020.546	1020.573	1020.559	1020.591	1020.575	1020.676	1020.645	1020.608	1020.695	1020.661	1020.721	1020.684	1020.698	1020.751	1020.777	1020.768	1020.881	1020.771	1020.799	1020.889	1020.874	1020.887	1020.899	1020.95	1020.958	1020.963	1021.003	1021.013	1021.033	1021.044	1021.083	1021.097	1021.069	1021.107	1021.167	1021.167	1021.159	1021.153	1021.158	1021.245	1021.252	1021.25	1021.282	1021.28	1021.225	1021.371	1021.35	1021.351	1021.429	1021.44	1021.339	1021.45	1021.405	1021.464	1021.516	1021.499	1021.438	1021.513	1021.556	1021.56	1021.599	1021.631	1021.62	1021.612	1021.603	1021.675	1021.681	1021.681	1021.713	1021.609	1021.702	1021.706	1021.721	1021.764	1021.798	1021.754
1020.501	1020.533	1020.561	1020.445	1020.481	1020.445	1020.485	1020.448	1020.424	1020.504	1020.45	1020.435	1020.396	1020.353	1020.372	1020.446	1020.307	1020.452	1020.352	1020.321	1020.336	1020.3	1020.354	1020.403	1020.379	1020.349	1020.283	1020.247	1020.371	1020.339	1020.336	1020.333	1020.33	1020.336	1020.442	1020.376	1020.434	1020.404	1020.362	1020.42	1020.394	1020.438	1020.384	1020.403	1020.451	1020.475	1020.52	1020.571	1020.494	1020.518	1020.562	1020.538	1020.566	1020.616	1020.655	1020.595	1020.586	1020.683	1020.621	1020.697	1020.697	1020.708	1020.721	1020.725	1020.761	1020.787	1020.796	1020.791	1020.817	1020.891	1020.846	1020.875	1020.939	1020.936	1020.931	1020.98	1020.932	1020.961	1021.003	1021.05	1021.066	1021.03	1021.069	1021.125	1021.12	1021.12	1021.152	1021.201	1021.154	1021.236	1021.211	1021.223	1021.263	1021.3	1021.269	1021.307	1021.329	1021.335	1021.392	1021.483	1021.31	1021.463	1021.416	1021.437	1021.481	1021.502	1021.464	1021.529	1021.502	1021.555	1021.595	1021.563	1021.701	1021.657	1021.646	1021.664	1021.697	1021.753	1021.74	1021.763	1021.75	1021.767	1021.757	1021.715	1021.881	1021.816	1021.819	1021.85	1021.873	1021.869	1021.929	1021.959	1021.92	1021.934	1021.95	1021.917	1022.004
1020.607	1020.621	1020.657	1020.588	1020.692	1020.61	1020.607	1020.602	1020.551	1020.503	1020.58	1020.521	1020.578	1020.553	1020.539	1020.567	1020.461	1020.511	1020.528	1020.517	1020.535	1020.52	1020.477	1020.433	1020.456	1020.494	1020.489	1020.53	1020.468	1020.475	1020.499	1020.51	1020.508	1020.499	1020.562	1020.444	1020.527	1020.544	1020.532	1020.613	1020.532	1020.581	1020.672	1020.662	1020.637	1020.678	1020.584	1020.653	1020.655	1020.694	1020.712	1020.691	1020.812	1020.675	1020.773	1020.766	1020.76	1020.804	1020.815	1020.842	1020.833	1020.865	1020.899	1020.912	1020.941	1020.934	1020.934	1020.983	1021.007	1020.934	1021.05	1021.01	1021.069	1021.089	1021.094	1021.135	1021.176	1021.159	1021.202	1021.203	1021.201	1021.275	1021.304	1021.235	1021.288	1021.338	1021.371	1021.375	1021.364	1021.424	1021.461	1021.463	1021.45	1021.442	1021.553	1021.468	1021.555	1021.538	1021.547	1021.628	1021.56	1021.671	1021.675	1021.662	1021.681	1021.73	1021.686	1021.804	1021.79	1021.772	1021.797	1021.845	1021.812	1021.823	1021.937	1021.913	1021.877	1021.972	1021.882	1021.996	1021.973	1022.023	1022.045	1022.028	1022.051	1022.046	1022.08	1022.092	1022.091	1022.103	1022.12	1022.073	1022.113	1022.16	1022.163	1022.159	1022.184
1020.903	1020.875	1020.827	1020.783	1020.839	1020.763	1020.736	1020.786	1020.76	1020.723	1020.808	1020.679	1020.685	1020.679	1020.646	1020.644	1020.69	1020.659	1020.664	1020.628	1020.622	1020.644	1020.699	1020.626	1020.678	1020.677	1020.61	1020.648	1020.569	1020.722	1020.654	1020.657	1020.68	1020.639	1020.696	1020.666	1020.667	1020.694	1020.671	1020.687	1020.737	1020.719	1020.772	1020.747	1020.727	1020.831	1020.792	1020.855	1020.783	1020.837	1020.865	1020.828	1020.966	1020.902	1020.951	1020.952	1020.947	1020.98	1020.956	1021.009	1021.048	1021.063	1021.055	1021.059	1021.064	1021.164	1021.13	1021.124	1021.128	1021.148	1021.307	1021.223	1021.231	1021.272	1021.293	1021.297	1021.36	1021.346	1021.379	1021.436	1021.471	1021.444	1021.421	1021.469	1021.505	1021.539	1021.532	1021.555	1021.609	1021.58	1021.603	1021.691	1021.708	1021.636	1021.769	1021.668	1021.751	1021.75	1021.742	1021.783	1021.851	1021.767	1021.835	1021.895	1021.924	1021.913	1021.949	1021.939	1022.016	1022.001	1021.994	1022.002	1022.068	1022.039	1022.111	1022.122	1022.112	1022.159	1022.09	1022.201	1022.147	1022.174	1022.195	1022.196	1022.213	1022.233	1022.26	1022.259	1022.254	1022.3	1022.298	1022.317	1022.33	1022.351	1022.344	1022.391	1022.379
1020.979	1020.985	1020.938	1020.943	1020.883	1020.939	1020.936	1020.965	1020.899	1020.873	1020.888	1020.905	1020.873	1020.875	1020.853	1020.814	1020.825	1020.805	1020.801	1020.773	1020.793	1020.785	1020.848	1020.755	1020.819	1020.799	1020.736	1020.837	1020.727	1020.868	1020.804	1020.808	1020.841	1020.797	1020.84	1020.852	1020.836	1020.911	1020.901	1020.843	1020.945	1020.881	1020.939	1020.916	1020.912	1020.974	1020.91	1021.031	1020.959	1021.002	1021.033	1020.993	1021.042	1021.059	1021.082	1021.083	1021.114	1021.167	1021.144	1021.178	1021.203	1021.199	1021.189	1021.265	1021.232	1021.307	1021.315	1021.315	1021.375	1021.417	1021.371	1021.43	1021.441	1021.437	1021.451	1021.497	1021.517	1021.551	1021.545	1021.6	1021.622	1021.601	1021.646	1021.681	1021.694	1021.752	1021.761	1021.759	1021.756	1021.824	1021.794	1021.875	1021.91	1021.877	1021.946	1021.945	1021.971	1022.009	1022.013	1021.997	1022.053	1022.021	1022.027	1022.077	1022.097	1022.098	1022.173	1022.144	1022.178	1022.205	1022.206	1022.194	1022.283	1022.242	1022.255	1022.268	1022.287	1022.312	1022.311	1022.327	1022.318	1022.389	1022.414	1022.393	1022.452	1022.436	1022.458	1022.457	1022.467	1022.499	1022.486	1022.516	1022.53	1022.588	1022.595	1022.572	1022.561
1021.167	1021.167	1021.112	1021.134	1021.038	1021.08	1021.077	1021.1	1021.028	1021.043	1020.971	1021.063	1021.014	1021.015	1021.025	1020.99	1020.94	1021.011	1020.98	1020.965	1020.986	1020.936	1021.013	1020.9	1020.956	1020.94	1020.91	1021.007	1020.894	1020.966	1020.934	1020.933	1020.968	1020.97	1020.989	1021.005	1020.989	1021.065	1021.059	1021.004	1021.097	1021.029	1021.093	1021.047	1021.047	1021.146	1021.07	1021.178	1021.181	1021.223	1021.206	1021.194	1021.214	1021.217	1021.242	1021.312	1021.339	1021.323	1021.336	1021.349	1021.393	1021.388	1021.355	1021.427	1021.445	1021.454	1021.48	1021.455	1021.518	1021.61	1021.523	1021.629	1021.614	1021.614	1021.67	1021.737	1021.676	1021.773	1021.756	1021.783	1021.808	1021.807	1021.892	1021.858	1021.931	1021.988	1021.975	1021.976	1021.929	1022.025	1022.006	1022.018	1022.05	1022.083	1022.066	1022.139	1022.125	1022.157	1022.196	1022.184	1022.183	1022.256	1022.241	1022.254	1022.277	1022.271	1022.294	1022.338	1022.337	1022.366	1022.42	1022.414	1022.411	1022.442	1022.452	1022.468	1022.488	1022.491	1022.546	1022.518	1022.532	1022.6	1022.604	1022.584	1022.647	1022.613	1022.641	1022.647	1022.656	1022.686	1022.683	1022.712	1022.694	1022.755	1022.782	1022.742	1022.775
1021.34	1021.347	1021.282	1021.284	1021.28	1021.21	1021.229	1021.261	1021.18	1021.22	1021.173	1021.171	1021.129	1021.13	1021.131	1021.149	1021.089	1021.2	1021.12	1021.11	1021.116	1021.073	1021.193	1021.098	1021.133	1021.137	1021.111	1021.137	1021.104	1021.13	1021.139	1021.121	1021.136	1021.172	1021.13	1021.176	1021.18	1021.178	1021.163	1021.175	1021.237	1021.188	1021.255	1021.202	1021.17	1021.321	1021.303	1021.296	1021.339	1021.371	1021.343	1021.358	1021.424	1021.393	1021.418	1021.488	1021.532	1021.463	1021.536	1021.513	1021.587	1021.62	1021.59	1021.58	1021.682	1021.655	1021.714	1021.677	1021.667	1021.771	1021.8	1021.804	1021.762	1021.839	1021.902	1021.936	1021.878	1021.972	1021.947	1021.979	1022.006	1022.001	1022.074	1022.019	1022.119	1022.102	1022.074	1022.164	1022.166	1022.164	1022.214	1022.215	1022.216	1022.271	1022.217	1022.292	1022.288	1022.312	1022.348	1022.391	1022.368	1022.429	1022.444	1022.459	1022.485	1022.49	1022.445	1022.525	1022.507	1022.523	1022.575	1022.62	1022.571	1022.642	1022.62	1022.637	1022.697	1022.693	1022.727	1022.737	1022.731	1022.746	1022.745	1022.773	1022.798	1022.792	1022.828	1022.831	1022.851	1022.898	1022.872	1022.928	1022.9	1022.913	1022.938	1022.952	1023.004
1021.397	1021.439	1021.446	1021.372	1021.424	1021.38	1021.461	1021.446	1021.309	1021.265	1021.403	1021.296	1021.349	1021.339	1021.309	1021.341	1021.226	1021.294	1021.266	1021.28	1021.293	1021.226	1021.291	1021.238	1021.25	1021.268	1021.274	1021.25	1021.344	1021.267	1021.267	1021.289	1021.302	1021.359	1021.272	1021.317	1021.316	1021.307	1021.318	1021.384	1021.393	1021.386	1021.465	1021.481	1021.468	1021.464	1021.459	1021.431	1021.456	1021.521	1021.565	1021.553	1021.537	1021.605	1021.586	1021.597	1021.629	1021.637	1021.723	1021.689	1021.695	1021.756	1021.795	1021.786	1021.899	1021.819	1021.88	1021.916	1021.937	1021.957	1021.961	1021.912	1021.992	1022.056	1022.071	1022.048	1022.089	1022.117	1022.097	1022.139	1022.17	1022.138	1022.261	1022.193	1022.244	1022.225	1022.217	1022.326	1022.363	1022.323	1022.417	1022.411	1022.395	1022.448	1022.46	1022.446	1022.481	1022.495	1022.489	1022.543	1022.606	1022.552	1022.625	1022.635	1022.637	1022.692	1022.713	1022.707	1022.741	1022.74	1022.745	1022.779	1022.807	1022.841	1022.765	1022.804	1022.881	1022.913	1022.862	1022.919	1022.937	1022.949	1022.959	1023.017	1022.997	1023.031	1023.031	1023.042	1023.07	1023.123	1023.044	1023.126	1023.133	1023.129	1023.135	1023.178	1023.199
1021.625	1021.602	1021.632	1021.595	1021.581	1021.502	1021.458	1021.52	1021.553	1021.509	1021.609	1021.41	1021.5	1021.457	1021.399	1021.491	1021.409	1021.471	1021.44	1021.418	1021.43	1021.447	1021.406	1021.453	1021.395	1021.413	1021.454	1021.42	1021.442	1021.341	1021.44	1021.474	1021.454	1021.454	1021.475	1021.519	1021.494	1021.522	1021.545	1021.508	1021.501	1021.583	1021.521	1021.577	1021.633	1021.566	1021.66	1021.731	1021.661	1021.668	1021.715	1021.772	1021.721	1021.811	1021.826	1021.841	1021.868	1021.884	1021.761	1021.94	1021.936	1021.953	1021.977	1021.958	1021.988	1022.037	1022.047	1022.067	1022.091	1022.1	1022.142	1022.19	1022.186	1022.173	1022.178	1022.222	1022.244	1022.257	1022.272	1022.306	1022.337	1022.325	1022.403	1022.377	1022.374	1022.436	1022.49	1022.446	1022.443	1022.54	1022.518	1022.526	1022.556	1022.558	1022.633	1022.627	1022.66	1022.695	1022.692	1022.652	1022.789	1022.736	1022.797	1022.808	1022.804	1022.825	1022.877	1022.847	1022.919	1022.942	1022.949	1022.967	1022.965	1022.988	1023.055	1023.075	1023.063	1023.064	1023.127	1023.116	1023.125	1023.141	1023.142	1023.145	1023.152	1023.211	1023.217	1023.255	1023.271	1023.269	1023.324	1023.325	1023.31	1023.344	1023.369	1023.347	1023.414
1021.755	1021.71	1021.7	1021.703	1021.644	1021.831	1021.668	1021.666	1021.676	1021.544	1021.635	1021.582	1021.658	1021.636	1021.604	1021.646	1021.536	1021.603	1021.609	1021.571	1021.564	1021.607	1021.492	1021.646	1021.588	1021.573	1021.571	1021.535	1021.644	1021.651	1021.62	1021.584	1021.592	1021.651	1021.628	1021.655	1021.647	1021.651	1021.674	1021.699	1021.695	1021.803	1021.745	1021.752	1021.81	1021.831	1021.845	1021.743	1021.846	1021.881	1021.859	1021.882	1021.991	1021.899	1021.958	1021.956	1021.974	1022.067	1022.025	1022.092	1022.069	1022.075	1022.123	1022.164	1022.128	1022.22	1022.201	1022.205	1022.235	1022.255	1022.256	1022.247	1022.275	1022.324	1022.374	1022.404	1022.307	1022.412	1022.445	1022.445	1022.477	1022.526	1022.423	1022.599	1022.59	1022.562	1022.586	1022.639	1022.679	1022.739	1022.645	1022.717	1022.813	1022.758	1022.76	1022.832	1022.798	1022.846	1022.908	1022.909	1022.939	1022.949	1022.926	1022.986	1023.061	1023.069	1023.062	1023.139	1023.115	1023.097	1023.129	1023.2	1023.241	1023.198	1023.221	1023.225	1023.236	1023.278	1023.32	1023.295	1023.323	1023.362	1023.397	1023.434	1023.482	1023.458	1023.441	1023.469	1023.473	1023.442	1023.544	1023.535	1023.533	1023.565	1023.577	1023.554	1023.608
1021.974	1021.943	1021.939	1022.007	1021.737	1021.879	1021.814	1021.834	1021.842	1021.77	1021.917	1021.794	1021.739	1021.741	1021.746	1021.737	1021.758	1021.699	1021.736	1021.749	1021.752	1021.768	1021.694	1021.728	1021.702	1021.739	1021.791	1021.761	1021.747	1021.698	1021.731	1021.783	1021.816	1021.822	1021.772	1021.803	1021.871	1021.856	1021.844	1021.925	1021.839	1021.789	1021.892	1021.928	1021.915	1021.928	1022.033	1021.987	1022.035	1022.061	1022.046	1022.044	1022.119	1022.071	1022.162	1022.17	1022.147	1022.178	1022.213	1022.182	1022.242	1022.26	1022.263	1022.291	1022.3	1022.289	1022.318	1022.371	1022.402	1022.392	1022.456	1022.445	1022.506	1022.509	1022.472	1022.479	1022.597	1022.573	1022.599	1022.581	1022.611	1022.721	1022.638	1022.709	1022.739	1022.745	1022.787	1022.847	1022.749	1022.819	1022.878	1022.865	1022.861	1022.912	1022.962	1022.996	1023.036	1023.031	1023.038	1023.094	1023.038	1023.198	1023.188	1023.165	1023.176	1023.204	1023.206	1023.27	1023.285	1023.333	1023.359	1023.307	1023.372	1023.435	1023.427	1023.463	1023.507	1023.511	1023.441	1023.532	1023.559	1023.56	1023.55	1023.57	1023.544	1023.616	1023.633	1023.659	1023.69	1023.727	1023.696	1023.695	1023.771	1023.766	1023.774	1023.859	1023.765
1022.077	1021.992	1021.944	1022.065	1021.986	1022.039	1021.969	1021.978	1022.001	1021.976	1021.929	1021.919	1021.915	1021.94	1021.923	1021.856	1021.963	1021.886	1021.887	1021.877	1021.849	1021.847	1021.93	1021.913	1021.901	1021.86	1021.859	1021.887	1021.933	1021.919	1021.951	1021.955	1021.907	1021.88	1022.026	1021.948	1021.987	1022.013	1022.022	1022.012	1022.074	1022.074	1022.043	1022.068	1022.106	1022.147	1022.104	1022.195	1022.135	1022.143	1022.176	1022.195	1022.213	1022.234	1022.192	1022.237	1022.293	1022.294	1022.337	1022.341	1022.387	1022.392	1022.387	1022.416	1022.456	1022.481	1022.489	1022.514	1022.508	1022.503	1022.59	1022.562	1022.585	1022.646	1022.664	1022.674	1022.751	1022.647	1022.785	1022.802	1022.77	1022.756	1022.892	1022.83	1022.886	1022.931	1022.962	1022.958	1023.028	1023.006	1023.061	1023.059	1023.076	1023.161	1023.166	1023.07	1023.198	1023.218	1023.212	1023.324	1023.267	1023.306	1023.345	1023.362	1023.418	1023.456	1023.472	1023.478	1023.476	1023.5	1023.531	1023.568	1023.618	1023.601	1023.657	1023.663	1023.645	1023.657	1023.731	1023.743	1023.741	1023.771	1023.808	1023.855	1023.846	1023.877	1023.871	1023.872	1023.857	1023.877	1023.938	1023.935	1023.988	1023.964	1023.965	1024.025	1024.003
1022.218	1022.173	1022.138	1022.168	1022.097	1022.139	1022.112	1022.084	1022.08	1022.102	1022.07	1022.103	1022.019	1022.043	1022.072	1022.062	1022.036	1022.015	1022.034	1022.07	1022.061	1022.04	1022.036	1022.001	1022.068	1022.043	1022.048	1022.076	1022.041	1022.057	1022.05	1022.104	1022.097	1022.09	1022.112	1022.104	1022.101	1022.134	1022.173	1022.154	1022.168	1022.172	1022.177	1022.182	1022.21	1022.273	1022.172	1022.292	1022.318	1022.318	1022.331	1022.324	1022.31	1022.444	1022.38	1022.412	1022.471	1022.423	1022.503	1022.491	1022.48	1022.504	1022.572	1022.621	1022.56	1022.614	1022.621	1022.66	1022.668	1022.708	1022.688	1022.753	1022.734	1022.792	1022.815	1022.796	1022.878	1022.928	1022.937	1022.944	1022.933	1022.96	1023.031	1023.026	1023.043	1023.094	1023.107	1023.098	1023.236	1023.152	1023.192	1023.281	1023.325	1023.267	1023.347	1023.33	1023.339	1023.369	1023.38	1023.447	1023.472	1023.544	1023.552	1023.564	1023.615	1023.584	1023.623	1023.655	1023.737	1023.743	1023.729	1023.769	1023.823	1023.781	1023.852	1023.892	1023.885	1023.916	1023.927	1023.932	1023.999	1024.012	1023.978	1023.97	1024.033	1024.01	1024.03	1024.112	1024.126	1024.077	1024.124	1024.102	1024.106	1024.125	1024.159	1024.144	1024.223
1022.341	1022.276	1022.242	1022.279	1022.255	1022.239	1022.243	1022.218	1022.211	1022.235	1022.167	1022.201	1022.15	1022.164	1022.19	1022.188	1022.145	1022.184	1022.125	1022.158	1022.161	1022.14	1022.185	1022.172	1022.196	1022.148	1022.155	1022.197	1022.132	1022.213	1022.19	1022.229	1022.231	1022.224	1022.182	1022.299	1022.271	1022.223	1022.249	1022.294	1022.337	1022.28	1022.401	1022.394	1022.323	1022.382	1022.383	1022.391	1022.417	1022.398	1022.403	1022.484	1022.461	1022.54	1022.545	1022.573	1022.591	1022.551	1022.641	1022.603	1022.639	1022.637	1022.693	1022.742	1022.717	1022.773	1022.797	1022.827	1022.82	1022.863	1022.805	1022.943	1022.918	1022.924	1022.941	1022.97	1022.989	1023.075	1023.07	1023.074	1023.146	1023.189	1023.122	1023.244	1023.231	1023.266	1023.28	1023.283	1023.312	1023.355	1023.371	1023.454	1023.486	1023.462	1023.523	1023.543	1023.544	1023.643	1023.664	1023.636	1023.654	1023.728	1023.718	1023.739	1023.817	1023.804	1023.886	1023.823	1023.894	1023.97	1023.96	1023.967	1024	1024.011	1024.008	1024.045	1024.07	1024.106	1024.089	1024.155	1024.173	1024.18	1024.155	1024.186	1024.239	1024.229	1024.216	1024.285	1024.287	1024.274	1024.283	1024.346	1024.317	1024.321	1024.347	1024.327	1024.407
