1009.301	1009.374	1009.353	1009.327	1009.398	1009.325	1009.292	1009.389	1009.401	1009.372	1009.383	1009.343	1009.398	1009.377	1009.368	1009.401	1009.402	1009.367	1009.37	1009.448	1009.383	1009.44	1009.466	1009.432	1009.346	1009.386	1009.515	1009.373	1009.486	1009.396	1009.485	1009.418	1009.376	1009.494	1009.513	1009.455	1009.516	1009.466	1009.539	1009.493	1009.45	1009.431	1009.525	1009.578	1009.537	1009.54	1009.507	1009.518	1009.536	1009.554	1009.581	1009.573	1009.541	1009.544	1009.556	1009.573	1009.576	1009.552	1009.568	1009.588	1009.628	1009.662	1009.665	1009.625	1009.644	1009.601	1009.671	1009.655	1009.63	1009.584	1009.62	1009.668	1009.652	1009.708	1009.684	1009.692	1009.715	1009.678	1009.677	1009.729	1009.713	1009.737	1009.733	1009.702	1009.765	1009.77	1009.789	1009.844	1009.797	1009.721	1009.811	1009.77	1009.806	1009.778	1009.82	1009.812	1009.819	1009.839	1009.809	1009.88	1009.894	1009.822	1009.906	1009.89	1009.949	1009.957	1009.899	1009.985	1009.906	1009.983	1009.959	1009.965	1009.98	1009.945	1009.991	1010.024	1010.017	1010.018	1010.04	1010.01	1010.035	1010.021	1010.018	1010.025	1010.028	1010.045	1010.064	1010.035	1010.087	1010.044	1010.088	1010.121	1010.108	1010.103	1010.092	1010.088	1010.091
1009.375	1009.424	1009.403	1009.357	1009.414	1009.341	1009.311	1009.413	1009.444	1009.402	1009.416	1009.443	1009.449	1009.482	1009.472	1009.417	1009.419	1009.454	1009.464	1009.444	1009.421	1009.553	1009.423	1009.388	1009.483	1009.531	1009.55	1009.432	1009.535	1009.444	1009.572	1009.499	1009.441	1009.509	1009.528	1009.539	1009.513	1009.586	1009.524	1009.541	1009.556	1009.522	1009.587	1009.638	1009.623	1009.592	1009.573	1009.637	1009.615	1009.647	1009.686	1009.65	1009.614	1009.635	1009.698	1009.558	1009.722	1009.63	1009.683	1009.7	1009.661	1009.693	1009.756	1009.635	1009.752	1009.703	1009.747	1009.765	1009.736	1009.72	1009.766	1009.754	1009.807	1009.749	1009.782	1009.788	1009.788	1009.748	1009.746	1009.803	1009.809	1009.822	1009.8	1009.848	1009.877	1009.857	1009.883	1009.862	1009.802	1009.84	1009.901	1009.85	1009.939	1009.88	1009.927	1009.92	1009.885	1009.909	1009.916	1009.983	1009.958	1010.002	1010.018	1009.994	1010.024	1010.037	1010.01	1010.034	1009.995	1010.054	1010.018	1010.031	1010.027	1010.012	1010.016	1010.044	1010.071	1010.047	1010.085	1010.073	1010.081	1010.092	1010.087	1010.096	1010.101	1010.079	1010.114	1010.109	1010.108	1010.093	1010.085	1010.124	1010.128	1010.118	1010.153	1010.13	1010.129
1009.493	1009.426	1009.368	1009.446	1009.551	1009.51	1009.468	1009.46	1009.504	1009.531	1009.495	1009.469	1009.454	1009.566	1009.531	1009.469	1009.452	1009.533	1009.507	1009.553	1009.537	1009.556	1009.367	1009.454	1009.561	1009.581	1009.534	1009.551	1009.607	1009.609	1009.624	1009.476	1009.575	1009.663	1009.607	1009.615	1009.509	1009.673	1009.628	1009.683	1009.611	1009.652	1009.728	1009.723	1009.607	1009.63	1009.7	1009.682	1009.652	1009.756	1009.696	1009.656	1009.673	1009.724	1009.836	1009.699	1009.782	1009.747	1009.816	1009.782	1009.741	1009.717	1009.756	1009.758	1009.822	1009.812	1009.789	1009.853	1009.835	1009.811	1009.836	1009.851	1009.947	1009.8	1009.931	1009.876	1009.867	1009.9	1009.893	1009.896	1009.93	1009.943	1009.931	1009.962	1009.923	1009.951	1009.939	1009.915	1009.902	1010.004	1009.97	1009.97	1010.017	1010.005	1010.026	1010.024	1010.009	1010.003	1010.041	1010.039	1010.028	1010.047	1010.037	1010.032	1010.036	1010.049	1010.056	1010.063	1010.058	1010.086	1010.059	1010.107	1010.073	1010.095	1010.101	1010.069	1010.115	1010.1	1010.101	1010.14	1010.121	1010.139	1010.14	1010.149	1010.177	1010.152	1010.158	1010.167	1010.123	1010.192	1010.148	1010.166	1010.169	1010.153	1010.195	1010.191	1010.203
1009.435	1009.526	1009.545	1009.598	1009.497	1009.428	1009.449	1009.514	1009.549	1009.467	1009.489	1009.54	1009.599	1009.548	1009.54	1009.565	1009.57	1009.565	1009.523	1009.665	1009.54	1009.578	1009.657	1009.638	1009.61	1009.64	1009.723	1009.61	1009.533	1009.545	1009.665	1009.65	1009.774	1009.758	1009.609	1009.669	1009.716	1009.789	1009.647	1009.697	1009.676	1009.765	1009.754	1009.679	1009.703	1009.824	1009.745	1009.787	1009.798	1009.805	1009.736	1009.761	1009.831	1009.75	1009.761	1009.857	1009.826	1009.863	1009.863	1009.825	1009.868	1009.899	1009.807	1009.998	1009.754	1009.932	1009.957	1009.951	1009.926	1009.942	1009.999	1009.986	1009.948	1009.921	1010	1009.926	1009.988	1009.995	1009.997	1010.013	1010.017	1010.004	1010.005	1010.009	1010.037	1010.04	1010.018	1010.027	1010.041	1010.022	1010.038	1010.089	1010.029	1010.068	1010.053	1010.064	1010.078	1010.07	1010.078	1010.069	1010.111	1010.088	1010.083	1010.113	1010.09	1010.096	1010.114	1010.094	1010.132	1010.127	1010.111	1010.189	1010.146	1010.171	1010.182	1010.151	1010.157	1010.178	1010.171	1010.172	1010.163	1010.173	1010.187	1010.183	1010.19	1010.229	1010.18	1010.253	1010.207	1010.24	1010.229	1010.241	1010.247	1010.246	1010.243	1010.236	1010.263
1009.626	1009.576	1009.416	1009.459	1009.63	1009.692	1009.666	1009.635	1009.607	1009.582	1009.762	1009.539	1009.617	1009.584	1009.621	1009.609	1009.579	1009.705	1009.707	1009.605	1009.683	1009.685	1009.603	1009.601	1009.696	1009.737	1009.609	1009.549	1009.959	1009.769	1009.8	1009.717	1009.658	1009.698	1009.793	1009.827	1009.708	1009.738	1009.762	1009.861	1009.863	1009.834	1009.765	1009.778	1009.915	1009.797	1009.759	1009.953	1009.865	1009.853	1009.905	1009.887	1009.864	1009.976	1009.996	1009.926	1009.898	1009.91	1010.005	1009.975	1009.977	1010.007	1009.932	1010.05	1009.914	1010.064	1009.967	1010.004	1010.011	1010.014	1010.025	1010.008	1010.029	1010.069	1010.021	1010.037	1010.072	1010.055	1010.054	1010.072	1010.043	1010.061	1010.082	1010.068	1010.062	1010.053	1010.065	1010.083	1010.089	1010.086	1010.101	1010.089	1010.044	1010.116	1010.09	1010.105	1010.124	1010.12	1010.132	1010.118	1010.126	1010.145	1010.153	1010.13	1010.142	1010.175	1010.184	1010.166	1010.168	1010.19	1010.181	1010.157	1010.201	1010.188	1010.188	1010.223	1010.206	1010.183	1010.254	1010.201	1010.267	1010.223	1010.254	1010.257	1010.229	1010.275	1010.216	1010.289	1010.284	1010.261	1010.292	1010.293	1010.278	1010.289	1010.313	1010.293	1010.356
1009.568	1009.525	1009.795	1009.708	1009.623	1009.534	1009.508	1009.582	1009.659	1009.613	1009.679	1009.59	1009.735	1009.708	1009.746	1009.747	1009.683	1009.694	1009.666	1009.701	1009.762	1009.768	1009.759	1009.835	1009.806	1009.744	1009.853	1009.848	1009.739	1009.624	1009.748	1009.831	1009.916	1009.94	1009.844	1009.757	1009.877	1009.984	1009.946	1009.808	1009.789	1009.89	1009.991	1009.97	1009.858	1009.912	1010.067	1009.897	1009.972	1009.97	1010.01	1010.002	1009.949	1010.003	1009.963	1009.918	1010.073	1009.972	1010.021	1010.021	1010.018	1010.045	1010.043	1010.034	1010.023	1010.062	1010.025	1010.088	1010.075	1010.058	1010.082	1010.081	1010.094	1010.04	1010.09	1010.087	1010.072	1010.08	1010.097	1010.098	1010.097	1010.128	1010.078	1010.115	1010.126	1010.135	1010.152	1010.131	1010.118	1010.162	1010.123	1010.149	1010.198	1010.152	1010.162	1010.178	1010.165	1010.163	1010.202	1010.203	1010.194	1010.18	1010.217	1010.207	1010.232	1010.218	1010.194	1010.252	1010.225	1010.199	1010.292	1010.228	1010.276	1010.274	1010.257	1010.278	1010.286	1010.274	1010.338	1010.241	1010.329	1010.278	1010.298	1010.322	1010.31	1010.343	1010.352	1010.311	1010.314	1010.369	1010.357	1010.362	1010.371	1010.37	1010.378	1010.361	1010.336
1009.827	1009.619	1009.631	1009.615	1009.714	1009.771	1009.822	1009.827	1009.751	1009.74	1009.733	1009.842	1009.8	1009.724	1009.717	1009.774	1009.817	1009.822	1009.772	1009.953	1009.687	1009.815	1009.823	1009.844	1009.818	1009.808	1009.897	1009.813	1009.822	1010.047	1010.004	1009.874	1009.878	1009.871	1009.87	1010.006	1010.03	1009.839	1009.944	1010.011	1010.046	1010.022	1009.945	1009.957	1010.028	1010.042	1010.012	1009.97	1010.07	1010.023	1010.012	1010.059	1010.08	1010.049	1010.081	1010.058	1010.05	1010.057	1010.076	1010.082	1010.079	1010.085	1010.088	1010.099	1010.109	1010.094	1010.11	1010.089	1010.083	1010.119	1010.142	1010.101	1010.15	1010.106	1010.171	1010.133	1010.158	1010.167	1010.156	1010.152	1010.164	1010.158	1010.166	1010.181	1010.176	1010.158	1010.168	1010.192	1010.204	1010.198	1010.196	1010.207	1010.185	1010.184	1010.227	1010.224	1010.234	1010.26	1010.221	1010.197	1010.285	1010.239	1010.267	1010.252	1010.266	1010.285	1010.288	1010.291	1010.294	1010.301	1010.273	1010.314	1010.271	1010.304	1010.324	1010.312	1010.334	1010.33	1010.34	1010.363	1010.357	1010.391	1010.383	1010.378	1010.384	1010.36	1010.36	1010.43	1010.394	1010.417	1010.386	1010.406	1010.435	1010.424	1010.426	1010.484	1010.434
1009.69	1009.796	1009.776	1009.826	1009.836	1009.7	1009.703	1009.742	1009.711	1009.883	1009.793	1009.832	1009.772	1009.871	1009.918	1009.9	1009.858	1009.895	1009.826	1009.921	1009.869	1010.002	1009.925	1009.929	1009.972	1009.969	1009.892	1009.977	1010.02	1009.936	1009.929	1009.98	1010.023	1010.024	1010.022	1010.021	1010.006	1010.052	1010.069	1009.983	1010.018	1010.069	1010.063	1010.063	1010.071	1010.051	1010.065	1010.112	1010.001	1010.061	1010.093	1010.106	1010.086	1010.084	1010.108	1010.113	1010.084	1010.146	1010.12	1010.125	1010.134	1010.132	1010.137	1010.139	1010.144	1010.138	1010.158	1010.156	1010.176	1010.195	1010.174	1010.172	1010.206	1010.171	1010.195	1010.181	1010.204	1010.181	1010.175	1010.213	1010.21	1010.208	1010.244	1010.216	1010.234	1010.246	1010.231	1010.243	1010.25	1010.219	1010.277	1010.256	1010.267	1010.304	1010.297	1010.283	1010.291	1010.305	1010.297	1010.319	1010.311	1010.303	1010.326	1010.331	1010.32	1010.336	1010.354	1010.346	1010.335	1010.424	1010.316	1010.441	1010.377	1010.387	1010.404	1010.386	1010.419	1010.414	1010.389	1010.462	1010.374	1010.434	1010.428	1010.424	1010.478	1010.481	1010.453	1010.469	1010.458	1010.478	1010.5	1010.477	1010.485	1010.512	1010.531	1010.504	1010.513
1009.793	1009.907	1009.798	1009.847	1009.865	1009.798	1009.937	1009.996	1009.867	1009.912	1009.848	1010.003	1009.949	1009.799	1009.883	1010.001	1010.011	1010.004	1010.013	1009.983	1010.007	1010.003	1010.066	1010.043	1009.986	1009.932	1010.025	1010.043	1010.029	1010.05	1010.066	1010.014	1010.042	1010.042	1010.041	1010.071	1010.095	1010.086	1010.054	1010.073	1010.096	1010.12	1010.097	1010.093	1010.104	1010.147	1010.088	1010.145	1010.08	1010.128	1010.15	1010.142	1010.142	1010.158	1010.12	1010.177	1010.16	1010.185	1010.18	1010.184	1010.177	1010.163	1010.203	1010.184	1010.207	1010.211	1010.211	1010.214	1010.227	1010.22	1010.203	1010.242	1010.21	1010.24	1010.255	1010.252	1010.245	1010.242	1010.258	1010.285	1010.268	1010.301	1010.268	1010.306	1010.293	1010.295	1010.287	1010.296	1010.3	1010.302	1010.333	1010.304	1010.342	1010.336	1010.344	1010.346	1010.354	1010.351	1010.358	1010.376	1010.35	1010.411	1010.387	1010.402	1010.401	1010.369	1010.359	1010.442	1010.399	1010.468	1010.42	1010.47	1010.468	1010.463	1010.476	1010.472	1010.473	1010.479	1010.468	1010.49	1010.474	1010.488	1010.5	1010.501	1010.54	1010.52	1010.561	1010.516	1010.586	1010.549	1010.549	1010.544	1010.559	1010.583	1010.596	1010.563	1010.644
1009.88	1009.953	1009.888	1009.963	1009.965	1009.931	1010.032	1010.004	1009.959	1010.004	1010.007	1010.012	1010.024	1009.976	1010.002	1010.05	1010.026	1010.006	1010.061	1010.01	1010.073	1010.024	1010.077	1010.068	1010.019	1010.051	1010.082	1010.075	1010.067	1010.106	1010.074	1010.05	1010.139	1010.14	1010.102	1010.128	1010.134	1010.11	1010.115	1010.116	1010.143	1010.14	1010.116	1010.154	1010.158	1010.196	1010.131	1010.174	1010.201	1010.211	1010.217	1010.21	1010.18	1010.173	1010.194	1010.224	1010.207	1010.224	1010.223	1010.226	1010.219	1010.225	1010.258	1010.235	1010.271	1010.255	1010.283	1010.275	1010.293	1010.286	1010.268	1010.288	1010.275	1010.334	1010.295	1010.322	1010.311	1010.321	1010.339	1010.334	1010.328	1010.37	1010.301	1010.384	1010.339	1010.35	1010.377	1010.386	1010.377	1010.381	1010.39	1010.385	1010.41	1010.408	1010.416	1010.36	1010.368	1010.433	1010.442	1010.44	1010.443	1010.467	1010.474	1010.468	1010.496	1010.464	1010.441	1010.492	1010.48	1010.493	1010.527	1010.49	1010.513	1010.497	1010.509	1010.549	1010.547	1010.553	1010.586	1010.546	1010.597	1010.589	1010.588	1010.59	1010.614	1010.603	1010.647	1010.577	1010.657	1010.646	1010.64	1010.669	1010.683	1010.653	1010.669	1010.65	1010.718
1009.983	1010.015	1010.005	1010.035	1010.011	1009.991	1010.046	1010.015	1010.022	1010.02	1010.072	1010.034	1010.051	1010.062	1010.073	1010.085	1010.059	1010.053	1010.11	1010.038	1010.117	1010.079	1010.106	1010.097	1010.108	1010.145	1010.118	1010.138	1010.13	1010.131	1010.093	1010.134	1010.231	1010.191	1010.15	1010.169	1010.16	1010.166	1010.215	1010.16	1010.205	1010.204	1010.165	1010.206	1010.195	1010.198	1010.239	1010.209	1010.25	1010.24	1010.251	1010.257	1010.226	1010.229	1010.287	1010.251	1010.274	1010.291	1010.277	1010.278	1010.303	1010.311	1010.31	1010.299	1010.339	1010.29	1010.345	1010.317	1010.336	1010.353	1010.334	1010.35	1010.359	1010.389	1010.347	1010.388	1010.373	1010.384	1010.398	1010.391	1010.387	1010.402	1010.397	1010.422	1010.395	1010.425	1010.454	1010.456	1010.444	1010.448	1010.456	1010.466	1010.468	1010.478	1010.504	1010.439	1010.454	1010.528	1010.511	1010.508	1010.547	1010.488	1010.547	1010.539	1010.568	1010.602	1010.578	1010.557	1010.608	1010.541	1010.616	1010.565	1010.61	1010.59	1010.587	1010.63	1010.628	1010.629	1010.667	1010.639	1010.681	1010.683	1010.683	1010.641	1010.668	1010.688	1010.683	1010.713	1010.687	1010.724	1010.715	1010.746	1010.778	1010.743	1010.767	1010.76	1010.751
1010.051	1010.058	1010.034	1010.06	1010.034	1010.048	1010.106	1010.098	1010.089	1010.036	1010.093	1010.112	1010.102	1010.092	1010.101	1010.115	1010.111	1010.132	1010.162	1010.123	1010.143	1010.125	1010.15	1010.146	1010.157	1010.188	1010.145	1010.207	1010.151	1010.181	1010.19	1010.219	1010.21	1010.168	1010.169	1010.202	1010.231	1010.209	1010.244	1010.227	1010.312	1010.279	1010.234	1010.26	1010.272	1010.234	1010.32	1010.247	1010.28	1010.305	1010.286	1010.292	1010.314	1010.342	1010.334	1010.308	1010.362	1010.338	1010.316	1010.343	1010.37	1010.383	1010.369	1010.37	1010.397	1010.362	1010.401	1010.361	1010.393	1010.411	1010.408	1010.439	1010.421	1010.42	1010.444	1010.45	1010.431	1010.461	1010.475	1010.488	1010.482	1010.446	1010.527	1010.462	1010.506	1010.522	1010.51	1010.512	1010.514	1010.517	1010.533	1010.524	1010.538	1010.533	1010.568	1010.575	1010.591	1010.607	1010.568	1010.576	1010.606	1010.573	1010.586	1010.581	1010.598	1010.633	1010.672	1010.621	1010.712	1010.615	1010.683	1010.661	1010.695	1010.698	1010.695	1010.691	1010.696	1010.721	1010.699	1010.744	1010.727	1010.772	1010.795	1010.744	1010.752	1010.808	1010.727	1010.882	1010.761	1010.83	1010.798	1010.808	1010.844	1010.823	1010.842	1010.877	1010.831
1010.062	1010.086	1010.08	1010.131	1010.122	1010.1	1010.102	1010.073	1010.08	1010.155	1010.121	1010.125	1010.134	1010.144	1010.185	1010.185	1010.148	1010.142	1010.148	1010.208	1010.203	1010.172	1010.205	1010.2	1010.208	1010.235	1010.241	1010.244	1010.169	1010.286	1010.191	1010.231	1010.269	1010.282	1010.296	1010.229	1010.316	1010.244	1010.272	1010.343	1010.287	1010.273	1010.296	1010.335	1010.388	1010.323	1010.308	1010.338	1010.398	1010.376	1010.324	1010.331	1010.376	1010.4	1010.349	1010.421	1010.382	1010.351	1010.399	1010.42	1010.419	1010.416	1010.441	1010.428	1010.431	1010.457	1010.453	1010.466	1010.489	1010.488	1010.479	1010.507	1010.481	1010.52	1010.517	1010.458	1010.491	1010.532	1010.524	1010.514	1010.56	1010.522	1010.602	1010.529	1010.601	1010.562	1010.581	1010.597	1010.582	1010.582	1010.613	1010.596	1010.64	1010.645	1010.636	1010.649	1010.654	1010.658	1010.715	1010.696	1010.624	1010.767	1010.616	1010.706	1010.724	1010.709	1010.735	1010.714	1010.742	1010.718	1010.778	1010.765	1010.773	1010.801	1010.813	1010.797	1010.78	1010.848	1010.783	1010.859	1010.803	1010.814	1010.859	1010.867	1010.894	1010.972	1010.841	1010.937	1010.86	1010.951	1010.926	1010.947	1010.962	1010.913	1010.878	1010.97	1010.969
1010.105	1010.181	1010.149	1010.127	1010.13	1010.143	1010.207	1010.242	1010.187	1010.216	1010.165	1010.186	1010.204	1010.189	1010.186	1010.171	1010.186	1010.278	1010.263	1010.203	1010.237	1010.256	1010.238	1010.243	1010.267	1010.266	1010.243	1010.284	1010.282	1010.343	1010.272	1010.382	1010.34	1010.276	1010.301	1010.296	1010.355	1010.359	1010.367	1010.352	1010.317	1010.369	1010.401	1010.362	1010.332	1010.399	1010.408	1010.432	1010.375	1010.378	1010.438	1010.471	1010.448	1010.433	1010.463	1010.483	1010.423	1010.512	1010.47	1010.467	1010.5	1010.512	1010.512	1010.515	1010.52	1010.537	1010.522	1010.538	1010.532	1010.543	1010.565	1010.555	1010.568	1010.595	1010.541	1010.633	1010.617	1010.618	1010.618	1010.614	1010.646	1010.606	1010.636	1010.629	1010.666	1010.635	1010.665	1010.656	1010.637	1010.708	1010.694	1010.72	1010.653	1010.691	1010.726	1010.724	1010.737	1010.739	1010.718	1010.792	1010.674	1010.861	1010.762	1010.823	1010.798	1010.777	1010.811	1010.818	1010.825	1010.868	1010.818	1010.83	1010.884	1010.86	1010.86	1010.9	1010.88	1010.906	1010.914	1010.893	1010.957	1010.96	1010.957	1010.947	1010.93	1010.943	1011.011	1010.976	1011.016	1011.017	1010.983	1011.002	1011.022	1011.055	1011.121	1011.045	1011.106
1010.15	1010.177	1010.153	1010.202	1010.236	1010.195	1010.165	1010.175	1010.175	1010.182	1010.237	1010.266	1010.236	1010.245	1010.28	1010.302	1010.276	1010.229	1010.259	1010.311	1010.299	1010.303	1010.317	1010.323	1010.333	1010.34	1010.344	1010.385	1010.316	1010.332	1010.356	1010.352	1010.327	1010.367	1010.457	1010.46	1010.366	1010.369	1010.397	1010.395	1010.482	1010.414	1010.384	1010.467	1010.492	1010.481	1010.419	1010.454	1010.517	1010.529	1010.476	1010.446	1010.483	1010.538	1010.511	1010.495	1010.52	1010.549	1010.521	1010.564	1010.584	1010.545	1010.551	1010.585	1010.589	1010.581	1010.612	1010.622	1010.614	1010.623	1010.641	1010.634	1010.646	1010.681	1010.634	1010.692	1010.624	1010.65	1010.693	1010.677	1010.68	1010.708	1010.751	1010.718	1010.73	1010.731	1010.752	1010.755	1010.775	1010.812	1010.689	1010.853	1010.819	1010.806	1010.831	1010.794	1010.835	1010.871	1010.78	1010.943	1010.889	1010.831	1010.89	1010.879	1010.884	1010.926	1010.938	1010.898	1010.938	1010.911	1010.973	1010.954	1010.983	1010.985	1010.99	1011.017	1011.013	1010.99	1011.098	1011.016	1011.019	1011.041	1011.041	1011.095	1011.131	1011.072	1011.158	1011.033	1011.158	1011.107	1011.159	1011.209	1011.169	1011.136	1011.18	1011.113	1011.253
1010.264	1010.235	1010.277	1010.247	1010.222	1010.26	1010.282	1010.275	1010.333	1010.331	1010.291	1010.258	1010.284	1010.325	1010.302	1010.302	1010.331	1010.335	1010.374	1010.349	1010.358	1010.344	1010.378	1010.373	1010.368	1010.389	1010.387	1010.365	1010.417	1010.429	1010.451	1010.406	1010.468	1010.462	1010.391	1010.402	1010.493	1010.484	1010.542	1010.454	1010.485	1010.475	1010.513	1010.561	1010.472	1010.502	1010.556	1010.551	1010.53	1010.538	1010.556	1010.604	1010.628	1010.576	1010.559	1010.641	1010.628	1010.596	1010.652	1010.655	1010.625	1010.638	1010.696	1010.641	1010.683	1010.671	1010.688	1010.669	1010.703	1010.702	1010.683	1010.738	1010.703	1010.748	1010.754	1010.747	1010.801	1010.813	1010.778	1010.765	1010.816	1010.787	1010.798	1010.794	1010.833	1010.825	1010.837	1010.838	1010.836	1010.86	1010.92	1010.855	1010.879	1010.875	1010.925	1010.909	1010.892	1010.914	1010.947	1010.894	1010.954	1010.979	1011.006	1010.983	1010.998	1010.998	1010.973	1011.016	1011.088	1010.976	1011.096	1011.056	1011.036	1011.08	1011.081	1011.063	1011.123	1011.142	1011.072	1011.207	1011.148	1011.205	1011.175	1011.157	1011.187	1011.177	1011.227	1011.199	1011.264	1011.23	1011.24	1011.245	1011.284	1011.327	1011.305	1011.393	1011.301
1010.289	1010.235	1010.3	1010.317	1010.293	1010.303	1010.317	1010.296	1010.308	1010.293	1010.344	1010.376	1010.348	1010.375	1010.392	1010.395	1010.39	1010.391	1010.418	1010.353	1010.442	1010.422	1010.436	1010.457	1010.458	1010.461	1010.467	1010.459	1010.524	1010.44	1010.517	1010.488	1010.443	1010.451	1010.547	1010.619	1010.558	1010.458	1010.552	1010.583	1010.579	1010.591	1010.607	1010.589	1010.57	1010.649	1010.57	1010.632	1010.627	1010.642	1010.632	1010.644	1010.641	1010.632	1010.701	1010.643	1010.673	1010.718	1010.721	1010.713	1010.708	1010.724	1010.708	1010.71	1010.797	1010.727	1010.817	1010.764	1010.788	1010.793	1010.782	1010.838	1010.793	1010.833	1010.835	1010.838	1010.85	1010.834	1010.823	1010.868	1010.883	1010.865	1010.93	1010.907	1010.906	1010.914	1010.918	1010.94	1010.952	1010.918	1011.028	1010.921	1011.022	1010.993	1010.989	1011.086	1011.07	1011.011	1011.099	1011.023	1011.12	1011.08	1011.062	1011.083	1011.097	1011.103	1011.137	1011.179	1011.139	1011.179	1011.16	1011.207	1011.205	1011.179	1011.188	1011.215	1011.196	1011.299	1011.193	1011.322	1011.209	1011.289	1011.329	1011.321	1011.343	1011.345	1011.36	1011.361	1011.372	1011.386	1011.431	1011.382	1011.414	1011.447	1011.357	1011.503	1011.385
1010.365	1010.363	1010.338	1010.361	1010.402	1010.387	1010.386	1010.389	1010.42	1010.44	1010.411	1010.399	1010.404	1010.414	1010.437	1010.457	1010.45	1010.442	1010.472	1010.478	1010.479	1010.48	1010.492	1010.512	1010.506	1010.503	1010.539	1010.523	1010.556	1010.559	1010.57	1010.617	1010.572	1010.574	1010.66	1010.571	1010.557	1010.661	1010.608	1010.637	1010.629	1010.639	1010.663	1010.662	1010.67	1010.678	1010.633	1010.73	1010.699	1010.731	1010.717	1010.75	1010.782	1010.731	1010.761	1010.734	1010.796	1010.797	1010.779	1010.788	1010.8	1010.792	1010.827	1010.854	1010.869	1010.805	1010.889	1010.868	1010.882	1010.903	1010.906	1010.907	1010.89	1010.947	1010.895	1010.943	1010.932	1010.939	1010.967	1010.991	1010.973	1011.012	1010.991	1011.008	1010.998	1011.078	1011.051	1011.032	1011.045	1011.028	1011.059	1011.078	1011.069	1011.119	1011.077	1011.15	1011.184	1011.17	1011.185	1011.14	1011.222	1011.154	1011.205	1011.195	1011.214	1011.218	1011.24	1011.261	1011.216	1011.34	1011.266	1011.296	1011.341	1011.302	1011.352	1011.407	1011.299	1011.411	1011.331	1011.427	1011.38	1011.395	1011.427	1011.445	1011.483	1011.461	1011.506	1011.462	1011.558	1011.494	1011.556	1011.524	1011.528	1011.535	1011.543	1011.635	1011.582
1010.453	1010.387	1010.409	1010.406	1010.438	1010.472	1010.469	1010.433	1010.433	1010.484	1010.457	1010.47	1010.505	1010.51	1010.473	1010.493	1010.549	1010.569	1010.519	1010.574	1010.524	1010.59	1010.586	1010.575	1010.568	1010.576	1010.591	1010.612	1010.582	1010.669	1010.596	1010.64	1010.667	1010.669	1010.713	1010.679	1010.671	1010.729	1010.661	1010.727	1010.72	1010.736	1010.761	1010.736	1010.729	1010.756	1010.795	1010.81	1010.766	1010.804	1010.798	1010.835	1010.846	1010.797	1010.845	1010.858	1010.87	1010.87	1010.868	1010.868	1010.88	1010.906	1010.957	1010.916	1010.929	1010.95	1010.923	1010.933	1010.948	1010.97	1010.997	1011.01	1010.991	1011.046	1010.994	1011.046	1011.037	1011.037	1011.064	1011.083	1011.094	1011.125	1011.047	1011.15	1011.089	1011.155	1011.212	1011.193	1011.194	1011.213	1011.156	1011.282	1011.153	1011.239	1011.225	1011.196	1011.229	1011.27	1011.268	1011.279	1011.329	1011.284	1011.349	1011.323	1011.41	1011.412	1011.358	1011.391	1011.385	1011.387	1011.429	1011.393	1011.451	1011.488	1011.541	1011.544	1011.485	1011.552	1011.474	1011.548	1011.53	1011.564	1011.576	1011.598	1011.605	1011.561	1011.696	1011.559	1011.732	1011.657	1011.704	1011.728	1011.735	1011.746	1011.781	1011.739	1011.773
1010.508	1010.41	1010.516	1010.491	1010.502	1010.54	1010.52	1010.482	1010.495	1010.537	1010.533	1010.564	1010.574	1010.583	1010.544	1010.545	1010.603	1010.643	1010.57	1010.653	1010.602	1010.674	1010.654	1010.643	1010.676	1010.687	1010.666	1010.73	1010.651	1010.719	1010.669	1010.708	1010.736	1010.723	1010.768	1010.794	1010.765	1010.737	1010.797	1010.839	1010.801	1010.819	1010.83	1010.803	1010.831	1010.866	1010.873	1010.861	1010.862	1010.866	1010.86	1010.876	1010.886	1010.906	1010.953	1010.938	1010.947	1010.968	1010.965	1010.962	1011.013	1011.041	1011.049	1011.016	1011.025	1011.073	1011.011	1011.078	1011.092	1011.081	1011.111	1011.124	1011.107	1011.127	1011.141	1011.157	1011.172	1011.171	1011.186	1011.204	1011.196	1011.196	1011.2	1011.237	1011.205	1011.201	1011.263	1011.268	1011.266	1011.343	1011.261	1011.386	1011.329	1011.381	1011.354	1011.317	1011.342	1011.387	1011.405	1011.436	1011.445	1011.439	1011.48	1011.473	1011.569	1011.578	1011.516	1011.532	1011.566	1011.478	1011.616	1011.55	1011.57	1011.611	1011.618	1011.616	1011.644	1011.652	1011.646	1011.729	1011.674	1011.738	1011.75	1011.777	1011.786	1011.714	1011.871	1011.733	1011.851	1011.819	1011.855	1011.881	1011.899	1011.907	1011.949	1011.892	1011.97
1010.553	1010.55	1010.601	1010.555	1010.582	1010.593	1010.569	1010.565	1010.643	1010.641	1010.624	1010.625	1010.629	1010.668	1010.647	1010.649	1010.653	1010.674	1010.666	1010.72	1010.702	1010.703	1010.698	1010.712	1010.747	1010.795	1010.756	1010.803	1010.777	1010.769	1010.807	1010.834	1010.834	1010.819	1010.814	1010.804	1010.833	1010.864	1010.955	1010.887	1010.846	1010.89	1010.902	1010.884	1010.955	1010.964	1010.922	1010.959	1011.001	1010.948	1011.011	1011.028	1010.997	1011.056	1011.042	1011.026	1011.083	1011.071	1011.033	1011.062	1011.118	1011.129	1011.085	1011.179	1011.124	1011.136	1011.154	1011.228	1011.196	1011.185	1011.192	1011.184	1011.242	1011.21	1011.277	1011.248	1011.298	1011.296	1011.312	1011.367	1011.321	1011.298	1011.438	1011.271	1011.435	1011.385	1011.39	1011.395	1011.357	1011.438	1011.402	1011.432	1011.51	1011.508	1011.455	1011.504	1011.531	1011.528	1011.57	1011.561	1011.568	1011.586	1011.573	1011.617	1011.591	1011.597	1011.671	1011.639	1011.703	1011.703	1011.747	1011.747	1011.744	1011.737	1011.747	1011.751	1011.783	1011.774	1011.819	1011.915	1011.846	1011.923	1011.891	1011.919	1012.001	1011.938	1011.994	1011.991	1011.998	1012.005	1012.017	1012.015	1012.022	1012.028	1012.037	1012.054	1012.064
1010.589	1010.655	1010.604	1010.588	1010.617	1010.651	1010.672	1010.657	1010.646	1010.636	1010.686	1010.687	1010.806	1010.767	1010.7	1010.726	1010.781	1010.792	1010.803	1010.718	1010.805	1010.795	1010.829	1010.817	1010.803	1010.848	1010.889	1010.812	1010.923	1010.878	1010.867	1010.875	1010.894	1010.913	1010.933	1010.896	1011.008	1010.97	1010.922	1010.94	1010.993	1011.026	1011.04	1011.017	1010.989	1011.022	1011.139	1011.07	1011.028	1011.05	1011.143	1011.141	1011.085	1011.126	1011.094	1011.183	1011.164	1011.115	1011.194	1011.207	1011.208	1011.21	1011.171	1011.278	1011.189	1011.299	1011.325	1011.302	1011.29	1011.314	1011.336	1011.284	1011.416	1011.303	1011.403	1011.366	1011.389	1011.374	1011.363	1011.415	1011.462	1011.41	1011.61	1011.382	1011.651	1011.512	1011.506	1011.552	1011.545	1011.545	1011.626	1011.618	1011.56	1011.648	1011.646	1011.681	1011.692	1011.691	1011.77	1011.691	1011.732	1011.803	1011.696	1011.805	1011.73	1011.736	1011.878	1011.827	1011.88	1011.915	1011.828	1011.956	1011.944	1011.917	1011.952	1011.991	1011.961	1012.029	1011.973	1012.001	1012.021	1012.028	1012.024	1012.031	1012.049	1012.069	1012.054	1012.095	1012.084	1012.091	1012.102	1012.095	1012.104	1012.12	1012.113	1012.131	1012.11
1010.615	1010.673	1010.77	1010.82	1010.708	1010.713	1010.755	1010.766	1010.802	1010.839	1010.859	1010.723	1010.729	1010.791	1010.821	1010.861	1010.863	1010.784	1010.883	1010.831	1010.965	1010.89	1010.872	1010.91	1010.915	1010.907	1010.957	1010.906	1010.966	1010.93	1010.985	1011.06	1011.045	1011	1011.011	1011.048	1011.028	1010.995	1011.148	1011.162	1011.056	1011.04	1011.094	1011.151	1011.169	1011.152	1011.137	1011.069	1011.206	1011.262	1011.217	1011.176	1011.21	1011.286	1011.267	1011.278	1011.241	1011.292	1011.35	1011.311	1011.316	1011.374	1011.37	1011.358	1011.359	1011.453	1011.333	1011.45	1011.451	1011.425	1011.457	1011.451	1011.519	1011.456	1011.563	1011.546	1011.534	1011.608	1011.605	1011.57	1011.65	1011.494	1011.634	1011.639	1011.633	1011.612	1011.679	1011.716	1011.712	1011.695	1011.609	1011.838	1011.739	1011.81	1011.783	1011.78	1011.811	1011.826	1011.834	1011.893	1011.843	1011.949	1011.893	1011.969	1012.002	1011.99	1011.971	1011.971	1012.01	1011.973	1012.051	1012.026	1012.028	1012.036	1012.05	1012.06	1012.042	1012.096	1012.069	1012.117	1012.117	1012.066	1012.108	1012.127	1012.106	1012.155	1012.15	1012.137	1012.143	1012.155	1012.18	1012.186	1012.188	1012.192	1012.199	1012.225	1012.205
1010.86	1010.926	1010.676	1010.725	1010.777	1010.852	1010.836	1010.796	1010.848	1010.755	1010.744	1010.97	1010.911	1010.946	1010.9	1010.881	1010.932	1010.953	1011.012	1010.938	1010.913	1010.988	1010.998	1011.027	1011.044	1011.017	1011.009	1011.11	1011.066	1011.097	1011.075	1011.033	1011.085	1011.129	1011.129	1011.156	1011.148	1011.267	1011.15	1011.09	1011.172	1011.317	1011.288	1011.18	1011.23	1011.255	1011.286	1011.385	1011.282	1011.24	1011.291	1011.377	1011.373	1011.28	1011.355	1011.333	1011.445	1011.428	1011.374	1011.437	1011.485	1011.437	1011.428	1011.53	1011.49	1011.548	1011.508	1011.591	1011.541	1011.538	1011.634	1011.624	1011.591	1011.722	1011.583	1011.704	1011.636	1011.667	1011.687	1011.658	1011.74	1011.821	1011.747	1011.815	1011.767	1011.853	1011.851	1011.768	1011.844	1012.026	1011.859	1011.972	1011.895	1011.938	1011.966	1012.003	1012.027	1012.02	1011.984	1012.063	1012.008	1012.031	1012.086	1012.04	1012.047	1012.071	1012.076	1012.11	1012.127	1012.051	1012.151	1012.074	1012.131	1012.141	1012.133	1012.166	1012.179	1012.143	1012.169	1012.149	1012.193	1012.202	1012.214	1012.213	1012.206	1012.226	1012.223	1012.26	1012.282	1012.266	1012.259	1012.265	1012.279	1012.287	1012.29	1012.308	1012.268
1010.608	1010.966	1010.893	1010.981	1010.912	1010.9	1010.927	1010.947	1010.969	1011.043	1010.983	1010.951	1010.917	1010.984	1010.994	1011.015	1011.054	1011.024	1010.954	1011.104	1011.08	1011.107	1011.113	1011.074	1011.108	1011.165	1011.127	1011.154	1011.099	1011.189	1011.224	1011.215	1011.247	1011.241	1011.229	1011.274	1011.235	1011.297	1011.237	1011.387	1011.306	1011.285	1011.317	1011.362	1011.408	1011.384	1011.355	1011.393	1011.377	1011.523	1011.502	1011.438	1011.444	1011.484	1011.631	1011.488	1011.527	1011.529	1011.605	1011.615	1011.593	1011.596	1011.646	1011.678	1011.589	1011.681	1011.722	1011.644	1011.699	1011.743	1011.732	1011.753	1011.728	1011.89	1011.725	1011.882	1011.881	1011.864	1011.942	1011.975	1011.872	1011.944	1011.888	1011.948	1011.989	1011.927	1011.993	1012.036	1012.037	1011.981	1012.025	1012.047	1012.051	1012.063	1012.073	1012.063	1012.056	1012.072	1012.097	1012.07	1012.137	1012.098	1012.12	1012.146	1012.151	1012.161	1012.164	1012.137	1012.157	1012.173	1012.185	1012.184	1012.211	1012.207	1012.198	1012.219	1012.224	1012.222	1012.303	1012.241	1012.259	1012.285	1012.269	1012.288	1012.326	1012.31	1012.318	1012.323	1012.296	1012.332	1012.362	1012.364	1012.37	1012.381	1012.375	1012.382	1012.431
1010.884	1011.065	1010.911	1010.94	1010.959	1010.979	1011.025	1011.033	1010.973	1011.042	1011.035	1011.046	1011.155	1011.121	1011.134	1011.141	1011.113	1011.129	1011.161	1011.178	1011.183	1011.119	1011.198	1011.254	1011.264	1011.245	1011.233	1011.292	1011.333	1011.288	1011.278	1011.313	1011.323	1011.313	1011.348	1011.401	1011.357	1011.462	1011.39	1011.396	1011.395	1011.482	1011.536	1011.482	1011.429	1011.532	1011.533	1011.564	1011.54	1011.602	1011.553	1011.551	1011.658	1011.655	1011.624	1011.606	1011.733	1011.649	1011.735	1011.684	1011.682	1011.778	1011.769	1011.751	1011.895	1011.779	1011.888	1011.816	1011.912	1011.923	1011.87	1012.014	1011.9	1011.954	1012	1011.877	1011.988	1012	1012.013	1012.033	1012.037	1012.045	1012.067	1012.052	1012.077	1012.071	1012.049	1012.08	1012.112	1012.086	1012.156	1012.087	1012.141	1012.116	1012.133	1012.187	1012.185	1012.172	1012.211	1012.147	1012.217	1012.205	1012.194	1012.23	1012.208	1012.212	1012.259	1012.267	1012.265	1012.291	1012.253	1012.319	1012.283	1012.317	1012.334	1012.323	1012.319	1012.334	1012.301	1012.364	1012.347	1012.375	1012.395	1012.409	1012.394	1012.37	1012.435	1012.422	1012.447	1012.433	1012.447	1012.456	1012.463	1012.479	1012.504	1012.473	1012.503
1011.051	1011.076	1011.116	1011.084	1011.155	1011.144	1011.07	1011.043	1011.151	1011.163	1011.17	1011.165	1011.231	1011.161	1011.191	1011.256	1011.244	1011.261	1011.292	1011.209	1011.338	1011.316	1011.254	1011.322	1011.339	1011.324	1011.379	1011.357	1011.403	1011.421	1011.439	1011.403	1011.437	1011.494	1011.539	1011.511	1011.513	1011.543	1011.557	1011.532	1011.636	1011.662	1011.589	1011.527	1011.626	1011.692	1011.62	1011.717	1011.687	1011.719	1011.712	1011.713	1011.749	1011.77	1011.864	1011.792	1011.863	1011.802	1011.869	1011.865	1011.859	1011.901	1011.931	1011.929	1012.031	1011.888	1012.032	1011.984	1012.027	1012.055	1012.061	1012.066	1012.036	1012.048	1012.088	1012.057	1012.079	1012.096	1012.09	1012.1	1012.126	1012.108	1012.136	1012.143	1012.13	1012.208	1012.174	1012.152	1012.177	1012.169	1012.201	1012.164	1012.235	1012.222	1012.213	1012.253	1012.252	1012.251	1012.281	1012.289	1012.273	1012.288	1012.296	1012.278	1012.289	1012.302	1012.324	1012.34	1012.319	1012.38	1012.338	1012.399	1012.39	1012.404	1012.39	1012.368	1012.417	1012.456	1012.394	1012.47	1012.436	1012.468	1012.48	1012.486	1012.48	1012.495	1012.525	1012.479	1012.541	1012.527	1012.55	1012.563	1012.56	1012.566	1012.594	1012.581	1012.611
1011.207	1011.079	1011.228	1011.18	1011.213	1011.302	1011.221	1011.197	1011.281	1011.235	1011.319	1011.265	1011.291	1011.277	1011.253	1011.319	1011.352	1011.359	1011.396	1011.419	1011.419	1011.453	1011.406	1011.476	1011.494	1011.461	1011.506	1011.493	1011.545	1011.534	1011.576	1011.557	1011.563	1011.621	1011.617	1011.598	1011.688	1011.592	1011.725	1011.683	1011.763	1011.724	1011.647	1011.754	1011.806	1011.811	1011.786	1011.858	1011.853	1011.88	1011.85	1011.852	1011.929	1011.984	1012.003	1011.929	1011.988	1012.036	1012.034	1012.043	1012.041	1012.041	1012.077	1012.043	1012.074	1012.053	1012.073	1012.063	1012.076	1012.105	1012.108	1012.095	1012.138	1012.151	1012.129	1012.189	1012.179	1012.179	1012.172	1012.172	1012.178	1012.206	1012.19	1012.252	1012.211	1012.263	1012.278	1012.255	1012.273	1012.263	1012.284	1012.306	1012.301	1012.307	1012.315	1012.292	1012.29	1012.337	1012.336	1012.38	1012.359	1012.371	1012.411	1012.383	1012.423	1012.436	1012.418	1012.456	1012.417	1012.481	1012.451	1012.453	1012.463	1012.473	1012.457	1012.496	1012.532	1012.52	1012.534	1012.556	1012.553	1012.583	1012.562	1012.568	1012.591	1012.589	1012.625	1012.622	1012.643	1012.642	1012.659	1012.631	1012.629	1012.671	1012.688	1012.694	1012.719
1011.317	1011.239	1011.265	1011.279	1011.278	1011.375	1011.36	1011.335	1011.38	1011.351	1011.42	1011.406	1011.419	1011.436	1011.407	1011.435	1011.47	1011.477	1011.47	1011.62	1011.477	1011.556	1011.541	1011.616	1011.633	1011.6	1011.626	1011.638	1011.711	1011.664	1011.693	1011.731	1011.737	1011.791	1011.787	1011.74	1011.855	1011.727	1011.891	1011.817	1011.921	1011.882	1011.845	1011.964	1011.926	1011.985	1012.001	1011.995	1012.005	1012.02	1012.005	1012.024	1012.062	1012.052	1012.02	1012.093	1012.043	1012.113	1012.082	1012.093	1012.122	1012.121	1012.153	1012.116	1012.144	1012.177	1012.145	1012.198	1012.211	1012.182	1012.185	1012.179	1012.212	1012.241	1012.204	1012.277	1012.257	1012.256	1012.271	1012.271	1012.266	1012.33	1012.265	1012.322	1012.305	1012.329	1012.345	1012.322	1012.341	1012.36	1012.376	1012.393	1012.393	1012.394	1012.422	1012.396	1012.386	1012.438	1012.422	1012.457	1012.474	1012.456	1012.501	1012.489	1012.531	1012.538	1012.518	1012.563	1012.523	1012.562	1012.566	1012.554	1012.579	1012.589	1012.568	1012.611	1012.635	1012.608	1012.664	1012.629	1012.659	1012.661	1012.637	1012.676	1012.701	1012.688	1012.732	1012.744	1012.738	1012.749	1012.774	1012.745	1012.763	1012.808	1012.797	1012.818	1012.823
1011.326	1011.532	1011.355	1011.461	1011.459	1011.461	1011.443	1011.448	1011.508	1011.539	1011.488	1011.561	1011.569	1011.534	1011.614	1011.647	1011.614	1011.656	1011.579	1011.694	1011.622	1011.734	1011.682	1011.725	1011.744	1011.759	1011.787	1011.75	1011.793	1011.836	1011.818	1011.877	1011.858	1011.917	1011.985	1011.894	1011.978	1011.935	1012.015	1011.947	1012.059	1012.025	1012.006	1012.057	1012.036	1012.085	1012.048	1012.067	1012.083	1012.097	1012.121	1012.143	1012.162	1012.141	1012.088	1012.237	1012.104	1012.186	1012.164	1012.168	1012.198	1012.2	1012.205	1012.209	1012.225	1012.254	1012.236	1012.318	1012.295	1012.263	1012.273	1012.298	1012.271	1012.308	1012.329	1012.305	1012.316	1012.336	1012.349	1012.388	1012.382	1012.416	1012.388	1012.388	1012.405	1012.435	1012.448	1012.422	1012.411	1012.456	1012.466	1012.429	1012.52	1012.487	1012.509	1012.543	1012.53	1012.538	1012.56	1012.549	1012.576	1012.553	1012.577	1012.583	1012.591	1012.599	1012.597	1012.617	1012.631	1012.65	1012.668	1012.687	1012.707	1012.729	1012.704	1012.687	1012.734	1012.749	1012.761	1012.735	1012.787	1012.757	1012.789	1012.831	1012.834	1012.837	1012.842	1012.812	1012.854	1012.844	1012.88	1012.891	1012.91	1012.922	1012.9	1012.948	1012.902
1011.333	1011.694	1011.473	1011.533	1011.523	1011.533	1011.571	1011.603	1011.579	1011.63	1011.616	1011.618	1011.675	1011.646	1011.808	1011.818	1011.683	1011.778	1011.766	1011.837	1011.814	1011.822	1011.824	1011.896	1011.909	1011.918	1011.999	1011.977	1011.907	1012.021	1011.971	1012.025	1012.006	1012.011	1012.037	1012.03	1012.077	1012.041	1012.098	1012.088	1012.105	1012.057	1012.072	1012.16	1012.169	1012.144	1012.092	1012.172	1012.17	1012.159	1012.197	1012.193	1012.175	1012.252	1012.195	1012.246	1012.197	1012.315	1012.272	1012.243	1012.261	1012.28	1012.285	1012.325	1012.298	1012.307	1012.353	1012.325	1012.34	1012.37	1012.369	1012.388	1012.413	1012.375	1012.445	1012.356	1012.429	1012.42	1012.413	1012.469	1012.49	1012.435	1012.532	1012.513	1012.484	1012.504	1012.534	1012.558	1012.562	1012.546	1012.593	1012.557	1012.598	1012.551	1012.576	1012.653	1012.659	1012.637	1012.699	1012.632	1012.664	1012.695	1012.68	1012.714	1012.708	1012.723	1012.744	1012.701	1012.798	1012.789	1012.768	1012.791	1012.771	1012.838	1012.859	1012.83	1012.846	1012.835	1012.856	1012.873	1012.922	1012.904	1012.94	1012.945	1012.917	1012.97	1012.956	1012.965	1013.029	1012.962	1013.012	1013.023	1013.038	1013.046	1013.041	1013.115	1012.963
1011.569	1011.641	1011.656	1011.741	1011.724	1011.754	1011.788	1011.798	1011.748	1011.703	1011.964	1011.751	1011.915	1011.814	1011.808	1011.837	1011.872	1011.973	1011.879	1011.981	1011.937	1011.978	1012.035	1012.031	1012.015	1012.01	1012.006	1012.069	1012.046	1012.08	1012.047	1012.099	1012.109	1012.119	1012.132	1012.13	1012.188	1012.1	1012.144	1012.131	1012.166	1012.201	1012.218	1012.201	1012.145	1012.204	1012.292	1012.234	1012.254	1012.244	1012.273	1012.294	1012.289	1012.318	1012.261	1012.33	1012.378	1012.33	1012.319	1012.359	1012.396	1012.402	1012.377	1012.362	1012.442	1012.401	1012.449	1012.407	1012.435	1012.469	1012.452	1012.457	1012.565	1012.416	1012.543	1012.524	1012.549	1012.554	1012.552	1012.56	1012.573	1012.59	1012.578	1012.547	1012.614	1012.64	1012.62	1012.634	1012.665	1012.63	1012.682	1012.712	1012.626	1012.737	1012.722	1012.711	1012.714	1012.721	1012.747	1012.747	1012.794	1012.801	1012.78	1012.833	1012.823	1012.829	1012.867	1012.848	1012.872	1012.835	1012.885	1012.939	1012.917	1012.922	1012.918	1012.934	1012.993	1012.947	1013.055	1012.978	1012.998	1013.014	1013.026	1013.053	1013.072	1013.066	1013.043	1013.109	1013.063	1013.088	1013.172	1013.135	1013.165	1013.219	1013.134	1013.266	1013.19
1012.038	1011.688	1011.804	1011.761	1011.769	1011.802	1011.755	1011.816	1012.027	1011.818	1012.015	1011.785	1011.964	1011.985	1012.024	1012.049	1012.036	1012.023	1012.019	1012.084	1012.068	1012.081	1012.072	1012.033	1012.092	1012.173	1012.127	1012.144	1012.097	1012.17	1012.183	1012.183	1012.154	1012.17	1012.196	1012.159	1012.203	1012.229	1012.289	1012.262	1012.261	1012.244	1012.236	1012.297	1012.38	1012.31	1012.313	1012.239	1012.376	1012.372	1012.337	1012.352	1012.363	1012.345	1012.432	1012.406	1012.384	1012.401	1012.453	1012.458	1012.417	1012.435	1012.516	1012.457	1012.558	1012.465	1012.494	1012.557	1012.528	1012.528	1012.58	1012.575	1012.569	1012.59	1012.621	1012.598	1012.582	1012.621	1012.66	1012.639	1012.618	1012.726	1012.663	1012.747	1012.693	1012.718	1012.744	1012.745	1012.775	1012.82	1012.735	1012.842	1012.796	1012.825	1012.813	1012.832	1012.883	1012.891	1012.859	1012.927	1012.863	1012.894	1012.927	1012.937	1012.957	1012.961	1012.963	1012.995	1013	1013.057	1013.053	1012.982	1013.039	1013.092	1013.087	1013.089	1013.118	1013.068	1013.157	1013.099	1013.191	1013.201	1013.161	1013.174	1013.21	1013.203	1013.265	1013.258	1013.283	1013.277	1013.305	1013.264	1013.287	1013.34	1013.285	1013.336	1013.406
1011.718	1011.832	1012.032	1011.992	1011.972	1012.047	1012.048	1012.023	1012.038	1011.934	1012.098	1012.084	1012.104	1012.051	1012.071	1012.073	1012.053	1012.126	1012.165	1012.11	1012.143	1012.127	1012.197	1012.203	1012.172	1012.154	1012.154	1012.242	1012.205	1012.236	1012.201	1012.261	1012.268	1012.275	1012.296	1012.311	1012.343	1012.289	1012.269	1012.307	1012.337	1012.371	1012.369	1012.368	1012.375	1012.29	1012.461	1012.471	1012.424	1012.425	1012.438	1012.479	1012.49	1012.471	1012.52	1012.453	1012.531	1012.562	1012.501	1012.529	1012.566	1012.575	1012.591	1012.563	1012.572	1012.658	1012.616	1012.627	1012.631	1012.645	1012.671	1012.667	1012.642	1012.763	1012.65	1012.724	1012.785	1012.751	1012.752	1012.791	1012.783	1012.806	1012.728	1012.88	1012.807	1012.814	1012.869	1012.847	1012.83	1012.909	1012.874	1012.915	1012.939	1012.908	1012.965	1012.969	1012.951	1012.954	1012.974	1013.013	1012.997	1013.06	1013.072	1013.016	1013.065	1013.092	1013.077	1013.122	1013.099	1013.115	1013.139	1013.177	1013.167	1013.178	1013.204	1013.229	1013.233	1013.273	1013.256	1013.289	1013.274	1013.277	1013.311	1013.344	1013.333	1013.335	1013.42	1013.278	1013.471	1013.385	1013.4	1013.468	1013.443	1013.42	1013.558	1013.469	1013.524
1012.039	1012.094	1012.001	1012.114	1012.056	1012.017	1012.031	1012.079	1012.078	1012.133	1012.127	1012.08	1012.146	1012.133	1012.163	1012.177	1012.187	1012.22	1012.184	1012.182	1012.267	1012.214	1012.233	1012.232	1012.236	1012.298	1012.333	1012.304	1012.255	1012.353	1012.321	1012.354	1012.348	1012.345	1012.35	1012.358	1012.374	1012.422	1012.421	1012.462	1012.421	1012.44	1012.455	1012.451	1012.459	1012.515	1012.485	1012.486	1012.515	1012.546	1012.54	1012.542	1012.556	1012.593	1012.57	1012.619	1012.607	1012.59	1012.591	1012.632	1012.662	1012.634	1012.602	1012.728	1012.662	1012.715	1012.725	1012.713	1012.776	1012.782	1012.753	1012.799	1012.781	1012.803	1012.806	1012.799	1012.838	1012.863	1012.876	1012.872	1012.851	1012.934	1012.929	1012.905	1013.001	1012.973	1012.943	1012.953	1012.991	1012.961	1013.05	1013.003	1013.057	1013.067	1013.092	1013.083	1013.082	1013.138	1013.173	1013.123	1013.191	1013.134	1013.196	1013.192	1013.204	1013.214	1013.226	1013.272	1013.255	1013.326	1013.264	1013.344	1013.328	1013.333	1013.367	1013.364	1013.339	1013.438	1013.352	1013.47	1013.425	1013.465	1013.449	1013.465	1013.51	1013.525	1013.578	1013.539	1013.582	1013.64	1013.59	1013.628	1013.613	1013.59	1013.679	1013.617	1013.74
1012.024	1012.199	1012.069	1012.163	1012.175	1012.15	1012.17	1012.2	1012.156	1012.188	1012.182	1012.248	1012.243	1012.249	1012.251	1012.245	1012.261	1012.27	1012.298	1012.307	1012.272	1012.294	1012.362	1012.349	1012.335	1012.384	1012.357	1012.378	1012.384	1012.393	1012.398	1012.41	1012.419	1012.455	1012.469	1012.483	1012.471	1012.517	1012.449	1012.513	1012.565	1012.555	1012.567	1012.581	1012.552	1012.59	1012.547	1012.639	1012.643	1012.572	1012.605	1012.656	1012.677	1012.696	1012.654	1012.732	1012.681	1012.706	1012.786	1012.771	1012.764	1012.779	1012.748	1012.799	1012.786	1012.795	1012.846	1012.825	1012.869	1012.891	1012.89	1012.91	1012.899	1012.892	1012.968	1012.948	1012.946	1012.98	1012.985	1012.96	1013.002	1012.988	1013.086	1013.033	1013.077	1013.11	1013.07	1013.116	1013.165	1013.082	1013.208	1013.11	1013.204	1013.187	1013.186	1013.205	1013.214	1013.238	1013.267	1013.237	1013.351	1013.279	1013.345	1013.306	1013.332	1013.372	1013.399	1013.398	1013.366	1013.481	1013.425	1013.457	1013.495	1013.494	1013.516	1013.511	1013.522	1013.594	1013.508	1013.63	1013.559	1013.682	1013.645	1013.643	1013.709	1013.651	1013.634	1013.8	1013.631	1013.779	1013.743	1013.771	1013.856	1013.89	1013.853	1013.856	1013.9
1012.057	1012.267	1012.182	1012.22	1012.214	1012.237	1012.259	1012.271	1012.273	1012.279	1012.252	1012.342	1012.255	1012.298	1012.325	1012.317	1012.356	1012.352	1012.38	1012.375	1012.373	1012.388	1012.433	1012.446	1012.431	1012.463	1012.454	1012.483	1012.502	1012.469	1012.527	1012.524	1012.544	1012.582	1012.537	1012.558	1012.56	1012.605	1012.586	1012.576	1012.636	1012.613	1012.625	1012.679	1012.654	1012.686	1012.705	1012.721	1012.72	1012.682	1012.743	1012.797	1012.746	1012.762	1012.779	1012.798	1012.82	1012.785	1012.854	1012.919	1012.91	1012.906	1012.879	1012.883	1012.947	1012.921	1012.929	1012.937	1012.944	1012.965	1012.99	1012.982	1013.034	1013.053	1013.042	1013.094	1013.085	1013.084	1013.089	1013.121	1013.187	1013.097	1013.168	1013.198	1013.148	1013.211	1013.235	1013.285	1013.305	1013.269	1013.338	1013.249	1013.348	1013.333	1013.337	1013.349	1013.359	1013.389	1013.439	1013.406	1013.458	1013.43	1013.496	1013.463	1013.538	1013.585	1013.538	1013.559	1013.554	1013.574	1013.61	1013.625	1013.66	1013.631	1013.654	1013.696	1013.709	1013.747	1013.716	1013.813	1013.749	1013.837	1013.879	1013.877	1013.892	1013.872	1013.833	1013.982	1013.849	1013.93	1013.93	1013.965	1014.026	1014.008	1013.996	1014.035	1014.017
1012.225	1012.375	1012.202	1012.286	1012.296	1012.321	1012.334	1012.346	1012.363	1012.366	1012.338	1012.406	1012.336	1012.402	1012.43	1012.416	1012.457	1012.442	1012.482	1012.425	1012.522	1012.496	1012.508	1012.522	1012.494	1012.526	1012.557	1012.539	1012.593	1012.569	1012.636	1012.586	1012.609	1012.677	1012.629	1012.667	1012.678	1012.658	1012.746	1012.691	1012.732	1012.708	1012.703	1012.757	1012.768	1012.782	1012.83	1012.777	1012.812	1012.823	1012.891	1012.93	1012.875	1012.879	1012.933	1012.864	1012.961	1012.911	1012.921	1012.991	1012.941	1012.935	1013.024	1013.026	1013.044	1013.064	1013.041	1013.097	1013.104	1013.085	1013.113	1013.107	1013.151	1013.198	1013.143	1013.228	1013.174	1013.172	1013.263	1013.299	1013.32	1013.309	1013.27	1013.352	1013.294	1013.33	1013.355	1013.386	1013.406	1013.416	1013.42	1013.445	1013.466	1013.47	1013.506	1013.516	1013.562	1013.598	1013.586	1013.569	1013.612	1013.598	1013.654	1013.643	1013.725	1013.741	1013.691	1013.738	1013.759	1013.72	1013.808	1013.798	1013.843	1013.81	1013.849	1013.895	1013.882	1013.916	1013.929	1013.926	1013.952	1013.923	1013.968	1014.003	1014.009	1014.047	1014.046	1014.03	1014.082	1014.069	1014.079	1014.095	1014.109	1014.091	1014.097	1014.127	1014.1
1012.303	1012.529	1012.245	1012.405	1012.423	1012.41	1012.424	1012.438	1012.415	1012.44	1012.451	1012.497	1012.489	1012.519	1012.52	1012.505	1012.512	1012.5	1012.612	1012.51	1012.608	1012.571	1012.614	1012.633	1012.604	1012.61	1012.665	1012.613	1012.716	1012.672	1012.719	1012.659	1012.685	1012.755	1012.739	1012.773	1012.808	1012.747	1012.819	1012.807	1012.858	1012.863	1012.856	1012.855	1012.887	1012.874	1012.902	1012.916	1012.936	1012.917	1012.945	1012.987	1013.001	1012.983	1013.064	1013.006	1013.051	1013.09	1013.091	1013.103	1013.05	1013.025	1013.174	1013.169	1013.119	1013.206	1013.183	1013.246	1013.261	1013.241	1013.259	1013.29	1013.259	1013.307	1013.316	1013.355	1013.264	1013.298	1013.398	1013.448	1013.372	1013.501	1013.417	1013.468	1013.51	1013.495	1013.526	1013.559	1013.563	1013.576	1013.539	1013.661	1013.596	1013.639	1013.678	1013.662	1013.713	1013.76	1013.684	1013.73	1013.794	1013.78	1013.805	1013.805	1013.808	1013.823	1013.862	1013.885	1013.915	1013.942	1013.983	1013.959	1014.016	1014.008	1014.028	1014.054	1014.042	1014.055	1014.081	1014.028	1014.107	1014.06	1014.083	1014.101	1014.083	1014.117	1014.146	1014.095	1014.19	1014.141	1014.162	1014.16	1014.175	1014.193	1014.204	1014.217	1014.221
1012.134	1012.639	1012.433	1012.481	1012.46	1012.448	1012.463	1012.505	1012.506	1012.56	1012.558	1012.547	1012.536	1012.563	1012.616	1012.637	1012.636	1012.574	1012.692	1012.618	1012.685	1012.67	1012.688	1012.702	1012.724	1012.75	1012.77	1012.758	1012.849	1012.747	1012.835	1012.845	1012.819	1012.837	1012.82	1012.78	1012.878	1012.949	1012.89	1012.95	1012.933	1012.947	1012.979	1012.979	1013.018	1013.02	1013.016	1013.088	1012.97	1013.057	1013.112	1013.096	1013.087	1013.034	1013.135	1013.218	1013.137	1013.206	1013.196	1013.196	1013.232	1013.291	1013.277	1013.254	1013.315	1013.32	1013.285	1013.304	1013.37	1013.391	1013.384	1013.444	1013.41	1013.443	1013.46	1013.461	1013.546	1013.488	1013.47	1013.566	1013.542	1013.585	1013.578	1013.6	1013.686	1013.658	1013.712	1013.72	1013.69	1013.749	1013.738	1013.804	1013.757	1013.856	1013.837	1013.825	1013.851	1013.879	1013.904	1013.989	1013.892	1013.994	1014.002	1014.025	1014.011	1014.015	1014.06	1014.052	1014.061	1014.068	1014.073	1014.109	1014.103	1014.082	1014.089	1014.111	1014.131	1014.113	1014.216	1014.141	1014.205	1014.188	1014.199	1014.211	1014.215	1014.208	1014.246	1014.242	1014.262	1014.235	1014.289	1014.264	1014.274	1014.301	1014.27	1014.32	1014.359
1012.475	1012.618	1012.471	1012.545	1012.649	1012.658	1012.612	1012.598	1012.624	1012.621	1012.6	1012.687	1012.698	1012.725	1012.704	1012.666	1012.695	1012.736	1012.725	1012.751	1012.832	1012.807	1012.784	1012.793	1012.848	1012.875	1012.824	1012.833	1012.83	1012.902	1012.902	1012.888	1012.918	1012.987	1013.044	1013.04	1012.957	1013.048	1012.943	1013.058	1013.017	1013.04	1013.095	1013.094	1013.101	1013.165	1013.064	1013.194	1013.163	1013.275	1013.249	1013.169	1013.213	1013.335	1013.254	1013.275	1013.301	1013.32	1013.384	1013.383	1013.37	1013.392	1013.371	1013.476	1013.508	1013.332	1013.511	1013.497	1013.516	1013.531	1013.512	1013.549	1013.578	1013.578	1013.673	1013.567	1013.727	1013.719	1013.679	1013.731	1013.728	1013.672	1013.854	1013.798	1013.803	1013.798	1013.837	1013.842	1013.844	1013.946	1013.911	1013.93	1013.966	1013.985	1013.954	1014.009	1014.028	1014.018	1014.043	1014.057	1014.01	1014.156	1014.061	1014.111	1014.114	1014.097	1014.11	1014.122	1014.196	1014.152	1014.14	1014.18	1014.153	1014.211	1014.24	1014.225	1014.274	1014.18	1014.262	1014.25	1014.253	1014.307	1014.3	1014.284	1014.305	1014.311	1014.307	1014.339	1014.349	1014.353	1014.372	1014.377	1014.408	1014.433	1014.416	1014.427	1014.428
1012.749	1012.614	1012.635	1012.681	1012.607	1012.585	1012.644	1012.7	1012.71	1012.734	1012.758	1012.773	1012.698	1012.733	1012.801	1012.83	1012.856	1012.896	1012.838	1012.917	1012.807	1012.84	1012.941	1012.944	1012.915	1012.911	1012.943	1013.102	1012.923	1013.085	1013.013	1013.034	1013.1	1013.028	1012.97	1013.093	1013.048	1013.203	1013.139	1013.178	1013.202	1013.221	1013.227	1013.206	1013.207	1013.297	1013.252	1013.324	1013.308	1013.241	1013.3	1013.387	1013.388	1013.36	1013.376	1013.397	1013.519	1013.399	1013.446	1013.483	1013.49	1013.555	1013.622	1013.506	1013.56	1013.602	1013.678	1013.617	1013.613	1013.68	1013.718	1013.726	1013.767	1013.594	1013.842	1013.813	1013.741	1013.807	1013.869	1013.856	1013.874	1013.932	1013.934	1013.861	1014.016	1014.02	1014.021	1014.038	1014.043	1014.032	1014.03	1014.099	1014.073	1014.094	1014.106	1014.108	1014.121	1014.131	1014.133	1014.182	1014.153	1014.194	1014.147	1014.198	1014.203	1014.227	1014.272	1014.235	1014.226	1014.256	1014.291	1014.337	1014.288	1014.322	1014.301	1014.256	1014.352	1014.369	1014.367	1014.397	1014.367	1014.376	1014.394	1014.416	1014.439	1014.449	1014.457	1014.45	1014.467	1014.5	1014.48	1014.504	1014.503	1014.478	1014.521	1014.547	1014.444
1012.644	1012.658	1012.744	1012.781	1012.794	1012.821	1012.834	1012.813	1012.789	1012.849	1012.816	1012.837	1012.914	1012.891	1012.915	1012.911	1012.895	1012.906	1012.912	1012.997	1013.034	1013.037	1012.995	1012.984	1013.074	1013.13	1013.032	1013.088	1013.035	1013.104	1013.116	1013.126	1013.175	1013.215	1013.241	1013.281	1013.216	1013.252	1013.258	1013.256	1013.283	1013.281	1013.309	1013.36	1013.385	1013.327	1013.439	1013.327	1013.458	1013.493	1013.513	1013.52	1013.488	1013.484	1013.699	1013.525	1013.576	1013.62	1013.633	1013.673	1013.668	1013.671	1013.707	1013.671	1013.803	1013.809	1013.703	1013.851	1013.868	1013.854	1013.86	1013.822	1013.94	1013.996	1013.824	1013.998	1014.005	1014.019	1014.014	1014.007	1014.051	1014.05	1014.059	1014.092	1014.092	1014.069	1014.085	1014.107	1014.111	1014.141	1014.163	1014.156	1014.145	1014.166	1014.205	1014.185	1014.208	1014.247	1014.212	1014.259	1014.241	1014.247	1014.297	1014.305	1014.29	1014.284	1014.309	1014.331	1014.349	1014.403	1014.302	1014.369	1014.39	1014.4	1014.454	1014.487	1014.44	1014.431	1014.442	1014.446	1014.502	1014.491	1014.507	1014.515	1014.506	1014.512	1014.544	1014.571	1014.544	1014.583	1014.588	1014.607	1014.642	1014.644	1014.637	1014.722	1014.616
1012.854	1012.848	1012.867	1012.778	1012.835	1012.842	1012.839	1012.888	1012.953	1012.92	1012.964	1012.927	1012.979	1012.958	1012.982	1013.008	1013.053	1013.094	1013.103	1013.023	1013.082	1013.074	1013.127	1013.15	1013.182	1013.183	1013.181	1013.216	1013.288	1013.241	1013.295	1013.289	1013.233	1013.269	1013.303	1013.221	1013.373	1013.348	1013.397	1013.432	1013.445	1013.502	1013.503	1013.469	1013.524	1013.446	1013.646	1013.519	1013.558	1013.603	1013.546	1013.576	1013.708	1013.764	1013.693	1013.664	1013.732	1013.77	1013.752	1013.779	1013.81	1013.827	1013.813	1013.944	1013.812	1013.934	1013.957	1014.019	1013.935	1013.932	1014.053	1014.071	1013.987	1014.092	1014.025	1014.071	1014.067	1014.091	1014.1	1014.11	1014.151	1014.101	1014.16	1014.164	1014.16	1014.185	1014.21	1014.215	1014.211	1014.236	1014.239	1014.221	1014.311	1014.231	1014.292	1014.309	1014.323	1014.336	1014.321	1014.358	1014.362	1014.379	1014.363	1014.361	1014.451	1014.463	1014.428	1014.478	1014.431	1014.477	1014.49	1014.484	1014.533	1014.487	1014.507	1014.541	1014.504	1014.577	1014.624	1014.566	1014.603	1014.596	1014.62	1014.637	1014.661	1014.715	1014.652	1014.691	1014.703	1014.688	1014.735	1014.685	1014.711	1014.776	1014.745	1014.76	1014.827
1012.881	1012.879	1012.955	1012.929	1012.962	1012.979	1012.99	1013.048	1013.03	1012.95	1013.115	1013.035	1013.073	1013.133	1013.142	1013.132	1013.165	1013.12	1013.16	1013.173	1013.277	1013.211	1013.224	1013.266	1013.255	1013.247	1013.346	1013.289	1013.353	1013.337	1013.351	1013.467	1013.411	1013.437	1013.462	1013.416	1013.585	1013.447	1013.535	1013.556	1013.476	1013.564	1013.598	1013.561	1013.706	1013.642	1013.696	1013.71	1013.721	1013.757	1013.756	1013.74	1013.782	1013.828	1013.781	1013.967	1013.881	1013.888	1014.016	1013.997	1014.009	1014.039	1013.965	1014.064	1013.952	1014.102	1014.056	1014.051	1014.053	1014.055	1014.087	1014.141	1014.117	1014.16	1014.14	1014.187	1014.154	1014.185	1014.188	1014.18	1014.243	1014.224	1014.273	1014.227	1014.263	1014.256	1014.274	1014.318	1014.35	1014.32	1014.376	1014.305	1014.389	1014.337	1014.394	1014.407	1014.396	1014.405	1014.439	1014.451	1014.454	1014.455	1014.501	1014.485	1014.544	1014.525	1014.498	1014.59	1014.552	1014.557	1014.624	1014.572	1014.622	1014.613	1014.632	1014.644	1014.663	1014.682	1014.671	1014.704	1014.729	1014.72	1014.747	1014.738	1014.747	1014.796	1014.774	1014.795	1014.844	1014.79	1014.879	1014.845	1014.82	1014.846	1014.905	1014.911	1014.92
1013.009	1013.017	1013.024	1013.061	1013.066	1013.11	1013.121	1013.097	1013.094	1013.102	1013.179	1013.138	1013.2	1013.232	1013.182	1013.172	1013.298	1013.288	1013.3	1013.289	1013.331	1013.397	1013.37	1013.399	1013.387	1013.365	1013.406	1013.423	1013.46	1013.535	1013.46	1013.552	1013.517	1013.545	1013.624	1013.615	1013.65	1013.597	1013.664	1013.709	1013.66	1013.671	1013.71	1013.699	1013.784	1013.799	1013.83	1013.849	1013.934	1013.904	1013.958	1013.942	1013.958	1014.032	1013.965	1014.019	1014.017	1014.018	1014.087	1014.033	1014.045	1014.115	1014.061	1014.156	1014.081	1014.165	1014.156	1014.146	1014.173	1014.175	1014.163	1014.21	1014.22	1014.242	1014.216	1014.272	1014.246	1014.278	1014.283	1014.283	1014.346	1014.301	1014.361	1014.332	1014.363	1014.371	1014.386	1014.432	1014.422	1014.378	1014.494	1014.407	1014.486	1014.479	1014.516	1014.516	1014.504	1014.526	1014.54	1014.548	1014.608	1014.558	1014.606	1014.602	1014.622	1014.602	1014.613	1014.649	1014.686	1014.697	1014.715	1014.762	1014.765	1014.743	1014.763	1014.765	1014.788	1014.797	1014.802	1014.841	1014.829	1014.832	1014.849	1014.839	1014.868	1014.888	1014.936	1014.9	1014.967	1014.971	1015.003	1015.044	1015.017	1014.977	1015.011	1015.055	1015.02
1013.116	1013.146	1013.1	1013.166	1013.129	1013.173	1013.217	1013.192	1013.223	1013.269	1013.227	1013.29	1013.322	1013.338	1013.287	1013.265	1013.392	1013.401	1013.389	1013.455	1013.38	1013.507	1013.487	1013.515	1013.561	1013.541	1013.534	1013.658	1013.533	1013.654	1013.587	1013.677	1013.642	1013.623	1013.705	1013.741	1013.71	1013.827	1013.777	1013.818	1013.882	1013.895	1013.948	1013.937	1013.902	1013.94	1014.032	1013.912	1014.042	1014.016	1014.044	1014.072	1014.082	1014.117	1014.078	1014.064	1014.15	1014.119	1014.148	1014.095	1014.114	1014.186	1014.146	1014.228	1014.19	1014.212	1014.244	1014.252	1014.281	1014.318	1014.305	1014.291	1014.275	1014.355	1014.311	1014.368	1014.348	1014.383	1014.394	1014.393	1014.445	1014.394	1014.457	1014.456	1014.458	1014.497	1014.513	1014.502	1014.491	1014.488	1014.572	1014.519	1014.598	1014.59	1014.608	1014.608	1014.609	1014.631	1014.651	1014.661	1014.715	1014.693	1014.715	1014.735	1014.755	1014.761	1014.772	1014.749	1014.804	1014.844	1014.778	1014.887	1014.848	1014.827	1014.888	1014.891	1014.905	1014.917	1014.962	1014.95	1014.938	1015.014	1015.031	1015.031	1015.061	1015.007	1015.084	1015.044	1015.058	1015.119	1015.098	1015.141	1015.189	1015.146	1015.135	1015.188	1015.174
1013.169	1013.206	1013.209	1013.288	1013.256	1013.292	1013.318	1013.334	1013.334	1013.355	1013.344	1013.429	1013.393	1013.406	1013.477	1013.456	1013.421	1013.515	1013.436	1013.641	1013.542	1013.6	1013.61	1013.605	1013.652	1013.685	1013.615	1013.82	1013.626	1013.736	1013.76	1013.759	1013.856	1013.853	1013.855	1013.905	1013.89	1013.981	1013.905	1013.92	1014.01	1013.968	1014.019	1014.048	1014.049	1014.034	1014.12	1014.025	1014.132	1014.119	1014.114	1014.179	1014.139	1014.156	1014.17	1014.176	1014.243	1014.193	1014.218	1014.252	1014.256	1014.251	1014.272	1014.286	1014.302	1014.318	1014.351	1014.32	1014.356	1014.35	1014.403	1014.422	1014.366	1014.462	1014.406	1014.471	1014.455	1014.477	1014.493	1014.468	1014.54	1014.535	1014.548	1014.561	1014.543	1014.607	1014.58	1014.595	1014.627	1014.656	1014.652	1014.649	1014.713	1014.656	1014.722	1014.723	1014.743	1014.727	1014.8	1014.788	1014.763	1014.843	1014.81	1014.848	1014.855	1014.867	1014.882	1014.919	1014.898	1014.968	1014.904	1015.004	1014.943	1015.006	1015.037	1015.019	1015.084	1015.028	1015.063	1015.097	1015.065	1015.156	1015.132	1015.107	1015.211	1015.137	1015.204	1015.217	1015.184	1015.277	1015.213	1015.29	1015.262	1015.329	1015.307	1015.339	1015.347
1013.303	1013.33	1013.347	1013.326	1013.364	1013.378	1013.358	1013.415	1013.431	1013.447	1013.52	1013.484	1013.555	1013.539	1013.556	1013.573	1013.561	1013.768	1013.565	1013.687	1013.634	1013.661	1013.734	1013.736	1013.762	1013.802	1013.792	1013.822	1013.85	1013.958	1013.992	1013.877	1013.956	1013.956	1014.006	1014.038	1014.018	1013.986	1014.055	1014.09	1014.085	1014.098	1014.105	1014.082	1014.138	1014.106	1014.151	1014.175	1014.169	1014.225	1014.158	1014.244	1014.229	1014.272	1014.312	1014.246	1014.244	1014.294	1014.354	1014.345	1014.322	1014.324	1014.399	1014.358	1014.394	1014.405	1014.409	1014.428	1014.526	1014.456	1014.432	1014.473	1014.538	1014.555	1014.495	1014.554	1014.544	1014.592	1014.607	1014.593	1014.594	1014.647	1014.612	1014.663	1014.691	1014.692	1014.707	1014.735	1014.734	1014.733	1014.752	1014.801	1014.811	1014.798	1014.876	1014.81	1014.846	1014.849	1014.883	1014.942	1014.884	1015.001	1014.929	1014.991	1015.02	1015.003	1015.001	1015.086	1015.003	1015.082	1015.114	1015.125	1015.13	1015.143	1015.138	1015.117	1015.189	1015.187	1015.163	1015.289	1015.192	1015.259	1015.257	1015.281	1015.317	1015.336	1015.356	1015.358	1015.429	1015.376	1015.393	1015.462	1015.369	1015.479	1015.449	1015.482	1015.51
1013.36	1013.397	1013.438	1013.447	1013.475	1013.55	1013.504	1013.578	1013.569	1013.574	1013.658	1013.47	1013.752	1013.646	1013.713	1013.755	1013.667	1013.718	1013.744	1013.799	1013.845	1013.873	1013.883	1013.915	1013.845	1013.96	1013.959	1013.991	1013.964	1013.905	1013.962	1014.097	1014.073	1014.082	1014.085	1014.079	1014.144	1014.141	1014.141	1014.141	1014.111	1014.135	1014.218	1014.101	1014.292	1014.196	1014.245	1014.264	1014.221	1014.319	1014.315	1014.325	1014.33	1014.324	1014.327	1014.366	1014.407	1014.437	1014.382	1014.409	1014.454	1014.453	1014.46	1014.475	1014.468	1014.502	1014.543	1014.543	1014.504	1014.558	1014.604	1014.614	1014.598	1014.604	1014.653	1014.679	1014.646	1014.659	1014.695	1014.725	1014.738	1014.763	1014.772	1014.783	1014.792	1014.783	1014.795	1014.852	1014.802	1014.885	1014.895	1014.906	1014.903	1014.905	1014.987	1014.856	1015.033	1014.983	1014.982	1015.055	1015.027	1015.078	1015.06	1015.074	1015.125	1015.155	1015.132	1015.165	1015.163	1015.206	1015.184	1015.208	1015.262	1015.237	1015.33	1015.309	1015.333	1015.347	1015.338	1015.372	1015.374	1015.403	1015.43	1015.407	1015.4	1015.458	1015.526	1015.39	1015.606	1015.547	1015.532	1015.601	1015.572	1015.698	1015.615	1015.642	1015.661
1013.516	1013.509	1013.543	1013.585	1013.522	1013.614	1013.565	1013.635	1013.599	1013.612	1013.784	1013.712	1013.828	1013.677	1013.761	1013.875	1013.857	1013.856	1014.019	1013.907	1013.941	1013.936	1013.927	1014.019	1014.032	1014.029	1014.034	1014.063	1014.109	1014.147	1014.139	1014.123	1014.063	1014.125	1014.174	1014.158	1014.148	1014.202	1014.143	1014.282	1014.295	1014.266	1014.321	1014.248	1014.324	1014.276	1014.326	1014.36	1014.343	1014.387	1014.351	1014.363	1014.412	1014.43	1014.442	1014.48	1014.404	1014.444	1014.498	1014.538	1014.537	1014.51	1014.52	1014.619	1014.612	1014.564	1014.594	1014.657	1014.628	1014.707	1014.647	1014.664	1014.698	1014.735	1014.75	1014.648	1014.798	1014.814	1014.801	1014.812	1014.826	1014.798	1014.905	1014.848	1014.917	1014.953	1014.943	1014.962	1014.943	1015.039	1014.961	1015.017	1015.068	1015.034	1015.134	1015.091	1015.104	1015.109	1015.149	1015.189	1015.157	1015.155	1015.272	1015.259	1015.236	1015.254	1015.295	1015.305	1015.36	1015.373	1015.367	1015.396	1015.414	1015.334	1015.457	1015.426	1015.414	1015.486	1015.536	1015.473	1015.598	1015.572	1015.546	1015.627	1015.647	1015.591	1015.758	1015.675	1015.69	1015.708	1015.743	1015.756	1015.715	1015.776	1015.771	1015.849	1015.833
1013.705	1013.636	1013.63	1013.702	1013.647	1013.808	1013.694	1013.801	1013.836	1013.811	1013.812	1013.804	1013.839	1013.971	1013.905	1013.894	1013.99	1014.026	1013.964	1014.004	1014.047	1014.087	1014.097	1014.09	1014.095	1014.11	1014.147	1014.135	1014.118	1014.147	1014.153	1014.179	1014.263	1014.209	1014.224	1014.275	1014.227	1014.363	1014.272	1014.307	1014.298	1014.293	1014.349	1014.376	1014.374	1014.435	1014.429	1014.429	1014.461	1014.459	1014.482	1014.515	1014.5	1014.512	1014.533	1014.526	1014.583	1014.609	1014.624	1014.578	1014.581	1014.674	1014.729	1014.591	1014.717	1014.716	1014.71	1014.726	1014.737	1014.796	1014.74	1014.843	1014.849	1014.812	1014.842	1014.894	1014.871	1014.883	1014.9	1014.942	1014.983	1014.958	1015.027	1014.98	1015.026	1015.014	1015.006	1015.11	1015.033	1015.123	1015.108	1015.155	1015.179	1015.138	1015.172	1015.245	1015.207	1015.279	1015.29	1015.259	1015.343	1015.354	1015.268	1015.34	1015.396	1015.418	1015.437	1015.434	1015.419	1015.44	1015.481	1015.498	1015.494	1015.612	1015.515	1015.601	1015.633	1015.639	1015.648	1015.697	1015.646	1015.735	1015.693	1015.747	1015.78	1015.736	1015.752	1015.841	1015.832	1015.867	1015.898	1015.906	1015.946	1016.003	1015.944	1016.009	1016.001
1013.723	1013.726	1013.756	1013.819	1013.74	1013.873	1013.851	1013.848	1013.874	1013.885	1013.932	1014.046	1013.924	1014.012	1014.019	1014.037	1014.079	1014.058	1014.082	1014.152	1014.08	1014.1	1014.141	1014.136	1014.181	1014.174	1014.198	1014.257	1014.265	1014.251	1014.32	1014.23	1014.319	1014.269	1014.301	1014.374	1014.29	1014.361	1014.37	1014.379	1014.414	1014.451	1014.443	1014.478	1014.44	1014.501	1014.492	1014.499	1014.55	1014.53	1014.571	1014.571	1014.571	1014.615	1014.647	1014.618	1014.701	1014.642	1014.67	1014.704	1014.722	1014.708	1014.768	1014.778	1014.811	1014.795	1014.806	1014.844	1014.822	1014.883	1014.906	1014.917	1014.919	1014.92	1014.958	1015	1014.954	1015.056	1015.053	1015.029	1015.039	1015.064	1015.102	1015.1	1015.155	1015.154	1015.158	1015.227	1015.166	1015.246	1015.265	1015.221	1015.235	1015.347	1015.326	1015.364	1015.368	1015.407	1015.425	1015.428	1015.444	1015.468	1015.488	1015.521	1015.541	1015.523	1015.547	1015.586	1015.678	1015.641	1015.677	1015.679	1015.638	1015.76	1015.675	1015.745	1015.779	1015.75	1015.761	1015.889	1015.784	1015.916	1015.956	1015.922	1015.951	1016.025	1015.987	1015.999	1016.025	1016.024	1016.034	1016.041	1016.046	1016.085	1016.076	1016.1	1016.12
1013.851	1013.86	1013.827	1013.83	1013.905	1013.894	1013.979	1013.99	1014.016	1014.027	1014.026	1014.075	1014.09	1014.092	1014.107	1014.126	1014.14	1014.151	1014.158	1014.137	1014.142	1014.209	1014.246	1014.228	1014.255	1014.285	1014.22	1014.287	1014.304	1014.271	1014.401	1014.312	1014.381	1014.435	1014.454	1014.444	1014.445	1014.442	1014.476	1014.472	1014.47	1014.491	1014.492	1014.572	1014.545	1014.566	1014.581	1014.603	1014.629	1014.63	1014.666	1014.669	1014.715	1014.744	1014.739	1014.749	1014.751	1014.816	1014.804	1014.783	1014.787	1014.819	1014.856	1014.899	1014.879	1014.882	1014.91	1014.93	1014.958	1014.965	1015.011	1014.989	1015.022	1015.072	1015.049	1015.096	1015.12	1015.16	1015.146	1015.134	1015.198	1015.21	1015.23	1015.238	1015.261	1015.307	1015.346	1015.306	1015.379	1015.336	1015.416	1015.387	1015.386	1015.448	1015.423	1015.491	1015.514	1015.478	1015.509	1015.592	1015.574	1015.587	1015.632	1015.643	1015.681	1015.695	1015.74	1015.675	1015.778	1015.725	1015.777	1015.872	1015.881	1015.86	1015.906	1015.908	1015.93	1015.929	1015.95	1015.944	1016.027	1015.959	1016.028	1016.077	1016.1	1016.075	1016.077	1016.094	1016.108	1016.111	1016.147	1016.17	1016.148	1016.171	1016.184	1016.18	1016.199
1013.913	1014.009	1013.977	1013.979	1014.067	1013.978	1014.061	1014.056	1014.056	1014.064	1014.098	1014.092	1014.161	1014.165	1014.178	1014.183	1014.192	1014.223	1014.252	1014.224	1014.287	1014.345	1014.304	1014.344	1014.271	1014.381	1014.333	1014.362	1014.378	1014.358	1014.42	1014.436	1014.418	1014.476	1014.469	1014.457	1014.547	1014.503	1014.551	1014.573	1014.573	1014.619	1014.64	1014.639	1014.646	1014.663	1014.676	1014.697	1014.715	1014.736	1014.768	1014.751	1014.799	1014.779	1014.767	1014.873	1014.799	1014.895	1014.903	1014.88	1014.937	1014.991	1014.944	1014.966	1014.969	1015.064	1015.093	1015.038	1015.114	1015.041	1015.15	1015.122	1015.096	1015.137	1015.169	1015.251	1015.239	1015.243	1015.242	1015.265	1015.31	1015.318	1015.332	1015.386	1015.345	1015.394	1015.446	1015.388	1015.563	1015.451	1015.523	1015.554	1015.554	1015.588	1015.617	1015.619	1015.658	1015.641	1015.634	1015.692	1015.724	1015.796	1015.775	1015.852	1015.875	1015.823	1015.849	1015.863	1015.936	1015.931	1015.869	1015.966	1016.01	1016.001	1016.038	1016.057	1016.053	1016.076	1016.088	1016.051	1016.17	1016.102	1016.113	1016.16	1016.172	1016.156	1016.199	1016.195	1016.213	1016.225	1016.262	1016.256	1016.255	1016.28	1016.27	1016.287	1016.293
1013.992	1014.07	1014.062	1014.061	1014.107	1014.068	1014.13	1014.104	1014.15	1014.153	1014.203	1014.18	1014.227	1014.219	1014.239	1014.261	1014.284	1014.273	1014.326	1014.321	1014.352	1014.34	1014.32	1014.481	1014.344	1014.428	1014.467	1014.412	1014.493	1014.494	1014.473	1014.545	1014.512	1014.528	1014.586	1014.551	1014.624	1014.585	1014.638	1014.667	1014.657	1014.696	1014.72	1014.704	1014.737	1014.769	1014.762	1014.806	1014.795	1014.83	1014.853	1014.846	1014.886	1014.924	1014.845	1014.998	1014.922	1014.966	1014.994	1015.01	1015.003	1015.053	1015.046	1015.135	1015.066	1015.138	1015.176	1015.125	1015.235	1015.154	1015.243	1015.257	1015.267	1015.29	1015.282	1015.351	1015.331	1015.371	1015.404	1015.395	1015.449	1015.476	1015.424	1015.538	1015.514	1015.512	1015.624	1015.526	1015.644	1015.596	1015.673	1015.672	1015.67	1015.732	1015.766	1015.741	1015.788	1015.813	1015.824	1015.852	1015.869	1015.952	1015.883	1015.987	1015.984	1015.965	1016.018	1016.044	1016.042	1016.053	1016.062	1016.065	1016.102	1016.11	1016.105	1016.133	1016.149	1016.141	1016.201	1016.151	1016.224	1016.197	1016.239	1016.246	1016.247	1016.286	1016.294	1016.282	1016.323	1016.318	1016.349	1016.329	1016.366	1016.386	1016.362	1016.412	1016.413
1014.118	1014.104	1014.115	1014.14	1014.133	1014.178	1014.157	1014.204	1014.265	1014.229	1014.245	1014.283	1014.268	1014.318	1014.343	1014.329	1014.393	1014.341	1014.414	1014.401	1014.407	1014.479	1014.407	1014.501	1014.399	1014.465	1014.494	1014.458	1014.55	1014.558	1014.567	1014.592	1014.621	1014.624	1014.685	1014.665	1014.66	1014.702	1014.73	1014.756	1014.735	1014.763	1014.778	1014.818	1014.817	1014.844	1014.857	1014.892	1014.886	1014.911	1014.926	1014.953	1014.944	1015.038	1015.008	1015.026	1015.085	1015.078	1015.102	1015.116	1015.105	1015.148	1015.21	1015.294	1015.168	1015.227	1015.254	1015.322	1015.347	1015.313	1015.341	1015.355	1015.406	1015.426	1015.419	1015.427	1015.499	1015.52	1015.548	1015.506	1015.493	1015.641	1015.554	1015.643	1015.626	1015.634	1015.689	1015.735	1015.717	1015.781	1015.793	1015.791	1015.825	1015.878	1015.843	1015.935	1015.948	1015.927	1015.988	1016.021	1016.015	1016.025	1016.053	1016.086	1016.103	1016.103	1016.109	1016.132	1016.067	1016.092	1016.157	1016.161	1016.181	1016.21	1016.199	1016.246	1016.28	1016.245	1016.296	1016.308	1016.252	1016.286	1016.339	1016.343	1016.347	1016.394	1016.378	1016.393	1016.401	1016.403	1016.466	1016.454	1016.477	1016.498	1016.497	1016.504	1016.515
1014.17	1014.144	1014.148	1014.24	1014.208	1014.279	1014.189	1014.212	1014.283	1014.316	1014.282	1014.347	1014.324	1014.394	1014.434	1014.345	1014.483	1014.383	1014.5	1014.497	1014.489	1014.602	1014.477	1014.485	1014.545	1014.591	1014.598	1014.657	1014.606	1014.644	1014.657	1014.664	1014.696	1014.723	1014.695	1014.704	1014.746	1014.788	1014.807	1014.806	1014.879	1014.874	1014.902	1014.925	1014.911	1014.921	1014.985	1014.947	1015.009	1015.034	1015.035	1015.102	1014.992	1015.108	1015.089	1015.117	1015.178	1015.201	1015.199	1015.183	1015.224	1015.288	1015.3	1015.242	1015.342	1015.353	1015.376	1015.395	1015.386	1015.437	1015.463	1015.456	1015.478	1015.492	1015.515	1015.578	1015.681	1015.58	1015.652	1015.689	1015.694	1015.712	1015.749	1015.793	1015.825	1015.805	1015.805	1015.895	1015.879	1015.93	1015.929	1015.955	1016.004	1016.027	1016.006	1016.085	1016.07	1016.048	1016.052	1016.086	1016.113	1016.112	1016.167	1016.165	1016.154	1016.221	1016.159	1016.215	1016.265	1016.257	1016.265	1016.291	1016.226	1016.309	1016.31	1016.314	1016.333	1016.361	1016.333	1016.401	1016.421	1016.435	1016.443	1016.445	1016.483	1016.469	1016.489	1016.505	1016.514	1016.501	1016.541	1016.55	1016.559	1016.596	1016.614	1016.609	1016.629
1014.278	1014.301	1014.285	1014.308	1014.247	1014.308	1014.368	1014.368	1014.36	1014.405	1014.396	1014.472	1014.37	1014.405	1014.463	1014.428	1014.592	1014.45	1014.522	1014.533	1014.522	1014.547	1014.625	1014.649	1014.687	1014.653	1014.607	1014.683	1014.646	1014.746	1014.748	1014.723	1014.733	1014.8	1014.818	1014.891	1014.845	1014.856	1014.892	1014.909	1014.91	1014.899	1014.922	1014.959	1014.985	1015.021	1015.137	1015.033	1015.152	1015.137	1015.091	1015.18	1015.188	1015.231	1015.241	1015.257	1015.27	1015.247	1015.373	1015.374	1015.311	1015.353	1015.399	1015.37	1015.561	1015.369	1015.46	1015.54	1015.566	1015.585	1015.512	1015.651	1015.653	1015.685	1015.713	1015.685	1015.678	1015.761	1015.787	1015.814	1015.833	1015.818	1016.002	1015.852	1015.922	1015.967	1015.977	1015.999	1016.009	1016.033	1016.047	1016.055	1016.062	1016.086	1016.144	1016.094	1016.112	1016.162	1016.191	1016.164	1016.24	1016.169	1016.208	1016.235	1016.241	1016.276	1016.299	1016.279	1016.305	1016.305	1016.328	1016.413	1016.385	1016.394	1016.415	1016.402	1016.407	1016.495	1016.496	1016.478	1016.495	1016.5	1016.506	1016.539	1016.551	1016.563	1016.602	1016.567	1016.57	1016.68	1016.637	1016.677	1016.695	1016.696	1016.69	1016.696	1016.731
1014.277	1014.262	1014.263	1014.339	1014.494	1014.343	1014.388	1014.393	1014.401	1014.464	1014.338	1014.481	1014.518	1014.552	1014.564	1014.523	1014.521	1014.599	1014.582	1014.64	1014.692	1014.656	1014.705	1014.596	1014.628	1014.738	1014.813	1014.787	1014.78	1014.784	1014.792	1014.846	1014.89	1014.872	1014.836	1014.866	1014.9	1014.951	1014.995	1015.001	1014.967	1015.101	1015.082	1015.122	1015.143	1015.072	1015.135	1015.116	1015.17	1015.216	1015.244	1015.265	1015.262	1015.275	1015.269	1015.321	1015.4	1015.42	1015.316	1015.442	1015.449	1015.487	1015.525	1015.511	1015.551	1015.536	1015.673	1015.637	1015.591	1015.704	1015.665	1015.751	1015.705	1015.729	1015.804	1015.844	1015.834	1015.989	1015.835	1015.88	1016.004	1015.988	1016.007	1016.017	1016.057	1016.064	1016.067	1016.1	1016.111	1016.126	1016.138	1016.168	1016.181	1016.159	1016.195	1016.243	1016.247	1016.241	1016.237	1016.243	1016.318	1016.323	1016.322	1016.353	1016.352	1016.309	1016.43	1016.411	1016.416	1016.476	1016.484	1016.407	1016.495	1016.46	1016.508	1016.553	1016.542	1016.495	1016.558	1016.598	1016.607	1016.643	1016.678	1016.676	1016.669	1016.668	1016.73	1016.741	1016.742	1016.774	1016.686	1016.774	1016.777	1016.793	1016.834	1016.868	1016.832
1014.351	1014.409	1014.46	1014.376	1014.436	1014.428	1014.491	1014.483	1014.486	1014.589	1014.559	1014.57	1014.556	1014.542	1014.586	1014.684	1014.572	1014.737	1014.661	1014.656	1014.693	1014.682	1014.755	1014.819	1014.814	1014.806	1014.76	1014.742	1014.886	1014.871	1014.883	1014.895	1014.905	1014.925	1015.049	1014.994	1015.066	1015.048	1015.017	1015.088	1015.069	1015.126	1015.081	1015.112	1015.172	1015.203	1015.261	1015.329	1015.251	1015.288	1015.345	1015.328	1015.371	1015.438	1015.492	1015.429	1015.423	1015.547	1015.479	1015.576	1015.577	1015.594	1015.614	1015.622	1015.677	1015.714	1015.732	1015.729	1015.765	1015.872	1015.816	1015.861	1015.955	1015.951	1015.945	1016.007	1015.948	1015.991	1016.029	1016.066	1016.079	1016.054	1016.086	1016.127	1016.123	1016.126	1016.151	1016.192	1016.158	1016.221	1016.205	1016.214	1016.247	1016.28	1016.254	1016.288	1016.309	1016.315	1016.364	1016.437	1016.301	1016.427	1016.392	1016.409	1016.45	1016.465	1016.435	1016.488	1016.467	1016.505	1016.536	1016.514	1016.627	1016.591	1016.586	1016.601	1016.632	1016.681	1016.674	1016.7	1016.692	1016.711	1016.708	1016.681	1016.823	1016.77	1016.777	1016.81	1016.832	1016.833	1016.888	1016.923	1016.889	1016.907	1016.922	1016.894	1016.977
1014.37	1014.413	1014.471	1014.429	1014.555	1014.505	1014.529	1014.548	1014.527	1014.507	1014.608	1014.577	1014.658	1014.662	1014.674	1014.731	1014.648	1014.725	1014.762	1014.776	1014.816	1014.822	1014.803	1014.78	1014.818	1014.875	1014.887	1014.948	1014.904	1014.927	1014.967	1014.997	1015.011	1015.017	1015.097	1014.989	1015.087	1015.117	1015.116	1015.214	1015.135	1015.198	1015.308	1015.306	1015.291	1015.347	1015.251	1015.338	1015.351	1015.405	1015.44	1015.424	1015.584	1015.417	1015.546	1015.543	1015.538	1015.6	1015.617	1015.659	1015.652	1015.698	1015.745	1015.765	1015.809	1015.809	1015.814	1015.882	1015.914	1015.823	1015.982	1015.933	1016.011	1016.028	1016.034	1016.066	1016.094	1016.084	1016.119	1016.121	1016.122	1016.181	1016.205	1016.15	1016.189	1016.233	1016.258	1016.261	1016.253	1016.301	1016.331	1016.334	1016.324	1016.323	1016.41	1016.348	1016.418	1016.406	1016.415	1016.48	1016.429	1016.52	1016.524	1016.516	1016.533	1016.573	1016.537	1016.632	1016.617	1016.602	1016.621	1016.668	1016.643	1016.653	1016.753	1016.736	1016.709	1016.787	1016.718	1016.815	1016.798	1016.847	1016.875	1016.86	1016.885	1016.887	1016.931	1016.952	1016.952	1016.968	1016.991	1016.95	1016.992	1017.043	1017.053	1017.056	1017.088
1014.557	1014.561	1014.549	1014.536	1014.616	1014.571	1014.567	1014.642	1014.645	1014.643	1014.746	1014.65	1014.684	1014.706	1014.703	1014.725	1014.792	1014.789	1014.817	1014.802	1014.82	1014.863	1014.932	1014.887	1014.96	1014.979	1014.932	1014.986	1014.923	1015.096	1015.045	1015.065	1015.101	1015.078	1015.149	1015.138	1015.155	1015.192	1015.178	1015.205	1015.269	1015.259	1015.332	1015.312	1015.302	1015.434	1015.399	1015.486	1015.417	1015.491	1015.533	1015.497	1015.674	1015.6	1015.669	1015.675	1015.674	1015.722	1015.696	1015.771	1015.823	1015.852	1015.846	1015.856	1015.87	1016.004	1015.97	1015.971	1015.976	1016.004	1016.125	1016.065	1016.073	1016.103	1016.121	1016.126	1016.171	1016.161	1016.19	1016.234	1016.259	1016.241	1016.226	1016.262	1016.29	1016.318	1016.314	1016.333	1016.374	1016.353	1016.369	1016.438	1016.456	1016.4	1016.51	1016.434	1016.502	1016.505	1016.499	1016.533	1016.587	1016.523	1016.579	1016.628	1016.65	1016.643	1016.671	1016.666	1016.726	1016.716	1016.712	1016.72	1016.784	1016.756	1016.828	1016.839	1016.837	1016.888	1016.823	1016.936	1016.889	1016.92	1016.945	1016.948	1016.969	1016.996	1017.026	1017.027	1017.028	1017.081	1017.084	1017.105	1017.125	1017.153	1017.152	1017.207	1017.201
1014.545	1014.579	1014.57	1014.6	1014.572	1014.645	1014.67	1014.729	1014.693	1014.697	1014.74	1014.783	1014.782	1014.809	1014.815	1014.805	1014.842	1014.847	1014.868	1014.865	1014.904	1014.915	1014.997	1014.927	1015.015	1015.017	1014.976	1015.094	1015.001	1015.159	1015.11	1015.129	1015.179	1015.147	1015.21	1015.238	1015.234	1015.328	1015.331	1015.284	1015.408	1015.35	1015.426	1015.413	1015.423	1015.507	1015.445	1015.598	1015.528	1015.588	1015.634	1015.602	1015.666	1015.691	1015.725	1015.737	1015.778	1015.847	1015.827	1015.873	1015.913	1015.914	1015.911	1016.011	1015.984	1016.052	1016.058	1016.058	1016.108	1016.14	1016.107	1016.152	1016.162	1016.159	1016.17	1016.206	1016.222	1016.247	1016.243	1016.286	1016.305	1016.291	1016.326	1016.355	1016.369	1016.414	1016.419	1016.417	1016.415	1016.467	1016.445	1016.51	1016.543	1016.514	1016.572	1016.573	1016.598	1016.631	1016.633	1016.62	1016.677	1016.647	1016.652	1016.704	1016.727	1016.729	1016.804	1016.772	1016.81	1016.839	1016.837	1016.823	1016.918	1016.879	1016.89	1016.907	1016.929	1016.96	1016.962	1016.985	1016.981	1017.053	1017.084	1017.066	1017.126	1017.112	1017.139	1017.142	1017.156	1017.195	1017.185	1017.224	1017.241	1017.31	1017.326	1017.305	1017.301
1014.625	1014.659	1014.644	1014.688	1014.633	1014.698	1014.722	1014.768	1014.732	1014.772	1014.735	1014.845	1014.831	1014.86	1014.892	1014.89	1014.868	1014.96	1014.956	1014.964	1015.002	1014.979	1015.074	1014.989	1015.064	1015.066	1015.061	1015.178	1015.082	1015.172	1015.152	1015.162	1015.213	1015.233	1015.274	1015.309	1015.309	1015.408	1015.417	1015.366	1015.487	1015.42	1015.505	1015.469	1015.481	1015.602	1015.534	1015.671	1015.687	1015.751	1015.742	1015.734	1015.766	1015.775	1015.812	1015.902	1015.942	1015.932	1015.956	1015.977	1016.026	1016.026	1016.006	1016.063	1016.079	1016.088	1016.113	1016.1	1016.147	1016.214	1016.154	1016.237	1016.226	1016.224	1016.264	1016.315	1016.272	1016.345	1016.333	1016.358	1016.378	1016.378	1016.439	1016.419	1016.474	1016.52	1016.507	1016.509	1016.475	1016.555	1016.541	1016.55	1016.583	1016.614	1016.599	1016.672	1016.665	1016.698	1016.735	1016.726	1016.726	1016.799	1016.785	1016.801	1016.823	1016.821	1016.842	1016.882	1016.88	1016.909	1016.968	1016.969	1016.966	1016.996	1017.01	1017.027	1017.052	1017.056	1017.115	1017.091	1017.104	1017.18	1017.189	1017.168	1017.239	1017.205	1017.242	1017.254	1017.271	1017.309	1017.311	1017.347	1017.332	1017.401	1017.431	1017.394	1017.438
1014.697	1014.735	1014.71	1014.742	1014.766	1014.732	1014.775	1014.829	1014.783	1014.852	1014.835	1014.861	1014.852	1014.879	1014.91	1014.95	1014.919	1015.051	1015	1015.008	1015.041	1015.022	1015.16	1015.086	1015.145	1015.169	1015.165	1015.216	1015.199	1015.245	1015.269	1015.268	1015.3	1015.357	1015.327	1015.395	1015.416	1015.429	1015.427	1015.455	1015.539	1015.499	1015.589	1015.54	1015.516	1015.707	1015.693	1015.702	1015.765	1015.818	1015.794	1015.822	1015.907	1015.877	1015.909	1016.003	1016.041	1015.989	1016.051	1016.041	1016.099	1016.129	1016.11	1016.104	1016.179	1016.162	1016.208	1016.187	1016.183	1016.259	1016.283	1016.293	1016.264	1016.323	1016.367	1016.39	1016.348	1016.421	1016.405	1016.43	1016.451	1016.446	1016.518	1016.464	1016.565	1016.55	1016.528	1016.613	1016.615	1016.613	1016.665	1016.671	1016.669	1016.724	1016.671	1016.743	1016.74	1016.764	1016.799	1016.841	1016.82	1016.884	1016.899	1016.916	1016.94	1016.946	1016.901	1016.985	1016.969	1016.984	1017.044	1017.091	1017.04	1017.12	1017.1	1017.115	1017.178	1017.176	1017.215	1017.228	1017.224	1017.243	1017.25	1017.283	1017.318	1017.315	1017.358	1017.367	1017.392	1017.446	1017.42	1017.489	1017.463	1017.48	1017.509	1017.527	1017.592
1014.66	1014.728	1014.763	1014.73	1014.804	1014.797	1014.892	1014.909	1014.819	1014.809	1014.96	1014.897	1014.974	1014.99	1014.987	1015.046	1014.962	1015.05	1015.048	1015.083	1015.12	1015.077	1015.163	1015.133	1015.167	1015.207	1015.233	1015.232	1015.351	1015.288	1015.306	1015.342	1015.374	1015.456	1015.382	1015.45	1015.465	1015.471	1015.496	1015.587	1015.609	1015.616	1015.717	1015.753	1015.752	1015.763	1015.767	1015.749	1015.792	1015.875	1015.937	1015.927	1015.922	1016.009	1016.002	1016.018	1016.046	1016.056	1016.12	1016.099	1016.108	1016.156	1016.189	1016.186	1016.271	1016.214	1016.263	1016.289	1016.305	1016.322	1016.331	1016.299	1016.36	1016.422	1016.439	1016.414	1016.458	1016.485	1016.463	1016.506	1016.536	1016.505	1016.623	1016.561	1016.608	1016.588	1016.583	1016.685	1016.723	1016.686	1016.782	1016.777	1016.763	1016.818	1016.829	1016.817	1016.852	1016.867	1016.861	1016.914	1016.974	1016.919	1016.992	1017	1017.005	1017.07	1017.092	1017.085	1017.121	1017.125	1017.128	1017.165	1017.199	1017.234	1017.155	1017.2	1017.287	1017.318	1017.269	1017.331	1017.357	1017.377	1017.39	1017.459	1017.442	1017.483	1017.485	1017.5	1017.536	1017.597	1017.509	1017.6	1017.611	1017.616	1017.631	1017.685	1017.713
1014.766	1014.781	1014.838	1014.837	1014.856	1014.816	1014.808	1014.894	1014.954	1014.944	1015.073	1014.915	1015.027	1015.013	1014.987	1015.095	1015.046	1015.127	1015.123	1015.124	1015.16	1015.2	1015.187	1015.256	1015.222	1015.263	1015.328	1015.316	1015.361	1015.272	1015.39	1015.444	1015.444	1015.463	1015.497	1015.556	1015.547	1015.595	1015.638	1015.61	1015.621	1015.729	1015.669	1015.749	1015.834	1015.765	1015.883	1015.984	1015.905	1015.927	1016.001	1016.048	1016.015	1016.088	1016.103	1016.116	1016.144	1016.159	1016.082	1016.21	1016.212	1016.227	1016.249	1016.24	1016.262	1016.305	1016.32	1016.344	1016.367	1016.377	1016.422	1016.468	1016.469	1016.461	1016.466	1016.512	1016.534	1016.544	1016.562	1016.595	1016.621	1016.61	1016.686	1016.662	1016.658	1016.714	1016.767	1016.725	1016.722	1016.818	1016.799	1016.811	1016.841	1016.844	1016.922	1016.916	1016.947	1016.989	1016.982	1016.938	1017.079	1017.019	1017.085	1017.096	1017.091	1017.111	1017.167	1017.132	1017.21	1017.235	1017.242	1017.264	1017.261	1017.293	1017.362	1017.386	1017.376	1017.382	1017.454	1017.449	1017.46	1017.483	1017.487	1017.495	1017.508	1017.581	1017.586	1017.626	1017.648	1017.649	1017.719	1017.719	1017.709	1017.759	1017.796	1017.772	1017.86
1014.788	1014.78	1014.8	1014.834	1014.817	1015.01	1014.903	1014.935	1014.976	1014.887	1015.002	1014.98	1015.076	1015.081	1015.077	1015.148	1015.074	1015.16	1015.192	1015.177	1015.196	1015.265	1015.175	1015.349	1015.317	1015.323	1015.346	1015.329	1015.457	1015.483	1015.475	1015.456	1015.477	1015.557	1015.55	1015.593	1015.6	1015.621	1015.668	1015.717	1015.732	1015.879	1015.826	1015.849	1015.922	1015.957	1015.984	1015.876	1016.002	1016.036	1016.03	1016.056	1016.139	1016.073	1016.121	1016.127	1016.148	1016.23	1016.194	1016.264	1016.246	1016.254	1016.301	1016.344	1016.316	1016.403	1016.387	1016.393	1016.424	1016.449	1016.457	1016.45	1016.483	1016.531	1016.582	1016.611	1016.518	1016.616	1016.652	1016.652	1016.681	1016.73	1016.628	1016.799	1016.787	1016.759	1016.78	1016.838	1016.88	1016.939	1016.846	1016.918	1017.018	1016.96	1016.965	1017.038	1017.002	1017.048	1017.116	1017.114	1017.142	1017.146	1017.124	1017.187	1017.267	1017.274	1017.266	1017.343	1017.318	1017.298	1017.33	1017.407	1017.446	1017.402	1017.429	1017.439	1017.451	1017.507	1017.56	1017.536	1017.571	1017.615	1017.659	1017.704	1017.762	1017.734	1017.718	1017.754	1017.766	1017.731	1017.861	1017.854	1017.861	1017.902	1017.925	1017.905	1017.978
1014.89	1014.896	1014.925	1015.011	1014.806	1014.963	1014.936	1014.989	1015.028	1014.997	1015.158	1015.078	1015.056	1015.085	1015.124	1015.142	1015.188	1015.158	1015.219	1015.257	1015.288	1015.324	1015.271	1015.331	1015.327	1015.389	1015.459	1015.447	1015.458	1015.428	1015.48	1015.55	1015.603	1015.63	1015.588	1015.64	1015.738	1015.737	1015.749	1015.856	1015.778	1015.742	1015.871	1015.925	1015.92	1015.946	1016.058	1016.026	1016.077	1016.11	1016.105	1016.112	1016.181	1016.142	1016.232	1016.241	1016.225	1016.262	1016.295	1016.274	1016.332	1016.351	1016.362	1016.391	1016.403	1016.395	1016.423	1016.483	1016.517	1016.506	1016.569	1016.562	1016.624	1016.629	1016.596	1016.606	1016.716	1016.699	1016.725	1016.704	1016.732	1016.835	1016.759	1016.828	1016.855	1016.86	1016.904	1016.969	1016.868	1016.941	1016.995	1016.985	1016.979	1017.031	1017.083	1017.114	1017.154	1017.149	1017.151	1017.206	1017.148	1017.306	1017.299	1017.273	1017.286	1017.312	1017.308	1017.376	1017.391	1017.443	1017.47	1017.413	1017.482	1017.55	1017.545	1017.588	1017.642	1017.646	1017.58	1017.68	1017.718	1017.721	1017.714	1017.736	1017.714	1017.801	1017.828	1017.865	1017.901	1017.954	1017.921	1017.924	1018.013	1018.013	1018.022	1018.09	1018.024
1014.901	1014.843	1014.832	1014.981	1014.937	1015.023	1014.982	1015.017	1015.065	1015.074	1015.068	1015.091	1015.121	1015.176	1015.191	1015.158	1015.289	1015.241	1015.269	1015.287	1015.275	1015.291	1015.395	1015.408	1015.423	1015.409	1015.426	1015.473	1015.544	1015.545	1015.601	1015.627	1015.585	1015.579	1015.757	1015.689	1015.752	1015.795	1015.821	1015.828	1015.932	1015.956	1015.922	1015.975	1016.028	1016.073	1016.04	1016.14	1016.092	1016.108	1016.147	1016.175	1016.194	1016.216	1016.186	1016.231	1016.286	1016.292	1016.339	1016.342	1016.39	1016.398	1016.4	1016.43	1016.472	1016.501	1016.51	1016.54	1016.538	1016.54	1016.625	1016.599	1016.626	1016.681	1016.699	1016.711	1016.785	1016.689	1016.821	1016.838	1016.803	1016.792	1016.921	1016.861	1016.913	1016.957	1016.989	1016.986	1017.057	1017.039	1017.091	1017.091	1017.107	1017.196	1017.194	1017.092	1017.224	1017.24	1017.232	1017.347	1017.287	1017.323	1017.356	1017.371	1017.429	1017.468	1017.489	1017.496	1017.494	1017.521	1017.549	1017.579	1017.637	1017.622	1017.678	1017.685	1017.672	1017.689	1017.772	1017.793	1017.794	1017.835	1017.879	1017.936	1017.934	1017.978	1017.979	1017.98	1017.974	1018.005	1018.057	1018.053	1018.096	1018.08	1018.086	1018.142	1018.124
1014.952	1014.936	1014.935	1015	1014.952	1015.027	1015.032	1015.03	1015.054	1015.105	1015.104	1015.177	1015.116	1015.175	1015.237	1015.26	1015.263	1015.265	1015.306	1015.371	1015.38	1015.38	1015.398	1015.385	1015.492	1015.491	1015.517	1015.575	1015.558	1015.596	1015.608	1015.687	1015.694	1015.704	1015.757	1015.763	1015.779	1015.843	1015.913	1015.908	1015.942	1015.97	1015.991	1016.01	1016.042	1016.11	1016.024	1016.152	1016.185	1016.195	1016.215	1016.218	1016.21	1016.338	1016.284	1016.319	1016.377	1016.337	1016.412	1016.405	1016.399	1016.425	1016.487	1016.54	1016.489	1016.542	1016.551	1016.592	1016.608	1016.648	1016.635	1016.695	1016.684	1016.739	1016.762	1016.744	1016.825	1016.873	1016.887	1016.893	1016.878	1016.903	1016.973	1016.968	1016.986	1017.034	1017.045	1017.035	1017.175	1017.09	1017.128	1017.211	1017.26	1017.199	1017.275	1017.259	1017.267	1017.298	1017.304	1017.365	1017.39	1017.46	1017.464	1017.475	1017.528	1017.494	1017.529	1017.574	1017.656	1017.658	1017.641	1017.682	1017.74	1017.692	1017.767	1017.814	1017.811	1017.857	1017.865	1017.878	1017.961	1017.984	1017.949	1017.94	1018.019	1018.006	1018.028	1018.101	1018.121	1018.084	1018.13	1018.115	1018.121	1018.14	1018.171	1018.162	1018.237
1014.979	1014.945	1014.947	1015.019	1015.026	1015.037	1015.072	1015.075	1015.1	1015.157	1015.12	1015.187	1015.162	1015.201	1015.261	1015.287	1015.273	1015.342	1015.301	1015.363	1015.388	1015.394	1015.47	1015.481	1015.54	1015.509	1015.532	1015.609	1015.551	1015.671	1015.662	1015.73	1015.754	1015.769	1015.735	1015.903	1015.888	1015.842	1015.892	1015.974	1016.032	1015.999	1016.113	1016.115	1016.064	1016.124	1016.138	1016.16	1016.195	1016.188	1016.203	1016.28	1016.269	1016.345	1016.356	1016.385	1016.404	1016.377	1016.465	1016.431	1016.465	1016.469	1016.52	1016.568	1016.551	1016.608	1016.632	1016.667	1016.662	1016.705	1016.655	1016.781	1016.763	1016.772	1016.792	1016.825	1016.848	1016.929	1016.92	1016.925	1016.997	1017.036	1016.974	1017.088	1017.075	1017.106	1017.122	1017.128	1017.154	1017.196	1017.211	1017.288	1017.314	1017.287	1017.349	1017.371	1017.368	1017.463	1017.485	1017.451	1017.468	1017.543	1017.531	1017.551	1017.627	1017.613	1017.701	1017.63	1017.707	1017.779	1017.773	1017.78	1017.813	1017.831	1017.833	1017.879	1017.918	1017.968	1017.945	1018.022	1018.04	1018.049	1018.031	1018.06	1018.106	1018.108	1018.099	1018.162	1018.171	1018.166	1018.181	1018.24	1018.221	1018.227	1018.253	1018.238	1018.314
