1008.797	1008.853	1008.837	1008.817	1008.872	1008.815	1008.789	1008.864	1008.874	1008.852	1008.861	1008.829	1008.873	1008.857	1008.85	1008.875	1008.876	1008.849	1008.852	1008.912	1008.863	1008.907	1008.928	1008.902	1008.836	1008.867	1008.967	1008.857	1008.944	1008.875	1008.943	1008.891	1008.858	1008.95	1008.965	1008.92	1008.968	1008.929	1008.986	1008.95	1008.916	1008.902	1008.976	1009.017	1008.986	1008.988	1008.963	1008.972	1008.986	1009	1009.021	1009.015	1008.99	1008.992	1009.002	1009.014	1009.017	1009	1009.012	1009.027	1009.059	1009.085	1009.088	1009.057	1009.072	1009.038	1009.092	1009.08	1009.061	1009.026	1009.054	1009.091	1009.078	1009.122	1009.103	1009.11	1009.128	1009.1	1009.099	1009.139	1009.127	1009.146	1009.143	1009.119	1009.168	1009.172	1009.186	1009.229	1009.193	1009.134	1009.205	1009.173	1009.201	1009.18	1009.212	1009.206	1009.211	1009.227	1009.204	1009.259	1009.27	1009.214	1009.279	1009.267	1009.312	1009.318	1009.273	1009.34	1009.279	1009.338	1009.32	1009.324	1009.336	1009.309	1009.344	1009.398	1009.383	1009.385	1009.429	1009.37	1009.419	1009.392	1009.387	1009.401	1009.405	1009.441	1009.479	1009.42	1009.526	1009.437	1009.527	1009.597	1009.57	1009.559	1009.535	1009.528	1009.535
1008.854	1008.892	1008.877	1008.84	1008.885	1008.828	1008.803	1008.884	1008.908	1008.875	1008.886	1008.907	1008.912	1008.938	1008.93	1008.888	1008.889	1008.917	1008.925	1008.909	1008.892	1008.995	1008.894	1008.867	1008.942	1008.979	1008.994	1008.902	1008.982	1008.912	1009.01	1008.954	1008.909	1008.962	1008.977	1008.986	1008.966	1009.022	1008.974	1008.988	1008.999	1008.974	1009.024	1009.064	1009.053	1009.029	1009.014	1009.064	1009.048	1009.073	1009.103	1009.075	1009.048	1009.064	1009.113	1009.003	1009.131	1009.06	1009.102	1009.115	1009.085	1009.11	1009.159	1009.065	1009.156	1009.118	1009.152	1009.166	1009.144	1009.131	1009.167	1009.158	1009.199	1009.154	1009.18	1009.184	1009.185	1009.154	1009.152	1009.197	1009.201	1009.212	1009.195	1009.232	1009.255	1009.24	1009.259	1009.244	1009.198	1009.227	1009.275	1009.235	1009.305	1009.259	1009.295	1009.29	1009.263	1009.281	1009.287	1009.338	1009.318	1009.355	1009.387	1009.347	1009.399	1009.424	1009.371	1009.418	1009.348	1009.459	1009.388	1009.413	1009.405	1009.374	1009.382	1009.438	1009.493	1009.444	1009.523	1009.496	1009.513	1009.537	1009.527	1009.545	1009.556	1009.509	1009.582	1009.572	1009.57	1009.538	1009.521	1009.603	1009.613	1009.591	1009.666	1009.617	1009.614
1008.945	1008.894	1008.849	1008.909	1008.99	1008.958	1008.926	1008.92	1008.954	1008.975	1008.947	1008.927	1008.915	1009.003	1008.976	1008.928	1008.915	1008.978	1008.958	1008.994	1008.982	1008.997	1008.851	1008.919	1009.002	1009.018	1008.981	1008.995	1009.037	1009.038	1009.05	1008.936	1009.013	1009.081	1009.037	1009.044	1008.963	1009.09	1009.055	1009.098	1009.043	1009.075	1009.134	1009.13	1009.041	1009.058	1009.113	1009.099	1009.076	1009.157	1009.111	1009.08	1009.094	1009.133	1009.22	1009.113	1009.178	1009.15	1009.205	1009.179	1009.147	1009.129	1009.159	1009.16	1009.21	1009.203	1009.185	1009.235	1009.221	1009.202	1009.222	1009.233	1009.307	1009.194	1009.295	1009.253	1009.246	1009.271	1009.266	1009.269	1009.295	1009.306	1009.297	1009.321	1009.291	1009.313	1009.303	1009.285	1009.275	1009.357	1009.327	1009.329	1009.384	1009.361	1009.403	1009.399	1009.369	1009.358	1009.433	1009.429	1009.407	1009.446	1009.424	1009.415	1009.422	1009.449	1009.463	1009.477	1009.468	1009.523	1009.47	1009.568	1009.497	1009.543	1009.554	1009.49	1009.583	1009.553	1009.555	1009.638	1009.597	1009.636	1009.638	1009.657	1009.717	1009.663	1009.677	1009.696	1009.602	1009.751	1009.654	1009.693	1009.701	1009.666	1009.757	1009.748	1009.775
1008.9	1008.97	1008.985	1009.026	1008.948	1008.895	1008.911	1008.962	1008.989	1008.925	1008.943	1008.982	1009.027	1008.989	1008.982	1009.002	1009.006	1009.003	1008.97	1009.081	1008.984	1009.015	1009.076	1009.061	1009.04	1009.063	1009.127	1009.04	1008.98	1008.989	1009.082	1009.07	1009.166	1009.154	1009.039	1009.086	1009.123	1009.179	1009.07	1009.109	1009.093	1009.163	1009.155	1009.097	1009.116	1009.208	1009.148	1009.18	1009.19	1009.195	1009.142	1009.161	1009.215	1009.153	1009.162	1009.236	1009.212	1009.241	1009.241	1009.212	1009.245	1009.269	1009.198	1009.346	1009.158	1009.295	1009.314	1009.31	1009.291	1009.304	1009.348	1009.337	1009.309	1009.287	1009.35	1009.292	1009.34	1009.346	1009.347	1009.375	1009.382	1009.358	1009.36	1009.368	1009.424	1009.429	1009.386	1009.403	1009.431	1009.395	1009.426	1009.53	1009.408	1009.486	1009.457	1009.479	1009.508	1009.491	1009.507	1009.49	1009.577	1009.528	1009.518	1009.581	1009.534	1009.545	1009.582	1009.542	1009.62	1009.61	1009.577	1009.743	1009.651	1009.705	1009.727	1009.662	1009.675	1009.72	1009.706	1009.708	1009.687	1009.709	1009.741	1009.731	1009.746	1009.833	1009.724	1009.889	1009.783	1009.859	1009.833	1009.861	1009.875	1009.872	1009.864	1009.849	1009.91
1009.047	1009.008	1008.884	1008.917	1009.05	1009.099	1009.078	1009.054	1009.033	1009.014	1009.153	1008.981	1009.041	1009.016	1009.045	1009.036	1009.013	1009.111	1009.112	1009.034	1009.094	1009.096	1009.034	1009.032	1009.106	1009.137	1009.038	1008.992	1009.308	1009.162	1009.187	1009.122	1009.076	1009.108	1009.181	1009.208	1009.116	1009.14	1009.16	1009.236	1009.238	1009.216	1009.163	1009.174	1009.278	1009.188	1009.159	1009.308	1009.241	1009.232	1009.272	1009.259	1009.241	1009.328	1009.343	1009.29	1009.268	1009.277	1009.356	1009.328	1009.33	1009.36	1009.295	1009.447	1009.281	1009.473	1009.323	1009.356	1009.369	1009.376	1009.397	1009.364	1009.406	1009.485	1009.39	1009.422	1009.492	1009.457	1009.457	1009.492	1009.435	1009.471	1009.513	1009.485	1009.473	1009.455	1009.479	1009.517	1009.53	1009.523	1009.555	1009.529	1009.437	1009.585	1009.532	1009.563	1009.602	1009.594	1009.62	1009.591	1009.608	1009.647	1009.664	1009.616	1009.642	1009.714	1009.732	1009.693	1009.697	1009.745	1009.724	1009.674	1009.77	1009.74	1009.74	1009.821	1009.78	1009.73	1009.889	1009.77	1009.92	1009.82	1009.89	1009.897	1009.833	1009.937	1009.803	1009.971	1009.959	1009.905	1009.978	1009.979	1009.946	1009.971	1010.01	1009.979	1010.045
1009.001	1008.968	1009.175	1009.109	1009.044	1008.976	1008.956	1009.013	1009.072	1009.037	1009.088	1009.02	1009.131	1009.11	1009.14	1009.141	1009.092	1009.101	1009.08	1009.108	1009.154	1009.16	1009.153	1009.211	1009.19	1009.142	1009.225	1009.222	1009.139	1009.049	1009.146	1009.211	1009.277	1009.295	1009.22	1009.154	1009.247	1009.329	1009.301	1009.195	1009.181	1009.259	1009.336	1009.32	1009.234	1009.276	1009.477	1009.265	1009.323	1009.322	1009.364	1009.349	1009.306	1009.351	1009.317	1009.283	1009.49	1009.325	1009.387	1009.387	1009.383	1009.435	1009.432	1009.414	1009.392	1009.468	1009.396	1009.522	1009.497	1009.462	1009.512	1009.509	1009.537	1009.426	1009.529	1009.522	1009.491	1009.508	1009.543	1009.545	1009.543	1009.608	1009.505	1009.582	1009.605	1009.624	1009.66	1009.616	1009.589	1009.683	1009.6	1009.655	1009.763	1009.663	1009.684	1009.719	1009.691	1009.685	1009.771	1009.773	1009.754	1009.723	1009.804	1009.783	1009.839	1009.807	1009.755	1009.885	1009.823	1009.765	1009.979	1009.83	1009.939	1009.935	1009.895	1009.944	1009.961	1009.933	1010.031	1009.86	1010.023	1009.946	1009.99	1010.017	1010.007	1010.034	1010.042	1010.008	1010.01	1010.056	1010.046	1010.05	1010.058	1010.057	1010.064	1010.05	1010.028
1009.199	1009.039	1009.049	1009.036	1009.113	1009.157	1009.196	1009.2	1009.143	1009.134	1009.129	1009.212	1009.18	1009.122	1009.117	1009.161	1009.194	1009.199	1009.161	1009.3	1009.096	1009.195	1009.201	1009.218	1009.198	1009.191	1009.26	1009.195	1009.202	1009.43	1009.347	1009.243	1009.246	1009.242	1009.24	1009.351	1009.399	1009.217	1009.298	1009.363	1009.433	1009.386	1009.301	1009.31	1009.398	1009.426	1009.367	1009.322	1009.484	1009.389	1009.368	1009.462	1009.504	1009.441	1009.507	1009.459	1009.445	1009.459	1009.496	1009.509	1009.503	1009.515	1009.523	1009.545	1009.565	1009.534	1009.568	1009.525	1009.513	1009.587	1009.635	1009.549	1009.654	1009.56	1009.698	1009.618	1009.67	1009.691	1009.666	1009.658	1009.685	1009.671	1009.689	1009.722	1009.71	1009.673	1009.695	1009.746	1009.775	1009.761	1009.755	1009.779	1009.733	1009.732	1009.826	1009.819	1009.842	1009.899	1009.812	1009.759	1009.958	1009.854	1009.919	1009.884	1009.914	1009.961	1009.967	1009.974	1009.98	1009.998	1009.932	1010.009	1009.926	1010.001	1010.019	1010.008	1010.026	1010.023	1010.032	1010.05	1010.046	1010.074	1010.067	1010.063	1010.068	1010.048	1010.048	1010.106	1010.077	1010.096	1010.069	1010.086	1010.111	1010.102	1010.103	1010.151	1010.11
1009.092	1009.174	1009.159	1009.197	1009.205	1009.101	1009.104	1009.134	1009.11	1009.242	1009.173	1009.203	1009.158	1009.234	1009.27	1009.257	1009.225	1009.254	1009.202	1009.275	1009.235	1009.339	1009.278	1009.282	1009.316	1009.314	1009.255	1009.32	1009.378	1009.29	1009.284	1009.325	1009.383	1009.387	1009.382	1009.381	1009.352	1009.443	1009.476	1009.329	1009.376	1009.478	1009.465	1009.466	1009.483	1009.443	1009.47	1009.568	1009.346	1009.464	1009.53	1009.558	1009.516	1009.512	1009.562	1009.572	1009.512	1009.642	1009.586	1009.597	1009.616	1009.613	1009.624	1009.627	1009.638	1009.625	1009.668	1009.664	1009.709	1009.75	1009.704	1009.698	1009.774	1009.697	1009.751	1009.719	1009.77	1009.721	1009.707	1009.791	1009.785	1009.78	1009.861	1009.797	1009.839	1009.866	1009.831	1009.86	1009.875	1009.805	1009.936	1009.888	1009.914	1010	1009.985	1009.951	1009.97	1010.001	1009.984	1010.013	1010.007	1010.001	1010.02	1010.024	1010.014	1010.027	1010.043	1010.036	1010.027	1010.101	1010.011	1010.115	1010.062	1010.07	1010.084	1010.07	1010.096	1010.092	1010.072	1010.132	1010.06	1010.109	1010.104	1010.101	1010.145	1010.148	1010.125	1010.138	1010.129	1010.146	1010.164	1010.144	1010.151	1010.174	1010.189	1010.166	1010.173
1009.169	1009.256	1009.173	1009.211	1009.225	1009.175	1009.281	1009.326	1009.228	1009.263	1009.213	1009.337	1009.292	1009.177	1009.242	1009.333	1009.352	1009.341	1009.359	1009.322	1009.348	1009.341	1009.464	1009.419	1009.325	1009.285	1009.384	1009.421	1009.392	1009.434	1009.467	1009.365	1009.42	1009.421	1009.419	1009.479	1009.528	1009.509	1009.445	1009.483	1009.53	1009.581	1009.534	1009.527	1009.55	1009.639	1009.516	1009.636	1009.503	1009.601	1009.647	1009.631	1009.632	1009.665	1009.586	1009.706	1009.671	1009.724	1009.712	1009.721	1009.707	1009.676	1009.763	1009.722	1009.771	1009.783	1009.783	1009.789	1009.818	1009.803	1009.766	1009.852	1009.781	1009.85	1009.882	1009.877	1009.861	1009.855	1009.891	1009.953	1009.914	1009.991	1009.915	1010.001	1009.972	1009.978	1009.957	1009.979	1009.988	1009.994	1010.024	1009.997	1010.031	1010.026	1010.033	1010.035	1010.041	1010.039	1010.045	1010.06	1010.039	1010.089	1010.069	1010.082	1010.081	1010.054	1010.046	1010.115	1010.079	1010.137	1010.097	1010.139	1010.137	1010.133	1010.143	1010.139	1010.14	1010.145	1010.136	1010.154	1010.141	1010.153	1010.163	1010.164	1010.196	1010.179	1010.212	1010.176	1010.233	1010.203	1010.203	1010.199	1010.211	1010.23	1010.241	1010.214	1010.281
1009.234	1009.29	1009.24	1009.297	1009.299	1009.274	1009.387	1009.336	1009.296	1009.335	1009.343	1009.351	1009.376	1009.311	1009.333	1009.427	1009.38	1009.342	1009.449	1009.351	1009.475	1009.379	1009.484	1009.467	1009.371	1009.433	1009.496	1009.481	1009.465	1009.546	1009.482	1009.434	1009.614	1009.617	1009.539	1009.593	1009.606	1009.556	1009.567	1009.57	1009.626	1009.62	1009.571	1009.652	1009.66	1009.743	1009.604	1009.697	1009.755	1009.778	1009.791	1009.776	1009.712	1009.697	1009.74	1009.809	1009.771	1009.809	1009.806	1009.813	1009.797	1009.81	1009.883	1009.833	1009.915	1009.877	1009.944	1009.925	1009.967	1009.952	1009.911	1009.957	1009.928	1010.023	1009.975	1010.013	1010.005	1010.013	1010.028	1010.023	1010.018	1010.054	1009.988	1010.065	1010.028	1010.038	1010.059	1010.067	1010.059	1010.062	1010.07	1010.066	1010.087	1010.085	1010.092	1010.046	1010.053	1010.107	1010.115	1010.113	1010.115	1010.135	1010.141	1010.136	1010.16	1010.133	1010.114	1010.156	1010.146	1010.157	1010.185	1010.155	1010.172	1010.159	1010.169	1010.202	1010.2	1010.206	1010.232	1010.2	1010.242	1010.235	1010.235	1010.236	1010.256	1010.246	1010.282	1010.225	1010.29	1010.282	1010.277	1010.3	1010.311	1010.287	1010.3	1010.284	1010.339
1009.311	1009.351	1009.332	1009.389	1009.344	1009.318	1009.412	1009.353	1009.367	1009.364	1009.465	1009.392	1009.425	1009.447	1009.469	1009.493	1009.442	1009.431	1009.545	1009.404	1009.56	1009.485	1009.54	1009.522	1009.546	1009.621	1009.566	1009.608	1009.591	1009.596	1009.518	1009.603	1009.811	1009.725	1009.636	1009.677	1009.659	1009.671	1009.778	1009.659	1009.756	1009.755	1009.672	1009.763	1009.739	1009.747	1009.836	1009.769	1009.862	1009.84	1009.865	1009.879	1009.809	1009.816	1009.949	1009.866	1009.92	1009.958	1009.927	1009.928	1009.985	1010.001	1010.001	1009.976	1010.025	1009.956	1010.03	1010.008	1010.024	1010.038	1010.022	1010.036	1010.044	1010.068	1010.033	1010.067	1010.055	1010.065	1010.076	1010.07	1010.067	1010.079	1010.075	1010.097	1010.074	1010.099	1010.123	1010.124	1010.114	1010.117	1010.124	1010.132	1010.134	1010.142	1010.164	1010.111	1010.123	1010.184	1010.17	1010.168	1010.201	1010.152	1010.2	1010.194	1010.218	1010.246	1010.226	1010.209	1010.251	1010.196	1010.257	1010.215	1010.252	1010.235	1010.233	1010.268	1010.266	1010.267	1010.298	1010.275	1010.31	1010.311	1010.311	1010.276	1010.299	1010.314	1010.31	1010.335	1010.314	1010.344	1010.336	1010.361	1010.387	1010.359	1010.379	1010.372	1010.365
1009.415	1009.43	1009.384	1009.434	1009.386	1009.412	1009.525	1009.51	1009.494	1009.393	1009.503	1009.541	1009.522	1009.502	1009.522	1009.55	1009.541	1009.585	1009.648	1009.569	1009.611	1009.574	1009.625	1009.618	1009.642	1009.708	1009.62	1009.751	1009.633	1009.696	1009.717	1009.781	1009.761	1009.671	1009.674	1009.747	1009.81	1009.761	1009.839	1009.802	1009.996	1009.918	1009.819	1009.878	1009.907	1009.821	1010.007	1009.853	1009.927	1009.985	1009.943	1009.956	1010.003	1010.026	1010.02	1009.995	1010.043	1010.024	1010.005	1010.028	1010.051	1010.061	1010.049	1010.05	1010.073	1010.043	1010.076	1010.044	1010.07	1010.085	1010.084	1010.109	1010.094	1010.093	1010.112	1010.118	1010.103	1010.127	1010.139	1010.15	1010.145	1010.115	1010.182	1010.128	1010.165	1010.178	1010.168	1010.17	1010.171	1010.174	1010.187	1010.179	1010.191	1010.187	1010.216	1010.221	1010.235	1010.248	1010.216	1010.223	1010.248	1010.221	1010.232	1010.228	1010.242	1010.27	1010.302	1010.261	1010.334	1010.256	1010.311	1010.293	1010.321	1010.323	1010.32	1010.317	1010.32	1010.341	1010.323	1010.36	1010.346	1010.382	1010.4	1010.359	1010.366	1010.411	1010.345	1010.47	1010.373	1010.428	1010.403	1010.41	1010.439	1010.422	1010.437	1010.465	1010.428
1009.433	1009.478	1009.469	1009.569	1009.553	1009.508	1009.515	1009.458	1009.473	1009.623	1009.554	1009.562	1009.583	1009.603	1009.688	1009.688	1009.613	1009.602	1009.615	1009.741	1009.732	1009.666	1009.737	1009.727	1009.745	1009.804	1009.82	1009.827	1009.666	1009.922	1009.715	1009.804	1009.887	1009.917	1009.951	1009.801	1009.998	1009.835	1009.897	1010.022	1009.933	1009.901	1009.955	1010.017	1010.061	1010.007	1009.988	1010.021	1010.07	1010.053	1010.009	1010.016	1010.053	1010.074	1010.031	1010.091	1010.059	1010.033	1010.073	1010.091	1010.09	1010.088	1010.108	1010.098	1010.1	1010.122	1010.119	1010.129	1010.149	1010.148	1010.141	1010.163	1010.142	1010.175	1010.172	1010.124	1010.152	1010.185	1010.178	1010.17	1010.208	1010.177	1010.242	1010.183	1010.241	1010.209	1010.225	1010.239	1010.226	1010.226	1010.251	1010.237	1010.273	1010.277	1010.27	1010.28	1010.285	1010.288	1010.335	1010.319	1010.261	1010.377	1010.255	1010.328	1010.343	1010.33	1010.352	1010.335	1010.358	1010.338	1010.386	1010.376	1010.383	1010.404	1010.414	1010.401	1010.388	1010.442	1010.39	1010.452	1010.406	1010.415	1010.45	1010.457	1010.479	1010.541	1010.436	1010.513	1010.451	1010.524	1010.504	1010.52	1010.532	1010.493	1010.465	1010.538	1010.538
1009.511	1009.662	1009.6	1009.557	1009.564	1009.589	1009.721	1009.795	1009.681	1009.742	1009.638	1009.681	1009.72	1009.691	1009.686	1009.656	1009.687	1009.886	1009.853	1009.726	1009.8	1009.841	1009.803	1009.815	1009.87	1009.868	1009.818	1009.91	1009.907	1010.018	1009.887	1010.051	1010.016	1009.9	1009.956	1009.946	1010.03	1010.033	1010.04	1010.028	1009.999	1010.043	1010.071	1010.038	1010.013	1010.069	1010.077	1010.097	1010.05	1010.053	1010.102	1010.13	1010.112	1010.099	1010.124	1010.141	1010.091	1010.165	1010.131	1010.128	1010.156	1010.166	1010.166	1010.168	1010.172	1010.187	1010.174	1010.187	1010.183	1010.192	1010.21	1010.201	1010.213	1010.235	1010.19	1010.266	1010.253	1010.254	1010.254	1010.251	1010.277	1010.244	1010.269	1010.263	1010.294	1010.268	1010.293	1010.286	1010.27	1010.328	1010.316	1010.337	1010.282	1010.314	1010.342	1010.341	1010.351	1010.353	1010.336	1010.396	1010.301	1010.452	1010.372	1010.421	1010.401	1010.384	1010.412	1010.417	1010.423	1010.457	1010.417	1010.426	1010.47	1010.45	1010.451	1010.484	1010.467	1010.488	1010.494	1010.478	1010.528	1010.53	1010.528	1010.52	1010.506	1010.516	1010.571	1010.543	1010.574	1010.575	1010.548	1010.563	1010.579	1010.605	1010.657	1010.596	1010.645
1009.593	1009.649	1009.602	1009.703	1009.773	1009.689	1009.629	1009.65	1009.652	1009.666	1009.782	1009.846	1009.783	1009.802	1009.879	1009.931	1009.875	1009.773	1009.839	1009.955	1009.929	1009.94	1009.972	1009.988	1010.004	1010.011	1010.014	1010.049	1009.978	1010.006	1010.027	1010.023	1010.003	1010.037	1010.112	1010.114	1010.036	1010.039	1010.063	1010.061	1010.135	1010.079	1010.054	1010.123	1010.144	1010.135	1010.084	1010.113	1010.166	1010.176	1010.133	1010.108	1010.139	1010.185	1010.163	1010.149	1010.17	1010.194	1010.171	1010.207	1010.224	1010.192	1010.197	1010.225	1010.229	1010.222	1010.247	1010.256	1010.248	1010.256	1010.271	1010.265	1010.275	1010.304	1010.266	1010.313	1010.258	1010.278	1010.314	1010.301	1010.303	1010.326	1010.362	1010.334	1010.345	1010.345	1010.362	1010.366	1010.381	1010.411	1010.311	1010.444	1010.417	1010.406	1010.426	1010.396	1010.429	1010.458	1010.385	1010.515	1010.472	1010.426	1010.474	1010.465	1010.469	1010.504	1010.513	1010.481	1010.513	1010.492	1010.541	1010.526	1010.549	1010.549	1010.553	1010.575	1010.572	1010.554	1010.64	1010.574	1010.577	1010.593	1010.593	1010.636	1010.665	1010.618	1010.686	1010.586	1010.685	1010.645	1010.687	1010.725	1010.693	1010.668	1010.702	1010.649	1010.76
1009.821	1009.762	1009.852	1009.789	1009.738	1009.818	1009.867	1009.853	1009.981	1009.979	1009.893	1009.823	1009.879	1009.97	1009.922	1009.923	1009.989	1009.999	1010.033	1010.012	1010.02	1010.009	1010.039	1010.034	1010.031	1010.049	1010.048	1010.029	1010.074	1010.084	1010.103	1010.066	1010.118	1010.114	1010.055	1010.064	1010.141	1010.132	1010.181	1010.109	1010.135	1010.127	1010.158	1010.198	1010.126	1010.151	1010.196	1010.192	1010.174	1010.182	1010.197	1010.236	1010.256	1010.214	1010.201	1010.268	1010.257	1010.232	1010.277	1010.28	1010.256	1010.266	1010.314	1010.27	1010.304	1010.294	1010.308	1010.292	1010.32	1010.32	1010.304	1010.349	1010.321	1010.358	1010.362	1010.357	1010.4	1010.41	1010.381	1010.371	1010.412	1010.389	1010.398	1010.395	1010.426	1010.42	1010.43	1010.431	1010.43	1010.449	1010.497	1010.444	1010.465	1010.461	1010.501	1010.488	1010.474	1010.492	1010.518	1010.476	1010.523	1010.544	1010.565	1010.547	1010.559	1010.559	1010.54	1010.574	1010.631	1010.542	1010.637	1010.605	1010.59	1010.624	1010.625	1010.611	1010.658	1010.673	1010.617	1010.725	1010.677	1010.722	1010.699	1010.685	1010.708	1010.7	1010.739	1010.716	1010.767	1010.741	1010.748	1010.752	1010.783	1010.817	1010.8	1010.868	1010.796
1009.868	1009.754	1009.894	1009.932	1009.88	1009.903	1009.935	1009.893	1009.92	1009.888	1010.001	1010.027	1010.005	1010.029	1010.043	1010.046	1010.042	1010.044	1010.068	1010.013	1010.087	1010.072	1010.083	1010.102	1010.103	1010.106	1010.112	1010.105	1010.16	1010.091	1010.155	1010.132	1010.095	1010.103	1010.182	1010.242	1010.192	1010.109	1010.188	1010.214	1010.21	1010.22	1010.234	1010.22	1010.205	1010.27	1010.205	1010.256	1010.252	1010.265	1010.257	1010.267	1010.266	1010.258	1010.315	1010.268	1010.293	1010.33	1010.332	1010.326	1010.323	1010.336	1010.323	1010.325	1010.395	1010.339	1010.411	1010.369	1010.388	1010.392	1010.383	1010.428	1010.392	1010.425	1010.426	1010.428	1010.438	1010.425	1010.417	1010.453	1010.465	1010.451	1010.504	1010.485	1010.484	1010.491	1010.494	1010.512	1010.522	1010.494	1010.583	1010.497	1010.578	1010.555	1010.551	1010.628	1010.616	1010.569	1010.638	1010.578	1010.655	1010.623	1010.608	1010.626	1010.637	1010.642	1010.669	1010.702	1010.67	1010.702	1010.686	1010.723	1010.721	1010.7	1010.708	1010.73	1010.715	1010.796	1010.712	1010.814	1010.725	1010.788	1010.819	1010.812	1010.829	1010.83	1010.842	1010.842	1010.851	1010.862	1010.897	1010.858	1010.884	1010.909	1010.838	1010.952	1010.86
1010.009	1010.007	1009.967	1010.008	1010.042	1010.03	1010.03	1010.033	1010.059	1010.077	1010.053	1010.043	1010.048	1010.058	1010.077	1010.094	1010.089	1010.083	1010.109	1010.114	1010.116	1010.117	1010.127	1010.144	1010.14	1010.138	1010.168	1010.156	1010.184	1010.187	1010.196	1010.235	1010.199	1010.202	1010.273	1010.2	1010.189	1010.274	1010.232	1010.256	1010.249	1010.258	1010.278	1010.278	1010.285	1010.292	1010.255	1010.334	1010.309	1010.336	1010.324	1010.352	1010.379	1010.337	1010.362	1010.34	1010.391	1010.392	1010.378	1010.386	1010.395	1010.389	1010.417	1010.439	1010.451	1010.4	1010.467	1010.451	1010.462	1010.479	1010.481	1010.483	1010.47	1010.515	1010.473	1010.513	1010.504	1010.509	1010.531	1010.551	1010.537	1010.568	1010.552	1010.565	1010.557	1010.622	1010.6	1010.585	1010.595	1010.581	1010.606	1010.621	1010.614	1010.653	1010.62	1010.678	1010.704	1010.693	1010.705	1010.67	1010.735	1010.681	1010.721	1010.713	1010.728	1010.731	1010.749	1010.765	1010.73	1010.828	1010.769	1010.793	1010.829	1010.797	1010.836	1010.879	1010.794	1010.882	1010.819	1010.895	1010.858	1010.869	1010.894	1010.908	1010.937	1010.92	1010.955	1010.92	1010.994	1010.945	1010.993	1010.968	1010.971	1010.976	1010.982	1011.053	1011.012
1010.079	1010.024	1010.043	1010.041	1010.068	1010.097	1010.095	1010.066	1010.067	1010.109	1010.088	1010.099	1010.129	1010.134	1010.104	1010.121	1010.168	1010.185	1010.144	1010.19	1010.149	1010.204	1010.202	1010.193	1010.188	1010.195	1010.209	1010.226	1010.203	1010.274	1010.215	1010.252	1010.274	1010.277	1010.313	1010.286	1010.279	1010.328	1010.272	1010.327	1010.322	1010.335	1010.356	1010.336	1010.331	1010.353	1010.384	1010.397	1010.362	1010.394	1010.39	1010.42	1010.429	1010.389	1010.428	1010.438	1010.449	1010.449	1010.448	1010.448	1010.458	1010.479	1010.52	1010.487	1010.497	1010.514	1010.493	1010.502	1010.514	1010.532	1010.553	1010.564	1010.549	1010.593	1010.551	1010.593	1010.586	1010.586	1010.608	1010.623	1010.632	1010.657	1010.594	1010.677	1010.628	1010.681	1010.726	1010.711	1010.712	1010.727	1010.681	1010.782	1010.679	1010.747	1010.736	1010.712	1010.739	1010.771	1010.77	1010.778	1010.818	1010.782	1010.833	1010.813	1010.881	1010.882	1010.84	1010.866	1010.861	1010.863	1010.895	1010.867	1010.913	1010.941	1010.982	1010.984	1010.939	1010.99	1010.93	1010.987	1010.973	1010.999	1011.008	1011.025	1011.03	1010.996	1011.1	1010.994	1011.127	1011.069	1011.106	1011.125	1011.129	1011.137	1011.164	1011.132	1011.158
1010.12	1010.039	1010.128	1010.107	1010.118	1010.149	1010.133	1010.103	1010.115	1010.15	1010.147	1010.173	1010.182	1010.19	1010.159	1010.16	1010.209	1010.242	1010.183	1010.252	1010.211	1010.27	1010.254	1010.246	1010.274	1010.283	1010.267	1010.319	1010.255	1010.312	1010.272	1010.305	1010.328	1010.318	1010.355	1010.377	1010.354	1010.331	1010.381	1010.415	1010.385	1010.4	1010.409	1010.387	1010.41	1010.439	1010.445	1010.436	1010.437	1010.441	1010.437	1010.45	1010.459	1010.475	1010.513	1010.501	1010.509	1010.526	1010.524	1010.522	1010.563	1010.585	1010.592	1010.565	1010.573	1010.61	1010.562	1010.615	1010.627	1010.618	1010.642	1010.652	1010.639	1010.655	1010.667	1010.68	1010.691	1010.691	1010.703	1010.718	1010.711	1010.712	1010.715	1010.744	1010.719	1010.716	1010.764	1010.769	1010.767	1010.828	1010.763	1010.861	1010.816	1010.857	1010.835	1010.807	1010.826	1010.861	1010.875	1010.899	1010.907	1010.902	1010.934	1010.929	1011.004	1011.01	1010.962	1010.975	1011.001	1010.932	1011.039	1010.987	1011.003	1011.035	1011.041	1011.039	1011.06	1011.066	1011.062	1011.125	1011.083	1011.133	1011.142	1011.162	1011.168	1011.112	1011.233	1011.126	1011.217	1011.193	1011.22	1011.24	1011.254	1011.26	1011.292	1011.248	1011.308
1010.153	1010.151	1010.194	1010.157	1010.179	1010.189	1010.171	1010.168	1010.232	1010.231	1010.218	1010.219	1010.223	1010.256	1010.24	1010.242	1010.246	1010.264	1010.258	1010.304	1010.289	1010.29	1010.287	1010.299	1010.328	1010.367	1010.336	1010.376	1010.355	1010.35	1010.382	1010.404	1010.405	1010.393	1010.39	1010.382	1010.406	1010.431	1010.505	1010.452	1010.418	1010.455	1010.465	1010.45	1010.508	1010.515	1010.482	1010.512	1010.546	1010.504	1010.555	1010.57	1010.545	1010.593	1010.582	1010.57	1010.616	1010.606	1010.576	1010.6	1010.645	1010.654	1010.619	1010.694	1010.65	1010.66	1010.674	1010.732	1010.707	1010.698	1010.704	1010.698	1010.744	1010.719	1010.772	1010.749	1010.789	1010.788	1010.801	1010.844	1010.808	1010.79	1010.9	1010.769	1010.898	1010.859	1010.862	1010.866	1010.837	1010.9	1010.872	1010.895	1010.957	1010.955	1010.914	1010.952	1010.973	1010.97	1011.003	1010.995	1011.001	1011.015	1011.005	1011.039	1011.018	1011.024	1011.08	1011.055	1011.105	1011.105	1011.139	1011.139	1011.136	1011.131	1011.138	1011.142	1011.166	1011.159	1011.194	1011.267	1011.214	1011.273	1011.248	1011.269	1011.334	1011.284	1011.326	1011.324	1011.329	1011.34	1011.361	1011.358	1011.37	1011.382	1011.398	1011.43	1011.45
1010.179	1010.234	1010.192	1010.18	1010.204	1010.233	1010.251	1010.239	1010.231	1010.224	1010.265	1010.267	1010.364	1010.333	1010.279	1010.302	1010.347	1010.357	1010.367	1010.298	1010.37	1010.362	1010.39	1010.38	1010.37	1010.408	1010.441	1010.38	1010.47	1010.435	1010.426	1010.434	1010.45	1010.466	1010.483	1010.454	1010.543	1010.514	1010.476	1010.491	1010.535	1010.561	1010.572	1010.554	1010.532	1010.559	1010.653	1010.599	1010.566	1010.584	1010.658	1010.657	1010.613	1010.646	1010.621	1010.692	1010.678	1010.639	1010.703	1010.713	1010.714	1010.716	1010.685	1010.77	1010.699	1010.787	1010.807	1010.789	1010.78	1010.799	1010.816	1010.775	1010.879	1010.79	1010.869	1010.841	1010.859	1010.847	1010.839	1010.88	1010.917	1010.876	1011.033	1010.854	1011.065	1010.956	1010.952	1010.988	1010.983	1010.982	1011.046	1011.04	1010.994	1011.063	1011.061	1011.088	1011.096	1011.095	1011.156	1011.095	1011.127	1011.181	1011.099	1011.183	1011.124	1011.13	1011.238	1011.199	1011.24	1011.267	1011.2	1011.298	1011.288	1011.268	1011.295	1011.324	1011.301	1011.385	1011.31	1011.333	1011.369	1011.381	1011.375	1011.386	1011.421	1011.459	1011.429	1011.508	1011.488	1011.501	1011.522	1011.507	1011.525	1011.555	1011.542	1011.578	1011.536
1010.196	1010.244	1010.323	1010.364	1010.275	1010.279	1010.314	1010.324	1010.354	1010.384	1010.401	1010.292	1010.298	1010.349	1010.374	1010.407	1010.409	1010.347	1010.427	1010.386	1010.494	1010.434	1010.421	1010.452	1010.456	1010.451	1010.492	1010.452	1010.501	1010.473	1010.518	1010.578	1010.567	1010.531	1010.54	1010.571	1010.556	1010.531	1010.652	1010.664	1010.581	1010.569	1010.612	1010.658	1010.673	1010.659	1010.648	1010.595	1010.704	1010.749	1010.714	1010.683	1010.71	1010.771	1010.757	1010.765	1010.737	1010.778	1010.824	1010.793	1010.797	1010.843	1010.839	1010.83	1010.832	1010.906	1010.812	1010.904	1010.905	1010.884	1010.909	1010.905	1010.958	1010.909	1010.993	1010.979	1010.971	1011.028	1011.026	1010.999	1011.061	1010.94	1011.05	1011.054	1011.049	1011.032	1011.085	1011.114	1011.111	1011.098	1011.031	1011.208	1011.131	1011.186	1011.166	1011.163	1011.187	1011.198	1011.204	1011.249	1011.211	1011.292	1011.249	1011.308	1011.334	1011.323	1011.308	1011.308	1011.35	1011.309	1011.423	1011.377	1011.38	1011.395	1011.423	1011.441	1011.407	1011.509	1011.458	1011.549	1011.549	1011.451	1011.531	1011.568	1011.527	1011.623	1011.613	1011.589	1011.6	1011.623	1011.674	1011.685	1011.689	1011.696	1011.71	1011.766	1011.724
1010.388	1010.442	1010.242	1010.283	1010.326	1010.386	1010.375	1010.343	1010.386	1010.313	1010.304	1010.485	1010.44	1010.468	1010.432	1010.419	1010.461	1010.479	1010.526	1010.468	1010.448	1010.509	1010.518	1010.542	1010.556	1010.536	1010.53	1010.612	1010.577	1010.603	1010.586	1010.553	1010.595	1010.63	1010.631	1010.653	1010.648	1010.741	1010.652	1010.604	1010.67	1010.785	1010.763	1010.678	1010.718	1010.738	1010.763	1010.842	1010.761	1010.729	1010.77	1010.838	1010.835	1010.764	1010.823	1010.806	1010.894	1010.881	1010.84	1010.89	1010.927	1010.89	1010.882	1010.963	1010.932	1010.978	1010.947	1011.012	1010.973	1010.97	1011.045	1011.038	1011.012	1011.113	1011.006	1011.1	1011.047	1011.072	1011.087	1011.065	1011.129	1011.192	1011.135	1011.188	1011.151	1011.218	1011.216	1011.152	1011.211	1011.378	1011.223	1011.309	1011.25	1011.283	1011.304	1011.335	1011.379	1011.366	1011.317	1011.446	1011.343	1011.386	1011.488	1011.402	1011.415	1011.459	1011.47	1011.534	1011.566	1011.421	1011.614	1011.465	1011.575	1011.595	1011.579	1011.645	1011.67	1011.597	1011.649	1011.61	1011.699	1011.715	1011.741	1011.739	1011.725	1011.766	1011.759	1011.837	1011.884	1011.849	1011.834	1011.846	1011.875	1011.891	1011.897	1011.937	1011.85
1010.18	1010.469	1010.411	1010.482	1010.429	1010.421	1010.442	1010.459	1010.477	1010.537	1010.491	1010.466	1010.44	1010.494	1010.504	1010.521	1010.554	1010.53	1010.476	1010.596	1010.578	1010.6	1010.606	1010.576	1010.603	1010.649	1010.62	1010.642	1010.6	1010.671	1010.699	1010.693	1010.719	1010.715	1010.706	1010.742	1010.713	1010.762	1010.716	1010.835	1010.773	1010.757	1010.782	1010.818	1010.855	1010.837	1010.814	1010.845	1010.833	1010.948	1010.932	1010.883	1010.889	1010.921	1011.035	1010.925	1010.956	1010.958	1011.018	1011.026	1011.009	1011.012	1011.05	1011.076	1011.007	1011.079	1011.111	1011.051	1011.093	1011.128	1011.119	1011.135	1011.116	1011.242	1011.114	1011.236	1011.235	1011.222	1011.282	1011.308	1011.229	1011.284	1011.242	1011.288	1011.319	1011.272	1011.322	1011.392	1011.396	1011.314	1011.373	1011.414	1011.422	1011.444	1011.463	1011.443	1011.431	1011.46	1011.506	1011.456	1011.584	1011.509	1011.55	1011.601	1011.611	1011.632	1011.636	1011.582	1011.622	1011.653	1011.679	1011.677	1011.73	1011.723	1011.704	1011.747	1011.757	1011.753	1011.924	1011.792	1011.829	1011.885	1011.851	1011.891	1011.974	1011.938	1011.955	1011.967	1011.909	1011.986	1012.02	1012.021	1012.026	1012.035	1012.029	1012.035	1012.076
1010.396	1010.541	1010.42	1010.445	1010.46	1010.478	1010.515	1010.523	1010.476	1010.531	1010.527	1010.536	1010.624	1010.598	1010.61	1010.617	1010.596	1010.61	1010.635	1010.65	1010.655	1010.606	1010.669	1010.713	1010.722	1010.708	1010.699	1010.746	1010.78	1010.744	1010.738	1010.766	1010.774	1010.767	1010.796	1010.838	1010.805	1010.888	1010.833	1010.839	1010.839	1010.908	1010.95	1010.909	1010.868	1010.949	1010.95	1010.975	1010.957	1011.006	1010.969	1010.968	1011.051	1011.05	1011.026	1011.013	1011.112	1011.048	1011.115	1011.076	1011.075	1011.15	1011.143	1011.13	1011.241	1011.153	1011.236	1011.181	1011.255	1011.264	1011.224	1011.348	1011.247	1011.289	1011.324	1011.229	1011.315	1011.324	1011.349	1011.384	1011.391	1011.407	1011.447	1011.419	1011.466	1011.455	1011.415	1011.472	1011.534	1011.484	1011.619	1011.486	1011.589	1011.541	1011.574	1011.679	1011.675	1011.649	1011.727	1011.601	1011.739	1011.716	1011.693	1011.767	1011.72	1011.728	1011.826	1011.843	1011.839	1011.892	1011.813	1011.952	1011.876	1011.948	1011.985	1011.96	1011.952	1011.985	1011.914	1012.019	1012.005	1012.028	1012.044	1012.056	1012.043	1012.023	1012.078	1012.067	1012.088	1012.077	1012.087	1012.095	1012.1	1012.113	1012.134	1012.108	1012.132
1010.523	1010.544	1010.576	1010.553	1010.61	1010.602	1010.546	1010.526	1010.611	1010.621	1010.628	1010.626	1010.679	1010.625	1010.65	1010.702	1010.694	1010.709	1010.734	1010.67	1010.771	1010.756	1010.709	1010.763	1010.777	1010.766	1010.809	1010.793	1010.83	1010.846	1010.861	1010.833	1010.86	1010.905	1010.942	1010.92	1010.923	1010.948	1010.96	1010.941	1011.023	1011.045	1010.988	1010.941	1011.018	1011.071	1011.015	1011.091	1011.068	1011.093	1011.088	1011.091	1011.119	1011.136	1011.21	1011.155	1011.21	1011.163	1011.216	1011.213	1011.21	1011.242	1011.266	1011.265	1011.373	1011.234	1011.376	1011.308	1011.369	1011.42	1011.431	1011.44	1011.385	1011.407	1011.481	1011.424	1011.466	1011.496	1011.486	1011.505	1011.553	1011.521	1011.574	1011.588	1011.562	1011.717	1011.649	1011.606	1011.656	1011.639	1011.702	1011.629	1011.773	1011.745	1011.727	1011.81	1011.808	1011.806	1011.869	1011.885	1011.852	1011.882	1011.901	1011.862	1011.883	1011.912	1011.958	1011.992	1011.946	1012.03	1011.988	1012.046	1012.038	1012.05	1012.038	1012.02	1012.061	1012.093	1012.041	1012.105	1012.076	1012.103	1012.113	1012.118	1012.112	1012.125	1012.149	1012.111	1012.163	1012.151	1012.17	1012.18	1012.177	1012.182	1012.205	1012.194	1012.22
1010.639	1010.54	1010.658	1010.622	1010.65	1010.72	1010.659	1010.642	1010.708	1010.674	1010.74	1010.699	1010.721	1010.711	1010.694	1010.747	1010.774	1010.781	1010.81	1010.829	1010.83	1010.858	1010.822	1010.878	1010.893	1010.868	1010.904	1010.895	1010.937	1010.93	1010.963	1010.949	1010.954	1011	1010.998	1010.984	1011.056	1010.982	1011.086	1011.056	1011.117	1011.089	1011.03	1011.113	1011.154	1011.159	1011.14	1011.197	1011.193	1011.215	1011.192	1011.194	1011.255	1011.297	1011.316	1011.257	1011.303	1011.375	1011.372	1011.389	1011.387	1011.387	1011.453	1011.392	1011.448	1011.41	1011.448	1011.43	1011.453	1011.508	1011.513	1011.491	1011.572	1011.595	1011.555	1011.67	1011.652	1011.651	1011.638	1011.637	1011.651	1011.706	1011.675	1011.8	1011.717	1011.823	1011.856	1011.807	1011.846	1011.824	1011.869	1011.917	1011.905	1011.917	1011.933	1011.885	1011.883	1011.983	1011.979	1012.03	1012.012	1012.022	1012.056	1012.031	1012.065	1012.075	1012.06	1012.092	1012.059	1012.112	1012.087	1012.089	1012.097	1012.104	1012.091	1012.123	1012.154	1012.143	1012.155	1012.173	1012.17	1012.194	1012.177	1012.182	1012.201	1012.199	1012.229	1012.226	1012.244	1012.243	1012.256	1012.234	1012.231	1012.266	1012.279	1012.284	1012.305
1010.718	1010.659	1010.681	1010.693	1010.694	1010.771	1010.762	1010.744	1010.78	1010.759	1010.814	1010.805	1010.816	1010.83	1010.809	1010.832	1010.861	1010.867	1010.863	1010.98	1010.87	1010.933	1010.923	1010.982	1010.997	1010.972	1010.994	1011.004	1011.061	1011.026	1011.05	1011.08	1011.085	1011.127	1011.126	1011.09	1011.18	1011.083	1011.21	1011.155	1011.235	1011.207	1011.179	1011.272	1011.243	1011.289	1011.303	1011.298	1011.311	1011.338	1011.312	1011.346	1011.414	1011.398	1011.341	1011.473	1011.384	1011.51	1011.455	1011.475	1011.53	1011.529	1011.59	1011.522	1011.573	1011.639	1011.577	1011.68	1011.706	1011.651	1011.656	1011.646	1011.71	1011.767	1011.694	1011.841	1011.801	1011.8	1011.83	1011.831	1011.821	1011.957	1011.822	1011.939	1011.903	1011.956	1011.991	1011.942	1011.984	1012.01	1012.023	1012.038	1012.037	1012.038	1012.061	1012.04	1012.031	1012.075	1012.062	1012.091	1012.105	1012.09	1012.128	1012.117	1012.153	1012.158	1012.141	1012.179	1012.144	1012.177	1012.18	1012.17	1012.191	1012.198	1012.18	1012.215	1012.235	1012.213	1012.259	1012.23	1012.255	1012.256	1012.236	1012.268	1012.288	1012.278	1012.314	1012.323	1012.317	1012.327	1012.347	1012.323	1012.338	1012.375	1012.365	1012.382	1012.385
1010.719	1010.881	1010.744	1010.829	1010.828	1010.832	1010.82	1010.826	1010.873	1010.899	1010.861	1010.918	1010.926	1010.9	1010.964	1010.99	1010.967	1011.001	1010.943	1011.033	1010.978	1011.066	1011.027	1011.062	1011.078	1011.091	1011.114	1011.086	1011.12	1011.154	1011.141	1011.188	1011.174	1011.22	1011.273	1011.205	1011.271	1011.238	1011.315	1011.25	1011.393	1011.336	1011.303	1011.394	1011.357	1011.444	1011.379	1011.414	1011.443	1011.47	1011.515	1011.556	1011.592	1011.554	1011.459	1011.741	1011.488	1011.644	1011.601	1011.61	1011.669	1011.674	1011.684	1011.694	1011.726	1011.784	1011.747	1011.918	1011.869	1011.806	1011.825	1011.877	1011.822	1011.9	1011.943	1011.895	1011.917	1011.96	1011.99	1012.029	1012.024	1012.053	1012.029	1012.029	1012.043	1012.069	1012.08	1012.058	1012.049	1012.087	1012.095	1012.065	1012.141	1012.113	1012.131	1012.16	1012.149	1012.156	1012.173	1012.164	1012.187	1012.168	1012.187	1012.192	1012.199	1012.205	1012.204	1012.22	1012.231	1012.247	1012.261	1012.276	1012.292	1012.31	1012.29	1012.275	1012.314	1012.325	1012.335	1012.314	1012.355	1012.332	1012.358	1012.391	1012.394	1012.396	1012.399	1012.375	1012.409	1012.401	1012.43	1012.439	1012.453	1012.463	1012.446	1012.483	1012.446
1010.718	1010.999	1010.83	1010.878	1010.872	1010.882	1010.913	1010.939	1010.922	1010.963	1010.954	1010.957	1011.002	1010.982	1011.108	1011.117	1011.015	1011.09	1011.082	1011.138	1011.122	1011.129	1011.132	1011.188	1011.199	1011.208	1011.27	1011.255	1011.203	1011.31	1011.254	1011.319	1011.288	1011.297	1011.342	1011.332	1011.415	1011.352	1011.454	1011.438	1011.471	1011.386	1011.414	1011.572	1011.59	1011.545	1011.454	1011.6	1011.597	1011.579	1011.651	1011.644	1011.61	1011.76	1011.651	1011.752	1011.658	1011.893	1011.806	1011.749	1011.786	1011.826	1011.838	1011.921	1011.867	1011.885	1011.982	1011.925	1011.958	1012.009	1012.008	1012.024	1012.045	1012.013	1012.073	1011.995	1012.06	1012.053	1012.047	1012.094	1012.111	1012.066	1012.146	1012.131	1012.107	1012.124	1012.149	1012.17	1012.172	1012.159	1012.197	1012.168	1012.202	1012.163	1012.183	1012.247	1012.253	1012.234	1012.285	1012.23	1012.256	1012.281	1012.27	1012.297	1012.292	1012.304	1012.321	1012.286	1012.365	1012.357	1012.34	1012.359	1012.342	1012.396	1012.412	1012.389	1012.402	1012.393	1012.409	1012.423	1012.462	1012.447	1012.476	1012.48	1012.457	1012.5	1012.488	1012.495	1012.547	1012.493	1012.532	1012.541	1012.553	1012.559	1012.555	1012.614	1012.492
1010.894	1010.953	1010.965	1011.032	1011.02	1011.046	1011.073	1011.083	1011.046	1011.013	1011.214	1011.054	1011.182	1011.106	1011.103	1011.126	1011.154	1011.234	1011.163	1011.242	1011.21	1011.243	1011.319	1011.314	1011.288	1011.282	1011.276	1011.383	1011.346	1011.404	1011.349	1011.441	1011.459	1011.479	1011.503	1011.5	1011.609	1011.451	1011.532	1011.509	1011.575	1011.641	1011.674	1011.642	1011.541	1011.651	1011.821	1011.711	1011.75	1011.732	1011.792	1011.835	1011.825	1011.885	1011.773	1011.912	1012.005	1011.916	1011.894	1011.978	1012.023	1012.028	1012.009	1011.99	1012.063	1012.029	1012.069	1012.035	1012.059	1012.087	1012.074	1012.079	1012.168	1012.044	1012.151	1012.136	1012.157	1012.161	1012.159	1012.165	1012.177	1012.191	1012.181	1012.156	1012.212	1012.234	1012.217	1012.229	1012.254	1012.225	1012.268	1012.293	1012.222	1012.313	1012.3	1012.292	1012.295	1012.3	1012.321	1012.321	1012.359	1012.365	1012.348	1012.39	1012.382	1012.386	1012.417	1012.402	1012.421	1012.39	1012.431	1012.475	1012.456	1012.46	1012.457	1012.47	1012.517	1012.48	1012.567	1012.505	1012.521	1012.533	1012.542	1012.564	1012.579	1012.574	1012.555	1012.607	1012.571	1012.59	1012.656	1012.627	1012.651	1012.693	1012.626	1012.73	1012.67
1011.277	1010.982	1011.072	1011.041	1011.049	1011.077	1011.041	1011.091	1011.276	1011.096	1011.261	1011.074	1011.214	1011.231	1011.283	1011.327	1011.306	1011.287	1011.28	1011.389	1011.364	1011.387	1011.375	1011.312	1011.412	1011.555	1011.477	1011.508	1011.427	1011.557	1011.582	1011.584	1011.533	1011.564	1011.613	1011.547	1011.631	1011.68	1011.796	1011.745	1011.745	1011.713	1011.701	1011.819	1011.987	1011.849	1011.854	1011.713	1011.985	1011.979	1011.909	1011.942	1011.965	1011.931	1012.045	1012.024	1012.006	1012.021	1012.066	1012.07	1012.037	1012.052	1012.12	1012.071	1012.156	1012.079	1012.104	1012.156	1012.133	1012.133	1012.177	1012.172	1012.168	1012.186	1012.212	1012.194	1012.181	1012.212	1012.245	1012.228	1012.211	1012.3	1012.248	1012.318	1012.273	1012.294	1012.316	1012.316	1012.341	1012.377	1012.308	1012.395	1012.357	1012.38	1012.371	1012.386	1012.427	1012.434	1012.409	1012.463	1012.412	1012.436	1012.462	1012.47	1012.487	1012.49	1012.491	1012.516	1012.52	1012.566	1012.562	1012.506	1012.551	1012.593	1012.589	1012.59	1012.613	1012.573	1012.644	1012.598	1012.67	1012.678	1012.647	1012.656	1012.684	1012.679	1012.727	1012.721	1012.74	1012.736	1012.758	1012.726	1012.743	1012.785	1012.742	1012.782	1012.836
1010.995	1011.085	1011.265	1011.21	1011.197	1011.295	1011.299	1011.26	1011.286	1011.178	1011.389	1011.369	1011.404	1011.319	1011.355	1011.359	1011.328	1011.45	1011.519	1011.428	1011.485	1011.46	1011.584	1011.597	1011.544	1011.515	1011.517	1011.675	1011.609	1011.669	1011.606	1011.719	1011.735	1011.75	1011.792	1011.823	1011.888	1011.785	1011.749	1011.824	1011.883	1011.954	1011.953	1011.952	1011.967	1011.801	1012.059	1012.068	1012.03	1012.032	1012.043	1012.078	1012.088	1012.073	1012.114	1012.059	1012.124	1012.151	1012.101	1012.125	1012.156	1012.165	1012.178	1012.156	1012.164	1012.234	1012.201	1012.21	1012.214	1012.226	1012.247	1012.245	1012.224	1012.324	1012.232	1012.293	1012.344	1012.316	1012.317	1012.349	1012.343	1012.361	1012.298	1012.421	1012.362	1012.369	1012.413	1012.395	1012.382	1012.445	1012.417	1012.449	1012.468	1012.443	1012.489	1012.492	1012.478	1012.481	1012.496	1012.528	1012.515	1012.565	1012.574	1012.53	1012.569	1012.59	1012.578	1012.614	1012.596	1012.608	1012.626	1012.657	1012.649	1012.658	1012.678	1012.698	1012.701	1012.732	1012.718	1012.744	1012.732	1012.734	1012.761	1012.787	1012.777	1012.779	1012.844	1012.733	1012.884	1012.817	1012.829	1012.882	1012.863	1012.845	1012.952	1012.883	1012.925
1011.264	1011.352	1011.211	1011.39	1011.299	1011.241	1011.265	1011.344	1011.345	1011.436	1011.429	1011.355	1011.467	1011.448	1011.5	1011.527	1011.545	1011.605	1011.545	1011.544	1011.697	1011.604	1011.64	1011.64	1011.65	1011.765	1011.832	1011.78	1011.692	1011.881	1011.82	1011.888	1011.878	1011.875	1011.888	1011.905	1011.939	1012.016	1012.015	1012.05	1012.018	1012.034	1012.047	1012.044	1012.052	1012.099	1012.075	1012.076	1012.101	1012.127	1012.123	1012.126	1012.138	1012.169	1012.151	1012.192	1012.184	1012.17	1012.171	1012.206	1012.231	1012.209	1012.183	1012.286	1012.233	1012.277	1012.286	1012.277	1012.329	1012.334	1012.312	1012.349	1012.335	1012.354	1012.357	1012.351	1012.383	1012.403	1012.414	1012.411	1012.393	1012.461	1012.457	1012.437	1012.515	1012.493	1012.469	1012.477	1012.507	1012.484	1012.554	1012.516	1012.559	1012.567	1012.587	1012.579	1012.579	1012.624	1012.651	1012.611	1012.666	1012.621	1012.669	1012.666	1012.676	1012.683	1012.693	1012.729	1012.715	1012.771	1012.722	1012.785	1012.772	1012.776	1012.802	1012.8	1012.781	1012.857	1012.79	1012.882	1012.846	1012.878	1012.865	1012.877	1012.912	1012.923	1012.965	1012.934	1012.968	1013.013	1012.974	1013.004	1012.991	1012.973	1013.042	1012.994	1013.089
1011.232	1011.515	1011.308	1011.462	1011.485	1011.446	1011.482	1011.534	1011.464	1011.519	1011.511	1011.629	1011.622	1011.636	1011.643	1011.634	1011.666	1011.685	1011.737	1011.756	1011.695	1011.738	1011.867	1011.845	1011.82	1011.914	1011.866	1011.911	1011.927	1011.946	1011.959	1011.985	1012.003	1012.034	1012.046	1012.059	1012.05	1012.089	1012.034	1012.087	1012.13	1012.123	1012.133	1012.146	1012.124	1012.156	1012.121	1012.198	1012.202	1012.145	1012.172	1012.215	1012.233	1012.249	1012.216	1012.28	1012.239	1012.261	1012.327	1012.315	1012.31	1012.323	1012.299	1012.341	1012.331	1012.339	1012.381	1012.364	1012.401	1012.418	1012.418	1012.435	1012.427	1012.422	1012.483	1012.468	1012.467	1012.494	1012.498	1012.478	1012.512	1012.5	1012.58	1012.537	1012.573	1012.599	1012.567	1012.603	1012.643	1012.576	1012.677	1012.598	1012.673	1012.659	1012.659	1012.674	1012.681	1012.7	1012.722	1012.699	1012.788	1012.732	1012.783	1012.752	1012.772	1012.803	1012.825	1012.824	1012.799	1012.889	1012.845	1012.87	1012.9	1012.899	1012.916	1012.912	1012.92	1012.976	1012.908	1013.003	1012.948	1013.043	1013.014	1013.013	1013.064	1013.018	1013.005	1013.133	1013.002	1013.116	1013.088	1013.11	1013.175	1013.201	1013.173	1013.175	1013.208
1011.276	1011.62	1011.479	1011.546	1011.538	1011.58	1011.62	1011.644	1011.651	1011.665	1011.623	1011.782	1011.633	1011.71	1011.761	1011.749	1011.824	1011.82	1011.874	1011.867	1011.866	1011.898	1011.986	1012.007	1011.991	1012.023	1012.017	1012.042	1012.061	1012.035	1012.084	1012.083	1012.101	1012.134	1012.098	1012.116	1012.118	1012.156	1012.141	1012.135	1012.184	1012.166	1012.177	1012.221	1012.202	1012.229	1012.245	1012.26	1012.26	1012.23	1012.28	1012.325	1012.285	1012.299	1012.313	1012.33	1012.348	1012.321	1012.377	1012.43	1012.424	1012.421	1012.4	1012.404	1012.456	1012.436	1012.443	1012.451	1012.457	1012.474	1012.495	1012.489	1012.531	1012.546	1012.539	1012.58	1012.574	1012.573	1012.577	1012.603	1012.655	1012.585	1012.641	1012.665	1012.625	1012.676	1012.694	1012.734	1012.749	1012.72	1012.775	1012.704	1012.783	1012.771	1012.774	1012.783	1012.791	1012.815	1012.854	1012.828	1012.868	1012.846	1012.898	1012.871	1012.93	1012.966	1012.93	1012.946	1012.942	1012.957	1012.986	1012.997	1013.024	1013.002	1013.02	1013.052	1013.062	1013.091	1013.066	1013.142	1013.091	1013.159	1013.192	1013.191	1013.201	1013.186	1013.156	1013.269	1013.167	1013.229	1013.23	1013.256	1013.326	1013.296	1013.278	1013.341	1013.31
1011.534	1011.791	1011.504	1011.645	1011.666	1011.713	1011.737	1011.762	1011.796	1011.804	1011.758	1011.883	1011.762	1011.883	1011.938	1011.916	1011.995	1011.972	1012.021	1011.947	1012.058	1012.038	1012.05	1012.063	1012.041	1012.069	1012.097	1012.083	1012.129	1012.111	1012.167	1012.129	1012.149	1012.206	1012.168	1012.2	1012.209	1012.194	1012.265	1012.223	1012.257	1012.238	1012.235	1012.279	1012.29	1012.302	1012.342	1012.3	1012.33	1012.34	1012.396	1012.428	1012.385	1012.389	1012.432	1012.377	1012.456	1012.417	1012.427	1012.483	1012.444	1012.44	1012.512	1012.514	1012.529	1012.546	1012.529	1012.574	1012.58	1012.566	1012.588	1012.584	1012.62	1012.658	1012.615	1012.683	1012.64	1012.638	1012.712	1012.74	1012.757	1012.748	1012.718	1012.783	1012.737	1012.766	1012.785	1012.81	1012.825	1012.833	1012.836	1012.856	1012.872	1012.875	1012.903	1012.911	1012.947	1012.975	1012.966	1012.952	1012.985	1012.974	1013.018	1013.008	1013.072	1013.084	1013.045	1013.082	1013.098	1013.067	1013.134	1013.127	1013.162	1013.136	1013.166	1013.202	1013.191	1013.217	1013.227	1013.224	1013.244	1013.222	1013.256	1013.285	1013.295	1013.359	1013.357	1013.33	1013.418	1013.395	1013.411	1013.439	1013.464	1013.431	1013.443	1013.494	1013.447
1011.652	1012.021	1011.564	1011.837	1011.873	1011.854	1011.882	1011.912	1011.874	1011.924	1011.947	1012.015	1012.011	1012.037	1012.04	1012.029	1012.037	1012.028	1012.122	1012.04	1012.122	1012.093	1012.13	1012.147	1012.125	1012.132	1012.179	1012.138	1012.223	1012.189	1012.228	1012.182	1012.205	1012.261	1012.25	1012.279	1012.308	1012.26	1012.319	1012.311	1012.352	1012.357	1012.353	1012.354	1012.38	1012.371	1012.395	1012.407	1012.424	1012.41	1012.433	1012.469	1012.481	1012.467	1012.531	1012.487	1012.523	1012.555	1012.556	1012.567	1012.524	1012.506	1012.625	1012.622	1012.583	1012.654	1012.636	1012.687	1012.7	1012.684	1012.699	1012.725	1012.701	1012.74	1012.748	1012.778	1012.707	1012.734	1012.813	1012.853	1012.793	1012.896	1012.83	1012.87	1012.903	1012.891	1012.915	1012.942	1012.945	1012.955	1012.925	1013.021	1012.97	1013.003	1013.033	1013.021	1013.06	1013.097	1013.037	1013.072	1013.123	1013.111	1013.131	1013.13	1013.132	1013.143	1013.173	1013.191	1013.214	1013.234	1013.265	1013.247	1013.305	1013.291	1013.324	1013.367	1013.348	1013.369	1013.413	1013.323	1013.458	1013.377	1013.415	1013.447	1013.416	1013.474	1013.524	1013.434	1013.6	1013.514	1013.551	1013.548	1013.573	1013.605	1013.625	1013.649	1013.656
1011.369	1012.104	1011.866	1011.953	1011.922	1011.905	1011.935	1012.007	1012.009	1012.055	1012.056	1012.049	1012.041	1012.066	1012.111	1012.131	1012.132	1012.084	1012.18	1012.121	1012.178	1012.167	1012.184	1012.196	1012.216	1012.24	1012.258	1012.249	1012.325	1012.244	1012.316	1012.325	1012.307	1012.322	1012.31	1012.279	1012.359	1012.417	1012.371	1012.42	1012.408	1012.419	1012.447	1012.447	1012.48	1012.482	1012.48	1012.539	1012.445	1012.516	1012.56	1012.549	1012.543	1012.502	1012.583	1012.649	1012.585	1012.642	1012.635	1012.635	1012.665	1012.712	1012.702	1012.684	1012.733	1012.738	1012.712	1012.728	1012.781	1012.799	1012.793	1012.842	1012.815	1012.841	1012.855	1012.857	1012.923	1012.879	1012.866	1012.941	1012.923	1012.957	1012.952	1012.969	1013.036	1013.014	1013.056	1013.063	1013.039	1013.085	1013.077	1013.128	1013.091	1013.168	1013.152	1013.143	1013.162	1013.185	1013.204	1013.269	1013.194	1013.272	1013.279	1013.316	1013.293	1013.299	1013.373	1013.359	1013.374	1013.386	1013.394	1013.454	1013.446	1013.41	1013.421	1013.459	1013.493	1013.462	1013.642	1013.51	1013.622	1013.592	1013.612	1013.633	1013.64	1013.627	1013.695	1013.687	1013.723	1013.674	1013.773	1013.726	1013.744	1013.795	1013.737	1013.829	1013.902
1011.914	1012.079	1011.917	1012.023	1012.11	1012.12	1012.085	1012.075	1012.098	1012.098	1012.083	1012.155	1012.167	1012.191	1012.176	1012.147	1012.173	1012.207	1012.2	1012.222	1012.289	1012.271	1012.255	1012.265	1012.311	1012.335	1012.295	1012.304	1012.304	1012.363	1012.365	1012.355	1012.381	1012.437	1012.484	1012.482	1012.416	1012.49	1012.407	1012.501	1012.469	1012.488	1012.534	1012.533	1012.54	1012.592	1012.513	1012.617	1012.594	1012.683	1012.664	1012.601	1012.637	1012.734	1012.671	1012.689	1012.71	1012.726	1012.777	1012.776	1012.768	1012.785	1012.77	1012.854	1012.88	1012.742	1012.885	1012.875	1012.89	1012.903	1012.889	1012.919	1012.942	1012.942	1013.017	1012.934	1013.06	1013.054	1013.024	1013.064	1013.062	1013.02	1013.161	1013.118	1013.122	1013.118	1013.149	1013.152	1013.155	1013.234	1013.206	1013.221	1013.248	1013.263	1013.239	1013.288	1013.319	1013.302	1013.342	1013.365	1013.288	1013.531	1013.371	1013.453	1013.459	1013.43	1013.451	1013.471	1013.599	1013.522	1013.501	1013.571	1013.525	1013.625	1013.677	1013.649	1013.737	1013.571	1013.715	1013.695	1013.699	1013.8	1013.785	1013.756	1013.793	1013.804	1013.798	1013.858	1013.875	1013.883	1013.92	1013.929	1013.989	1014.016	1014.001	1014.011	1014.012
1012.175	1012.068	1012.087	1012.126	1012.068	1012.052	1012.103	1012.151	1012.161	1012.182	1012.203	1012.218	1012.159	1012.19	1012.247	1012.272	1012.295	1012.329	1012.284	1012.35	1012.262	1012.291	1012.374	1012.379	1012.358	1012.356	1012.384	1012.513	1012.372	1012.503	1012.447	1012.465	1012.52	1012.465	1012.419	1012.519	1012.483	1012.607	1012.558	1012.591	1012.611	1012.626	1012.632	1012.617	1012.618	1012.691	1012.656	1012.715	1012.703	1012.651	1012.699	1012.768	1012.769	1012.748	1012.761	1012.779	1012.876	1012.782	1012.82	1012.85	1012.856	1012.908	1012.962	1012.872	1012.915	1012.949	1013.009	1012.962	1012.961	1013.013	1013.043	1013.051	1013.083	1012.949	1013.142	1013.12	1013.066	1013.117	1013.166	1013.157	1013.171	1013.216	1013.219	1013.162	1013.295	1013.302	1013.303	1013.329	1013.338	1013.322	1013.317	1013.43	1013.388	1013.422	1013.441	1013.445	1013.466	1013.483	1013.486	1013.57	1013.519	1013.59	1013.508	1013.597	1013.604	1013.646	1013.729	1013.66	1013.644	1013.698	1013.76	1013.845	1013.754	1013.816	1013.777	1013.697	1013.87	1013.903	1013.901	1013.958	1013.901	1013.917	1013.951	1013.993	1014.017	1014.024	1014.031	1014.025	1014.039	1014.066	1014.05	1014.07	1014.069	1014.049	1014.085	1014.105	1014.021
1012.082	1012.096	1012.168	1012.2	1012.213	1012.236	1012.25	1012.235	1012.218	1012.269	1012.243	1012.263	1012.326	1012.31	1012.332	1012.331	1012.32	1012.331	1012.337	1012.408	1012.44	1012.443	1012.412	1012.405	1012.479	1012.525	1012.449	1012.495	1012.455	1012.512	1012.523	1012.533	1012.574	1012.606	1012.628	1012.661	1012.611	1012.641	1012.647	1012.647	1012.67	1012.67	1012.692	1012.733	1012.753	1012.709	1012.799	1012.711	1012.816	1012.844	1012.86	1012.867	1012.842	1012.84	1013.009	1012.874	1012.916	1012.951	1012.962	1012.994	1012.99	1012.994	1013.023	1012.995	1013.1	1013.105	1013.024	1013.139	1013.153	1013.143	1013.148	1013.119	1013.211	1013.256	1013.123	1013.259	1013.269	1013.292	1013.284	1013.273	1013.344	1013.342	1013.358	1013.41	1013.41	1013.373	1013.4	1013.435	1013.443	1013.493	1013.53	1013.517	1013.499	1013.534	1013.601	1013.566	1013.605	1013.675	1013.613	1013.696	1013.663	1013.674	1013.763	1013.777	1013.749	1013.74	1013.784	1013.824	1013.856	1013.957	1013.77	1013.892	1013.932	1013.949	1014.022	1014.049	1014.011	1014.003	1014.013	1014.017	1014.063	1014.054	1014.067	1014.074	1014.067	1014.071	1014.098	1014.12	1014.098	1014.13	1014.134	1014.15	1014.179	1014.18	1014.175	1014.243	1014.157
1012.246	1012.242	1012.259	1012.19	1012.237	1012.245	1012.245	1012.287	1012.343	1012.318	1012.355	1012.328	1012.372	1012.356	1012.378	1012.401	1012.439	1012.474	1012.484	1012.421	1012.471	1012.467	1012.511	1012.53	1012.558	1012.56	1012.561	1012.591	1012.65	1012.615	1012.659	1012.656	1012.613	1012.642	1012.67	1012.608	1012.729	1012.711	1012.751	1012.78	1012.791	1012.836	1012.838	1012.812	1012.858	1012.798	1012.954	1012.857	1012.888	1012.924	1012.881	1012.905	1013.009	1013.053	1012.999	1012.978	1013.032	1013.062	1013.049	1013.071	1013.095	1013.11	1013.1	1013.202	1013.102	1013.197	1013.216	1013.279	1013.2	1013.198	1013.335	1013.365	1013.243	1013.4	1013.293	1013.368	1013.361	1013.401	1013.416	1013.433	1013.5	1013.418	1013.516	1013.523	1013.516	1013.557	1013.601	1013.608	1013.601	1013.644	1013.649	1013.618	1013.778	1013.636	1013.743	1013.775	1013.8	1013.823	1013.795	1013.863	1013.87	1013.901	1013.872	1013.867	1014.015	1014.025	1013.991	1014.038	1013.996	1014.037	1014.047	1014.042	1014.083	1014.044	1014.061	1014.088	1014.057	1014.119	1014.157	1014.11	1014.141	1014.135	1014.154	1014.168	1014.187	1014.232	1014.18	1014.212	1014.222	1014.211	1014.249	1014.208	1014.229	1014.281	1014.256	1014.269	1014.322
1012.261	1012.26	1012.324	1012.304	1012.332	1012.349	1012.36	1012.408	1012.397	1012.334	1012.47	1012.408	1012.44	1012.491	1012.5	1012.495	1012.522	1012.489	1012.523	1012.535	1012.619	1012.569	1012.581	1012.616	1012.609	1012.605	1012.685	1012.642	1012.695	1012.683	1012.696	1012.788	1012.746	1012.769	1012.79	1012.756	1012.889	1012.782	1012.852	1012.87	1012.809	1012.879	1012.906	1012.879	1012.993	1012.945	1012.988	1013	1013.01	1013.038	1013.038	1013.027	1013.061	1013.097	1013.062	1013.206	1013.141	1013.148	1013.259	1013.233	1013.25	1013.298	1013.211	1013.34	1013.204	1013.402	1013.331	1013.324	1013.328	1013.331	1013.384	1013.472	1013.433	1013.503	1013.472	1013.549	1013.495	1013.548	1013.554	1013.54	1013.646	1013.614	1013.699	1013.62	1013.682	1013.67	1013.701	1013.778	1013.835	1013.781	1013.881	1013.754	1013.906	1013.811	1013.914	1013.939	1013.918	1013.936	1013.998	1014.01	1014.012	1014.013	1014.051	1014.037	1014.086	1014.07	1014.047	1014.124	1014.092	1014.096	1014.151	1014.109	1014.149	1014.141	1014.157	1014.167	1014.182	1014.197	1014.188	1014.216	1014.236	1014.229	1014.252	1014.244	1014.251	1014.291	1014.274	1014.291	1014.331	1014.286	1014.358	1014.331	1014.31	1014.331	1014.379	1014.384	1014.391
1012.357	1012.365	1012.371	1012.403	1012.409	1012.446	1012.458	1012.44	1012.44	1012.449	1012.513	1012.483	1012.535	1012.562	1012.525	1012.519	1012.621	1012.616	1012.628	1012.621	1012.655	1012.709	1012.691	1012.714	1012.706	1012.691	1012.725	1012.741	1012.772	1012.832	1012.775	1012.848	1012.823	1012.847	1012.911	1012.905	1012.933	1012.893	1012.947	1012.984	1012.947	1012.957	1012.988	1012.98	1013.047	1013.059	1013.084	1013.101	1013.168	1013.146	1013.188	1013.177	1013.19	1013.274	1013.198	1013.256	1013.252	1013.255	1013.364	1013.281	1013.3	1013.412	1013.328	1013.481	1013.362	1013.498	1013.485	1013.469	1013.515	1013.519	1013.5	1013.579	1013.596	1013.633	1013.589	1013.685	1013.64	1013.697	1013.705	1013.705	1013.815	1013.737	1013.844	1013.791	1013.846	1013.861	1013.886	1013.97	1013.953	1013.873	1014.039	1013.926	1014.032	1014.027	1014.058	1014.057	1014.047	1014.066	1014.077	1014.084	1014.133	1014.092	1014.132	1014.128	1014.145	1014.129	1014.138	1014.167	1014.197	1014.205	1014.219	1014.258	1014.26	1014.242	1014.258	1014.26	1014.278	1014.286	1014.289	1014.32	1014.31	1014.313	1014.327	1014.319	1014.342	1014.358	1014.397	1014.368	1014.422	1014.426	1014.451	1014.484	1014.462	1014.43	1014.458	1014.493	1014.465
1012.434	1012.459	1012.425	1012.479	1012.452	1012.489	1012.527	1012.51	1012.536	1012.574	1012.544	1012.596	1012.624	1012.639	1012.6	1012.586	1012.688	1012.697	1012.69	1012.745	1012.687	1012.79	1012.776	1012.8	1012.838	1012.823	1012.82	1012.918	1012.822	1012.919	1012.868	1012.94	1012.915	1012.902	1012.967	1012.996	1012.974	1013.067	1013.029	1013.061	1013.113	1013.124	1013.166	1013.158	1013.132	1013.162	1013.259	1013.144	1013.276	1013.237	1013.281	1013.327	1013.343	1013.399	1013.339	1013.318	1013.456	1013.407	1013.455	1013.371	1013.404	1013.52	1013.455	1013.591	1013.529	1013.567	1013.622	1013.636	1013.686	1013.75	1013.728	1013.705	1013.679	1013.818	1013.741	1013.841	1013.807	1013.868	1013.887	1013.887	1013.982	1013.89	1014.002	1014.001	1014.003	1014.036	1014.049	1014.04	1014.03	1014.028	1014.098	1014.055	1014.12	1014.113	1014.128	1014.127	1014.128	1014.147	1014.163	1014.172	1014.216	1014.197	1014.215	1014.231	1014.247	1014.251	1014.26	1014.242	1014.286	1014.318	1014.264	1014.353	1014.321	1014.303	1014.354	1014.356	1014.366	1014.375	1014.411	1014.402	1014.392	1014.454	1014.467	1014.467	1014.491	1014.448	1014.51	1014.478	1014.489	1014.539	1014.522	1014.555	1014.594	1014.559	1014.55	1014.593	1014.582
1012.469	1012.5	1012.504	1012.569	1012.546	1012.577	1012.6	1012.615	1012.618	1012.636	1012.629	1012.698	1012.673	1012.685	1012.743	1012.728	1012.703	1012.779	1012.72	1012.883	1012.807	1012.856	1012.865	1012.864	1012.901	1012.929	1012.877	1013.037	1012.888	1012.977	1012.997	1012.998	1013.074	1013.073	1013.077	1013.117	1013.107	1013.178	1013.121	1013.134	1013.211	1013.174	1013.228	1013.272	1013.275	1013.254	1013.386	1013.244	1013.409	1013.391	1013.383	1013.489	1013.425	1013.454	1013.477	1013.488	1013.598	1013.519	1013.559	1013.617	1013.625	1013.617	1013.653	1013.679	1013.705	1013.735	1013.794	1013.742	1013.804	1013.794	1013.888	1013.921	1013.823	1013.995	1013.895	1014.006	1013.985	1014.012	1014.025	1014.004	1014.064	1014.06	1014.071	1014.081	1014.067	1014.12	1014.097	1014.11	1014.138	1014.161	1014.158	1014.155	1014.208	1014.16	1014.215	1014.215	1014.232	1014.219	1014.279	1014.268	1014.248	1014.313	1014.286	1014.317	1014.321	1014.331	1014.344	1014.373	1014.356	1014.413	1014.36	1014.441	1014.392	1014.442	1014.467	1014.451	1014.505	1014.459	1014.487	1014.514	1014.489	1014.562	1014.543	1014.523	1014.606	1014.547	1014.601	1014.61	1014.583	1014.657	1014.606	1014.667	1014.645	1014.697	1014.681	1014.706	1014.712
1012.568	1012.591	1012.607	1012.593	1012.625	1012.639	1012.625	1012.672	1012.687	1012.701	1012.761	1012.735	1012.793	1012.783	1012.798	1012.813	1012.806	1012.969	1012.813	1012.911	1012.873	1012.895	1012.954	1012.957	1012.979	1013.013	1013.007	1013.033	1013.056	1013.14	1013.168	1013.082	1013.145	1013.147	1013.19	1013.239	1013.211	1013.176	1013.268	1013.323	1013.316	1013.337	1013.35	1013.317	1013.403	1013.356	1013.427	1013.466	1013.457	1013.548	1013.443	1013.582	1013.56	1013.631	1013.7	1013.591	1013.59	1013.673	1013.775	1013.762	1013.724	1013.73	1013.86	1013.79	1013.853	1013.873	1013.881	1013.917	1014.043	1013.967	1013.925	1013.999	1014.054	1014.069	1014.018	1014.069	1014.061	1014.101	1014.114	1014.102	1014.103	1014.146	1014.117	1014.159	1014.183	1014.185	1014.197	1014.22	1014.219	1014.219	1014.234	1014.274	1014.282	1014.271	1014.335	1014.281	1014.31	1014.312	1014.34	1014.387	1014.34	1014.434	1014.376	1014.425	1014.448	1014.434	1014.432	1014.501	1014.433	1014.497	1014.522	1014.531	1014.535	1014.544	1014.54	1014.523	1014.581	1014.579	1014.56	1014.662	1014.583	1014.637	1014.636	1014.655	1014.683	1014.698	1014.714	1014.715	1014.77	1014.729	1014.742	1014.795	1014.722	1014.808	1014.785	1014.811	1014.832
1012.606	1012.639	1012.673	1012.682	1012.706	1012.767	1012.734	1012.794	1012.789	1012.795	1012.863	1012.717	1012.94	1012.86	1012.914	1012.948	1012.883	1012.924	1012.946	1012.992	1013.029	1013.053	1013.063	1013.089	1013.037	1013.128	1013.129	1013.154	1013.136	1013.093	1013.139	1013.31	1013.276	1013.292	1013.299	1013.292	1013.391	1013.388	1013.39	1013.391	1013.348	1013.385	1013.515	1013.338	1013.634	1013.486	1013.563	1013.596	1013.529	1013.69	1013.684	1013.702	1013.713	1013.706	1013.712	1013.779	1013.85	1013.904	1013.81	1013.858	1013.936	1013.937	1013.95	1013.979	1013.969	1014.014	1014.05	1014.05	1014.018	1014.062	1014.101	1014.11	1014.097	1014.103	1014.144	1014.165	1014.138	1014.149	1014.179	1014.203	1014.214	1014.235	1014.242	1014.251	1014.259	1014.252	1014.262	1014.309	1014.268	1014.335	1014.344	1014.353	1014.35	1014.351	1014.418	1014.311	1014.454	1014.414	1014.412	1014.471	1014.448	1014.489	1014.474	1014.484	1014.525	1014.55	1014.531	1014.556	1014.554	1014.588	1014.57	1014.589	1014.632	1014.612	1014.686	1014.67	1014.689	1014.699	1014.692	1014.719	1014.722	1014.745	1014.765	1014.747	1014.741	1014.787	1014.84	1014.733	1014.901	1014.855	1014.843	1014.897	1014.874	1014.972	1014.907	1014.928	1014.943
1012.721	1012.719	1012.747	1012.782	1012.737	1012.81	1012.775	1012.831	1012.805	1012.818	1012.953	1012.899	1012.992	1012.877	1012.944	1013.034	1013.022	1013.023	1013.163	1013.068	1013.096	1013.095	1013.089	1013.173	1013.194	1013.193	1013.202	1013.244	1013.313	1013.371	1013.361	1013.341	1013.255	1013.347	1013.424	1013.402	1013.388	1013.472	1013.385	1013.599	1013.622	1013.578	1013.666	1013.552	1013.675	1013.599	1013.682	1013.74	1013.714	1013.787	1013.73	1013.75	1013.835	1013.867	1013.89	1013.958	1013.831	1013.901	1013.996	1014.032	1014.033	1014.01	1014.019	1014.103	1014.098	1014.059	1014.085	1014.137	1014.113	1014.179	1014.13	1014.144	1014.172	1014.203	1014.216	1014.132	1014.256	1014.27	1014.259	1014.268	1014.28	1014.257	1014.344	1014.298	1014.354	1014.383	1014.375	1014.391	1014.375	1014.453	1014.39	1014.435	1014.476	1014.449	1014.529	1014.494	1014.505	1014.508	1014.54	1014.572	1014.545	1014.543	1014.636	1014.625	1014.606	1014.621	1014.653	1014.66	1014.703	1014.713	1014.709	1014.731	1014.746	1014.683	1014.78	1014.756	1014.746	1014.803	1014.842	1014.793	1014.89	1014.87	1014.849	1014.912	1014.928	1014.884	1015.012	1014.948	1014.959	1014.972	1014.999	1015.01	1014.977	1015.024	1015.02	1015.081	1015.068
1012.862	1012.81	1012.808	1012.866	1012.826	1012.953	1012.868	1012.953	1012.982	1012.965	1012.969	1012.965	1012.994	1013.097	1013.048	1013.042	1013.119	1013.164	1013.103	1013.139	1013.199	1013.257	1013.273	1013.265	1013.275	1013.298	1013.355	1013.34	1013.318	1013.362	1013.374	1013.414	1013.543	1013.465	1013.489	1013.569	1013.498	1013.712	1013.571	1013.628	1013.615	1013.61	1013.701	1013.746	1013.745	1013.848	1013.839	1013.841	1013.895	1013.893	1013.933	1013.992	1013.968	1013.992	1014.015	1014.01	1014.059	1014.082	1014.095	1014.059	1014.062	1014.139	1014.186	1014.071	1014.176	1014.176	1014.172	1014.185	1014.195	1014.244	1014.199	1014.282	1014.288	1014.259	1014.284	1014.326	1014.308	1014.319	1014.333	1014.366	1014.399	1014.38	1014.435	1014.398	1014.435	1014.425	1014.42	1014.504	1014.442	1014.514	1014.502	1014.539	1014.558	1014.525	1014.553	1014.61	1014.58	1014.637	1014.646	1014.621	1014.686	1014.695	1014.626	1014.683	1014.727	1014.745	1014.759	1014.755	1014.743	1014.76	1014.792	1014.804	1014.801	1014.894	1014.818	1014.885	1014.91	1014.916	1014.922	1014.96	1014.921	1014.989	1014.956	1014.998	1015.023	1014.989	1015.001	1015.068	1015.06	1015.087	1015.111	1015.117	1015.148	1015.193	1015.145	1015.202	1015.19
1012.868	1012.873	1012.898	1012.95	1012.891	1012.998	1012.983	1012.983	1013.005	1013.015	1013.055	1013.169	1013.052	1013.13	1013.14	1013.167	1013.226	1013.2	1013.236	1013.335	1013.237	1013.267	1013.328	1013.322	1013.39	1013.383	1013.42	1013.511	1013.525	1013.507	1013.615	1013.481	1013.619	1013.545	1013.595	1013.712	1013.584	1013.698	1013.715	1013.732	1013.791	1013.854	1013.842	1013.903	1013.841	1013.944	1013.932	1013.945	1014.017	1014.001	1014.035	1014.035	1014.036	1014.074	1014.102	1014.079	1014.149	1014.102	1014.126	1014.155	1014.17	1014.159	1014.21	1014.218	1014.246	1014.234	1014.243	1014.275	1014.257	1014.307	1014.325	1014.335	1014.337	1014.338	1014.37	1014.404	1014.368	1014.451	1014.449	1014.43	1014.438	1014.458	1014.489	1014.488	1014.532	1014.531	1014.534	1014.59	1014.542	1014.605	1014.62	1014.584	1014.596	1014.685	1014.668	1014.697	1014.7	1014.73	1014.745	1014.747	1014.76	1014.778	1014.794	1014.819	1014.835	1014.82	1014.838	1014.869	1014.94	1014.911	1014.938	1014.94	1014.907	1015.003	1014.936	1014.991	1015.017	1014.995	1015.003	1015.102	1015.021	1015.121	1015.151	1015.126	1015.147	1015.22	1015.174	1015.182	1015.218	1015.218	1015.231	1015.241	1015.247	1015.306	1015.292	1015.328	1015.358
1012.961	1012.972	1012.948	1012.952	1013.013	1013.007	1013.075	1013.086	1013.116	1013.132	1013.133	1013.2	1013.222	1013.227	1013.25	1013.279	1013.302	1013.32	1013.332	1013.305	1013.315	1013.412	1013.469	1013.445	1013.489	1013.535	1013.442	1013.545	1013.574	1013.526	1013.73	1013.593	1013.704	1013.791	1013.825	1013.812	1013.817	1013.816	1013.874	1013.87	1013.868	1013.905	1013.909	1014.023	1014.001	1014.019	1014.033	1014.052	1014.074	1014.076	1014.107	1014.11	1014.148	1014.174	1014.171	1014.18	1014.183	1014.238	1014.228	1014.212	1014.216	1014.244	1014.275	1014.309	1014.294	1014.297	1014.32	1014.337	1014.36	1014.364	1014.403	1014.385	1014.413	1014.454	1014.436	1014.474	1014.495	1014.527	1014.516	1014.507	1014.559	1014.568	1014.585	1014.591	1014.611	1014.647	1014.677	1014.646	1014.704	1014.67	1014.733	1014.709	1014.709	1014.758	1014.738	1014.79	1014.808	1014.78	1014.804	1014.869	1014.854	1014.864	1014.9	1014.908	1014.937	1014.946	1014.982	1014.93	1015.01	1014.969	1015.008	1015.082	1015.089	1015.072	1015.108	1015.109	1015.127	1015.126	1015.141	1015.136	1015.217	1015.146	1015.218	1015.288	1015.321	1015.284	1015.286	1015.31	1015.331	1015.335	1015.39	1015.425	1015.391	1015.425	1015.444	1015.439	1015.468
1013.003	1013.082	1013.057	1013.061	1013.164	1013.065	1013.161	1013.158	1013.161	1013.174	1013.22	1013.213	1013.309	1013.318	1013.338	1013.348	1013.363	1013.411	1013.455	1013.418	1013.512	1013.601	1013.543	1013.606	1013.502	1013.667	1013.599	1013.647	1013.676	1013.648	1013.748	1013.774	1013.749	1013.844	1013.836	1013.82	1013.97	1013.902	1013.983	1014.011	1014.013	1014.052	1014.07	1014.071	1014.077	1014.092	1014.105	1014.124	1014.138	1014.156	1014.183	1014.17	1014.21	1014.195	1014.186	1014.275	1014.215	1014.295	1014.301	1014.284	1014.331	1014.375	1014.338	1014.356	1014.359	1014.436	1014.46	1014.416	1014.477	1014.419	1014.506	1014.485	1014.465	1014.498	1014.524	1014.591	1014.582	1014.586	1014.586	1014.604	1014.64	1014.646	1014.659	1014.701	1014.669	1014.708	1014.748	1014.703	1014.841	1014.753	1014.81	1014.833	1014.833	1014.86	1014.883	1014.884	1014.914	1014.9	1014.894	1014.939	1014.964	1015.02	1015.003	1015.062	1015.08	1015.038	1015.058	1015.069	1015.125	1015.121	1015.073	1015.148	1015.188	1015.175	1015.227	1015.254	1015.248	1015.281	1015.297	1015.243	1015.416	1015.315	1015.331	1015.4	1015.417	1015.393	1015.458	1015.452	1015.479	1015.498	1015.555	1015.545	1015.544	1015.583	1015.567	1015.594	1015.602
1013.055	1013.15	1013.143	1013.145	1013.206	1013.159	1013.243	1013.211	1013.275	1013.282	1013.35	1013.323	1013.39	1013.382	1013.413	1013.447	1013.482	1013.471	1013.55	1013.547	1013.597	1013.582	1013.555	1013.802	1013.597	1013.727	1013.793	1013.709	1013.841	1013.846	1013.818	1013.937	1013.886	1013.915	1014.007	1013.961	1014.041	1014.01	1014.056	1014.082	1014.073	1014.107	1014.128	1014.116	1014.144	1014.172	1014.168	1014.205	1014.196	1014.226	1014.246	1014.241	1014.274	1014.307	1014.242	1014.368	1014.307	1014.344	1014.367	1014.381	1014.377	1014.417	1014.412	1014.483	1014.429	1014.487	1014.518	1014.477	1014.565	1014.501	1014.572	1014.585	1014.593	1014.613	1014.607	1014.661	1014.647	1014.678	1014.705	1014.698	1014.741	1014.763	1014.722	1014.81	1014.792	1014.792	1014.88	1014.804	1014.896	1014.859	1014.919	1014.918	1014.917	1014.965	1014.99	1014.97	1015.007	1015.027	1015.035	1015.056	1015.069	1015.132	1015.078	1015.158	1015.155	1015.14	1015.192	1015.228	1015.224	1015.241	1015.254	1015.258	1015.31	1015.32	1015.313	1015.353	1015.376	1015.364	1015.453	1015.378	1015.486	1015.444	1015.508	1015.518	1015.519	1015.579	1015.593	1015.574	1015.639	1015.629	1015.679	1015.647	1015.706	1015.737	1015.7	1015.779	1015.783
1013.198	1013.184	1013.2	1013.235	1013.23	1013.292	1013.268	1013.334	1013.417	1013.372	1013.397	1013.454	1013.436	1013.509	1013.547	1013.533	1013.628	1013.557	1013.667	1013.653	1013.665	1013.776	1013.672	1013.819	1013.666	1013.771	1013.819	1013.768	1013.918	1013.936	1013.953	1013.997	1014.026	1014.029	1014.082	1014.067	1014.063	1014.101	1014.126	1014.148	1014.132	1014.155	1014.169	1014.203	1014.203	1014.227	1014.238	1014.268	1014.264	1014.285	1014.298	1014.321	1014.315	1014.391	1014.368	1014.383	1014.431	1014.426	1014.447	1014.459	1014.451	1014.486	1014.535	1014.602	1014.503	1014.55	1014.572	1014.626	1014.647	1014.621	1014.643	1014.654	1014.696	1014.712	1014.706	1014.714	1014.771	1014.788	1014.811	1014.777	1014.767	1014.883	1014.815	1014.885	1014.872	1014.879	1014.921	1014.958	1014.944	1014.993	1015.003	1015.002	1015.028	1015.068	1015.041	1015.112	1015.122	1015.106	1015.153	1015.191	1015.182	1015.196	1015.235	1015.28	1015.304	1015.305	1015.311	1015.345	1015.252	1015.286	1015.38	1015.384	1015.413	1015.455	1015.439	1015.508	1015.559	1015.506	1015.584	1015.602	1015.516	1015.567	1015.649	1015.655	1015.662	1015.736	1015.71	1015.734	1015.748	1015.751	1015.852	1015.833	1015.872	1015.905	1015.903	1015.915	1015.933
1013.253	1013.225	1013.233	1013.355	1013.316	1013.414	1013.299	1013.334	1013.431	1013.479	1013.435	1013.529	1013.502	1013.604	1013.667	1013.542	1013.747	1013.605	1013.781	1013.78	1013.773	1013.952	1013.763	1013.78	1013.877	1013.955	1013.969	1014.036	1013.993	1014.029	1014.042	1014.051	1014.08	1014.104	1014.082	1014.09	1014.128	1014.165	1014.181	1014.181	1014.241	1014.239	1014.263	1014.283	1014.273	1014.282	1014.334	1014.305	1014.355	1014.375	1014.378	1014.432	1014.345	1014.44	1014.425	1014.448	1014.498	1014.517	1014.516	1014.503	1014.538	1014.588	1014.597	1014.553	1014.632	1014.642	1014.66	1014.676	1014.669	1014.71	1014.732	1014.726	1014.744	1014.755	1014.773	1014.824	1014.905	1014.826	1014.883	1014.912	1014.916	1014.931	1014.959	1014.993	1015.018	1015.003	1015.002	1015.073	1015.061	1015.1	1015.1	1015.12	1015.159	1015.192	1015.161	1015.272	1015.251	1015.219	1015.225	1015.272	1015.31	1015.308	1015.387	1015.384	1015.367	1015.464	1015.374	1015.455	1015.53	1015.518	1015.529	1015.568	1015.468	1015.594	1015.594	1015.599	1015.626	1015.67	1015.627	1015.732	1015.764	1015.786	1015.798	1015.802	1015.862	1015.84	1015.873	1015.897	1015.913	1015.891	1015.958	1015.974	1015.99	1016.025	1016.039	1016.035	1016.051
1013.38	1013.415	1013.398	1013.433	1013.357	1013.44	1013.526	1013.53	1013.523	1013.589	1013.581	1013.693	1013.552	1013.606	1013.694	1013.648	1013.894	1013.688	1013.798	1013.821	1013.807	1013.85	1013.975	1014.009	1014.043	1014.019	1013.967	1014.048	1014.021	1014.106	1014.109	1014.091	1014.102	1014.158	1014.174	1014.237	1014.201	1014.212	1014.241	1014.256	1014.26	1014.251	1014.271	1014.303	1014.325	1014.355	1014.448	1014.366	1014.463	1014.451	1014.415	1014.487	1014.494	1014.529	1014.538	1014.552	1014.563	1014.545	1014.646	1014.647	1014.597	1014.631	1014.668	1014.646	1014.797	1014.646	1014.719	1014.782	1014.804	1014.818	1014.761	1014.87	1014.872	1014.897	1014.92	1014.898	1014.893	1014.957	1014.978	1015	1015.014	1015.003	1015.146	1015.03	1015.084	1015.119	1015.127	1015.144	1015.158	1015.19	1015.209	1015.22	1015.23	1015.262	1015.346	1015.274	1015.299	1015.37	1015.412	1015.372	1015.483	1015.378	1015.434	1015.473	1015.483	1015.534	1015.568	1015.537	1015.577	1015.575	1015.609	1015.742	1015.698	1015.71	1015.742	1015.721	1015.729	1015.868	1015.87	1015.84	1015.867	1015.875	1015.884	1015.939	1015.959	1015.977	1016.021	1015.982	1015.988	1016.083	1016.049	1016.081	1016.096	1016.097	1016.093	1016.097	1016.125
1013.367	1013.352	1013.357	1013.46	1013.676	1013.473	1013.539	1013.55	1013.566	1013.658	1013.488	1013.689	1013.748	1013.803	1013.827	1013.77	1013.772	1013.894	1013.876	1013.967	1014.028	1014	1014.044	1013.916	1013.971	1014.08	1014.144	1014.126	1014.123	1014.13	1014.138	1014.183	1014.22	1014.208	1014.18	1014.207	1014.236	1014.281	1014.317	1014.323	1014.297	1014.406	1014.392	1014.424	1014.442	1014.386	1014.438	1014.424	1014.468	1014.507	1014.529	1014.547	1014.544	1014.556	1014.551	1014.594	1014.658	1014.674	1014.592	1014.693	1014.698	1014.729	1014.759	1014.749	1014.781	1014.77	1014.876	1014.848	1014.813	1014.9	1014.871	1014.938	1014.902	1014.921	1014.98	1015.011	1015.004	1015.124	1015.005	1015.04	1015.139	1015.123	1015.142	1015.156	1015.212	1015.221	1015.226	1015.272	1015.287	1015.309	1015.325	1015.369	1015.386	1015.355	1015.406	1015.475	1015.481	1015.472	1015.465	1015.474	1015.584	1015.592	1015.591	1015.636	1015.635	1015.569	1015.753	1015.722	1015.73	1015.824	1015.836	1015.716	1015.852	1015.797	1015.873	1015.945	1015.928	1015.85	1015.951	1016.008	1016.016	1016.046	1016.074	1016.072	1016.068	1016.066	1016.117	1016.125	1016.126	1016.151	1016.079	1016.151	1016.154	1016.167	1016.2	1016.227	1016.197
1013.451	1013.532	1013.606	1013.497	1013.581	1013.575	1013.669	1013.661	1013.67	1013.823	1013.781	1013.803	1013.788	1013.772	1013.842	1013.995	1013.83	1014.046	1013.976	1013.974	1014.019	1014.012	1014.077	1014.132	1014.13	1014.126	1014.091	1014.078	1014.2	1014.191	1014.203	1014.214	1014.224	1014.243	1014.345	1014.303	1014.363	1014.351	1014.328	1014.385	1014.371	1014.418	1014.383	1014.408	1014.458	1014.484	1014.531	1014.586	1014.524	1014.555	1014.603	1014.589	1014.623	1014.677	1014.72	1014.671	1014.667	1014.766	1014.712	1014.789	1014.791	1014.805	1014.82	1014.826	1014.87	1014.899	1014.912	1014.909	1014.938	1015.022	1014.978	1015.012	1015.085	1015.082	1015.078	1015.13	1015.082	1015.114	1015.161	1015.212	1015.23	1015.194	1015.239	1015.298	1015.292	1015.295	1015.331	1015.39	1015.341	1015.432	1015.409	1015.421	1015.469	1015.519	1015.479	1015.529	1015.56	1015.568	1015.641	1015.751	1015.546	1015.735	1015.681	1015.706	1015.768	1015.792	1015.744	1015.827	1015.793	1015.854	1015.903	1015.866	1016.024	1015.988	1015.982	1016.003	1016.027	1016.067	1016.061	1016.082	1016.075	1016.091	1016.089	1016.067	1016.183	1016.139	1016.145	1016.172	1016.189	1016.189	1016.234	1016.261	1016.234	1016.248	1016.26	1016.237	1016.304
1013.464	1013.524	1013.606	1013.555	1013.731	1013.668	1013.706	1013.738	1013.713	1013.69	1013.838	1013.797	1013.923	1013.933	1013.955	1014.025	1013.926	1014.027	1014.061	1014.075	1014.11	1014.119	1014.106	1014.09	1014.124	1014.172	1014.185	1014.239	1014.204	1014.227	1014.261	1014.287	1014.302	1014.308	1014.375	1014.291	1014.371	1014.397	1014.399	1014.477	1014.415	1014.467	1014.556	1014.555	1014.544	1014.59	1014.513	1014.585	1014.595	1014.638	1014.666	1014.654	1014.78	1014.65	1014.752	1014.751	1014.749	1014.798	1014.812	1014.845	1014.839	1014.875	1014.913	1014.928	1014.961	1014.961	1014.965	1015.018	1015.043	1014.973	1015.096	1015.058	1015.124	1015.147	1015.155	1015.199	1015.238	1015.224	1015.272	1015.276	1015.278	1015.361	1015.395	1015.317	1015.373	1015.435	1015.473	1015.477	1015.465	1015.535	1015.58	1015.583	1015.569	1015.567	1015.697	1015.603	1015.709	1015.69	1015.704	1015.803	1015.723	1015.864	1015.87	1015.856	1015.881	1015.944	1015.888	1016.021	1016.008	1015.991	1016.011	1016.049	1016.027	1016.035	1016.116	1016.102	1016.081	1016.144	1016.087	1016.167	1016.154	1016.193	1016.215	1016.203	1016.224	1016.225	1016.259	1016.276	1016.276	1016.288	1016.305	1016.272	1016.305	1016.345	1016.353	1016.356	1016.38
1013.696	1013.707	1013.697	1013.684	1013.801	1013.743	1013.744	1013.856	1013.867	1013.87	1014.014	1013.89	1013.945	1013.983	1013.982	1014.011	1014.07	1014.071	1014.096	1014.087	1014.105	1014.143	1014.201	1014.168	1014.23	1014.248	1014.213	1014.26	1014.21	1014.354	1014.315	1014.334	1014.366	1014.348	1014.408	1014.401	1014.415	1014.447	1014.438	1014.46	1014.513	1014.507	1014.565	1014.551	1014.545	1014.65	1014.622	1014.691	1014.638	1014.696	1014.73	1014.701	1014.842	1014.784	1014.839	1014.845	1014.844	1014.882	1014.863	1014.922	1014.963	1014.985	1014.981	1014.988	1014.998	1015.104	1015.076	1015.075	1015.08	1015.103	1015.268	1015.185	1015.196	1015.237	1015.262	1015.27	1015.333	1015.32	1015.36	1015.423	1015.46	1015.434	1015.412	1015.465	1015.505	1015.547	1015.54	1015.569	1015.631	1015.599	1015.623	1015.727	1015.752	1015.667	1015.834	1015.718	1015.821	1015.825	1015.816	1015.866	1015.951	1015.851	1015.938	1016.008	1016.026	1016.02	1016.042	1016.038	1016.087	1016.078	1016.075	1016.081	1016.133	1016.109	1016.167	1016.176	1016.174	1016.216	1016.163	1016.255	1016.217	1016.242	1016.262	1016.265	1016.28	1016.3	1016.324	1016.326	1016.326	1016.367	1016.368	1016.384	1016.4	1016.421	1016.42	1016.463	1016.458
1013.663	1013.716	1013.71	1013.757	1013.724	1013.83	1013.873	1013.966	1013.919	1013.929	1013.998	1014.037	1014.039	1014.065	1014.072	1014.067	1014.101	1014.107	1014.127	1014.129	1014.163	1014.175	1014.245	1014.19	1014.265	1014.27	1014.24	1014.339	1014.266	1014.396	1014.359	1014.376	1014.418	1014.396	1014.447	1014.471	1014.468	1014.545	1014.549	1014.513	1014.612	1014.568	1014.629	1014.621	1014.631	1014.696	1014.649	1014.77	1014.716	1014.763	1014.799	1014.775	1014.826	1014.847	1014.873	1014.882	1014.914	1014.968	1014.954	1014.991	1015.022	1015.023	1015.021	1015.103	1015.076	1015.157	1015.165	1015.164	1015.232	1015.276	1015.231	1015.292	1015.306	1015.303	1015.318	1015.37	1015.393	1015.428	1015.422	1015.484	1015.512	1015.492	1015.543	1015.587	1015.608	1015.675	1015.683	1015.679	1015.676	1015.755	1015.721	1015.821	1015.87	1015.824	1015.915	1015.915	1015.952	1016.002	1016.003	1015.983	1016.037	1016.013	1016.017	1016.061	1016.079	1016.08	1016.14	1016.113	1016.144	1016.167	1016.165	1016.154	1016.23	1016.198	1016.206	1016.219	1016.238	1016.262	1016.265	1016.283	1016.28	1016.338	1016.362	1016.346	1016.393	1016.383	1016.403	1016.405	1016.416	1016.446	1016.438	1016.468	1016.48	1016.534	1016.546	1016.529	1016.525
1013.756	1013.808	1013.793	1013.86	1013.79	1013.888	1013.931	1014.002	1013.955	1014.01	1013.97	1014.078	1014.069	1014.095	1014.126	1014.126	1014.111	1014.189	1014.188	1014.199	1014.233	1014.217	1014.297	1014.232	1014.296	1014.301	1014.3	1014.396	1014.321	1014.396	1014.383	1014.392	1014.435	1014.453	1014.487	1014.517	1014.518	1014.597	1014.605	1014.567	1014.663	1014.613	1014.682	1014.656	1014.666	1014.762	1014.71	1014.816	1014.83	1014.88	1014.874	1014.869	1014.895	1014.902	1014.931	1014.998	1015.031	1015.024	1015.044	1015.06	1015.111	1015.111	1015.087	1015.16	1015.181	1015.194	1015.227	1015.209	1015.272	1015.365	1015.282	1015.398	1015.383	1015.38	1015.437	1015.511	1015.449	1015.555	1015.538	1015.574	1015.603	1015.604	1015.696	1015.666	1015.75	1015.818	1015.799	1015.802	1015.748	1015.873	1015.852	1015.864	1015.913	1015.961	1015.938	1016.026	1016.02	1016.046	1016.074	1016.066	1016.066	1016.126	1016.115	1016.129	1016.146	1016.144	1016.159	1016.193	1016.191	1016.213	1016.259	1016.258	1016.256	1016.28	1016.291	1016.305	1016.325	1016.328	1016.374	1016.354	1016.366	1016.426	1016.431	1016.415	1016.471	1016.444	1016.472	1016.482	1016.494	1016.523	1016.524	1016.552	1016.539	1016.592	1016.615	1016.585	1016.618
1013.836	1013.895	1013.865	1013.917	1013.959	1013.917	1013.985	1014.039	1014.005	1014.066	1014.054	1014.08	1014.075	1014.1	1014.128	1014.165	1014.141	1014.254	1014.214	1014.224	1014.254	1014.242	1014.357	1014.3	1014.351	1014.374	1014.373	1014.415	1014.404	1014.442	1014.463	1014.466	1014.494	1014.542	1014.519	1014.573	1014.592	1014.603	1014.604	1014.626	1014.694	1014.664	1014.736	1014.699	1014.683	1014.832	1014.823	1014.83	1014.88	1014.921	1014.905	1014.927	1014.992	1014.969	1014.994	1015.067	1015.116	1015.057	1015.132	1015.121	1015.195	1015.236	1015.21	1015.203	1015.304	1015.281	1015.343	1015.313	1015.308	1015.414	1015.448	1015.463	1015.422	1015.506	1015.57	1015.605	1015.543	1015.65	1015.628	1015.665	1015.697	1015.689	1015.799	1015.717	1015.873	1015.847	1015.813	1015.945	1015.947	1015.944	1016.012	1016.017	1016.014	1016.058	1016.015	1016.072	1016.069	1016.088	1016.114	1016.148	1016.131	1016.183	1016.195	1016.209	1016.227	1016.231	1016.194	1016.26	1016.248	1016.261	1016.309	1016.343	1016.304	1016.367	1016.35	1016.362	1016.412	1016.41	1016.44	1016.45	1016.448	1016.462	1016.466	1016.492	1016.519	1016.516	1016.55	1016.557	1016.576	1016.616	1016.596	1016.648	1016.627	1016.641	1016.661	1016.675	1016.726
1013.764	1013.864	1013.919	1013.879	1013.991	1013.988	1014.075	1014.094	1014.022	1014.017	1014.145	1014.096	1014.162	1014.179	1014.18	1014.233	1014.166	1014.241	1014.243	1014.276	1014.308	1014.275	1014.349	1014.327	1014.358	1014.392	1014.415	1014.417	1014.514	1014.466	1014.483	1014.514	1014.541	1014.607	1014.551	1014.606	1014.62	1014.625	1014.646	1014.718	1014.737	1014.744	1014.824	1014.853	1014.853	1014.863	1014.867	1014.855	1014.889	1014.954	1015.003	1014.996	1014.992	1015.063	1015.054	1015.075	1015.111	1015.125	1015.209	1015.183	1015.194	1015.258	1015.301	1015.298	1015.415	1015.337	1015.403	1015.44	1015.462	1015.488	1015.5	1015.455	1015.541	1015.633	1015.659	1015.622	1015.688	1015.729	1015.696	1015.761	1015.809	1015.762	1015.943	1015.847	1015.92	1015.887	1015.878	1016.02	1016.049	1016.019	1016.094	1016.09	1016.079	1016.122	1016.131	1016.12	1016.147	1016.158	1016.152	1016.194	1016.243	1016.198	1016.257	1016.262	1016.266	1016.317	1016.333	1016.328	1016.357	1016.361	1016.361	1016.39	1016.416	1016.444	1016.381	1016.416	1016.484	1016.508	1016.469	1016.517	1016.538	1016.554	1016.563	1016.616	1016.602	1016.635	1016.637	1016.647	1016.673	1016.72	1016.652	1016.72	1016.729	1016.731	1016.742	1016.782	1016.803
1013.89	1013.917	1014.001	1014.004	1014.023	1013.991	1013.987	1014.066	1014.119	1014.114	1014.222	1014.098	1014.191	1014.184	1014.166	1014.259	1014.222	1014.291	1014.293	1014.297	1014.329	1014.364	1014.356	1014.413	1014.389	1014.425	1014.479	1014.472	1014.51	1014.442	1014.538	1014.582	1014.584	1014.602	1014.629	1014.677	1014.672	1014.71	1014.745	1014.726	1014.735	1014.819	1014.775	1014.837	1014.903	1014.851	1014.943	1015.022	1014.964	1014.983	1015.039	1015.098	1015.057	1015.15	1015.17	1015.189	1015.226	1015.246	1015.145	1015.315	1015.318	1015.338	1015.368	1015.356	1015.386	1015.447	1015.468	1015.5	1015.533	1015.548	1015.613	1015.681	1015.684	1015.672	1015.68	1015.748	1015.782	1015.8	1015.828	1015.88	1015.919	1015.902	1016.01	1015.982	1015.972	1016.031	1016.072	1016.038	1016.036	1016.111	1016.097	1016.105	1016.13	1016.131	1016.191	1016.186	1016.21	1016.242	1016.235	1016.202	1016.312	1016.265	1016.317	1016.324	1016.319	1016.334	1016.377	1016.351	1016.413	1016.433	1016.439	1016.455	1016.453	1016.476	1016.531	1016.549	1016.541	1016.545	1016.601	1016.598	1016.605	1016.623	1016.625	1016.63	1016.64	1016.697	1016.7	1016.73	1016.745	1016.746	1016.798	1016.798	1016.79	1016.826	1016.854	1016.834	1016.902
1013.896	1013.892	1013.928	1013.981	1013.963	1014.138	1014.056	1014.085	1014.123	1014.054	1014.151	1014.137	1014.218	1014.227	1014.228	1014.289	1014.233	1014.305	1014.334	1014.328	1014.346	1014.404	1014.335	1014.476	1014.453	1014.461	1014.481	1014.469	1014.572	1014.596	1014.593	1014.58	1014.599	1014.663	1014.659	1014.695	1014.703	1014.72	1014.756	1014.796	1014.807	1014.922	1014.882	1014.901	1014.958	1014.985	1015.007	1014.926	1015.026	1015.068	1015.06	1015.094	1015.201	1015.117	1015.179	1015.188	1015.216	1015.325	1015.279	1015.373	1015.348	1015.36	1015.424	1015.484	1015.445	1015.566	1015.544	1015.551	1015.596	1015.632	1015.645	1015.636	1015.685	1015.758	1015.833	1015.877	1015.737	1015.887	1015.942	1015.94	1015.985	1016.033	1015.903	1016.087	1016.077	1016.054	1016.071	1016.116	1016.15	1016.196	1016.121	1016.178	1016.256	1016.21	1016.213	1016.269	1016.24	1016.275	1016.328	1016.326	1016.347	1016.35	1016.332	1016.379	1016.44	1016.446	1016.441	1016.502	1016.482	1016.468	1016.492	1016.552	1016.583	1016.548	1016.569	1016.576	1016.586	1016.628	1016.669	1016.65	1016.676	1016.71	1016.744	1016.777	1016.821	1016.799	1016.786	1016.811	1016.82	1016.792	1016.89	1016.884	1016.889	1016.921	1016.939	1016.922	1016.977
1014.008	1014.018	1014.046	1014.121	1013.927	1014.088	1014.069	1014.116	1014.152	1014.129	1014.264	1014.202	1014.189	1014.216	1014.252	1014.269	1014.31	1014.29	1014.342	1014.376	1014.404	1014.437	1014.397	1014.448	1014.448	1014.499	1014.556	1014.55	1014.562	1014.54	1014.584	1014.641	1014.685	1014.708	1014.677	1014.719	1014.797	1014.797	1014.807	1014.891	1014.831	1014.804	1014.905	1014.947	1014.945	1014.965	1015.078	1015.039	1015.104	1015.147	1015.141	1015.15	1015.239	1015.191	1015.309	1015.322	1015.301	1015.352	1015.398	1015.37	1015.449	1015.475	1015.491	1015.531	1015.548	1015.537	1015.577	1015.662	1015.711	1015.695	1015.788	1015.78	1015.875	1015.881	1015.832	1015.847	1016.007	1015.987	1016.013	1015.994	1016.019	1016.104	1016.042	1016.098	1016.118	1016.123	1016.156	1016.207	1016.126	1016.185	1016.227	1016.217	1016.212	1016.251	1016.292	1016.315	1016.345	1016.34	1016.341	1016.383	1016.338	1016.459	1016.451	1016.431	1016.439	1016.46	1016.457	1016.511	1016.523	1016.564	1016.585	1016.541	1016.596	1016.648	1016.643	1016.676	1016.716	1016.72	1016.668	1016.745	1016.774	1016.777	1016.77	1016.788	1016.769	1016.835	1016.854	1016.881	1016.908	1016.947	1016.921	1016.922	1016.995	1016.995	1017.007	1017.094	1017.009
1014.001	1013.933	1013.926	1014.081	1014.049	1014.124	1014.093	1014.126	1014.168	1014.179	1014.177	1014.198	1014.226	1014.274	1014.292	1014.268	1014.377	1014.342	1014.368	1014.385	1014.379	1014.396	1014.483	1014.495	1014.51	1014.5	1014.516	1014.555	1014.613	1014.618	1014.665	1014.688	1014.658	1014.655	1014.792	1014.742	1014.794	1014.828	1014.851	1014.857	1014.939	1014.958	1014.934	1014.975	1015.028	1015.083	1015.044	1015.169	1015.11	1015.13	1015.178	1015.215	1015.242	1015.271	1015.233	1015.293	1015.366	1015.376	1015.439	1015.445	1015.51	1015.521	1015.524	1015.567	1015.626	1015.667	1015.68	1015.724	1015.723	1015.724	1015.85	1015.812	1015.853	1015.938	1015.965	1015.982	1016.049	1015.946	1016.077	1016.09	1016.062	1016.053	1016.156	1016.108	1016.149	1016.184	1016.208	1016.206	1016.261	1016.247	1016.286	1016.286	1016.298	1016.365	1016.361	1016.282	1016.384	1016.396	1016.388	1016.478	1016.429	1016.455	1016.48	1016.491	1016.535	1016.566	1016.581	1016.587	1016.584	1016.606	1016.629	1016.653	1016.698	1016.688	1016.729	1016.735	1016.725	1016.737	1016.8	1016.816	1016.817	1016.847	1016.88	1016.922	1016.921	1016.954	1016.953	1016.952	1016.946	1016.972	1017.036	1017.031	1017.085	1017.065	1017.072	1017.145	1017.121
1014.029	1014.021	1014.024	1014.085	1014.049	1014.113	1014.121	1014.122	1014.146	1014.19	1014.19	1014.251	1014.207	1014.258	1014.312	1014.334	1014.341	1014.347	1014.383	1014.438	1014.45	1014.452	1014.469	1014.463	1014.548	1014.549	1014.571	1014.62	1014.609	1014.641	1014.653	1014.717	1014.726	1014.736	1014.78	1014.786	1014.8	1014.853	1014.909	1014.906	1014.932	1014.956	1014.974	1014.994	1015.033	1015.117	1015.012	1015.169	1015.212	1015.225	1015.251	1015.254	1015.244	1015.414	1015.344	1015.392	1015.472	1015.417	1015.52	1015.509	1015.503	1015.539	1015.626	1015.7	1015.628	1015.705	1015.719	1015.777	1015.801	1015.86	1015.842	1015.93	1015.914	1015.996	1016.016	1016.002	1016.067	1016.106	1016.116	1016.12	1016.107	1016.127	1016.18	1016.177	1016.191	1016.229	1016.237	1016.229	1016.337	1016.271	1016.299	1016.361	1016.399	1016.351	1016.409	1016.396	1016.401	1016.425	1016.428	1016.474	1016.492	1016.546	1016.546	1016.555	1016.595	1016.569	1016.595	1016.629	1016.692	1016.693	1016.682	1016.714	1016.759	1016.724	1016.781	1016.816	1016.813	1016.847	1016.853	1016.864	1016.926	1016.943	1016.916	1016.909	1016.978	1016.961	1016.987	1017.08	1017.104	1017.056	1017.114	1017.095	1017.102	1017.126	1017.166	1017.154	1017.252
1014.038	1014.013	1014.017	1014.085	1014.093	1014.105	1014.139	1014.146	1014.168	1014.216	1014.19	1014.246	1014.23	1014.266	1014.317	1014.343	1014.335	1014.394	1014.363	1014.416	1014.44	1014.449	1014.511	1014.522	1014.572	1014.548	1014.569	1014.633	1014.587	1014.684	1014.68	1014.735	1014.757	1014.772	1014.748	1014.88	1014.87	1014.837	1014.878	1014.944	1015.003	1014.965	1015.103	1015.107	1015.045	1015.119	1015.135	1015.163	1015.207	1015.199	1015.218	1015.319	1015.304	1015.405	1015.421	1015.463	1015.49	1015.452	1015.572	1015.527	1015.574	1015.58	1015.651	1015.719	1015.697	1015.775	1015.811	1015.861	1015.855	1015.917	1015.847	1016.017	1016.003	1016.008	1016.023	1016.05	1016.069	1016.133	1016.126	1016.13	1016.188	1016.217	1016.166	1016.255	1016.245	1016.269	1016.282	1016.285	1016.306	1016.336	1016.347	1016.407	1016.426	1016.404	1016.45	1016.465	1016.461	1016.531	1016.549	1016.522	1016.535	1016.592	1016.581	1016.594	1016.652	1016.641	1016.708	1016.653	1016.713	1016.768	1016.763	1016.771	1016.796	1016.811	1016.812	1016.847	1016.875	1016.912	1016.894	1016.965	1016.989	1016.999	1016.977	1017.013	1017.072	1017.071	1017.06	1017.14	1017.15	1017.144	1017.162	1017.238	1017.212	1017.22	1017.253	1017.232	1017.334
