1008.001	1008.032	1008.023	1008.011	1008.041	1008.01	1007.981	1008.037	1008.043	1008.031	1008.036	1008.019	1008.044	1008.036	1008.033	1008.046	1008.047	1008.032	1008.034	1008.068	1008.042	1008.067	1008.079	1008.066	1008.031	1008.048	1008.102	1008.042	1008.088	1008.051	1008.087	1008.059	1008.041	1008.091	1008.1	1008.076	1008.102	1008.08	1008.112	1008.093	1008.075	1008.067	1008.109	1008.132	1008.116	1008.118	1008.104	1008.109	1008.117	1008.125	1008.138	1008.134	1008.12	1008.122	1008.127	1008.134	1008.136	1008.128	1008.134	1008.143	1008.161	1008.175	1008.177	1008.16	1008.169	1008.151	1008.18	1008.173	1008.164	1008.144	1008.16	1008.18	1008.173	1008.197	1008.188	1008.191	1008.201	1008.187	1008.187	1008.208	1008.203	1008.213	1008.211	1008.198	1008.226	1008.228	1008.236	1008.259	1008.239	1008.209	1008.248	1008.23	1008.246	1008.236	1008.254	1008.25	1008.253	1008.262	1008.249	1008.279	1008.285	1008.255	1008.29	1008.284	1008.308	1008.31	1008.287	1008.322	1008.289	1008.32	1008.311	1008.313	1008.319	1008.305	1008.322	1008.351	1008.342	1008.343	1008.365	1008.335	1008.36	1008.346	1008.344	1008.351	1008.354	1008.373	1008.392	1008.361	1008.416	1008.37	1008.415	1008.452	1008.438	1008.433	1008.42	1008.416	1008.42
1008.032	1008.054	1008.045	1008.024	1008.049	1008.017	1008.003	1008.049	1008.062	1008.044	1008.05	1008.061	1008.064	1008.079	1008.075	1008.053	1008.054	1008.07	1008.075	1008.066	1008.058	1008.114	1008.061	1008.047	1008.088	1008.108	1008.116	1008.066	1008.108	1008.071	1008.123	1008.094	1008.07	1008.099	1008.107	1008.112	1008.101	1008.132	1008.107	1008.115	1008.122	1008.109	1008.136	1008.159	1008.153	1008.14	1008.133	1008.161	1008.153	1008.168	1008.184	1008.169	1008.154	1008.162	1008.189	1008.128	1008.199	1008.161	1008.184	1008.192	1008.176	1008.19	1008.216	1008.166	1008.215	1008.195	1008.213	1008.221	1008.209	1008.203	1008.222	1008.218	1008.24	1008.216	1008.23	1008.233	1008.233	1008.217	1008.216	1008.24	1008.242	1008.249	1008.24	1008.26	1008.273	1008.266	1008.276	1008.268	1008.245	1008.26	1008.286	1008.266	1008.304	1008.28	1008.298	1008.296	1008.282	1008.291	1008.294	1008.321	1008.31	1008.329	1008.347	1008.326	1008.353	1008.366	1008.339	1008.362	1008.326	1008.383	1008.347	1008.36	1008.355	1008.339	1008.344	1008.372	1008.399	1008.375	1008.414	1008.401	1008.409	1008.422	1008.417	1008.427	1008.433	1008.409	1008.445	1008.44	1008.44	1008.423	1008.414	1008.456	1008.461	1008.449	1008.488	1008.462	1008.461
1008.082	1008.054	1008.028	1008.061	1008.105	1008.088	1008.072	1008.068	1008.088	1008.099	1008.083	1008.072	1008.066	1008.114	1008.1	1008.074	1008.067	1008.102	1008.092	1008.112	1008.107	1008.116	1008.036	1008.075	1008.12	1008.129	1008.109	1008.116	1008.138	1008.138	1008.145	1008.085	1008.126	1008.162	1008.139	1008.144	1008.101	1008.169	1008.152	1008.175	1008.147	1008.165	1008.197	1008.195	1008.148	1008.156	1008.186	1008.179	1008.168	1008.212	1008.189	1008.172	1008.18	1008.201	1008.247	1008.19	1008.225	1008.21	1008.241	1008.227	1008.21	1008.2	1008.217	1008.218	1008.245	1008.242	1008.232	1008.259	1008.252	1008.242	1008.252	1008.259	1008.298	1008.238	1008.292	1008.27	1008.267	1008.28	1008.278	1008.28	1008.293	1008.3	1008.296	1008.308	1008.293	1008.306	1008.301	1008.291	1008.286	1008.329	1008.314	1008.316	1008.345	1008.334	1008.356	1008.354	1008.338	1008.332	1008.371	1008.369	1008.357	1008.377	1008.367	1008.361	1008.365	1008.38	1008.386	1008.394	1008.389	1008.417	1008.39	1008.44	1008.403	1008.427	1008.433	1008.399	1008.447	1008.431	1008.431	1008.474	1008.453	1008.473	1008.474	1008.484	1008.513	1008.487	1008.494	1008.503	1008.456	1008.531	1008.482	1008.501	1008.506	1008.488	1008.534	1008.529	1008.542
1008.056	1008.093	1008.101	1008.123	1008.082	1008.053	1008.062	1008.09	1008.106	1008.07	1008.08	1008.101	1008.126	1008.106	1008.103	1008.113	1008.116	1008.115	1008.098	1008.158	1008.107	1008.125	1008.158	1008.151	1008.14	1008.152	1008.187	1008.141	1008.107	1008.112	1008.162	1008.156	1008.207	1008.2	1008.14	1008.167	1008.187	1008.217	1008.16	1008.182	1008.174	1008.212	1008.209	1008.179	1008.188	1008.237	1008.206	1008.223	1008.229	1008.233	1008.204	1008.215	1008.245	1008.212	1008.217	1008.256	1008.245	1008.26	1008.26	1008.245	1008.263	1008.276	1008.239	1008.316	1008.218	1008.291	1008.3	1008.298	1008.289	1008.296	1008.319	1008.314	1008.299	1008.288	1008.321	1008.291	1008.318	1008.321	1008.322	1008.337	1008.341	1008.329	1008.33	1008.335	1008.365	1008.367	1008.345	1008.354	1008.369	1008.35	1008.367	1008.421	1008.358	1008.398	1008.383	1008.395	1008.41	1008.401	1008.41	1008.402	1008.445	1008.42	1008.415	1008.448	1008.423	1008.429	1008.448	1008.427	1008.467	1008.462	1008.445	1008.53	1008.483	1008.51	1008.521	1008.488	1008.494	1008.516	1008.509	1008.509	1008.499	1008.509	1008.525	1008.52	1008.529	1008.571	1008.517	1008.598	1008.546	1008.584	1008.571	1008.585	1008.592	1008.59	1008.586	1008.578	1008.609
1008.133	1008.112	1008.045	1008.063	1008.135	1008.161	1008.151	1008.138	1008.127	1008.117	1008.19	1008.1	1008.133	1008.119	1008.136	1008.131	1008.119	1008.173	1008.174	1008.132	1008.165	1008.167	1008.135	1008.135	1008.175	1008.192	1008.139	1008.114	1008.282	1008.206	1008.219	1008.183	1008.159	1008.176	1008.216	1008.23	1008.184	1008.198	1008.208	1008.25	1008.251	1008.24	1008.213	1008.219	1008.273	1008.227	1008.213	1008.29	1008.256	1008.252	1008.274	1008.268	1008.258	1008.304	1008.312	1008.285	1008.274	1008.278	1008.321	1008.306	1008.308	1008.324	1008.29	1008.369	1008.283	1008.382	1008.306	1008.323	1008.331	1008.334	1008.345	1008.329	1008.35	1008.392	1008.344	1008.361	1008.397	1008.379	1008.379	1008.397	1008.368	1008.387	1008.409	1008.395	1008.39	1008.381	1008.394	1008.415	1008.421	1008.418	1008.434	1008.421	1008.373	1008.45	1008.422	1008.438	1008.457	1008.453	1008.466	1008.451	1008.461	1008.482	1008.49	1008.466	1008.478	1008.515	1008.524	1008.504	1008.506	1008.53	1008.519	1008.495	1008.542	1008.528	1008.528	1008.567	1008.547	1008.521	1008.601	1008.54	1008.615	1008.565	1008.599	1008.603	1008.572	1008.623	1008.556	1008.639	1008.633	1008.607	1008.643	1008.642	1008.626	1008.638	1008.666	1008.642	1008.716
1008.107	1008.089	1008.198	1008.165	1008.131	1008.094	1008.084	1008.114	1008.147	1008.128	1008.155	1008.12	1008.179	1008.168	1008.185	1008.186	1008.16	1008.166	1008.156	1008.171	1008.196	1008.199	1008.197	1008.228	1008.217	1008.192	1008.236	1008.235	1008.192	1008.144	1008.196	1008.231	1008.267	1008.276	1008.237	1008.203	1008.252	1008.295	1008.282	1008.228	1008.221	1008.262	1008.303	1008.295	1008.25	1008.272	1008.376	1008.269	1008.299	1008.299	1008.321	1008.314	1008.292	1008.316	1008.299	1008.281	1008.389	1008.304	1008.336	1008.337	1008.336	1008.363	1008.361	1008.352	1008.341	1008.379	1008.343	1008.408	1008.396	1008.378	1008.404	1008.404	1008.418	1008.361	1008.415	1008.412	1008.397	1008.406	1008.424	1008.425	1008.425	1008.458	1008.405	1008.445	1008.459	1008.468	1008.487	1008.464	1008.45	1008.499	1008.457	1008.485	1008.54	1008.49	1008.5	1008.517	1008.503	1008.501	1008.544	1008.545	1008.535	1008.519	1008.559	1008.549	1008.576	1008.561	1008.535	1008.599	1008.569	1008.54	1008.645	1008.572	1008.626	1008.625	1008.605	1008.629	1008.637	1008.623	1008.698	1008.585	1008.687	1008.628	1008.649	1008.677	1008.663	1008.701	1008.712	1008.665	1008.668	1008.733	1008.718	1008.723	1008.734	1008.732	1008.741	1008.722	1008.691
1008.207	1008.125	1008.129	1008.123	1008.164	1008.188	1008.209	1008.212	1008.183	1008.178	1008.175	1008.218	1008.201	1008.173	1008.17	1008.194	1008.212	1008.216	1008.197	1008.271	1008.164	1008.216	1008.22	1008.23	1008.221	1008.217	1008.254	1008.22	1008.224	1008.343	1008.301	1008.248	1008.25	1008.248	1008.246	1008.305	1008.331	1008.236	1008.279	1008.315	1008.352	1008.329	1008.284	1008.289	1008.335	1008.35	1008.321	1008.299	1008.381	1008.334	1008.323	1008.371	1008.394	1008.361	1008.397	1008.372	1008.366	1008.374	1008.393	1008.4	1008.398	1008.404	1008.408	1008.419	1008.429	1008.414	1008.431	1008.41	1008.404	1008.442	1008.466	1008.423	1008.477	1008.43	1008.501	1008.462	1008.488	1008.499	1008.487	1008.483	1008.496	1008.49	1008.499	1008.516	1008.511	1008.493	1008.504	1008.53	1008.544	1008.538	1008.535	1008.547	1008.524	1008.524	1008.57	1008.567	1008.578	1008.607	1008.564	1008.538	1008.636	1008.584	1008.616	1008.598	1008.613	1008.636	1008.639	1008.643	1008.646	1008.654	1008.622	1008.668	1008.619	1008.657	1008.681	1008.667	1008.691	1008.686	1008.698	1008.725	1008.718	1008.759	1008.75	1008.744	1008.749	1008.721	1008.721	1008.805	1008.762	1008.789	1008.749	1008.774	1008.81	1008.796	1008.798	1008.87	1008.808
1008.149	1008.191	1008.185	1008.205	1008.209	1008.156	1008.158	1008.174	1008.162	1008.231	1008.195	1008.211	1008.189	1008.228	1008.248	1008.243	1008.227	1008.243	1008.217	1008.255	1008.235	1008.29	1008.259	1008.261	1008.28	1008.28	1008.25	1008.285	1008.316	1008.27	1008.268	1008.289	1008.321	1008.323	1008.321	1008.32	1008.305	1008.353	1008.371	1008.296	1008.322	1008.373	1008.368	1008.368	1008.378	1008.358	1008.372	1008.422	1008.31	1008.37	1008.404	1008.419	1008.399	1008.399	1008.424	1008.429	1008.4	1008.466	1008.438	1008.445	1008.455	1008.454	1008.458	1008.46	1008.466	1008.46	1008.483	1008.481	1008.503	1008.525	1008.502	1008.499	1008.537	1008.499	1008.527	1008.512	1008.538	1008.514	1008.507	1008.55	1008.546	1008.544	1008.584	1008.552	1008.574	1008.589	1008.572	1008.586	1008.593	1008.559	1008.623	1008.6	1008.614	1008.656	1008.647	1008.631	1008.641	1008.657	1008.648	1008.673	1008.666	1008.656	1008.683	1008.688	1008.674	1008.693	1008.715	1008.705	1008.692	1008.799	1008.669	1008.82	1008.742	1008.753	1008.775	1008.753	1008.792	1008.785	1008.755	1008.844	1008.738	1008.81	1008.802	1008.797	1008.864	1008.868	1008.832	1008.851	1008.837	1008.862	1008.889	1008.859	1008.87	1008.905	1008.928	1008.892	1008.903
1008.185	1008.229	1008.188	1008.208	1008.216	1008.191	1008.245	1008.27	1008.219	1008.238	1008.213	1008.278	1008.255	1008.197	1008.231	1008.279	1008.289	1008.284	1008.295	1008.277	1008.29	1008.288	1008.351	1008.329	1008.283	1008.263	1008.315	1008.334	1008.32	1008.341	1008.36	1008.309	1008.337	1008.339	1008.338	1008.369	1008.394	1008.385	1008.354	1008.374	1008.399	1008.425	1008.402	1008.399	1008.411	1008.456	1008.394	1008.456	1008.39	1008.44	1008.463	1008.456	1008.457	1008.475	1008.436	1008.496	1008.48	1008.507	1008.502	1008.506	1008.5	1008.485	1008.529	1008.508	1008.533	1008.539	1008.539	1008.542	1008.557	1008.551	1008.533	1008.575	1008.541	1008.575	1008.591	1008.589	1008.583	1008.58	1008.599	1008.63	1008.61	1008.648	1008.611	1008.655	1008.64	1008.643	1008.633	1008.644	1008.649	1008.651	1008.687	1008.654	1008.698	1008.691	1008.7	1008.703	1008.712	1008.709	1008.717	1008.739	1008.71	1008.78	1008.751	1008.769	1008.768	1008.73	1008.718	1008.817	1008.765	1008.85	1008.792	1008.854	1008.851	1008.845	1008.859	1008.854	1008.855	1008.862	1008.848	1008.876	1008.856	1008.874	1008.889	1008.891	1008.939	1008.913	1008.964	1008.907	1008.997	1008.948	1008.948	1008.943	1008.961	1008.991	1009.007	1008.964	1009.071
1008.214	1008.243	1008.217	1008.248	1008.249	1008.238	1008.295	1008.271	1008.252	1008.272	1008.277	1008.282	1008.295	1008.262	1008.274	1008.324	1008.301	1008.282	1008.339	1008.289	1008.353	1008.306	1008.359	1008.352	1008.304	1008.337	1008.369	1008.363	1008.355	1008.396	1008.365	1008.341	1008.433	1008.435	1008.396	1008.423	1008.431	1008.408	1008.413	1008.416	1008.445	1008.443	1008.419	1008.46	1008.465	1008.506	1008.438	1008.486	1008.515	1008.527	1008.534	1008.527	1008.497	1008.49	1008.512	1008.546	1008.529	1008.547	1008.547	1008.551	1008.544	1008.55	1008.586	1008.562	1008.603	1008.584	1008.617	1008.609	1008.629	1008.622	1008.603	1008.626	1008.611	1008.68	1008.636	1008.668	1008.657	1008.669	1008.689	1008.683	1008.677	1008.726	1008.646	1008.743	1008.691	1008.704	1008.735	1008.746	1008.735	1008.74	1008.752	1008.745	1008.775	1008.772	1008.783	1008.717	1008.727	1008.805	1008.816	1008.813	1008.817	1008.846	1008.856	1008.847	1008.883	1008.842	1008.814	1008.877	1008.862	1008.878	1008.922	1008.875	1008.902	1008.882	1008.896	1008.947	1008.945	1008.953	1008.995	1008.945	1009.011	1009	1008.998	1008.999	1009.031	1009.015	1009.074	1008.981	1009.086	1009.074	1009.065	1009.103	1009.12	1009.079	1009.1	1009.074	1009.165
1008.25	1008.27	1008.261	1008.29	1008.268	1008.256	1008.305	1008.276	1008.284	1008.283	1008.334	1008.299	1008.317	1008.329	1008.341	1008.354	1008.329	1008.325	1008.384	1008.314	1008.393	1008.357	1008.386	1008.377	1008.39	1008.428	1008.402	1008.423	1008.415	1008.419	1008.381	1008.424	1008.528	1008.485	1008.442	1008.464	1008.455	1008.463	1008.517	1008.458	1008.508	1008.507	1008.468	1008.514	1008.502	1008.506	1008.552	1008.52	1008.566	1008.556	1008.569	1008.577	1008.543	1008.547	1008.613	1008.573	1008.599	1008.619	1008.605	1008.607	1008.634	1008.644	1008.643	1008.631	1008.677	1008.622	1008.686	1008.655	1008.677	1008.697	1008.675	1008.694	1008.707	1008.741	1008.692	1008.742	1008.725	1008.739	1008.756	1008.748	1008.743	1008.761	1008.756	1008.787	1008.753	1008.79	1008.825	1008.827	1008.813	1008.818	1008.828	1008.84	1008.842	1008.854	1008.887	1008.808	1008.826	1008.918	1008.897	1008.893	1008.944	1008.87	1008.944	1008.934	1008.972	1009.016	1008.984	1008.957	1009.023	1008.936	1009.034	1008.966	1009.026	1008.998	1008.994	1009.05	1009.046	1009.047	1009.097	1009.06	1009.118	1009.12	1009.121	1009.062	1009.099	1009.123	1009.117	1009.158	1009.123	1009.174	1009.16	1009.203	1009.247	1009.199	1009.232	1009.219	1009.206
1008.297	1008.305	1008.282	1008.309	1008.285	1008.299	1008.357	1008.349	1008.343	1008.293	1008.35	1008.371	1008.361	1008.352	1008.363	1008.378	1008.375	1008.398	1008.43	1008.393	1008.415	1008.398	1008.424	1008.422	1008.434	1008.468	1008.425	1008.491	1008.434	1008.467	1008.477	1008.51	1008.501	1008.456	1008.459	1008.495	1008.527	1008.504	1008.544	1008.527	1008.623	1008.586	1008.538	1008.568	1008.583	1008.541	1008.638	1008.559	1008.596	1008.624	1008.605	1008.612	1008.638	1008.671	1008.664	1008.635	1008.697	1008.67	1008.645	1008.678	1008.71	1008.725	1008.709	1008.711	1008.744	1008.703	1008.749	1008.704	1008.74	1008.763	1008.76	1008.799	1008.777	1008.775	1008.804	1008.812	1008.791	1008.827	1008.846	1008.861	1008.854	1008.811	1008.911	1008.831	1008.886	1008.906	1008.89	1008.893	1008.896	1008.899	1008.919	1008.908	1008.925	1008.92	1008.964	1008.973	1008.994	1009.016	1008.965	1008.976	1009.016	1008.973	1008.989	1008.983	1009.006	1009.051	1009.104	1009.037	1009.159	1009.028	1009.119	1009.09	1009.135	1009.14	1009.134	1009.128	1009.133	1009.167	1009.138	1009.201	1009.176	1009.238	1009.269	1009.197	1009.208	1009.286	1009.17	1009.394	1009.219	1009.316	1009.271	1009.284	1009.334	1009.303	1009.329	1009.379	1009.313
1008.299	1008.322	1008.32	1008.37	1008.363	1008.342	1008.347	1008.321	1008.328	1008.403	1008.37	1008.377	1008.387	1008.398	1008.441	1008.443	1008.407	1008.402	1008.411	1008.474	1008.47	1008.44	1008.475	1008.471	1008.481	1008.512	1008.52	1008.525	1008.448	1008.573	1008.473	1008.517	1008.56	1008.574	1008.591	1008.519	1008.615	1008.538	1008.57	1008.649	1008.59	1008.575	1008.602	1008.648	1008.709	1008.636	1008.621	1008.656	1008.725	1008.702	1008.643	1008.653	1008.706	1008.735	1008.677	1008.761	1008.717	1008.682	1008.739	1008.765	1008.764	1008.761	1008.791	1008.777	1008.781	1008.813	1008.809	1008.824	1008.852	1008.852	1008.841	1008.876	1008.846	1008.894	1008.891	1008.82	1008.861	1008.911	1008.901	1008.89	1008.947	1008.901	1009.002	1008.91	1008.999	1008.951	1008.975	1008.996	1008.976	1008.976	1009.017	1008.995	1009.051	1009.059	1009.047	1009.064	1009.071	1009.076	1009.153	1009.126	1009.034	1009.226	1009.023	1009.144	1009.168	1009.147	1009.183	1009.156	1009.194	1009.16	1009.242	1009.224	1009.236	1009.273	1009.291	1009.268	1009.244	1009.341	1009.248	1009.358	1009.276	1009.29	1009.353	1009.364	1009.404	1009.519	1009.324	1009.465	1009.352	1009.484	1009.448	1009.476	1009.498	1009.426	1009.374	1009.509	1009.505
1008.332	1008.407	1008.378	1008.358	1008.363	1008.376	1008.441	1008.478	1008.424	1008.456	1008.406	1008.429	1008.449	1008.437	1008.435	1008.422	1008.439	1008.537	1008.523	1008.462	1008.5	1008.521	1008.504	1008.51	1008.537	1008.538	1008.516	1008.562	1008.561	1008.63	1008.554	1008.677	1008.632	1008.563	1008.59	1008.586	1008.654	1008.659	1008.669	1008.654	1008.617	1008.677	1008.717	1008.672	1008.64	1008.718	1008.729	1008.758	1008.695	1008.699	1008.771	1008.811	1008.785	1008.768	1008.805	1008.83	1008.76	1008.867	1008.818	1008.816	1008.857	1008.872	1008.873	1008.877	1008.884	1008.906	1008.888	1008.908	1008.9	1008.914	1008.943	1008.931	1008.949	1008.983	1008.915	1009.033	1009.014	1009.015	1009.015	1009.01	1009.052	1009	1009.04	1009.031	1009.081	1009.041	1009.08	1009.069	1009.044	1009.139	1009.119	1009.153	1009.063	1009.115	1009.162	1009.159	1009.177	1009.179	1009.151	1009.253	1009.094	1009.353	1009.213	1009.299	1009.264	1009.233	1009.283	1009.292	1009.303	1009.364	1009.291	1009.307	1009.385	1009.349	1009.35	1009.41	1009.379	1009.418	1009.428	1009.398	1009.49	1009.495	1009.489	1009.473	1009.448	1009.466	1009.567	1009.513	1009.572	1009.574	1009.523	1009.55	1009.581	1009.631	1009.732	1009.61	1009.705
1008.365	1008.395	1008.372	1008.422	1008.457	1008.418	1008.39	1008.402	1008.405	1008.413	1008.47	1008.503	1008.474	1008.484	1008.523	1008.55	1008.525	1008.478	1008.511	1008.569	1008.558	1008.564	1008.581	1008.59	1008.601	1008.611	1008.617	1008.665	1008.591	1008.611	1008.64	1008.636	1008.61	1008.656	1008.76	1008.765	1008.658	1008.664	1008.697	1008.696	1008.8	1008.722	1008.69	1008.788	1008.82	1008.807	1008.737	1008.778	1008.857	1008.873	1008.811	1008.776	1008.822	1008.89	1008.858	1008.839	1008.871	1008.907	1008.873	1008.929	1008.955	1008.907	1008.916	1008.96	1008.966	1008.957	1008.996	1009.009	1008.998	1009.011	1009.034	1009.027	1009.042	1009.09	1009.028	1009.105	1009.016	1009.049	1009.107	1009.087	1009.091	1009.129	1009.19	1009.144	1009.161	1009.164	1009.192	1009.199	1009.224	1009.276	1009.106	1009.334	1009.286	1009.267	1009.302	1009.248	1009.307	1009.358	1009.229	1009.46	1009.383	1009.302	1009.387	1009.373	1009.379	1009.445	1009.461	1009.403	1009.463	1009.423	1009.514	1009.484	1009.526	1009.526	1009.534	1009.576	1009.57	1009.533	1009.705	1009.572	1009.575	1009.607	1009.606	1009.689	1009.744	1009.65	1009.785	1009.588	1009.784	1009.703	1009.786	1009.862	1009.796	1009.745	1009.813	1009.706	1009.937
1008.466	1008.44	1008.483	1008.456	1008.433	1008.472	1008.497	1008.492	1008.555	1008.556	1008.517	1008.485	1008.513	1008.558	1008.537	1008.539	1008.574	1008.58	1008.625	1008.601	1008.612	1008.599	1008.638	1008.633	1008.632	1008.656	1008.656	1008.633	1008.695	1008.711	1008.737	1008.689	1008.76	1008.757	1008.677	1008.691	1008.798	1008.788	1008.86	1008.757	1008.796	1008.787	1008.834	1008.893	1008.789	1008.826	1008.893	1008.889	1008.865	1008.878	1008.901	1008.962	1008.994	1008.931	1008.911	1009.015	1009	1008.96	1009.032	1009.038	1009.001	1009.019	1009.096	1009.025	1009.081	1009.067	1009.09	1009.064	1009.109	1009.11	1009.085	1009.159	1009.112	1009.174	1009.183	1009.174	1009.248	1009.264	1009.215	1009.198	1009.27	1009.231	1009.247	1009.242	1009.297	1009.287	1009.304	1009.307	1009.305	1009.34	1009.428	1009.329	1009.368	1009.36	1009.434	1009.408	1009.382	1009.415	1009.462	1009.383	1009.469	1009.51	1009.55	1009.516	1009.54	1009.539	1009.505	1009.569	1009.682	1009.51	1009.691	1009.629	1009.597	1009.664	1009.664	1009.637	1009.732	1009.762	1009.649	1009.867	1009.766	1009.858	1009.809	1009.779	1009.826	1009.807	1009.886	1009.838	1009.94	1009.885	1009.901	1009.909	1009.972	1010.012	1010.003	1010.041	1009.999
1008.48	1008.428	1008.496	1008.514	1008.492	1008.505	1008.52	1008.502	1008.517	1008.505	1008.561	1008.596	1008.568	1008.602	1008.622	1008.629	1008.627	1008.63	1008.664	1008.595	1008.694	1008.674	1008.691	1008.717	1008.72	1008.726	1008.736	1008.729	1008.808	1008.714	1008.805	1008.774	1008.724	1008.735	1008.851	1008.941	1008.868	1008.75	1008.864	1008.904	1008.901	1008.917	1008.941	1008.92	1008.898	1008.999	1008.903	1008.98	1008.976	1008.998	1008.986	1009.004	1009.004	1008.993	1009.084	1009.01	1009.051	1009.112	1009.117	1009.109	1009.104	1009.126	1009.107	1009.111	1009.228	1009.136	1009.257	1009.185	1009.219	1009.226	1009.212	1009.289	1009.228	1009.284	1009.287	1009.291	1009.308	1009.286	1009.271	1009.337	1009.359	1009.333	1009.432	1009.397	1009.396	1009.409	1009.415	1009.45	1009.466	1009.417	1009.583	1009.42	1009.574	1009.529	1009.521	1009.668	1009.644	1009.554	1009.687	1009.569	1009.722	1009.657	1009.627	1009.664	1009.685	1009.694	1009.749	1009.818	1009.751	1009.813	1009.778	1009.856	1009.849	1009.806	1009.823	1009.869	1009.837	1010.003	1009.83	1010.012	1009.855	1009.988	1010.014	1010.009	1010.017	1010.018	1010.024	1010.024	1010.03	1010.035	1010.054	1010.032	1010.046	1010.06	1010.02	1010.084	1010.032
1008.543	1008.543	1008.521	1008.547	1008.591	1008.579	1008.581	1008.586	1008.623	1008.648	1008.619	1008.608	1008.616	1008.631	1008.658	1008.683	1008.679	1008.672	1008.711	1008.72	1008.724	1008.728	1008.743	1008.77	1008.765	1008.763	1008.808	1008.793	1008.835	1008.842	1008.857	1008.916	1008.865	1008.871	1008.979	1008.872	1008.858	1008.986	1008.923	1008.962	1008.953	1008.969	1009.001	1009.003	1009.017	1009.029	1008.973	1009.098	1009.058	1009.104	1009.088	1009.135	1009.181	1009.113	1009.155	1009.12	1009.206	1009.209	1009.186	1009.201	1009.219	1009.209	1009.256	1009.294	1009.316	1009.231	1009.347	1009.32	1009.34	1009.373	1009.376	1009.381	1009.358	1009.439	1009.366	1009.437	1009.422	1009.43	1009.472	1009.512	1009.483	1009.545	1009.514	1009.541	1009.525	1009.653	1009.61	1009.581	1009.6	1009.572	1009.621	1009.649	1009.634	1009.713	1009.647	1009.761	1009.813	1009.789	1009.816	1009.743	1009.877	1009.766	1009.846	1009.829	1009.862	1009.867	1009.905	1009.941	1009.864	1010.019	1009.946	1009.994	1010.019	1010	1010.022	1010.047	1009.99	1010.048	1010.011	1010.054	1010.033	1010.038	1010.053	1010.059	1010.075	1010.066	1010.084	1010.065	1010.105	1010.078	1010.104	1010.089	1010.091	1010.094	1010.097	1010.136	1010.112
1008.62	1008.553	1008.58	1008.578	1008.615	1008.654	1008.655	1008.619	1008.623	1008.681	1008.654	1008.67	1008.712	1008.72	1008.683	1008.709	1008.776	1008.801	1008.749	1008.814	1008.761	1008.839	1008.838	1008.829	1008.823	1008.836	1008.857	1008.885	1008.853	1008.961	1008.876	1008.933	1008.967	1008.974	1009.034	1008.992	1008.984	1009.061	1008.977	1009.065	1009.059	1009.082	1009.117	1009.087	1009.08	1009.117	1009.17	1009.194	1009.138	1009.193	1009.188	1009.241	1009.258	1009.19	1009.258	1009.277	1009.299	1009.299	1009.299	1009.301	1009.318	1009.357	1009.432	1009.372	1009.391	1009.423	1009.387	1009.402	1009.426	1009.46	1009.5	1009.521	1009.494	1009.576	1009.5	1009.578	1009.566	1009.568	1009.615	1009.642	1009.659	1009.709	1009.587	1009.752	1009.655	1009.761	1009.852	1009.821	1009.823	1009.853	1009.759	1009.967	1009.754	1009.893	1009.867	1009.818	1009.873	1009.941	1009.937	1009.956	1010.011	1009.965	1010.019	1010.007	1010.046	1010.046	1010.022	1010.037	1010.035	1010.035	1010.054	1010.038	1010.062	1010.078	1010.101	1010.101	1010.076	1010.104	1010.071	1010.102	1010.094	1010.108	1010.113	1010.121	1010.123	1010.104	1010.159	1010.102	1010.173	1010.142	1010.162	1010.172	1010.173	1010.177	1010.192	1010.173	1010.188
1008.663	1008.562	1008.677	1008.652	1008.668	1008.712	1008.694	1008.657	1008.675	1008.723	1008.723	1008.76	1008.774	1008.787	1008.747	1008.751	1008.82	1008.87	1008.792	1008.89	1008.836	1008.924	1008.903	1008.893	1008.936	1008.953	1008.932	1009.014	1008.921	1009.009	1008.952	1009.005	1009.043	1009.029	1009.088	1009.125	1009.09	1009.057	1009.14	1009.198	1009.152	1009.177	1009.195	1009.161	1009.201	1009.252	1009.263	1009.25	1009.255	1009.263	1009.26	1009.284	1009.299	1009.329	1009.397	1009.38	1009.396	1009.43	1009.426	1009.424	1009.5	1009.544	1009.556	1009.504	1009.52	1009.591	1009.501	1009.601	1009.625	1009.609	1009.656	1009.678	1009.656	1009.686	1009.711	1009.736	1009.762	1009.765	1009.791	1009.821	1009.807	1009.809	1009.818	1009.878	1009.827	1009.819	1009.92	1009.929	1009.927	1010.015	1009.915	1010.033	1010.007	1010.03	1010.016	1010.001	1010.011	1010.032	1010.04	1010.053	1010.057	1010.055	1010.073	1010.07	1010.111	1010.114	1010.088	1010.095	1010.109	1010.07	1010.129	1010.1	1010.109	1010.126	1010.129	1010.127	1010.139	1010.142	1010.14	1010.174	1010.151	1010.177	1010.182	1010.191	1010.194	1010.163	1010.227	1010.169	1010.218	1010.204	1010.218	1010.229	1010.235	1010.239	1010.255	1010.232	1010.262
1008.691	1008.692	1008.75	1008.705	1008.737	1008.754	1008.732	1008.731	1008.82	1008.823	1008.808	1008.812	1008.819	1008.868	1008.848	1008.853	1008.862	1008.889	1008.885	1008.956	1008.938	1008.942	1008.94	1008.961	1009.007	1009.069	1009.025	1009.09	1009.061	1009.056	1009.109	1009.148	1009.153	1009.137	1009.133	1009.124	1009.165	1009.209	1009.335	1009.25	1009.196	1009.261	1009.279	1009.256	1009.357	1009.371	1009.316	1009.37	1009.433	1009.362	1009.456	1009.485	1009.442	1009.532	1009.515	1009.494	1009.581	1009.565	1009.511	1009.558	1009.647	1009.664	1009.597	1009.742	1009.658	1009.678	1009.704	1009.822	1009.773	1009.753	1009.766	1009.757	1009.85	1009.801	1009.913	1009.868	1009.948	1009.949	1009.975	1010.018	1009.993	1009.956	1010.051	1009.914	1010.051	1010.029	1010.03	1010.033	1010.016	1010.052	1010.036	1010.048	1010.083	1010.082	1010.058	1010.08	1010.092	1010.09	1010.108	1010.104	1010.106	1010.114	1010.108	1010.127	1010.116	1010.118	1010.148	1010.134	1010.161	1010.161	1010.18	1010.179	1010.177	1010.175	1010.178	1010.179	1010.192	1010.188	1010.206	1010.244	1010.217	1010.247	1010.234	1010.244	1010.277	1010.251	1010.272	1010.271	1010.273	1010.277	1010.288	1010.286	1010.292	1010.298	1010.306	1010.322	1010.332
1008.711	1008.787	1008.735	1008.722	1008.758	1008.799	1008.828	1008.815	1008.806	1008.799	1008.86	1008.866	1009.007	1008.966	1008.891	1008.927	1008.997	1009.015	1009.034	1008.936	1009.046	1009.037	1009.082	1009.07	1009.058	1009.121	1009.177	1009.085	1009.231	1009.179	1009.169	1009.184	1009.213	1009.243	1009.274	1009.229	1009.381	1009.334	1009.276	1009.305	1009.383	1009.428	1009.451	1009.423	1009.388	1009.436	1009.608	1009.514	1009.458	1009.491	1009.635	1009.636	1009.556	1009.621	1009.576	1009.715	1009.688	1009.615	1009.745	1009.767	1009.77	1009.773	1009.713	1009.882	1009.744	1009.921	1009.964	1009.925	1009.907	1009.948	1009.986	1009.902	1010.032	1009.935	1010.027	1010.012	1010.023	1010.017	1010.012	1010.035	1010.056	1010.034	1010.121	1010.021	1010.14	1010.08	1010.077	1010.098	1010.095	1010.095	1010.13	1010.126	1010.1	1010.139	1010.137	1010.152	1010.156	1010.155	1010.188	1010.154	1010.172	1010.201	1010.155	1010.201	1010.169	1010.172	1010.23	1010.209	1010.23	1010.245	1010.209	1010.26	1010.254	1010.243	1010.258	1010.273	1010.26	1010.303	1010.264	1010.275	1010.293	1010.299	1010.295	1010.3	1010.318	1010.337	1010.321	1010.362	1010.351	1010.358	1010.368	1010.36	1010.368	1010.383	1010.375	1010.394	1010.371
1008.72	1008.787	1008.899	1008.959	1008.838	1008.848	1008.901	1008.918	1008.964	1009.012	1009.041	1008.889	1008.899	1008.977	1009.016	1009.069	1009.075	1008.987	1009.11	1009.051	1009.222	1009.133	1009.116	1009.168	1009.18	1009.176	1009.245	1009.185	1009.268	1009.225	1009.305	1009.408	1009.392	1009.335	1009.354	1009.41	1009.39	1009.352	1009.565	1009.591	1009.448	1009.43	1009.509	1009.595	1009.628	1009.603	1009.586	1009.497	1009.699	1009.788	1009.726	1009.671	1009.728	1009.848	1009.826	1009.846	1009.792	1009.876	1009.975	1009.916	1009.922	1010.005	1010.002	1009.991	1009.996	1010.043	1009.958	1010.043	1010.043	1010.03	1010.044	1010.043	1010.073	1010.045	1010.092	1010.085	1010.081	1010.112	1010.112	1010.098	1010.132	1010.065	1010.127	1010.13	1010.128	1010.118	1010.148	1010.164	1010.162	1010.155	1010.118	1010.215	1010.173	1010.202	1010.191	1010.189	1010.201	1010.206	1010.209	1010.233	1010.213	1010.255	1010.232	1010.264	1010.278	1010.271	1010.263	1010.262	1010.284	1010.263	1010.321	1010.297	1010.298	1010.306	1010.32	1010.33	1010.312	1010.363	1010.336	1010.383	1010.382	1010.332	1010.371	1010.39	1010.369	1010.418	1010.412	1010.399	1010.404	1010.416	1010.441	1010.446	1010.447	1010.451	1010.457	1010.485	1010.464
1008.963	1009.044	1008.773	1008.831	1008.894	1008.983	1008.97	1008.929	1008.994	1008.896	1008.888	1009.154	1009.089	1009.137	1009.088	1009.073	1009.14	1009.172	1009.25	1009.163	1009.137	1009.235	1009.254	1009.299	1009.326	1009.297	1009.292	1009.433	1009.377	1009.424	1009.4	1009.35	1009.424	1009.485	1009.494	1009.536	1009.531	1009.703	1009.55	1009.469	1009.59	1009.811	1009.771	1009.618	1009.692	1009.732	1009.784	1009.942	1009.789	1009.731	1009.813	1009.951	1009.952	1009.818	1009.937	1009.909	1010.025	1010.018	1009.989	1010.026	1010.047	1010.026	1010.022	1010.069	1010.052	1010.078	1010.061	1010.098	1010.076	1010.075	1010.116	1010.112	1010.098	1010.153	1010.095	1010.147	1010.118	1010.133	1010.142	1010.13	1010.164	1010.199	1010.169	1010.198	1010.179	1010.215	1010.214	1010.18	1010.212	1010.3	1010.219	1010.263	1010.232	1010.249	1010.26	1010.276	1010.299	1010.291	1010.265	1010.331	1010.278	1010.3	1010.352	1010.308	1010.315	1010.338	1010.343	1010.375	1010.391	1010.316	1010.414	1010.338	1010.394	1010.405	1010.397	1010.429	1010.442	1010.403	1010.43	1010.409	1010.453	1010.461	1010.474	1010.472	1010.465	1010.485	1010.481	1010.518	1010.54	1010.523	1010.515	1010.521	1010.536	1010.543	1010.546	1010.565	1010.521
1008.67	1009.064	1008.986	1009.094	1009.022	1009.014	1009.049	1009.078	1009.109	1009.203	1009.139	1009.109	1009.074	1009.16	1009.18	1009.211	1009.268	1009.235	1009.156	1009.348	1009.326	1009.367	1009.381	1009.338	1009.387	1009.469	1009.422	1009.464	1009.398	1009.522	1009.577	1009.57	1009.621	1009.617	1009.607	1009.676	1009.628	1009.722	1009.645	1009.875	1009.762	1009.739	1009.792	1009.861	1009.938	1009.907	1009.866	1009.929	1009.908	1010.04	1010.032	1010.007	1010.012	1010.031	1010.094	1010.036	1010.054	1010.057	1010.09	1010.097	1010.088	1010.09	1010.111	1010.126	1010.089	1010.129	1010.147	1010.115	1010.138	1010.156	1010.151	1010.161	1010.151	1010.218	1010.151	1010.216	1010.216	1010.209	1010.241	1010.255	1010.213	1010.243	1010.222	1010.247	1010.263	1010.239	1010.265	1010.301	1010.304	1010.261	1010.293	1010.314	1010.317	1010.329	1010.338	1010.327	1010.321	1010.336	1010.359	1010.333	1010.398	1010.36	1010.38	1010.406	1010.41	1010.421	1010.422	1010.395	1010.414	1010.43	1010.443	1010.442	1010.469	1010.465	1010.455	1010.477	1010.482	1010.478	1010.561	1010.495	1010.513	1010.54	1010.523	1010.543	1010.583	1010.565	1010.573	1010.577	1010.547	1010.585	1010.617	1010.618	1010.624	1010.635	1010.628	1010.635	1010.688
1008.937	1009.149	1008.98	1009.02	1009.047	1009.077	1009.136	1009.153	1009.088	1009.175	1009.174	1009.193	1009.335	1009.3	1009.325	1009.342	1009.315	1009.341	1009.388	1009.418	1009.432	1009.358	1009.465	1009.546	1009.567	1009.547	1009.536	1009.62	1009.686	1009.628	1009.623	1009.679	1009.698	1009.69	1009.747	1009.832	1009.777	1009.942	1009.841	1009.859	1009.866	1010.001	1010.026	1010.005	1009.942	1010.029	1010.031	1010.046	1010.038	1010.066	1010.047	1010.047	1010.094	1010.095	1010.082	1010.078	1010.133	1010.101	1010.138	1010.118	1010.118	1010.16	1010.157	1010.15	1010.211	1010.164	1010.208	1010.179	1010.219	1010.225	1010.203	1010.269	1010.217	1010.239	1010.258	1010.207	1010.253	1010.258	1010.272	1010.29	1010.294	1010.302	1010.324	1010.31	1010.334	1010.329	1010.308	1010.338	1010.37	1010.345	1010.414	1010.346	1010.399	1010.375	1010.391	1010.443	1010.441	1010.427	1010.465	1010.403	1010.472	1010.461	1010.449	1010.486	1010.461	1010.465	1010.513	1010.521	1010.518	1010.545	1010.505	1010.574	1010.537	1010.571	1010.589	1010.576	1010.573	1010.587	1010.552	1010.617	1010.6	1010.628	1010.649	1010.663	1010.646	1010.62	1010.691	1010.676	1010.702	1010.687	1010.701	1010.711	1010.717	1010.735	1010.763	1010.727	1010.76
1009.093	1009.128	1009.181	1009.155	1009.244	1009.239	1009.163	1009.137	1009.269	1009.29	1009.308	1009.31	1009.4	1009.321	1009.368	1009.458	1009.45	1009.481	1009.53	1009.43	1009.603	1009.583	1009.513	1009.607	1009.638	1009.625	1009.703	1009.68	1009.753	1009.789	1009.825	1009.776	1009.832	1009.921	1009.995	1009.958	1009.976	1010.01	1010.018	1010.01	1010.057	1010.07	1010.041	1010.016	1010.06	1010.09	1010.06	1010.103	1010.092	1010.107	1010.105	1010.108	1010.125	1010.136	1010.176	1010.149	1010.18	1010.156	1010.186	1010.185	1010.185	1010.203	1010.216	1010.217	1010.274	1010.202	1010.277	1010.242	1010.274	1010.3	1010.306	1010.311	1010.284	1010.295	1010.334	1010.304	1010.327	1010.343	1010.338	1010.349	1010.374	1010.357	1010.383	1010.391	1010.378	1010.457	1010.423	1010.401	1010.427	1010.419	1010.45	1010.414	1010.486	1010.472	1010.463	1010.503	1010.502	1010.501	1010.532	1010.54	1010.523	1010.538	1010.546	1010.527	1010.537	1010.551	1010.573	1010.589	1010.567	1010.63	1010.586	1010.651	1010.641	1010.656	1010.64	1010.616	1010.669	1010.71	1010.642	1010.725	1010.686	1010.721	1010.733	1010.74	1010.732	1010.748	1010.781	1010.729	1010.8	1010.783	1010.808	1010.822	1010.817	1010.823	1010.854	1010.839	1010.875
1009.237	1009.099	1009.275	1009.231	1009.279	1009.393	1009.308	1009.287	1009.394	1009.348	1009.459	1009.402	1009.442	1009.434	1009.415	1009.504	1009.556	1009.574	1009.631	1009.671	1009.678	1009.73	1009.678	1009.781	1009.814	1009.777	1009.849	1009.839	1009.925	1009.918	1009.989	1009.966	1009.98	1010.021	1010.022	1010.017	1010.058	1010.02	1010.078	1010.065	1010.099	1010.086	1010.057	1010.103	1010.125	1010.129	1010.12	1010.152	1010.152	1010.165	1010.153	1010.157	1010.191	1010.214	1010.226	1010.197	1010.221	1010.26	1010.26	1010.27	1010.271	1010.272	1010.306	1010.276	1010.306	1010.287	1010.307	1010.298	1010.311	1010.34	1010.343	1010.332	1010.374	1010.386	1010.366	1010.425	1010.416	1010.416	1010.41	1010.41	1010.418	1010.445	1010.431	1010.492	1010.451	1010.504	1010.52	1010.496	1010.516	1010.505	1010.527	1010.55	1010.545	1010.551	1010.559	1010.534	1010.533	1010.582	1010.58	1010.627	1010.605	1010.617	1010.659	1010.628	1010.671	1010.684	1010.664	1010.706	1010.662	1010.733	1010.698	1010.7	1010.711	1010.721	1010.704	1010.746	1010.786	1010.772	1010.786	1010.81	1010.806	1010.839	1010.813	1010.82	1010.846	1010.844	1010.885	1010.882	1010.906	1010.905	1010.923	1010.89	1010.886	1010.935	1010.954	1010.961	1010.99
1009.323	1009.246	1009.285	1009.309	1009.319	1009.443	1009.438	1009.418	1009.482	1009.455	1009.551	1009.545	1009.569	1009.599	1009.571	1009.618	1009.673	1009.691	1009.694	1009.902	1009.718	1009.833	1009.824	1009.94	1009.973	1009.935	1009.988	1010.004	1010.037	1010.019	1010.034	1010.052	1010.056	1010.081	1010.082	1010.065	1010.115	1010.067	1010.135	1010.109	1010.154	1010.14	1010.127	1010.179	1010.165	1010.191	1010.198	1010.197	1010.206	1010.221	1010.209	1010.229	1010.265	1010.259	1010.232	1010.301	1010.256	1010.322	1010.295	1010.307	1010.336	1010.337	1010.369	1010.336	1010.362	1010.396	1010.366	1010.419	1010.433	1010.406	1010.409	1010.404	1010.437	1010.466	1010.43	1010.505	1010.485	1010.485	1010.5	1010.501	1010.496	1010.562	1010.496	1010.553	1010.536	1010.562	1010.581	1010.558	1010.578	1010.598	1010.614	1010.633	1010.632	1010.632	1010.663	1010.635	1010.624	1010.679	1010.662	1010.7	1010.718	1010.698	1010.749	1010.734	1010.782	1010.789	1010.765	1010.816	1010.768	1010.814	1010.817	1010.803	1010.832	1010.842	1010.816	1010.864	1010.891	1010.86	1010.925	1010.882	1010.917	1010.918	1010.89	1010.936	1010.964	1010.95	1011.001	1011.014	1011.006	1011.019	1011.048	1011.012	1011.033	1011.09	1011.073	1011.098	1011.103
1009.299	1009.551	1009.35	1009.485	1009.494	1009.508	1009.5	1009.519	1009.601	1009.648	1009.597	1009.695	1009.718	1009.685	1009.8	1009.853	1009.823	1009.889	1009.802	1009.966	1009.875	1010.012	1009.982	1010.015	1010.027	1010.037	1010.051	1010.038	1010.059	1010.078	1010.074	1010.1	1010.094	1010.12	1010.151	1010.117	1010.154	1010.139	1010.18	1010.15	1010.226	1010.199	1010.184	1010.233	1010.216	1010.261	1010.231	1010.249	1010.266	1010.282	1010.305	1010.328	1010.348	1010.329	1010.284	1010.426	1010.302	1010.382	1010.362	1010.368	1010.4	1010.403	1010.409	1010.415	1010.431	1010.461	1010.444	1010.529	1010.506	1010.477	1010.487	1010.513	1010.486	1010.526	1010.548	1010.526	1010.537	1010.557	1010.572	1010.613	1010.606	1010.642	1010.612	1010.613	1010.632	1010.666	1010.68	1010.652	1010.642	1010.69	1010.7	1010.661	1010.76	1010.723	1010.747	1010.785	1010.77	1010.779	1010.802	1010.79	1010.821	1010.795	1010.821	1010.827	1010.838	1010.846	1010.843	1010.866	1010.881	1010.904	1010.923	1010.945	1010.967	1010.992	1010.963	1010.942	1010.997	1011.013	1011.026	1010.995	1011.057	1011.022	1011.059	1011.11	1011.113	1011.115	1011.12	1011.082	1011.133	1011.121	1011.164	1011.179	1011.199	1011.214	1011.187	1011.244	1011.185
1009.268	1009.7	1009.447	1009.53	1009.529	1009.554	1009.613	1009.661	1009.644	1009.716	1009.713	1009.73	1009.812	1009.79	1010.004	1010.011	1009.875	1010.003	1010.002	1010.034	1010.028	1010.036	1010.04	1010.071	1010.079	1010.088	1010.121	1010.116	1010.09	1010.148	1010.123	1010.157	1010.144	1010.15	1010.175	1010.172	1010.216	1010.187	1010.242	1010.236	1010.256	1010.215	1010.233	1010.314	1010.324	1010.304	1010.261	1010.336	1010.335	1010.329	1010.365	1010.364	1010.349	1010.424	1010.371	1010.423	1010.379	1010.497	1010.456	1010.429	1010.449	1010.469	1010.477	1010.518	1010.493	1010.503	1010.552	1010.525	1010.542	1010.575	1010.574	1010.595	1010.623	1010.584	1010.66	1010.567	1010.645	1010.636	1010.628	1010.689	1010.712	1010.653	1010.757	1010.738	1010.707	1010.729	1010.763	1010.791	1010.794	1010.776	1010.828	1010.789	1010.835	1010.782	1010.81	1010.899	1010.906	1010.879	1010.953	1010.873	1010.91	1010.946	1010.929	1010.968	1010.96	1010.977	1011.002	1010.951	1011.067	1011.055	1011.029	1011.058	1011.031	1011.112	1011.137	1011.1	1011.12	1011.105	1011.128	1011.149	1011.21	1011.186	1011.231	1011.235	1011.198	1011.267	1011.248	1011.258	1011.341	1011.253	1011.315	1011.328	1011.348	1011.358	1011.35	1011.447	1011.246
1009.494	1009.595	1009.623	1009.732	1009.723	1009.779	1009.828	1009.855	1009.806	1009.766	1010.031	1009.856	1010.024	1009.966	1009.969	1010.005	1010.022	1010.067	1010.033	1010.075	1010.063	1010.083	1010.125	1010.125	1010.115	1010.114	1010.114	1010.169	1010.153	1010.186	1010.16	1010.207	1010.218	1010.231	1010.246	1010.247	1010.304	1010.229	1010.272	1010.263	1010.298	1010.334	1010.352	1010.339	1010.291	1010.348	1010.434	1010.382	1010.403	1010.395	1010.427	1010.45	1010.446	1010.478	1010.425	1010.495	1010.545	1010.5	1010.491	1010.532	1010.572	1010.581	1010.559	1010.544	1010.629	1010.588	1010.64	1010.598	1010.627	1010.665	1010.649	1010.657	1010.774	1010.615	1010.753	1010.733	1010.761	1010.767	1010.766	1010.774	1010.789	1010.809	1010.796	1010.763	1010.84	1010.871	1010.848	1010.863	1010.899	1010.857	1010.918	1010.954	1010.854	1010.983	1010.966	1010.953	1010.958	1010.965	1010.997	1010.995	1011.051	1011.059	1011.033	1011.097	1011.084	1011.091	1011.137	1011.113	1011.142	1011.094	1011.157	1011.225	1011.195	1011.201	1011.195	1011.216	1011.289	1011.23	1011.369	1011.268	1011.292	1011.311	1011.326	1011.36	1011.383	1011.374	1011.343	1011.428	1011.367	1011.395	1011.505	1011.455	1011.495	1011.568	1011.453	1011.63	1011.525
1010.012	1009.606	1009.751	1009.714	1009.734	1009.79	1009.743	1009.831	1010.042	1009.862	1010.044	1009.852	1010.03	1010.042	1010.071	1010.097	1010.09	1010.083	1010.081	1010.137	1010.128	1010.142	1010.14	1010.114	1010.166	1010.238	1010.203	1010.221	1010.184	1010.251	1010.265	1010.269	1010.246	1010.264	1010.291	1010.261	1010.305	1010.332	1010.392	1010.37	1010.373	1010.36	1010.356	1010.416	1010.498	1010.435	1010.44	1010.373	1010.507	1010.506	1010.475	1010.492	1010.506	1010.492	1010.581	1010.556	1010.537	1010.556	1010.613	1010.62	1010.581	1010.602	1010.689	1010.629	1010.738	1010.641	1010.675	1010.742	1010.713	1010.715	1010.774	1010.769	1010.764	1010.789	1010.825	1010.801	1010.784	1010.828	1010.874	1010.851	1010.828	1010.954	1010.881	1010.98	1010.917	1010.947	1010.978	1010.979	1011.015	1011.068	1010.966	1011.094	1011.037	1011.071	1011.057	1011.08	1011.143	1011.154	1011.115	1011.198	1011.119	1011.156	1011.196	1011.209	1011.235	1011.239	1011.241	1011.28	1011.286	1011.36	1011.352	1011.261	1011.332	1011.4	1011.394	1011.396	1011.432	1011.364	1011.482	1011.404	1011.522	1011.536	1011.483	1011.497	1011.543	1011.534	1011.61	1011.599	1011.63	1011.622	1011.662	1011.607	1011.637	1011.709	1011.633	1011.702	1011.795
1009.576	1009.721	1010	1009.93	1009.924	1010.027	1010.033	1010.019	1010.035	1009.958	1010.096	1010.091	1010.111	1010.075	1010.097	1010.101	1010.089	1010.15	1010.187	1010.146	1010.177	1010.169	1010.233	1010.243	1010.22	1010.209	1010.213	1010.293	1010.264	1010.296	1010.267	1010.325	1010.335	1010.344	1010.368	1010.384	1010.418	1010.374	1010.359	1010.398	1010.43	1010.465	1010.467	1010.469	1010.479	1010.403	1010.569	1010.582	1010.54	1010.544	1010.56	1010.604	1010.619	1010.603	1010.657	1010.59	1010.673	1010.71	1010.648	1010.68	1010.723	1010.736	1010.756	1010.727	1010.741	1010.835	1010.792	1010.804	1010.812	1010.83	1010.86	1010.858	1010.831	1010.97	1010.844	1010.929	1011.002	1010.964	1010.965	1011.013	1011.005	1011.032	1010.942	1011.122	1011.034	1011.045	1011.111	1011.085	1011.064	1011.159	1011.115	1011.162	1011.191	1011.153	1011.225	1011.229	1011.209	1011.213	1011.238	1011.286	1011.266	1011.345	1011.359	1011.29	1011.351	1011.383	1011.363	1011.422	1011.392	1011.413	1011.441	1011.49	1011.478	1011.492	1011.526	1011.559	1011.562	1011.615	1011.588	1011.631	1011.611	1011.613	1011.657	1011.699	1011.681	1011.682	1011.792	1011.601	1011.862	1011.746	1011.768	1011.861	1011.827	1011.795	1011.985	1011.86	1011.938
1009.93	1010.024	1009.882	1010.051	1010.012	1009.962	1010.005	1010.047	1010.051	1010.101	1010.102	1010.072	1010.131	1010.124	1010.154	1010.169	1010.18	1010.213	1010.188	1010.192	1010.268	1010.227	1010.249	1010.253	1010.261	1010.319	1010.353	1010.333	1010.294	1010.386	1010.36	1010.394	1010.393	1010.395	1010.404	1010.415	1010.433	1010.482	1010.485	1010.529	1010.495	1010.517	1010.534	1010.533	1010.546	1010.605	1010.578	1010.582	1010.614	1010.648	1010.647	1010.653	1010.67	1010.712	1010.692	1010.747	1010.738	1010.723	1010.728	1010.775	1010.812	1010.784	1010.752	1010.892	1010.822	1010.883	1010.897	1010.887	1010.96	1010.969	1010.939	1010.993	1010.975	1011.002	1011.008	1011.001	1011.047	1011.078	1011.096	1011.09	1011.065	1011.168	1011.162	1011.132	1011.253	1011.218	1011.183	1011.195	1011.24	1011.205	1011.313	1011.252	1011.321	1011.333	1011.366	1011.353	1011.351	1011.425	1011.471	1011.403	1011.494	1011.419	1011.499	1011.493	1011.508	1011.521	1011.536	1011.594	1011.572	1011.666	1011.582	1011.69	1011.668	1011.674	1011.718	1011.713	1011.681	1011.809	1011.693	1011.851	1011.787	1011.842	1011.817	1011.836	1011.896	1011.913	1011.99	1011.934	1011.994	1012.023	1012.001	1012.017	1012.011	1012	1012.037	1012.012	1012.062
1009.843	1010.089	1009.979	1010.074	1010.087	1010.074	1010.097	1010.127	1010.099	1010.128	1010.129	1010.19	1010.193	1010.203	1010.21	1010.209	1010.228	1010.241	1010.269	1010.281	1010.258	1010.282	1010.347	1010.34	1010.331	1010.379	1010.36	1010.383	1010.393	1010.405	1010.416	1010.43	1010.444	1010.482	1010.499	1010.516	1010.509	1010.558	1010.497	1010.563	1010.617	1010.611	1010.627	1010.646	1010.621	1010.664	1010.624	1010.721	1010.73	1010.66	1010.697	1010.756	1010.782	1010.806	1010.764	1010.852	1010.799	1010.83	1010.923	1010.91	1010.905	1010.925	1010.895	1010.955	1010.943	1010.955	1011.017	1010.996	1011.05	1011.077	1011.079	1011.105	1011.095	1011.089	1011.182	1011.16	1011.16	1011.202	1011.209	1011.178	1011.232	1011.213	1011.339	1011.273	1011.328	1011.372	1011.319	1011.378	1011.443	1011.332	1011.498	1011.368	1011.491	1011.467	1011.466	1011.493	1011.505	1011.535	1011.571	1011.531	1011.684	1011.585	1011.672	1011.617	1011.649	1011.701	1011.739	1011.738	1011.693	1011.852	1011.773	1011.817	1011.871	1011.869	1011.899	1011.89	1011.903	1012	1011.874	1012.015	1011.946	1012.035	1012.019	1012.018	1012.045	1012.02	1012.012	1012.08	1012.009	1012.071	1012.056	1012.066	1012.101	1012.113	1012.1	1012.1	1012.117
1009.863	1010.124	1010.062	1010.1	1010.1	1010.126	1010.15	1010.166	1010.173	1010.186	1010.17	1010.251	1010.184	1010.227	1010.254	1010.253	1010.292	1010.295	1010.324	1010.325	1010.329	1010.347	1010.393	1010.41	1010.401	1010.434	1010.431	1010.462	1010.486	1010.46	1010.519	1010.521	1010.546	1010.586	1010.547	1010.572	1010.579	1010.626	1010.613	1010.608	1010.67	1010.652	1010.669	1010.727	1010.707	1010.743	1010.767	1010.789	1010.793	1010.757	1010.826	1010.888	1010.838	1010.858	1010.879	1010.905	1010.933	1010.898	1010.979	1011.055	1011.05	1011.048	1011.022	1011.03	1011.107	1011.081	1011.093	1011.106	1011.117	1011.144	1011.176	1011.171	1011.234	1011.259	1011.25	1011.317	1011.308	1011.308	1011.316	1011.357	1011.442	1011.33	1011.422	1011.461	1011.395	1011.478	1011.508	1011.575	1011.6	1011.547	1011.645	1011.523	1011.66	1011.638	1011.642	1011.655	1011.67	1011.714	1011.78	1011.733	1011.801	1011.76	1011.849	1011.803	1011.905	1011.97	1011.907	1011.934	1011.923	1011.95	1011.999	1012.006	1012.021	1012.009	1012.019	1012.037	1012.041	1012.057	1012.042	1012.083	1012.054	1012.091	1012.108	1012.107	1012.111	1012.102	1012.086	1012.146	1012.091	1012.124	1012.124	1012.137	1012.173	1012.156	1012.146	1012.179	1012.162
1010.064	1010.19	1010.06	1010.132	1010.149	1010.176	1010.193	1010.209	1010.23	1010.238	1010.221	1010.284	1010.233	1010.294	1010.323	1010.319	1010.36	1010.354	1010.394	1010.351	1010.442	1010.426	1010.442	1010.46	1010.44	1010.476	1010.509	1010.497	1010.552	1010.536	1010.605	1010.563	1010.589	1010.658	1010.616	1010.659	1010.674	1010.66	1010.749	1010.701	1010.748	1010.728	1010.728	1010.787	1010.804	1010.824	1010.879	1010.828	1010.87	1010.887	1010.964	1011.013	1010.958	1010.966	1011.028	1010.955	1011.067	1011.017	1011.033	1011.115	1011.063	1011.059	1011.165	1011.17	1011.197	1011.225	1011.203	1011.273	1011.284	1011.266	1011.301	1011.295	1011.356	1011.418	1011.351	1011.464	1011.395	1011.394	1011.514	1011.561	1011.59	1011.574	1011.526	1011.637	1011.558	1011.609	1011.642	1011.685	1011.712	1011.725	1011.729	1011.767	1011.794	1011.797	1011.846	1011.862	1011.924	1011.976	1011.959	1011.928	1011.985	1011.967	1012.013	1012.007	1012.042	1012.047	1012.026	1012.046	1012.054	1012.036	1012.072	1012.068	1012.086	1012.073	1012.089	1012.108	1012.102	1012.115	1012.119	1012.117	1012.128	1012.116	1012.134	1012.148	1012.153	1012.188	1012.186	1012.169	1012.215	1012.202	1012.21	1012.224	1012.236	1012.218	1012.225	1012.25	1012.227
1010.107	1010.294	1010.076	1010.209	1010.233	1010.23	1010.247	1010.267	1010.254	1010.281	1010.296	1010.343	1010.343	1010.375	1010.383	1010.377	1010.388	1010.384	1010.49	1010.405	1010.499	1010.473	1010.518	1010.543	1010.521	1010.533	1010.59	1010.546	1010.648	1010.613	1010.662	1010.612	1010.641	1010.713	1010.704	1010.742	1010.782	1010.727	1010.803	1010.797	1010.853	1010.864	1010.863	1010.868	1010.905	1010.899	1010.933	1010.952	1010.98	1010.965	1011	1011.051	1011.072	1011.057	1011.148	1011.09	1011.145	1011.194	1011.199	1011.217	1011.158	1011.136	1011.312	1011.311	1011.258	1011.367	1011.343	1011.426	1011.45	1011.428	1011.455	1011.499	1011.465	1011.532	1011.545	1011.597	1011.482	1011.528	1011.661	1011.73	1011.63	1011.808	1011.696	1011.764	1011.823	1011.805	1011.846	1011.894	1011.898	1011.916	1011.86	1012.011	1011.943	1012	1012.016	1012.009	1012.029	1012.05	1012.017	1012.036	1012.063	1012.057	1012.067	1012.064	1012.065	1012.07	1012.086	1012.096	1012.107	1012.117	1012.134	1012.125	1012.155	1012.146	1012.163	1012.187	1012.175	1012.187	1012.21	1012.16	1012.231	1012.189	1012.209	1012.225	1012.21	1012.238	1012.263	1012.216	1012.3	1012.255	1012.273	1012.271	1012.284	1012.299	1012.309	1012.321	1012.323
1009.879	1010.361	1010.202	1010.25	1010.242	1010.24	1010.259	1010.301	1010.31	1010.363	1010.368	1010.366	1010.363	1010.393	1010.447	1010.473	1010.479	1010.431	1010.541	1010.481	1010.548	1010.541	1010.565	1010.584	1010.611	1010.643	1010.668	1010.661	1010.756	1010.663	1010.753	1010.769	1010.751	1010.772	1010.762	1010.728	1010.83	1010.907	1010.853	1010.92	1010.91	1010.929	1010.969	1010.974	1011.021	1011.027	1011.028	1011.112	1010.989	1011.089	1011.155	1011.144	1011.139	1011.086	1011.201	1011.302	1011.214	1011.301	1011.294	1011.298	1011.346	1011.418	1011.406	1011.384	1011.461	1011.473	1011.437	1011.466	1011.556	1011.588	1011.584	1011.668	1011.625	1011.668	1011.694	1011.701	1011.814	1011.743	1011.723	1011.856	1011.828	1011.888	1011.884	1011.912	1012.011	1011.997	1012.022	1012.025	1012.012	1012.038	1012.033	1012.061	1012.04	1012.082	1012.073	1012.066	1012.077	1012.089	1012.098	1012.132	1012.093	1012.132	1012.134	1012.153	1012.14	1012.143	1012.181	1012.174	1012.182	1012.187	1012.191	1012.222	1012.218	1012.199	1012.205	1012.225	1012.242	1012.226	1012.317	1012.25	1012.305	1012.291	1012.3	1012.309	1012.313	1012.306	1012.338	1012.334	1012.351	1012.327	1012.374	1012.351	1012.359	1012.384	1012.355	1012.399	1012.436
1010.198	1010.323	1010.212	1010.281	1010.374	1010.389	1010.362	1010.358	1010.387	1010.394	1010.384	1010.464	1010.482	1010.513	1010.501	1010.476	1010.51	1010.552	1010.55	1010.579	1010.661	1010.645	1010.631	1010.648	1010.707	1010.739	1010.698	1010.712	1010.716	1010.79	1010.797	1010.79	1010.826	1010.9	1010.963	1010.965	1010.886	1010.985	1010.884	1011.009	1010.972	1011.001	1011.066	1011.069	1011.081	1011.157	1011.055	1011.202	1011.172	1011.304	1011.28	1011.196	1011.251	1011.394	1011.307	1011.337	1011.373	1011.401	1011.479	1011.483	1011.475	1011.505	1011.487	1011.623	1011.669	1011.455	1011.69	1011.677	1011.704	1011.732	1011.713	1011.766	1011.809	1011.811	1011.94	1011.8	1012.006	1012.005	1011.968	1012.013	1012.012	1011.968	1012.068	1012.046	1012.048	1012.045	1012.062	1012.065	1012.067	1012.109	1012.095	1012.103	1012.116	1012.123	1012.109	1012.135	1012.151	1012.141	1012.161	1012.173	1012.132	1012.258	1012.173	1012.215	1012.218	1012.202	1012.212	1012.222	1012.287	1012.246	1012.235	1012.272	1012.248	1012.299	1012.325	1012.311	1012.354	1012.27	1012.342	1012.332	1012.334	1012.384	1012.376	1012.359	1012.377	1012.382	1012.378	1012.406	1012.415	1012.418	1012.435	1012.438	1012.467	1012.49	1012.474	1012.484	1012.485
1010.397	1010.297	1010.322	1010.367	1010.316	1010.308	1010.366	1010.419	1010.437	1010.466	1010.494	1010.515	1010.46	1010.497	1010.564	1010.598	1010.628	1010.672	1010.628	1010.709	1010.615	1010.651	1010.753	1010.764	1010.745	1010.748	1010.785	1010.945	1010.78	1010.945	1010.881	1010.909	1010.983	1010.919	1010.865	1010.996	1010.955	1011.12	1011.063	1011.11	1011.141	1011.167	1011.178	1011.16	1011.167	1011.274	1011.23	1011.319	1011.307	1011.236	1011.309	1011.412	1011.418	1011.392	1011.414	1011.445	1011.596	1011.458	1011.52	1011.574	1011.586	1011.673	1011.761	1011.625	1011.697	1011.758	1011.861	1011.787	1011.791	1011.879	1011.934	1011.952	1012.004	1011.791	1012.038	1012.028	1012	1012.029	1012.057	1012.053	1012.062	1012.088	1012.091	1012.058	1012.131	1012.135	1012.135	1012.148	1012.153	1012.146	1012.144	1012.202	1012.18	1012.197	1012.206	1012.208	1012.219	1012.227	1012.228	1012.269	1012.242	1012.278	1012.235	1012.28	1012.283	1012.304	1012.343	1012.309	1012.3	1012.327	1012.357	1012.399	1012.353	1012.383	1012.364	1012.323	1012.409	1012.424	1012.423	1012.45	1012.423	1012.43	1012.445	1012.465	1012.485	1012.493	1012.5	1012.492	1012.508	1012.537	1012.519	1012.542	1012.54	1012.516	1012.557	1012.58	1012.481
1010.29	1010.31	1010.388	1010.427	1010.447	1010.479	1010.5	1010.491	1010.482	1010.542	1010.522	1010.548	1010.623	1010.61	1010.641	1010.646	1010.641	1010.657	1010.672	1010.759	1010.802	1010.813	1010.781	1010.777	1010.871	1010.932	1010.845	1010.906	1010.863	1010.939	1010.958	1010.976	1011.033	1011.078	1011.111	1011.161	1011.101	1011.146	1011.16	1011.165	1011.202	1011.206	1011.239	1011.301	1011.334	1011.277	1011.411	1011.291	1011.447	1011.492	1011.52	1011.533	1011.5	1011.504	1011.768	1011.566	1011.636	1011.693	1011.714	1011.77	1011.766	1011.778	1011.83	1011.791	1011.971	1011.98	1011.853	1012.017	1012.026	1012.021	1012.026	1012.011	1012.062	1012.087	1012.016	1012.092	1012.099	1012.112	1012.11	1012.105	1012.143	1012.143	1012.153	1012.179	1012.181	1012.16	1012.174	1012.194	1012.198	1012.223	1012.242	1012.234	1012.226	1012.243	1012.277	1012.259	1012.278	1012.312	1012.28	1012.321	1012.304	1012.309	1012.352	1012.359	1012.345	1012.339	1012.36	1012.38	1012.394	1012.443	1012.35	1012.41	1012.43	1012.438	1012.488	1012.518	1012.474	1012.464	1012.475	1012.477	1012.53	1012.519	1012.532	1012.539	1012.53	1012.535	1012.564	1012.588	1012.562	1012.599	1012.603	1012.622	1012.657	1012.657	1012.65	1012.733	1012.627
1010.436	1010.44	1010.464	1010.401	1010.457	1010.472	1010.48	1010.532	1010.598	1010.579	1010.624	1010.602	1010.656	1010.645	1010.676	1010.708	1010.758	1010.806	1010.824	1010.758	1010.821	1010.823	1010.88	1010.908	1010.947	1010.955	1010.962	1011.006	1011.086	1011.049	1011.11	1011.111	1011.062	1011.104	1011.146	1011.072	1011.235	1011.218	1011.278	1011.323	1011.345	1011.412	1011.419	1011.388	1011.461	1011.379	1011.612	1011.475	1011.525	1011.583	1011.524	1011.565	1011.73	1011.8	1011.726	1011.697	1011.784	1011.837	1011.82	1011.859	1011.903	1011.934	1011.924	1012.032	1011.941	1012.034	1012.047	1012.083	1012.04	1012.041	1012.115	1012.134	1012.07	1012.152	1012.097	1012.14	1012.137	1012.16	1012.17	1012.179	1012.215	1012.172	1012.223	1012.228	1012.224	1012.246	1012.268	1012.272	1012.267	1012.29	1012.292	1012.275	1012.355	1012.283	1012.337	1012.352	1012.364	1012.374	1012.359	1012.392	1012.395	1012.41	1012.394	1012.391	1012.471	1012.481	1012.448	1012.494	1012.449	1012.492	1012.504	1012.497	1012.543	1012.498	1012.517	1012.549	1012.513	1012.583	1012.627	1012.572	1012.607	1012.6	1012.621	1012.635	1012.658	1012.71	1012.647	1012.684	1012.695	1012.681	1012.727	1012.677	1012.701	1012.764	1012.733	1012.748	1012.813
1010.434	1010.441	1010.513	1010.5	1010.538	1010.564	1010.584	1010.643	1010.639	1010.58	1010.734	1010.672	1010.715	1010.78	1010.797	1010.797	1010.836	1010.804	1010.85	1010.87	1010.977	1010.923	1010.944	1010.993	1010.99	1010.992	1011.095	1011.05	1011.122	1011.114	1011.135	1011.261	1011.213	1011.249	1011.284	1011.244	1011.431	1011.29	1011.391	1011.422	1011.346	1011.446	1011.488	1011.458	1011.624	1011.563	1011.632	1011.657	1011.68	1011.725	1011.731	1011.722	1011.777	1011.838	1011.788	1012.006	1011.922	1011.939	1012.04	1012.027	1012.039	1012.066	1012.023	1012.094	1012.026	1012.129	1012.095	1012.093	1012.098	1012.101	1012.13	1012.177	1012.158	1012.195	1012.18	1012.222	1012.195	1012.224	1012.228	1012.223	1012.276	1012.262	1012.305	1012.266	1012.299	1012.294	1012.31	1012.346	1012.375	1012.347	1012.395	1012.332	1012.406	1012.36	1012.41	1012.42	1012.41	1012.417	1012.445	1012.456	1012.458	1012.458	1012.499	1012.483	1012.537	1012.518	1012.492	1012.579	1012.541	1012.546	1012.608	1012.559	1012.604	1012.595	1012.612	1012.623	1012.642	1012.66	1012.648	1012.68	1012.704	1012.695	1012.721	1012.71	1012.717	1012.765	1012.743	1012.762	1012.811	1012.757	1012.844	1012.811	1012.784	1012.809	1012.868	1012.873	1012.882
1010.516	1010.532	1010.547	1010.587	1010.6	1010.648	1010.67	1010.658	1010.668	1010.685	1010.762	1010.738	1010.804	1010.841	1010.805	1010.806	1010.931	1010.933	1010.955	1010.952	1011	1011.073	1011.058	1011.091	1011.088	1011.076	1011.124	1011.153	1011.198	1011.282	1011.216	1011.316	1011.291	1011.328	1011.423	1011.421	1011.465	1011.416	1011.498	1011.555	1011.511	1011.533	1011.58	1011.574	1011.673	1011.697	1011.742	1011.775	1011.881	1011.854	1011.922	1011.912	1011.937	1012.026	1011.962	1012.02	1012.02	1012.024	1012.084	1012.042	1012.054	1012.116	1012.074	1012.154	1012.095	1012.166	1012.161	1012.157	1012.183	1012.187	1012.178	1012.22	1012.231	1012.25	1012.229	1012.278	1012.257	1012.287	1012.293	1012.294	1012.35	1012.311	1012.366	1012.34	1012.368	1012.375	1012.388	1012.427	1012.419	1012.38	1012.482	1012.403	1012.474	1012.466	1012.498	1012.497	1012.486	1012.505	1012.517	1012.524	1012.579	1012.532	1012.576	1012.571	1012.589	1012.569	1012.579	1012.613	1012.647	1012.656	1012.672	1012.716	1012.719	1012.697	1012.715	1012.717	1012.739	1012.747	1012.751	1012.788	1012.775	1012.777	1012.793	1012.782	1012.81	1012.828	1012.875	1012.839	1012.907	1012.911	1012.942	1012.984	1012.955	1012.913	1012.948	1012.992	1012.956
1010.579	1010.614	1010.585	1010.648	1010.627	1010.675	1010.725	1010.715	1010.752	1010.803	1010.778	1010.845	1010.884	1010.908	1010.872	1010.865	1010.989	1011.007	1011.007	1011.078	1011.015	1011.148	1011.138	1011.175	1011.231	1011.218	1011.222	1011.355	1011.238	1011.371	1011.312	1011.414	1011.39	1011.379	1011.472	1011.517	1011.494	1011.632	1011.584	1011.636	1011.717	1011.74	1011.804	1011.799	1011.766	1011.818	1011.968	1011.807	1012.002	1011.955	1012.009	1012.038	1012.048	1012.08	1012.049	1012.041	1012.118	1012.093	1012.122	1012.08	1012.099	1012.16	1012.127	1012.2	1012.169	1012.19	1012.22	1012.23	1012.256	1012.292	1012.282	1012.272	1012.26	1012.331	1012.295	1012.345	1012.329	1012.36	1012.372	1012.373	1012.42	1012.375	1012.431	1012.431	1012.433	1012.468	1012.481	1012.47	1012.461	1012.457	1012.533	1012.484	1012.554	1012.546	1012.562	1012.561	1012.561	1012.581	1012.598	1012.607	1012.657	1012.635	1012.654	1012.673	1012.692	1012.696	1012.706	1012.684	1012.735	1012.773	1012.708	1012.814	1012.773	1012.751	1012.813	1012.816	1012.828	1012.839	1012.882	1012.869	1012.857	1012.931	1012.947	1012.947	1012.977	1012.922	1013	1012.959	1012.972	1013.035	1013.013	1013.055	1013.107	1013.059	1013.046	1013.103	1013.088
1010.597	1010.639	1010.652	1010.729	1010.711	1010.753	1010.788	1010.813	1010.825	1010.852	1010.853	1010.939	1010.919	1010.942	1011.015	1011.007	1010.985	1011.08	1011.02	1011.226	1011.139	1011.207	1011.226	1011.232	1011.285	1011.329	1011.271	1011.485	1011.299	1011.423	1011.456	1011.464	1011.574	1011.578	1011.594	1011.656	1011.649	1011.756	1011.684	1011.709	1011.824	1011.78	1011.862	1011.936	1011.947	1011.922	1012.044	1011.922	1012.061	1012.054	1012.052	1012.11	1012.08	1012.097	1012.111	1012.119	1012.178	1012.14	1012.164	1012.195	1012.2	1012.197	1012.217	1012.231	1012.247	1012.264	1012.296	1012.271	1012.304	1012.301	1012.348	1012.366	1012.318	1012.405	1012.357	1012.416	1012.403	1012.424	1012.439	1012.418	1012.483	1012.479	1012.492	1012.503	1012.488	1012.545	1012.52	1012.534	1012.563	1012.588	1012.583	1012.58	1012.637	1012.582	1012.644	1012.644	1012.663	1012.647	1012.715	1012.702	1012.677	1012.752	1012.719	1012.755	1012.76	1012.771	1012.787	1012.822	1012.8	1012.868	1012.804	1012.902	1012.84	1012.901	1012.932	1012.912	1012.979	1012.921	1012.956	1012.989	1012.956	1013.049	1013.022	1012.996	1013.105	1013.026	1013.096	1013.108	1013.071	1013.166	1013.099	1013.18	1013.15	1013.219	1013.195	1013.228	1013.238
1010.682	1010.716	1010.743	1010.737	1010.779	1010.804	1010.796	1010.858	1010.883	1010.906	1010.982	1010.961	1011.036	1011.032	1011.057	1011.083	1011.085	1011.284	1011.105	1011.232	1011.196	1011.228	1011.311	1011.32	1011.356	1011.41	1011.411	1011.451	1011.488	1011.604	1011.649	1011.546	1011.638	1011.652	1011.715	1011.793	1011.76	1011.721	1011.855	1011.943	1011.943	1011.979	1012.002	1011.969	1012.034	1012.014	1012.053	1012.076	1012.073	1012.122	1012.072	1012.144	1012.135	1012.175	1012.211	1012.16	1012.162	1012.205	1012.259	1012.253	1012.235	1012.241	1012.308	1012.275	1012.308	1012.32	1012.327	1012.346	1012.432	1012.373	1012.354	1012.392	1012.45	1012.468	1012.416	1012.469	1012.462	1012.506	1012.52	1012.508	1012.509	1012.557	1012.525	1012.573	1012.6	1012.6	1012.614	1012.639	1012.637	1012.636	1012.653	1012.699	1012.707	1012.693	1012.766	1012.702	1012.735	1012.737	1012.768	1012.825	1012.767	1012.878	1012.807	1012.865	1012.893	1012.875	1012.872	1012.958	1012.873	1012.952	1012.981	1012.991	1012.996	1013.007	1013.001	1012.979	1013.051	1013.048	1013.023	1013.157	1013.053	1013.124	1013.121	1013.145	1013.18	1013.202	1013.221	1013.221	1013.294	1013.237	1013.253	1013.324	1013.224	1013.34	1013.307	1013.344	1013.369
1010.704	1010.749	1010.795	1010.813	1010.849	1010.926	1010.898	1010.975	1010.978	1010.994	1011.079	1010.921	1011.185	1011.101	1011.17	1011.219	1011.151	1011.207	1011.239	1011.304	1011.359	1011.399	1011.419	1011.459	1011.403	1011.526	1011.534	1011.571	1011.561	1011.517	1011.581	1011.818	1011.78	1011.813	1011.83	1011.832	1011.982	1011.985	1011.995	1012.002	1011.956	1012.006	1012.076	1011.962	1012.139	1012.068	1012.111	1012.129	1012.098	1012.179	1012.18	1012.192	1012.2	1012.199	1012.204	1012.239	1012.276	1012.304	1012.262	1012.288	1012.328	1012.331	1012.34	1012.356	1012.353	1012.384	1012.422	1012.423	1012.393	1012.441	1012.484	1012.493	1012.482	1012.489	1012.534	1012.559	1012.53	1012.543	1012.576	1012.603	1012.615	1012.639	1012.648	1012.659	1012.667	1012.658	1012.669	1012.722	1012.676	1012.753	1012.762	1012.771	1012.768	1012.767	1012.846	1012.718	1012.887	1012.838	1012.834	1012.904	1012.874	1012.924	1012.905	1012.916	1012.966	1012.997	1012.972	1013.002	1012.998	1013.041	1013.016	1013.04	1013.096	1013.067	1013.163	1013.141	1013.166	1013.18	1013.169	1013.205	1013.208	1013.238	1013.265	1013.238	1013.228	1013.289	1013.361	1013.216	1013.44	1013.376	1013.361	1013.432	1013.4	1013.532	1013.443	1013.471	1013.491
1010.804	1010.812	1010.853	1010.9	1010.861	1010.951	1010.923	1010.995	1010.972	1010.998	1011.157	1011.103	1011.222	1011.098	1011.182	1011.293	1011.289	1011.297	1011.478	1011.37	1011.414	1011.423	1011.421	1011.533	1011.569	1011.58	1011.598	1011.658	1011.758	1011.845	1011.845	1011.829	1011.721	1011.851	1011.97	1011.952	1011.941	1012.024	1011.955	1012.093	1012.11	1012.09	1012.138	1012.083	1012.146	1012.111	1012.154	1012.186	1012.176	1012.215	1012.19	1012.203	1012.248	1012.265	1012.278	1012.313	1012.253	1012.29	1012.339	1012.376	1012.38	1012.36	1012.372	1012.461	1012.458	1012.418	1012.447	1012.503	1012.479	1012.552	1012.499	1012.517	1012.548	1012.581	1012.597	1012.507	1012.641	1012.658	1012.647	1012.656	1012.67	1012.645	1012.745	1012.692	1012.756	1012.79	1012.782	1012.8	1012.78	1012.871	1012.795	1012.849	1012.897	1012.864	1012.96	1012.916	1012.927	1012.929	1012.968	1013.007	1012.971	1012.967	1013.082	1013.068	1013.042	1013.062	1013.103	1013.11	1013.164	1013.176	1013.17	1013.199	1013.218	1013.136	1013.263	1013.231	1013.215	1013.29	1013.342	1013.275	1013.405	1013.376	1013.347	1013.433	1013.453	1013.39	1013.56	1013.472	1013.484	1013.5	1013.535	1013.549	1013.504	1013.568	1013.563	1013.647	1013.626
1010.935	1010.888	1010.897	1010.969	1010.937	1011.085	1011.002	1011.107	1011.149	1011.139	1011.154	1011.157	1011.2	1011.329	1011.278	1011.28	1011.38	1011.444	1011.379	1011.433	1011.512	1011.588	1011.619	1011.619	1011.643	1011.678	1011.762	1011.749	1011.732	1011.8	1011.827	1011.888	1012.025	1011.978	1012.008	1012.052	1012.02	1012.13	1012.063	1012.094	1012.091	1012.091	1012.141	1012.166	1012.168	1012.219	1012.219	1012.222	1012.25	1012.252	1012.276	1012.306	1012.298	1012.311	1012.332	1012.331	1012.381	1012.409	1012.425	1012.39	1012.395	1012.478	1012.53	1012.414	1012.525	1012.528	1012.524	1012.54	1012.553	1012.606	1012.558	1012.651	1012.657	1012.626	1012.655	1012.703	1012.681	1012.695	1012.711	1012.749	1012.787	1012.765	1012.83	1012.786	1012.831	1012.819	1012.813	1012.912	1012.837	1012.923	1012.907	1012.951	1012.975	1012.933	1012.965	1013.034	1012.997	1013.066	1013.075	1013.042	1013.124	1013.134	1013.046	1013.115	1013.171	1013.195	1013.211	1013.205	1013.189	1013.21	1013.251	1013.264	1013.26	1013.384	1013.282	1013.371	1013.403	1013.411	1013.42	1013.469	1013.414	1013.505	1013.459	1013.515	1013.548	1013.498	1013.512	1013.597	1013.585	1013.618	1013.65	1013.66	1013.701	1013.759	1013.694	1013.77	1013.754
1010.919	1010.934	1010.972	1011.039	1010.984	1011.113	1011.107	1011.118	1011.151	1011.171	1011.228	1011.368	1011.242	1011.342	1011.36	1011.401	1011.482	1011.46	1011.513	1011.637	1011.53	1011.572	1011.655	1011.657	1011.752	1011.759	1011.815	1011.936	1011.963	1011.948	1012.035	1011.937	1012.047	1012.017	1012.046	1012.108	1012.049	1012.109	1012.12	1012.131	1012.163	1012.197	1012.195	1012.226	1012.199	1012.251	1012.249	1012.258	1012.303	1012.289	1012.328	1012.331	1012.333	1012.375	1012.406	1012.386	1012.459	1012.413	1012.441	1012.475	1012.494	1012.485	1012.541	1012.551	1012.584	1012.572	1012.585	1012.621	1012.602	1012.657	1012.678	1012.69	1012.693	1012.695	1012.731	1012.77	1012.728	1012.825	1012.823	1012.801	1012.811	1012.834	1012.872	1012.871	1012.924	1012.923	1012.926	1012.993	1012.934	1013.011	1013.027	1012.981	1012.996	1013.106	1013.083	1013.117	1013.12	1013.157	1013.173	1013.177	1013.192	1013.215	1013.234	1013.264	1013.283	1013.264	1013.287	1013.325	1013.42	1013.379	1013.413	1013.415	1013.371	1013.498	1013.407	1013.483	1013.515	1013.485	1013.495	1013.628	1013.516	1013.649	1013.687	1013.652	1013.677	1013.771	1013.707	1013.716	1013.76	1013.76	1013.774	1013.784	1013.791	1013.871	1013.847	1013.896	1013.938
1010.998	1011.021	1011.004	1011.016	1011.095	1011.101	1011.187	1011.209	1011.252	1011.279	1011.289	1011.376	1011.41	1011.425	1011.461	1011.504	1011.542	1011.573	1011.598	1011.574	1011.593	1011.715	1011.799	1011.779	1011.84	1011.914	1011.805	1011.944	1011.989	1011.936	1012.074	1012.014	1012.073	1012.121	1012.142	1012.141	1012.147	1012.15	1012.181	1012.182	1012.185	1012.206	1012.212	1012.279	1012.262	1012.283	1012.298	1012.32	1012.345	1012.349	1012.384	1012.39	1012.431	1012.461	1012.461	1012.473	1012.48	1012.541	1012.534	1012.519	1012.525	1012.557	1012.593	1012.632	1012.617	1012.623	1012.65	1012.671	1012.696	1012.701	1012.745	1012.724	1012.754	1012.805	1012.784	1012.827	1012.852	1012.891	1012.879	1012.868	1012.93	1012.942	1012.963	1012.969	1012.993	1013.037	1013.075	1013.035	1013.107	1013.064	1013.142	1013.11	1013.11	1013.172	1013.145	1013.209	1013.229	1013.193	1013.221	1013.304	1013.285	1013.294	1013.34	1013.351	1013.385	1013.397	1013.442	1013.374	1013.477	1013.422	1013.473	1013.572	1013.582	1013.555	1013.604	1013.604	1013.628	1013.626	1013.641	1013.632	1013.74	1013.644	1013.734	1013.827	1013.865	1013.813	1013.81	1013.84	1013.863	1013.868	1013.939	1013.984	1013.937	1013.975	1014.001	1013.993	1014.012
1011.02	1011.115	1011.099	1011.114	1011.24	1011.141	1011.257	1011.264	1011.277	1011.303	1011.362	1011.364	1011.482	1011.502	1011.535	1011.555	1011.583	1011.649	1011.711	1011.676	1011.799	1011.919	1011.854	1011.938	1011.823	1012.013	1011.965	1012.011	1012.027	1012.017	1012.066	1012.085	1012.077	1012.129	1012.131	1012.127	1012.204	1012.176	1012.217	1012.238	1012.243	1012.283	1012.305	1012.309	1012.318	1012.338	1012.351	1012.375	1012.392	1012.414	1012.445	1012.435	1012.479	1012.466	1012.46	1012.556	1012.497	1012.584	1012.595	1012.579	1012.631	1012.681	1012.644	1012.665	1012.67	1012.756	1012.786	1012.736	1012.807	1012.74	1012.838	1012.815	1012.792	1012.831	1012.862	1012.942	1012.93	1012.938	1012.938	1012.96	1013.002	1013.009	1013.026	1013.077	1013.036	1013.084	1013.133	1013.077	1013.252	1013.141	1013.212	1013.236	1013.238	1013.27	1013.301	1013.298	1013.338	1013.318	1013.307	1013.366	1013.397	1013.467	1013.443	1013.517	1013.542	1013.484	1013.508	1013.524	1013.596	1013.592	1013.523	1013.627	1013.678	1013.657	1013.727	1013.758	1013.749	1013.789	1013.808	1013.734	1013.957	1013.822	1013.839	1013.928	1013.945	1013.909	1013.987	1013.975	1014.003	1014.012	1014.038	1014.032	1014.031	1014.049	1014.041	1014.055	1014.059
1011.051	1011.162	1011.165	1011.18	1011.257	1011.218	1011.322	1011.299	1011.382	1011.4	1011.482	1011.46	1011.543	1011.546	1011.591	1011.638	1011.686	1011.685	1011.785	1011.795	1011.864	1011.854	1011.831	1012.052	1011.9	1012.026	1012.059	1012.023	1012.088	1012.094	1012.083	1012.144	1012.125	1012.144	1012.195	1012.175	1012.237	1012.213	1012.258	1012.287	1012.282	1012.319	1012.342	1012.335	1012.367	1012.397	1012.399	1012.439	1012.434	1012.467	1012.492	1012.49	1012.528	1012.565	1012.499	1012.637	1012.574	1012.618	1012.646	1012.664	1012.662	1012.707	1012.704	1012.784	1012.725	1012.791	1012.826	1012.783	1012.882	1012.811	1012.891	1012.907	1012.916	1012.939	1012.933	1012.997	1012.981	1013.018	1013.051	1013.044	1013.094	1013.121	1013.073	1013.178	1013.157	1013.157	1013.268	1013.173	1013.289	1013.242	1013.32	1013.317	1013.314	1013.375	1013.404	1013.378	1013.426	1013.45	1013.46	1013.485	1013.499	1013.581	1013.506	1013.61	1013.604	1013.581	1013.648	1013.695	1013.687	1013.712	1013.726	1013.733	1013.799	1013.806	1013.795	1013.843	1013.87	1013.855	1013.966	1013.864	1014	1013.941	1014.008	1014.011	1014.008	1014.036	1014.04	1014.03	1014.059	1014.056	1014.076	1014.06	1014.088	1014.103	1014.085	1014.124	1014.125
1011.177	1011.173	1011.2	1011.249	1011.254	1011.337	1011.322	1011.409	1011.511	1011.473	1011.506	1011.582	1011.569	1011.66	1011.71	1011.705	1011.824	1011.748	1011.883	1011.881	1011.9	1012.015	1011.929	1012.044	1011.941	1012.03	1012.054	1012.034	1012.107	1012.119	1012.13	1012.156	1012.185	1012.194	1012.249	1012.24	1012.24	1012.277	1012.305	1012.331	1012.32	1012.347	1012.364	1012.401	1012.405	1012.434	1012.449	1012.484	1012.484	1012.509	1012.527	1012.554	1012.551	1012.635	1012.613	1012.632	1012.686	1012.682	1012.709	1012.725	1012.72	1012.761	1012.815	1012.892	1012.783	1012.837	1012.863	1012.926	1012.95	1012.922	1012.949	1012.962	1013.009	1013.028	1013.023	1013.031	1013.1	1013.123	1013.15	1013.108	1013.096	1013.239	1013.154	1013.239	1013.223	1013.231	1013.285	1013.331	1013.314	1013.375	1013.387	1013.388	1013.419	1013.466	1013.433	1013.523	1013.536	1013.516	1013.573	1013.625	1013.61	1013.625	1013.674	1013.728	1013.757	1013.759	1013.763	1013.805	1013.682	1013.724	1013.843	1013.844	1013.882	1013.929	1013.907	1013.991	1014.02	1013.984	1014.03	1014.038	1013.986	1014.016	1014.056	1014.056	1014.058	1014.091	1014.076	1014.086	1014.092	1014.094	1014.14	1014.13	1014.148	1014.163	1014.161	1014.167	1014.174
1011.208	1011.19	1011.208	1011.352	1011.318	1011.442	1011.327	1011.38	1011.493	1011.554	1011.516	1011.631	1011.611	1011.735	1011.81	1011.683	1011.918	1011.767	1011.977	1011.984	1011.987	1012.084	1011.995	1012.011	1012.059	1012.097	1012.107	1012.157	1012.124	1012.159	1012.174	1012.184	1012.216	1012.244	1012.229	1012.243	1012.281	1012.319	1012.339	1012.346	1012.408	1012.409	1012.437	1012.461	1012.456	1012.469	1012.529	1012.501	1012.559	1012.582	1012.589	1012.651	1012.562	1012.666	1012.652	1012.679	1012.735	1012.758	1012.759	1012.748	1012.789	1012.847	1012.859	1012.812	1012.9	1012.914	1012.936	1012.957	1012.949	1012.997	1013.022	1013.017	1013.037	1013.05	1013.071	1013.132	1013.23	1013.137	1013.205	1013.24	1013.245	1013.266	1013.298	1013.339	1013.369	1013.349	1013.347	1013.438	1013.426	1013.474	1013.475	1013.501	1013.547	1013.588	1013.544	1013.688	1013.66	1013.616	1013.625	1013.685	1013.73	1013.726	1013.829	1013.822	1013.797	1013.92	1013.804	1013.908	1013.996	1013.974	1013.981	1014.011	1013.897	1014.021	1014.02	1014.02	1014.032	1014.051	1014.03	1014.078	1014.092	1014.101	1014.105	1014.105	1014.131	1014.12	1014.132	1014.143	1014.15	1014.138	1014.17	1014.175	1014.181	1014.209	1014.224	1014.218	1014.233
1011.314	1011.367	1011.359	1011.408	1011.337	1011.438	1011.541	1011.558	1011.56	1011.641	1011.647	1011.78	1011.632	1011.702	1011.811	1011.767	1012.019	1011.822	1011.956	1011.99	1011.984	1012.019	1012.084	1012.106	1012.139	1012.118	1012.09	1012.153	1012.127	1012.21	1012.217	1012.203	1012.219	1012.277	1012.298	1012.362	1012.331	1012.346	1012.379	1012.398	1012.406	1012.401	1012.424	1012.459	1012.487	1012.522	1012.623	1012.542	1012.648	1012.64	1012.605	1012.686	1012.697	1012.736	1012.749	1012.766	1012.781	1012.764	1012.881	1012.884	1012.83	1012.869	1012.912	1012.887	1013.061	1012.891	1012.977	1013.048	1013.076	1013.092	1013.027	1013.151	1013.155	1013.184	1013.212	1013.187	1013.181	1013.258	1013.282	1013.312	1013.329	1013.315	1013.49	1013.347	1013.416	1013.456	1013.467	1013.489	1013.506	1013.544	1013.569	1013.582	1013.592	1013.633	1013.737	1013.643	1013.676	1013.765	1013.814	1013.762	1013.904	1013.768	1013.842	1013.89	1013.903	1013.967	1014.002	1013.959	1014.002	1013.997	1014.013	1014.077	1014.052	1014.057	1014.07	1014.059	1014.06	1014.124	1014.122	1014.106	1014.116	1014.119	1014.123	1014.146	1014.154	1014.161	1014.187	1014.162	1014.163	1014.246	1014.212	1014.242	1014.256	1014.257	1014.251	1014.255	1014.28
1011.268	1011.267	1011.283	1011.403	1011.641	1011.438	1011.52	1011.542	1011.57	1011.679	1011.509	1011.737	1011.814	1011.881	1011.915	1011.86	1011.87	1012.007	1012.002	1012.05	1012.095	1012.073	1012.115	1012.042	1012.07	1012.157	1012.217	1012.205	1012.204	1012.213	1012.224	1012.271	1012.311	1012.305	1012.284	1012.314	1012.345	1012.393	1012.434	1012.442	1012.419	1012.535	1012.524	1012.562	1012.583	1012.531	1012.588	1012.578	1012.629	1012.676	1012.703	1012.725	1012.726	1012.74	1012.737	1012.787	1012.859	1012.88	1012.792	1012.907	1012.915	1012.95	1012.986	1012.975	1013.014	1013.003	1013.124	1013.092	1013.053	1013.151	1013.12	1013.196	1013.155	1013.177	1013.246	1013.282	1013.275	1013.42	1013.278	1013.318	1013.437	1013.417	1013.44	1013.456	1013.523	1013.537	1013.543	1013.602	1013.618	1013.645	1013.662	1013.718	1013.739	1013.7	1013.761	1013.846	1013.853	1013.842	1013.83	1013.839	1013.978	1013.994	1013.989	1014.018	1014.015	1013.953	1014.072	1014.056	1014.056	1014.098	1014.103	1014.042	1014.106	1014.078	1014.112	1014.143	1014.131	1014.093	1014.139	1014.167	1014.171	1014.196	1014.22	1014.217	1014.21	1014.207	1014.256	1014.262	1014.264	1014.287	1014.216	1014.285	1014.286	1014.298	1014.329	1014.353	1014.323
1011.326	1011.422	1011.51	1011.408	1011.506	1011.514	1011.621	1011.626	1011.649	1011.818	1011.784	1011.819	1011.815	1011.807	1011.889	1012.027	1011.894	1012.078	1012.034	1012.036	1012.07	1012.067	1012.126	1012.179	1012.181	1012.178	1012.15	1012.142	1012.258	1012.254	1012.268	1012.282	1012.294	1012.317	1012.421	1012.384	1012.45	1012.443	1012.423	1012.485	1012.474	1012.525	1012.492	1012.521	1012.577	1012.609	1012.661	1012.726	1012.664	1012.702	1012.757	1012.744	1012.784	1012.845	1012.895	1012.845	1012.843	1012.954	1012.895	1012.983	1012.989	1013.005	1013.022	1013.03	1013.081	1013.115	1013.129	1013.126	1013.159	1013.257	1013.205	1013.243	1013.327	1013.323	1013.32	1013.383	1013.328	1013.365	1013.42	1013.478	1013.501	1013.455	1013.508	1013.58	1013.573	1013.576	1013.619	1013.693	1013.632	1013.744	1013.715	1013.728	1013.784	1013.846	1013.795	1013.851	1013.891	1013.902	1013.99	1014.051	1013.873	1014.042	1014.016	1014.027	1014.055	1014.066	1014.043	1014.08	1014.062	1014.089	1014.111	1014.092	1014.175	1014.146	1014.139	1014.148	1014.166	1014.204	1014.197	1014.213	1014.203	1014.214	1014.209	1014.187	1014.297	1014.254	1014.258	1014.283	1014.3	1014.3	1014.343	1014.366	1014.338	1014.35	1014.36	1014.338	1014.401
1011.303	1011.372	1011.47	1011.432	1011.623	1011.569	1011.617	1011.663	1011.65	1011.637	1011.803	1011.774	1011.91	1011.935	1011.967	1012.031	1011.952	1012.043	1012.075	1012.092	1012.126	1012.138	1012.13	1012.119	1012.154	1012.2	1012.215	1012.27	1012.243	1012.267	1012.303	1012.331	1012.349	1012.36	1012.429	1012.353	1012.435	1012.467	1012.472	1012.555	1012.495	1012.55	1012.646	1012.651	1012.641	1012.696	1012.618	1012.698	1012.713	1012.763	1012.796	1012.786	1012.925	1012.789	1012.901	1012.904	1012.904	1012.959	1012.976	1013.014	1013.009	1013.049	1013.095	1013.11	1013.147	1013.146	1013.152	1013.212	1013.241	1013.161	1013.302	1013.257	1013.331	1013.356	1013.367	1013.416	1013.463	1013.446	1013.503	1013.506	1013.508	1013.602	1013.638	1013.546	1013.614	1013.686	1013.734	1013.738	1013.725	1013.808	1013.859	1013.863	1013.847	1013.844	1013.991	1013.882	1014.001	1013.984	1014.003	1014.051	1014.012	1014.079	1014.081	1014.073	1014.085	1014.112	1014.086	1014.152	1014.139	1014.127	1014.141	1014.174	1014.153	1014.158	1014.23	1014.214	1014.193	1014.249	1014.193	1014.266	1014.251	1014.286	1014.305	1014.291	1014.309	1014.309	1014.343	1014.358	1014.357	1014.368	1014.383	1014.349	1014.376	1014.415	1014.422	1014.423	1014.447
1011.502	1011.525	1011.524	1011.522	1011.651	1011.604	1011.616	1011.742	1011.765	1011.775	1011.948	1011.82	1011.893	1011.943	1011.952	1011.998	1012.055	1012.059	1012.086	1012.082	1012.1	1012.137	1012.195	1012.169	1012.229	1012.247	1012.22	1012.269	1012.227	1012.363	1012.332	1012.355	1012.391	1012.376	1012.44	1012.438	1012.456	1012.492	1012.487	1012.513	1012.569	1012.565	1012.628	1012.619	1012.617	1012.731	1012.707	1012.783	1012.73	1012.795	1012.834	1012.807	1012.965	1012.904	1012.966	1012.977	1012.978	1013.02	1013.001	1013.066	1013.113	1013.137	1013.135	1013.141	1013.151	1013.271	1013.238	1013.234	1013.24	1013.265	1013.45	1013.356	1013.366	1013.411	1013.441	1013.449	1013.522	1013.509	1013.551	1013.618	1013.663	1013.628	1013.601	1013.663	1013.705	1013.756	1013.752	1013.786	1013.861	1013.824	1013.85	1013.967	1014	1013.899	1014.037	1013.949	1014.029	1014.032	1014.028	1014.054	1014.095	1014.047	1014.087	1014.122	1014.137	1014.132	1014.15	1014.145	1014.185	1014.177	1014.174	1014.176	1014.223	1014.2	1014.25	1014.256	1014.25	1014.287	1014.236	1014.319	1014.281	1014.304	1014.323	1014.322	1014.334	1014.354	1014.377	1014.376	1014.376	1014.414	1014.414	1014.427	1014.439	1014.459	1014.456	1014.497	1014.492
1011.439	1011.498	1011.502	1011.556	1011.536	1011.655	1011.705	1011.805	1011.769	1011.793	1011.876	1011.958	1011.978	1012.017	1012.026	1012.026	1012.057	1012.068	1012.09	1012.097	1012.132	1012.147	1012.213	1012.166	1012.236	1012.244	1012.22	1012.316	1012.252	1012.383	1012.35	1012.37	1012.418	1012.4	1012.456	1012.484	1012.486	1012.565	1012.573	1012.541	1012.644	1012.602	1012.669	1012.664	1012.678	1012.75	1012.703	1012.835	1012.782	1012.837	1012.879	1012.857	1012.916	1012.941	1012.974	1012.983	1013.018	1013.079	1013.064	1013.106	1013.14	1013.142	1013.14	1013.228	1013.197	1013.288	1013.298	1013.294	1013.365	1013.415	1013.36	1013.426	1013.443	1013.44	1013.457	1013.514	1013.541	1013.579	1013.569	1013.635	1013.664	1013.639	1013.697	1013.744	1013.765	1013.842	1013.854	1013.848	1013.845	1013.936	1013.896	1014.003	1014.028	1014.004	1014.045	1014.045	1014.064	1014.088	1014.09	1014.079	1014.12	1014.1	1014.103	1014.141	1014.155	1014.154	1014.212	1014.185	1014.211	1014.229	1014.227	1014.217	1014.283	1014.252	1014.259	1014.268	1014.281	1014.301	1014.301	1014.314	1014.31	1014.364	1014.387	1014.369	1014.413	1014.402	1014.419	1014.421	1014.43	1014.458	1014.451	1014.479	1014.488	1014.539	1014.548	1014.53	1014.525
1011.492	1011.55	1011.545	1011.623	1011.564	1011.668	1011.72	1011.801	1011.763	1011.843	1011.804	1011.991	1011.978	1012.019	1012.047	1012.053	1012.045	1012.114	1012.121	1012.135	1012.17	1012.159	1012.238	1012.18	1012.24	1012.247	1012.249	1012.346	1012.28	1012.355	1012.348	1012.361	1012.408	1012.431	1012.47	1012.504	1012.509	1012.59	1012.602	1012.569	1012.669	1012.622	1012.695	1012.67	1012.683	1012.788	1012.738	1012.853	1012.871	1012.929	1012.925	1012.925	1012.957	1012.968	1012.999	1013.071	1013.108	1013.103	1013.126	1013.144	1013.198	1013.199	1013.173	1013.252	1013.271	1013.283	1013.318	1013.296	1013.362	1013.461	1013.369	1013.49	1013.475	1013.469	1013.533	1013.616	1013.545	1013.658	1013.643	1013.678	1013.707	1013.705	1013.803	1013.77	1013.86	1013.938	1013.914	1013.92	1013.858	1013.993	1013.968	1013.983	1014.016	1014.039	1014.027	1014.079	1014.074	1014.099	1014.125	1014.118	1014.116	1014.168	1014.159	1014.171	1014.188	1014.185	1014.197	1014.228	1014.224	1014.244	1014.284	1014.282	1014.279	1014.299	1014.305	1014.316	1014.332	1014.331	1014.371	1014.35	1014.361	1014.414	1014.419	1014.401	1014.454	1014.426	1014.453	1014.461	1014.471	1014.498	1014.497	1014.523	1014.509	1014.561	1014.581	1014.549	1014.579
1011.527	1011.593	1011.581	1011.642	1011.69	1011.66	1011.733	1011.829	1011.778	1011.902	1011.892	1011.949	1011.946	1012	1012.028	1012.064	1012.049	1012.149	1012.119	1012.133	1012.163	1012.157	1012.266	1012.218	1012.267	1012.29	1012.295	1012.337	1012.332	1012.374	1012.398	1012.406	1012.439	1012.49	1012.472	1012.531	1012.555	1012.569	1012.574	1012.601	1012.67	1012.645	1012.721	1012.687	1012.672	1012.83	1012.825	1012.834	1012.891	1012.937	1012.924	1012.951	1013.022	1013.001	1013.029	1013.107	1013.159	1013.096	1013.18	1013.171	1013.249	1013.293	1013.264	1013.255	1013.362	1013.334	1013.397	1013.36	1013.353	1013.464	1013.499	1013.512	1013.464	1013.55	1013.619	1013.656	1013.589	1013.704	1013.677	1013.713	1013.738	1013.727	1013.842	1013.755	1013.922	1013.895	1013.855	1013.997	1013.995	1013.994	1014.035	1014.037	1014.035	1014.077	1014.036	1014.091	1014.09	1014.105	1014.128	1014.158	1014.142	1014.189	1014.198	1014.212	1014.23	1014.231	1014.198	1014.258	1014.245	1014.256	1014.299	1014.33	1014.29	1014.346	1014.328	1014.337	1014.382	1014.376	1014.4	1014.407	1014.403	1014.413	1014.417	1014.44	1014.463	1014.46	1014.49	1014.495	1014.514	1014.551	1014.529	1014.581	1014.558	1014.57	1014.588	1014.598	1014.645
1011.428	1011.533	1011.594	1011.57	1011.681	1011.687	1011.833	1011.877	1011.766	1011.769	1012.005	1011.929	1012.029	1012.047	1012.053	1012.099	1012.046	1012.116	1012.121	1012.156	1012.189	1012.163	1012.233	1012.216	1012.249	1012.284	1012.309	1012.316	1012.412	1012.37	1012.391	1012.425	1012.457	1012.524	1012.477	1012.533	1012.553	1012.563	1012.588	1012.66	1012.681	1012.692	1012.776	1012.808	1012.812	1012.826	1012.834	1012.827	1012.864	1012.935	1012.991	1012.986	1012.984	1013.059	1013.05	1013.072	1013.113	1013.128	1013.22	1013.192	1013.202	1013.268	1013.313	1013.309	1013.432	1013.348	1013.411	1013.447	1013.466	1013.488	1013.497	1013.444	1013.532	1013.625	1013.65	1013.61	1013.676	1013.718	1013.684	1013.746	1013.79	1013.737	1013.92	1013.817	1013.892	1013.865	1013.856	1014.008	1014.034	1014.006	1014.074	1014.071	1014.06	1014.099	1014.107	1014.097	1014.121	1014.132	1014.129	1014.165	1014.209	1014.168	1014.221	1014.227	1014.23	1014.275	1014.29	1014.286	1014.311	1014.313	1014.313	1014.338	1014.358	1014.382	1014.321	1014.351	1014.413	1014.433	1014.392	1014.434	1014.45	1014.464	1014.47	1014.52	1014.505	1014.535	1014.535	1014.542	1014.566	1014.612	1014.545	1014.609	1014.615	1014.616	1014.625	1014.66	1014.678
1011.507	1011.546	1011.634	1011.648	1011.692	1011.657	1011.663	1011.789	1011.891	1011.9	1012.049	1011.892	1012.032	1012.031	1012.018	1012.1	1012.072	1012.139	1012.143	1012.151	1012.184	1012.221	1012.216	1012.271	1012.252	1012.29	1012.342	1012.34	1012.381	1012.323	1012.416	1012.463	1012.471	1012.493	1012.524	1012.573	1012.574	1012.614	1012.653	1012.638	1012.648	1012.734	1012.695	1012.758	1012.826	1012.779	1012.874	1012.958	1012.906	1012.929	1012.989	1013.049	1013.011	1013.105	1013.127	1013.151	1013.191	1013.213	1013.105	1013.283	1013.282	1013.305	1013.333	1013.317	1013.347	1013.407	1013.426	1013.453	1013.484	1013.496	1013.556	1013.617	1013.617	1013.599	1013.607	1013.673	1013.7	1013.717	1013.744	1013.794	1013.828	1013.806	1013.922	1013.881	1013.875	1013.966	1014.021	1013.979	1013.97	1014.051	1014.039	1014.048	1014.069	1014.07	1014.126	1014.119	1014.143	1014.17	1014.165	1014.136	1014.235	1014.194	1014.242	1014.246	1014.243	1014.256	1014.294	1014.27	1014.325	1014.344	1014.348	1014.362	1014.357	1014.374	1014.421	1014.436	1014.427	1014.428	1014.476	1014.468	1014.473	1014.487	1014.489	1014.491	1014.5	1014.552	1014.553	1014.58	1014.595	1014.593	1014.642	1014.641	1014.631	1014.662	1014.687	1014.665	1014.727
1011.481	1011.493	1011.534	1011.595	1011.588	1011.854	1011.734	1011.788	1011.862	1011.755	1011.935	1011.915	1012.033	1012.042	1012.047	1012.106	1012.061	1012.127	1012.156	1012.155	1012.176	1012.23	1012.172	1012.303	1012.284	1012.296	1012.318	1012.313	1012.412	1012.44	1012.443	1012.436	1012.458	1012.523	1012.523	1012.562	1012.573	1012.593	1012.631	1012.672	1012.685	1012.801	1012.765	1012.784	1012.845	1012.875	1012.9	1012.822	1012.925	1012.972	1012.966	1013.004	1013.111	1013.03	1013.092	1013.103	1013.134	1013.246	1013.197	1013.293	1013.268	1013.278	1013.34	1013.398	1013.354	1013.477	1013.452	1013.454	1013.495	1013.522	1013.531	1013.512	1013.553	1013.621	1013.692	1013.729	1013.592	1013.733	1013.783	1013.784	1013.824	1013.897	1013.74	1013.993	1013.972	1013.932	1013.958	1014.018	1014.049	1014.088	1014.025	1014.073	1014.142	1014.103	1014.106	1014.155	1014.13	1014.164	1014.21	1014.21	1014.228	1014.232	1014.215	1014.259	1014.313	1014.319	1014.314	1014.368	1014.35	1014.336	1014.358	1014.408	1014.435	1014.402	1014.42	1014.42	1014.426	1014.462	1014.497	1014.477	1014.499	1014.528	1014.558	1014.588	1014.628	1014.603	1014.59	1014.612	1014.62	1014.594	1014.682	1014.674	1014.677	1014.708	1014.723	1014.703	1014.751
1011.552	1011.578	1011.638	1011.761	1011.517	1011.737	1011.717	1011.803	1011.876	1011.85	1012.041	1011.99	1011.973	1012.013	1012.044	1012.066	1012.104	1012.092	1012.141	1012.173	1012.2	1012.233	1012.201	1012.25	1012.255	1012.304	1012.36	1012.36	1012.375	1012.362	1012.407	1012.465	1012.511	1012.535	1012.511	1012.556	1012.632	1012.635	1012.647	1012.731	1012.675	1012.652	1012.752	1012.797	1012.797	1012.819	1012.931	1012.896	1012.962	1013.007	1013.003	1013.013	1013.104	1013.056	1013.172	1013.187	1013.167	1013.22	1013.269	1013.238	1013.319	1013.345	1013.354	1013.389	1013.405	1013.392	1013.43	1013.506	1013.546	1013.526	1013.607	1013.592	1013.675	1013.679	1013.627	1013.636	1013.785	1013.759	1013.791	1013.764	1013.802	1013.943	1013.835	1013.928	1013.965	1013.974	1014.017	1014.061	1013.972	1014.038	1014.077	1014.071	1014.068	1014.103	1014.136	1014.158	1014.186	1014.183	1014.183	1014.222	1014.18	1014.295	1014.286	1014.268	1014.276	1014.293	1014.29	1014.336	1014.347	1014.383	1014.399	1014.358	1014.404	1014.45	1014.443	1014.47	1014.502	1014.507	1014.456	1014.521	1014.547	1014.548	1014.539	1014.553	1014.532	1014.593	1014.608	1014.633	1014.657	1014.691	1014.664	1014.663	1014.732	1014.73	1014.738	1014.816	1014.734
1011.508	1011.458	1011.46	1011.662	1011.621	1011.745	1011.71	1011.774	1011.857	1011.88	1011.89	1011.934	1011.989	1012.039	1012.056	1012.039	1012.135	1012.109	1012.134	1012.154	1012.153	1012.17	1012.249	1012.264	1012.283	1012.278	1012.296	1012.337	1012.395	1012.405	1012.452	1012.478	1012.455	1012.457	1012.585	1012.543	1012.593	1012.631	1012.658	1012.668	1012.746	1012.767	1012.747	1012.79	1012.841	1012.897	1012.862	1012.982	1012.926	1012.949	1012.995	1013.032	1013.06	1013.089	1013.052	1013.111	1013.182	1013.193	1013.256	1013.26	1013.325	1013.334	1013.332	1013.374	1013.431	1013.467	1013.473	1013.509	1013.5	1013.494	1013.604	1013.564	1013.594	1013.668	1013.684	1013.695	1013.789	1013.655	1013.833	1013.857	1013.801	1013.78	1013.955	1013.872	1013.946	1014.003	1014.021	1014.017	1014.068	1014.054	1014.089	1014.089	1014.103	1014.161	1014.158	1014.089	1014.181	1014.191	1014.186	1014.267	1014.225	1014.249	1014.274	1014.283	1014.321	1014.348	1014.361	1014.363	1014.359	1014.375	1014.394	1014.415	1014.453	1014.442	1014.476	1014.478	1014.467	1014.477	1014.533	1014.543	1014.54	1014.567	1014.593	1014.629	1014.629	1014.654	1014.652	1014.651	1014.642	1014.664	1014.72	1014.717	1014.761	1014.744	1014.747	1014.809	1014.784
1011.514	1011.515	1011.533	1011.624	1011.58	1011.688	1011.713	1011.73	1011.784	1011.856	1011.874	1011.983	1011.914	1012.004	1012.05	1012.07	1012.078	1012.086	1012.121	1012.175	1012.188	1012.194	1012.213	1012.21	1012.288	1012.294	1012.319	1012.367	1012.36	1012.395	1012.411	1012.472	1012.485	1012.499	1012.54	1012.55	1012.565	1012.619	1012.674	1012.676	1012.702	1012.729	1012.75	1012.77	1012.811	1012.891	1012.793	1012.944	1012.982	1012.994	1013.021	1013.024	1013.014	1013.174	1013.11	1013.154	1013.232	1013.179	1013.28	1013.272	1013.263	1013.294	1013.381	1013.448	1013.375	1013.443	1013.456	1013.505	1013.517	1013.564	1013.544	1013.615	1013.591	1013.661	1013.685	1013.653	1013.759	1013.815	1013.827	1013.831	1013.808	1013.837	1013.921	1013.912	1013.925	1013.995	1014.003	1013.988	1014.091	1014.029	1014.057	1014.117	1014.148	1014.107	1014.158	1014.148	1014.153	1014.177	1014.18	1014.223	1014.242	1014.292	1014.293	1014.299	1014.333	1014.309	1014.332	1014.359	1014.411	1014.411	1014.396	1014.424	1014.462	1014.429	1014.476	1014.505	1014.501	1014.529	1014.53	1014.54	1014.592	1014.605	1014.578	1014.571	1014.628	1014.608	1014.63	1014.716	1014.736	1014.688	1014.74	1014.722	1014.726	1014.748	1014.78	1014.765	1014.85
1011.497	1011.47	1011.488	1011.59	1011.615	1011.643	1011.703	1011.727	1011.769	1011.859	1011.831	1011.932	1011.91	1011.966	1012.03	1012.052	1012.048	1012.101	1012.079	1012.129	1012.153	1012.165	1012.222	1012.235	1012.281	1012.264	1012.288	1012.346	1012.311	1012.399	1012.4	1012.455	1012.479	1012.498	1012.479	1012.599	1012.596	1012.567	1012.611	1012.675	1012.732	1012.699	1012.831	1012.837	1012.783	1012.853	1012.867	1012.893	1012.933	1012.927	1012.945	1013.038	1013.024	1013.117	1013.132	1013.169	1013.198	1013.157	1013.272	1013.229	1013.271	1013.274	1013.343	1013.401	1013.379	1013.451	1013.484	1013.522	1013.51	1013.562	1013.493	1013.65	1013.612	1013.618	1013.643	1013.675	1013.7	1013.799	1013.776	1013.781	1013.866	1013.91	1013.821	1013.961	1013.935	1013.97	1013.991	1013.993	1014.013	1014.042	1014.056	1014.11	1014.127	1014.108	1014.152	1014.166	1014.166	1014.23	1014.247	1014.225	1014.236	1014.287	1014.28	1014.291	1014.34	1014.33	1014.386	1014.337	1014.386	1014.43	1014.425	1014.429	1014.449	1014.459	1014.457	1014.484	1014.505	1014.535	1014.517	1014.578	1014.598	1014.604	1014.583	1014.612	1014.662	1014.656	1014.645	1014.714	1014.721	1014.712	1014.726	1014.791	1014.769	1014.772	1014.799	1014.779	1014.862
