1004.309	1004.354	1004.344	1004.332	1004.377	1004.344	1004.322	1004.378	1004.382	1004.371	1004.381	1004.367	1004.407	1004.404	1004.404	1004.431	1004.437	1004.424	1004.43	1004.489	1004.454	1004.498	1004.526	1004.509	1004.462	1004.494	1004.593	1004.505	1004.586	1004.534	1004.594	1004.554	1004.529	1004.617	1004.634	1004.592	1004.644	1004.609	1004.668	1004.638	1004.614	1004.597	1004.669	1004.715	1004.687	1004.697	1004.681	1004.697	1004.722	1004.746	1004.779	1004.778	1004.759	1004.767	1004.788	1004.814	1004.829	1004.82	1004.84	1004.866	1004.915	1004.957	1004.979	1004.948	1004.981	1004.947	1005.024	1005.015	1004.996	1004.947	1004.999	1005.056	1005.042	1005.116	1005.095	1005.107	1005.144	1005.105	1005.106	1005.183	1005.169	1005.2	1005.2	1005.162	1005.241	1005.244	1005.26	1005.332	1005.268	1005.189	1005.287	1005.243	1005.283	1005.247	1005.295	1005.287	1005.298	1005.322	1005.291	1005.381	1005.402	1005.311	1005.41	1005.395	1005.47	1005.47	1005.4	1005.499	1005.403	1005.499	1005.473	1005.475	1005.496	1005.456	1005.509	1005.611	1005.574	1005.575	1005.671	1005.559	1005.664	1005.598	1005.581	1005.606	1005.628	1005.704	1005.783	1005.67	1005.863	1005.7	1005.863	1006.002	1005.957	1005.923	1005.889	1005.876	1005.91
1004.325	1004.354	1004.346	1004.322	1004.36	1004.322	1004.31	1004.369	1004.386	1004.365	1004.382	1004.405	1004.417	1004.445	1004.441	1004.417	1004.423	1004.451	1004.465	1004.455	1004.451	1004.544	1004.471	1004.461	1004.529	1004.568	1004.592	1004.521	1004.596	1004.544	1004.633	1004.587	1004.553	1004.609	1004.625	1004.639	1004.63	1004.686	1004.641	1004.656	1004.678	1004.651	1004.7	1004.745	1004.748	1004.729	1004.72	1004.781	1004.771	1004.812	1004.856	1004.834	1004.814	1004.835	1004.905	1004.791	1004.947	1004.877	1004.937	1004.96	1004.936	1004.991	1005.064	1004.954	1005.082	1005.045	1005.1	1005.133	1005.106	1005.097	1005.151	1005.154	1005.217	1005.167	1005.219	1005.233	1005.239	1005.194	1005.199	1005.28	1005.286	1005.305	1005.28	1005.344	1005.377	1005.351	1005.382	1005.36	1005.291	1005.33	1005.405	1005.344	1005.449	1005.381	1005.434	1005.422	1005.377	1005.412	1005.43	1005.514	1005.474	1005.536	1005.583	1005.517	1005.609	1005.65	1005.569	1005.653	1005.535	1005.715	1005.596	1005.632	1005.614	1005.567	1005.576	1005.699	1005.782	1005.703	1005.845	1005.803	1005.824	1005.881	1005.846	1005.894	1005.917	1005.841	1005.967	1005.964	1005.95	1005.877	1005.847	1006.001	1006.002	1005.98	1006.013	1006.005	1006.005
1004.352	1004.32	1004.293	1004.341	1004.402	1004.385	1004.369	1004.37	1004.391	1004.409	1004.398	1004.399	1004.402	1004.477	1004.459	1004.428	1004.42	1004.474	1004.467	1004.498	1004.499	1004.519	1004.416	1004.478	1004.556	1004.574	1004.555	1004.573	1004.617	1004.623	1004.645	1004.549	1004.63	1004.694	1004.662	1004.676	1004.608	1004.729	1004.697	1004.746	1004.701	1004.736	1004.8	1004.797	1004.718	1004.739	1004.804	1004.799	1004.785	1004.878	1004.85	1004.827	1004.848	1004.911	1005.023	1004.906	1005.002	1004.965	1005.052	1005.025	1004.998	1005	1005.059	1005.076	1005.155	1005.162	1005.149	1005.229	1005.223	1005.198	1005.237	1005.267	1005.402	1005.218	1005.413	1005.348	1005.341	1005.386	1005.385	1005.398	1005.438	1005.458	1005.44	1005.492	1005.442	1005.475	1005.46	1005.422	1005.41	1005.557	1005.495	1005.496	1005.59	1005.563	1005.629	1005.628	1005.569	1005.548	1005.68	1005.677	1005.626	1005.701	1005.659	1005.637	1005.651	1005.708	1005.732	1005.759	1005.747	1005.854	1005.748	1005.92	1005.782	1005.868	1005.893	1005.78	1005.949	1005.898	1005.888	1006.005	1005.982	1006.006	1006.007	1006.011	1006.022	1006.013	1006.016	1006.018	1005.991	1006.026	1006.009	1006.017	1006.018	1006.013	1006.029	1006.028	1006.034
1004.289	1004.338	1004.35	1004.386	1004.341	1004.312	1004.328	1004.361	1004.387	1004.351	1004.373	1004.413	1004.458	1004.438	1004.442	1004.459	1004.463	1004.468	1004.451	1004.539	1004.479	1004.505	1004.564	1004.562	1004.558	1004.584	1004.654	1004.589	1004.547	1004.562	1004.647	1004.643	1004.738	1004.734	1004.638	1004.686	1004.726	1004.789	1004.689	1004.736	1004.728	1004.802	1004.799	1004.748	1004.777	1004.872	1004.818	1004.867	1004.887	1004.907	1004.862	1004.893	1004.973	1004.91	1004.939	1005.043	1005.024	1005.075	1005.092	1005.05	1005.108	1005.16	1005.082	1005.311	1005.078	1005.272	1005.32	1005.324	1005.319	1005.359	1005.439	1005.437	1005.395	1005.375	1005.495	1005.407	1005.496	1005.504	1005.509	1005.559	1005.57	1005.536	1005.548	1005.568	1005.666	1005.669	1005.602	1005.63	1005.671	1005.617	1005.67	1005.846	1005.632	1005.765	1005.717	1005.756	1005.805	1005.777	1005.816	1005.795	1005.951	1005.87	1005.845	1005.963	1005.859	1005.905	1005.985	1005.887	1006.004	1006.002	1005.95	1006.025	1006.007	1006.018	1006.02	1006.01	1006.012	1006.02	1006.018	1006.019	1006.016	1006.019	1006.024	1006.023	1006.026	1006.043	1006.023	1006.05	1006.032	1006.048	1006.043	1006.049	1006.052	1006.051	1006.049	1006.047	1006.058
1004.339	1004.323	1004.252	1004.277	1004.374	1004.401	1004.399	1004.386	1004.384	1004.378	1004.482	1004.376	1004.43	1004.426	1004.452	1004.452	1004.442	1004.517	1004.525	1004.478	1004.528	1004.541	1004.499	1004.509	1004.585	1004.621	1004.541	1004.514	1004.801	1004.679	1004.71	1004.659	1004.63	1004.666	1004.737	1004.769	1004.691	1004.722	1004.744	1004.835	1004.847	1004.833	1004.779	1004.8	1004.912	1004.836	1004.813	1004.981	1004.924	1004.921	1004.984	1004.981	1004.977	1005.095	1005.135	1005.082	1005.072	1005.104	1005.206	1005.191	1005.21	1005.266	1005.199	1005.437	1005.225	1005.527	1005.322	1005.383	1005.419	1005.45	1005.501	1005.458	1005.536	1005.705	1005.547	1005.612	1005.745	1005.681	1005.675	1005.737	1005.652	1005.721	1005.795	1005.738	1005.73	1005.703	1005.747	1005.808	1005.839	1005.818	1005.87	1005.837	1005.679	1005.946	1005.848	1005.892	1005.978	1005.961	1006.001	1005.976	1006.001	1006.009	1006.012	1006.003	1006.006	1006.02	1006.023	1006.017	1006.017	1006.026	1006.021	1006.013	1006.028	1006.022	1006.022	1006.037	1006.031	1006.022	1006.051	1006.03	1006.057	1006.04	1006.053	1006.054	1006.041	1006.06	1006.035	1006.068	1006.067	1006.058	1006.071	1006.07	1006.064	1006.07	1006.081	1006.071	1006.101
1004.271	1004.258	1004.397	1004.361	1004.326	1004.29	1004.287	1004.327	1004.369	1004.361	1004.404	1004.371	1004.449	1004.449	1004.478	1004.489	1004.466	1004.477	1004.469	1004.497	1004.542	1004.558	1004.562	1004.616	1004.613	1004.579	1004.665	1004.67	1004.613	1004.553	1004.643	1004.706	1004.776	1004.799	1004.74	1004.689	1004.785	1004.873	1004.858	1004.762	1004.757	1004.844	1004.928	1004.918	1004.845	1004.901	1005.112	1004.917	1004.984	1004.998	1005.066	1005.066	1005.026	1005.099	1005.078	1005.046	1005.315	1005.141	1005.226	1005.239	1005.252	1005.352	1005.375	1005.376	1005.378	1005.505	1005.421	1005.621	1005.608	1005.563	1005.662	1005.678	1005.731	1005.551	1005.75	1005.757	1005.722	1005.762	1005.811	1005.815	1005.816	1005.931	1005.759	1005.892	1005.953	1005.976	1006.004	1005.976	1005.925	1006.011	1005.956	1006.005	1006.024	1006.007	1006.011	1006.018	1006.013	1006.013	1006.027	1006.028	1006.024	1006.019	1006.034	1006.03	1006.039	1006.035	1006.026	1006.047	1006.039	1006.026	1006.066	1006.039	1006.06	1006.06	1006.053	1006.061	1006.063	1006.058	1006.088	1006.044	1006.084	1006.061	1006.07	1006.082	1006.076	1006.091	1006.097	1006.078	1006.08	1006.107	1006.101	1006.102	1006.107	1006.106	1006.109	1006.102	1006.089
1004.34	1004.255	1004.262	1004.268	1004.323	1004.358	1004.396	1004.408	1004.373	1004.383	1004.395	1004.461	1004.448	1004.425	1004.431	1004.466	1004.494	1004.503	1004.488	1004.599	1004.46	1004.54	1004.557	1004.581	1004.575	1004.581	1004.644	1004.605	1004.627	1004.835	1004.776	1004.701	1004.716	1004.722	1004.724	1004.84	1004.907	1004.732	1004.814	1004.89	1004.964	1004.924	1004.862	1004.877	1004.975	1005.015	1004.98	1004.95	1005.129	1005.043	1005.033	1005.155	1005.224	1005.168	1005.273	1005.232	1005.237	1005.265	1005.339	1005.376	1005.393	1005.448	1005.487	1005.545	1005.605	1005.575	1005.65	1005.606	1005.62	1005.749	1005.84	1005.703	1005.91	1005.754	1006.002	1005.905	1006	1006.005	1006	1005.991	1006.004	1006.002	1006.006	1006.013	1006.012	1006.005	1006.01	1006.018	1006.024	1006.022	1006.022	1006.026	1006.018	1006.017	1006.033	1006.032	1006.038	1006.047	1006.033	1006.026	1006.058	1006.04	1006.051	1006.044	1006.05	1006.059	1006.061	1006.062	1006.063	1006.067	1006.056	1006.075	1006.058	1006.071	1006.08	1006.075	1006.084	1006.081	1006.085	1006.097	1006.093	1006.113	1006.109	1006.108	1006.11	1006.098	1006.098	1006.132	1006.116	1006.127	1006.111	1006.12	1006.136	1006.129	1006.13	1006.16	1006.135
1004.228	1004.283	1004.282	1004.32	1004.335	1004.281	1004.29	1004.324	1004.318	1004.41	1004.381	1004.415	1004.398	1004.457	1004.483	1004.482	1004.472	1004.499	1004.471	1004.534	1004.515	1004.599	1004.567	1004.575	1004.614	1004.632	1004.6	1004.664	1004.722	1004.675	1004.686	1004.735	1004.791	1004.81	1004.823	1004.836	1004.817	1004.912	1004.957	1004.821	1004.874	1004.979	1004.982	1004.993	1005.02	1005.003	1005.049	1005.166	1004.962	1005.094	1005.179	1005.225	1005.208	1005.231	1005.313	1005.36	1005.287	1005.478	1005.42	1005.456	1005.502	1005.535	1005.574	1005.623	1005.662	1005.658	1005.763	1005.785	1005.877	1005.971	1005.93	1005.914	1006.007	1005.954	1006.007	1006.003	1006.013	1006.006	1006.006	1006.02	1006.021	1006.018	1006.031	1006.022	1006.03	1006.036	1006.032	1006.035	1006.039	1006.027	1006.049	1006.042	1006.046	1006.063	1006.06	1006.054	1006.056	1006.062	1006.059	1006.068	1006.065	1006.063	1006.073	1006.075	1006.072	1006.079	1006.088	1006.084	1006.079	1006.12	1006.072	1006.131	1006.102	1006.107	1006.116	1006.108	1006.123	1006.118	1006.107	1006.142	1006.101	1006.131	1006.129	1006.129	1006.157	1006.157	1006.14	1006.148	1006.143	1006.152	1006.163	1006.151	1006.157	1006.17	1006.18	1006.165	1006.171
1004.217	1004.273	1004.249	1004.279	1004.305	1004.279	1004.35	1004.395	1004.343	1004.382	1004.358	1004.45	1004.436	1004.382	1004.419	1004.479	1004.502	1004.507	1004.526	1004.508	1004.535	1004.536	1004.646	1004.619	1004.573	1004.557	1004.659	1004.702	1004.686	1004.741	1004.785	1004.722	1004.77	1004.794	1004.805	1004.882	1004.942	1004.935	1004.881	1004.929	1004.988	1005.054	1005.02	1005.017	1005.059	1005.174	1005.06	1005.206	1005.087	1005.207	1005.265	1005.278	1005.308	1005.376	1005.319	1005.476	1005.453	1005.535	1005.533	1005.569	1005.578	1005.581	1005.731	1005.698	1005.797	1005.852	1005.892	1005.938	1006.001	1006.001	1005.976	1006.014	1006.004	1006.018	1006.024	1006.025	1006.025	1006.024	1006.032	1006.043	1006.037	1006.051	1006.039	1006.054	1006.049	1006.051	1006.05	1006.054	1006.056	1006.057	1006.071	1006.058	1006.074	1006.072	1006.076	1006.079	1006.081	1006.08	1006.083	1006.09	1006.078	1006.108	1006.097	1006.103	1006.103	1006.088	1006.085	1006.123	1006.103	1006.139	1006.118	1006.143	1006.142	1006.142	1006.148	1006.145	1006.147	1006.149	1006.142	1006.155	1006.149	1006.156	1006.163	1006.163	1006.184	1006.174	1006.195	1006.17	1006.206	1006.185	1006.183	1006.181	1006.188	1006.201	1006.209	1006.189	1006.235
1004.189	1004.236	1004.225	1004.262	1004.282	1004.281	1004.36	1004.347	1004.335	1004.367	1004.384	1004.397	1004.426	1004.404	1004.427	1004.483	1004.465	1004.45	1004.529	1004.475	1004.566	1004.516	1004.602	1004.607	1004.56	1004.62	1004.689	1004.697	1004.691	1004.777	1004.748	1004.721	1004.883	1004.902	1004.856	1004.926	1004.959	1004.936	1004.951	1004.967	1005.051	1005.065	1005.022	1005.111	1005.134	1005.243	1005.116	1005.228	1005.309	1005.343	1005.385	1005.388	1005.352	1005.362	1005.448	1005.546	1005.513	1005.574	1005.599	1005.635	1005.647	1005.714	1005.83	1005.792	1005.954	1005.934	1006.008	1006.01	1006.021	1006.021	1006.017	1006.028	1006.024	1006.05	1006.035	1006.047	1006.042	1006.049	1006.056	1006.055	1006.055	1006.073	1006.046	1006.083	1006.064	1006.07	1006.083	1006.086	1006.083	1006.086	1006.089	1006.086	1006.098	1006.097	1006.102	1006.078	1006.083	1006.112	1006.116	1006.114	1006.115	1006.126	1006.131	1006.13	1006.145	1006.129	1006.118	1006.144	1006.14	1006.148	1006.167	1006.148	1006.161	1006.153	1006.16	1006.183	1006.182	1006.186	1006.204	1006.181	1006.21	1006.205	1006.204	1006.203	1006.219	1006.211	1006.237	1006.197	1006.24	1006.232	1006.227	1006.242	1006.25	1006.232	1006.243	1006.232	1006.271
1004.164	1004.204	1004.206	1004.253	1004.244	1004.251	1004.31	1004.292	1004.318	1004.325	1004.386	1004.361	1004.393	1004.413	1004.438	1004.46	1004.44	1004.45	1004.528	1004.457	1004.562	1004.531	1004.574	1004.589	1004.628	1004.697	1004.683	1004.735	1004.75	1004.761	1004.721	1004.808	1004.993	1004.951	1004.893	1004.949	1004.954	1004.98	1005.091	1004.998	1005.126	1005.146	1005.071	1005.184	1005.181	1005.195	1005.295	1005.247	1005.364	1005.356	1005.416	1005.467	1005.413	1005.474	1005.643	1005.556	1005.631	1005.691	1005.69	1005.727	1005.84	1005.89	1005.916	1005.929	1006.013	1005.981	1006.024	1006.019	1006.031	1006.041	1006.035	1006.046	1006.05	1006.064	1006.049	1006.065	1006.063	1006.069	1006.075	1006.074	1006.074	1006.084	1006.083	1006.096	1006.083	1006.1	1006.112	1006.113	1006.107	1006.108	1006.112	1006.118	1006.119	1006.124	1006.135	1006.107	1006.116	1006.15	1006.141	1006.139	1006.159	1006.13	1006.16	1006.158	1006.173	1006.193	1006.183	1006.172	1006.2	1006.168	1006.208	1006.184	1006.208	1006.2	1006.199	1006.223	1006.223	1006.223	1006.243	1006.226	1006.251	1006.254	1006.252	1006.227	1006.243	1006.253	1006.25	1006.268	1006.252	1006.272	1006.266	1006.285	1006.303	1006.279	1006.293	1006.289	1006.283
1004.143	1004.164	1004.17	1004.213	1004.212	1004.24	1004.302	1004.309	1004.311	1004.275	1004.349	1004.38	1004.378	1004.38	1004.394	1004.428	1004.435	1004.476	1004.53	1004.49	1004.533	1004.522	1004.568	1004.585	1004.632	1004.695	1004.661	1004.772	1004.714	1004.781	1004.818	1004.887	1004.895	1004.852	1004.874	1004.954	1005.017	1004.999	1005.088	1005.081	1005.283	1005.236	1005.171	1005.246	1005.29	1005.22	1005.427	1005.281	1005.381	1005.463	1005.446	1005.482	1005.56	1005.678	1005.691	1005.646	1005.813	1005.77	1005.734	1005.853	1005.969	1006.006	1006.007	1006.011	1006.029	1006.02	1006.038	1006.029	1006.044	1006.053	1006.057	1006.073	1006.066	1006.068	1006.079	1006.084	1006.078	1006.094	1006.103	1006.11	1006.111	1006.096	1006.131	1006.106	1006.126	1006.135	1006.129	1006.132	1006.134	1006.133	1006.14	1006.138	1006.144	1006.144	1006.161	1006.164	1006.172	1006.183	1006.164	1006.167	1006.183	1006.167	1006.173	1006.171	1006.181	1006.199	1006.225	1006.198	1006.253	1006.198	1006.24	1006.228	1006.247	1006.253	1006.252	1006.25	1006.253	1006.265	1006.251	1006.279	1006.269	1006.298	1006.311	1006.278	1006.283	1006.316	1006.266	1006.364	1006.287	1006.328	1006.309	1006.314	1006.332	1006.318	1006.328	1006.351	1006.323
1004.081	1004.117	1004.143	1004.208	1004.224	1004.222	1004.23	1004.211	1004.233	1004.324	1004.306	1004.319	1004.34	1004.353	1004.413	1004.43	1004.409	1004.416	1004.435	1004.517	1004.527	1004.505	1004.566	1004.59	1004.621	1004.69	1004.722	1004.757	1004.678	1004.873	1004.751	1004.841	1004.93	1004.971	1005.022	1004.931	1005.098	1004.999	1005.075	1005.25	1005.17	1005.166	1005.235	1005.333	1005.47	1005.347	1005.326	1005.429	1005.607	1005.572	1005.473	1005.522	1005.662	1005.76	1005.655	1005.884	1005.801	1005.733	1005.911	1006.002	1006.007	1006.01	1006.026	1006.027	1006.034	1006.047	1006.052	1006.061	1006.075	1006.078	1006.08	1006.094	1006.084	1006.101	1006.102	1006.078	1006.094	1006.116	1006.115	1006.11	1006.136	1006.12	1006.158	1006.128	1006.161	1006.144	1006.153	1006.163	1006.154	1006.155	1006.171	1006.161	1006.187	1006.191	1006.186	1006.193	1006.197	1006.198	1006.231	1006.22	1006.183	1006.262	1006.181	1006.234	1006.245	1006.237	1006.253	1006.243	1006.262	1006.248	1006.285	1006.278	1006.286	1006.303	1006.313	1006.302	1006.292	1006.334	1006.293	1006.342	1006.306	1006.311	1006.34	1006.344	1006.36	1006.408	1006.321	1006.384	1006.334	1006.394	1006.376	1006.388	1006.395	1006.363	1006.339	1006.397	1006.396
1004.047	1004.121	1004.125	1004.139	1004.16	1004.18	1004.255	1004.293	1004.253	1004.298	1004.267	1004.298	1004.328	1004.325	1004.337	1004.339	1004.376	1004.482	1004.488	1004.437	1004.497	1004.53	1004.533	1004.569	1004.627	1004.652	1004.654	1004.741	1004.772	1004.888	1004.811	1005.007	1004.964	1004.886	1004.946	1004.961	1005.101	1005.134	1005.173	1005.176	1005.146	1005.291	1005.374	1005.323	1005.275	1005.446	1005.482	1005.573	1005.462	1005.501	1005.679	1005.819	1005.778	1005.793	1005.908	1005.984	1005.854	1006.017	1006.008	1006.011	1006.028	1006.039	1006.043	1006.052	1006.059	1006.07	1006.067	1006.08	1006.084	1006.093	1006.106	1006.105	1006.112	1006.124	1006.103	1006.147	1006.142	1006.143	1006.146	1006.147	1006.165	1006.149	1006.165	1006.164	1006.184	1006.17	1006.186	1006.18	1006.171	1006.212	1006.206	1006.217	1006.184	1006.207	1006.224	1006.222	1006.229	1006.231	1006.218	1006.264	1006.199	1006.305	1006.251	1006.287	1006.274	1006.264	1006.288	1006.293	1006.299	1006.328	1006.3	1006.307	1006.342	1006.328	1006.328	1006.352	1006.34	1006.356	1006.362	1006.349	1006.387	1006.389	1006.385	1006.379	1006.366	1006.374	1006.415	1006.392	1006.416	1006.419	1006.394	1006.405	1006.418	1006.438	1006.486	1006.429	1006.47
1004.007	1004.05	1004.06	1004.12	1004.173	1004.15	1004.136	1004.154	1004.164	1004.181	1004.245	1004.285	1004.284	1004.306	1004.36	1004.391	1004.382	1004.358	1004.406	1004.483	1004.498	1004.517	1004.547	1004.584	1004.625	1004.665	1004.702	1004.801	1004.738	1004.79	1004.839	1004.866	1004.86	1004.943	1005.118	1005.155	1005.024	1005.061	1005.142	1005.179	1005.377	1005.286	1005.266	1005.466	1005.545	1005.546	1005.439	1005.544	1005.73	1005.789	1005.701	1005.665	1005.794	1005.965	1005.925	1005.933	1006.003	1006.018	1006.015	1006.036	1006.049	1006.04	1006.047	1006.067	1006.074	1006.077	1006.094	1006.103	1006.104	1006.114	1006.126	1006.126	1006.134	1006.153	1006.132	1006.162	1006.132	1006.148	1006.171	1006.165	1006.169	1006.187	1006.215	1006.199	1006.206	1006.207	1006.219	1006.222	1006.234	1006.258	1006.191	1006.281	1006.263	1006.257	1006.274	1006.254	1006.277	1006.296	1006.243	1006.341	1006.31	1006.275	1006.311	1006.308	1006.314	1006.342	1006.353	1006.33	1006.359	1006.343	1006.386	1006.375	1006.393	1006.394	1006.398	1006.416	1006.411	1006.394	1006.464	1006.408	1006.412	1006.422	1006.421	1006.454	1006.481	1006.438	1006.495	1006.41	1006.493	1006.457	1006.495	1006.527	1006.498	1006.476	1006.505	1006.46	1006.553
1004.014	1004.025	1004.072	1004.08	1004.085	1004.122	1004.153	1004.158	1004.217	1004.229	1004.21	1004.196	1004.239	1004.294	1004.295	1004.315	1004.365	1004.397	1004.458	1004.446	1004.477	1004.481	1004.538	1004.562	1004.586	1004.639	1004.67	1004.681	1004.778	1004.826	1004.879	1004.851	1004.978	1005.003	1004.923	1004.963	1005.157	1005.179	1005.332	1005.213	1005.296	1005.323	1005.438	1005.571	1005.418	1005.494	1005.666	1005.699	1005.678	1005.715	1005.819	1005.974	1006.008	1005.994	1005.983	1006.031	1006.032	1006.024	1006.051	1006.057	1006.051	1006.063	1006.093	1006.077	1006.1	1006.101	1006.115	1006.112	1006.13	1006.135	1006.131	1006.161	1006.147	1006.171	1006.178	1006.177	1006.207	1006.217	1006.201	1006.197	1006.228	1006.216	1006.224	1006.223	1006.243	1006.244	1006.248	1006.249	1006.253	1006.269	1006.305	1006.267	1006.285	1006.285	1006.315	1006.306	1006.294	1006.306	1006.33	1006.295	1006.336	1006.352	1006.369	1006.355	1006.367	1006.37	1006.359	1006.389	1006.439	1006.368	1006.451	1006.424	1006.408	1006.438	1006.439	1006.425	1006.464	1006.477	1006.424	1006.515	1006.474	1006.511	1006.491	1006.479	1006.498	1006.492	1006.523	1006.501	1006.547	1006.522	1006.527	1006.533	1006.559	1006.59	1006.571	1006.631	1006.563
1003.888	1003.865	1004.023	1004.049	1004.049	1004.074	1004.099	1004.1	1004.121	1004.121	1004.172	1004.21	1004.211	1004.257	1004.298	1004.32	1004.349	1004.372	1004.422	1004.375	1004.483	1004.478	1004.524	1004.571	1004.604	1004.636	1004.683	1004.697	1004.822	1004.74	1004.878	1004.876	1004.839	1004.89	1005.077	1005.235	1005.169	1005.046	1005.258	1005.355	1005.392	1005.455	1005.546	1005.523	1005.51	1005.724	1005.579	1005.745	1005.778	1005.878	1005.899	1005.98	1006.001	1006.004	1006.035	1006.018	1006.034	1006.057	1006.063	1006.065	1006.066	1006.081	1006.083	1006.089	1006.133	1006.112	1006.155	1006.138	1006.154	1006.163	1006.165	1006.196	1006.178	1006.201	1006.205	1006.21	1006.219	1006.212	1006.209	1006.238	1006.252	1006.243	1006.278	1006.269	1006.272	1006.277	1006.281	1006.295	1006.303	1006.286	1006.355	1006.293	1006.357	1006.342	1006.34	1006.401	1006.39	1006.35	1006.405	1006.356	1006.424	1006.397	1006.388	1006.405	1006.417	1006.424	1006.446	1006.479	1006.45	1006.482	1006.469	1006.504	1006.501	1006.484	1006.491	1006.51	1006.495	1006.564	1006.485	1006.578	1006.495	1006.552	1006.578	1006.573	1006.588	1006.589	1006.596	1006.595	1006.602	1006.614	1006.643	1006.603	1006.628	1006.653	1006.58	1006.687	1006.598
1003.819	1003.885	1003.896	1004.002	1004.04	1004.045	1004.058	1004.095	1004.121	1004.152	1004.141	1004.152	1004.18	1004.215	1004.263	1004.296	1004.323	1004.34	1004.387	1004.415	1004.432	1004.449	1004.497	1004.555	1004.576	1004.597	1004.67	1004.691	1004.76	1004.81	1004.861	1004.963	1004.926	1004.974	1005.146	1005.053	1005.073	1005.303	1005.262	1005.367	1005.373	1005.446	1005.552	1005.578	1005.619	1005.661	1005.598	1005.851	1005.827	1005.954	1005.981	1006.018	1006.036	1006.025	1006.04	1006.036	1006.066	1006.073	1006.073	1006.08	1006.088	1006.092	1006.112	1006.133	1006.148	1006.127	1006.169	1006.166	1006.182	1006.2	1006.205	1006.214	1006.212	1006.244	1006.221	1006.251	1006.25	1006.252	1006.27	1006.289	1006.281	1006.306	1006.295	1006.307	1006.305	1006.358	1006.344	1006.337	1006.346	1006.337	1006.36	1006.372	1006.365	1006.401	1006.374	1006.421	1006.443	1006.434	1006.444	1006.415	1006.468	1006.425	1006.462	1006.459	1006.47	1006.474	1006.493	1006.509	1006.479	1006.574	1006.52	1006.54	1006.571	1006.544	1006.582	1006.624	1006.539	1006.626	1006.56	1006.633	1006.592	1006.605	1006.631	1006.64	1006.666	1006.647	1006.679	1006.642	1006.718	1006.661	1006.706	1006.683	1006.685	1006.693	1006.694	1006.756	1006.71
1003.746	1003.689	1003.787	1003.813	1003.947	1004.018	1004.034	1004.034	1004.049	1004.099	1004.102	1004.127	1004.179	1004.212	1004.207	1004.251	1004.322	1004.366	1004.339	1004.399	1004.375	1004.473	1004.509	1004.527	1004.551	1004.583	1004.628	1004.701	1004.699	1004.834	1004.775	1004.868	1004.949	1005.007	1005.122	1005.119	1005.16	1005.318	1005.252	1005.417	1005.46	1005.535	1005.619	1005.605	1005.605	1005.713	1005.84	1005.914	1005.879	1006.003	1006.013	1006.03	1006.044	1006.031	1006.054	1006.067	1006.079	1006.086	1006.088	1006.091	1006.103	1006.123	1006.154	1006.139	1006.153	1006.173	1006.166	1006.176	1006.191	1006.214	1006.233	1006.251	1006.245	1006.277	1006.254	1006.286	1006.285	1006.287	1006.306	1006.319	1006.332	1006.352	1006.309	1006.371	1006.337	1006.381	1006.423	1006.414	1006.417	1006.432	1006.399	1006.478	1006.397	1006.452	1006.446	1006.426	1006.449	1006.479	1006.479	1006.488	1006.519	1006.489	1006.532	1006.517	1006.578	1006.58	1006.545	1006.574	1006.574	1006.579	1006.604	1006.577	1006.624	1006.65	1006.698	1006.698	1006.653	1006.705	1006.641	1006.698	1006.681	1006.706	1006.711	1006.722	1006.726	1006.687	1006.791	1006.682	1006.815	1006.756	1006.783	1006.806	1006.806	1006.818	1006.844	1006.804	1006.832
1003.629	1003.515	1003.72	1003.714	1003.796	1003.946	1003.962	1003.963	1004.013	1004.053	1004.071	1004.113	1004.149	1004.173	1004.162	1004.199	1004.28	1004.336	1004.295	1004.38	1004.36	1004.466	1004.482	1004.504	1004.567	1004.609	1004.623	1004.731	1004.674	1004.784	1004.767	1004.859	1004.937	1004.973	1005.087	1005.183	1005.204	1005.213	1005.356	1005.489	1005.483	1005.557	1005.616	1005.598	1005.695	1005.798	1005.855	1005.89	1005.969	1006.003	1006.011	1006.026	1006.037	1006.051	1006.076	1006.078	1006.091	1006.104	1006.109	1006.113	1006.14	1006.162	1006.173	1006.165	1006.179	1006.211	1006.189	1006.228	1006.244	1006.245	1006.271	1006.286	1006.282	1006.294	1006.311	1006.324	1006.337	1006.342	1006.355	1006.369	1006.368	1006.369	1006.376	1006.404	1006.389	1006.383	1006.43	1006.438	1006.441	1006.492	1006.439	1006.519	1006.482	1006.516	1006.504	1006.484	1006.501	1006.528	1006.542	1006.562	1006.569	1006.567	1006.593	1006.589	1006.658	1006.665	1006.628	1006.642	1006.671	1006.613	1006.712	1006.665	1006.68	1006.71	1006.719	1006.718	1006.738	1006.742	1006.731	1006.797	1006.757	1006.8	1006.808	1006.817	1006.818	1006.762	1006.88	1006.77	1006.861	1006.837	1006.86	1006.878	1006.888	1006.897	1006.938	1006.889	1006.948
1003.486	1003.508	1003.618	1003.578	1003.688	1003.799	1003.814	1003.862	1004.025	1004.04	1004.049	1004.081	1004.103	1004.146	1004.146	1004.186	1004.228	1004.273	1004.291	1004.359	1004.368	1004.395	1004.435	1004.475	1004.547	1004.617	1004.613	1004.71	1004.708	1004.743	1004.826	1004.905	1004.963	1004.991	1005.037	1005.077	1005.187	1005.29	1005.486	1005.432	1005.429	1005.556	1005.605	1005.609	1005.769	1005.837	1005.81	1005.935	1006.014	1006.009	1006.04	1006.056	1006.052	1006.085	1006.085	1006.085	1006.12	1006.125	1006.118	1006.136	1006.166	1006.182	1006.17	1006.221	1006.202	1006.22	1006.237	1006.282	1006.271	1006.274	1006.284	1006.288	1006.326	1006.314	1006.357	1006.341	1006.377	1006.382	1006.398	1006.434	1006.413	1006.41	1006.496	1006.398	1006.498	1006.474	1006.477	1006.485	1006.464	1006.518	1006.498	1006.516	1006.573	1006.572	1006.538	1006.573	1006.592	1006.591	1006.622	1006.612	1006.615	1006.63	1006.621	1006.654	1006.638	1006.646	1006.699	1006.679	1006.733	1006.74	1006.774	1006.772	1006.773	1006.771	1006.78	1006.781	1006.808	1006.793	1006.826	1006.897	1006.839	1006.898	1006.867	1006.883	1006.948	1006.887	1006.932	1006.922	1006.927	1006.936	1006.955	1006.956	1006.972	1006.982	1007	1007.029	1007.052
1003.337	1003.442	1003.411	1003.445	1003.53	1003.654	1003.776	1003.798	1003.846	1003.901	1004.025	1004.051	1004.143	1004.128	1004.1	1004.152	1004.232	1004.274	1004.319	1004.285	1004.383	1004.402	1004.461	1004.473	1004.497	1004.568	1004.646	1004.606	1004.769	1004.76	1004.787	1004.834	1004.917	1004.994	1005.071	1005.087	1005.313	1005.304	1005.296	1005.379	1005.525	1005.612	1005.674	1005.68	1005.684	1005.8	1006.011	1005.998	1006.001	1006.015	1006.06	1006.069	1006.059	1006.083	1006.079	1006.123	1006.128	1006.115	1006.159	1006.169	1006.183	1006.194	1006.184	1006.241	1006.206	1006.271	1006.299	1006.293	1006.296	1006.317	1006.337	1006.314	1006.395	1006.34	1006.398	1006.382	1006.401	1006.399	1006.399	1006.435	1006.469	1006.443	1006.569	1006.433	1006.603	1006.516	1006.518	1006.547	1006.545	1006.549	1006.608	1006.6	1006.568	1006.626	1006.626	1006.653	1006.659	1006.657	1006.716	1006.661	1006.69	1006.747	1006.671	1006.752	1006.699	1006.705	1006.812	1006.774	1006.824	1006.858	1006.792	1006.89	1006.88	1006.86	1006.896	1006.917	1006.889	1006.971	1006.894	1006.915	1006.953	1006.958	1006.945	1006.951	1006.983	1007.019	1006.982	1007.066	1007.042	1007.054	1007.078	1007.056	1007.077	1007.118	1007.096	1007.131	1007.087
1003.187	1003.289	1003.455	1003.57	1003.475	1003.538	1003.677	1003.745	1003.892	1004.011	1004.055	1003.977	1004.004	1004.058	1004.105	1004.17	1004.208	1004.194	1004.295	1004.301	1004.419	1004.384	1004.396	1004.456	1004.502	1004.532	1004.606	1004.607	1004.697	1004.703	1004.811	1004.943	1004.98	1004.98	1005.064	1005.163	1005.204	1005.208	1005.471	1005.541	1005.469	1005.496	1005.614	1005.757	1005.842	1005.875	1005.907	1005.862	1006.026	1006.059	1006.058	1006.054	1006.08	1006.118	1006.118	1006.133	1006.13	1006.158	1006.192	1006.185	1006.198	1006.238	1006.248	1006.251	1006.259	1006.316	1006.268	1006.34	1006.353	1006.346	1006.372	1006.378	1006.423	1006.393	1006.462	1006.458	1006.458	1006.508	1006.51	1006.492	1006.547	1006.455	1006.545	1006.553	1006.554	1006.545	1006.588	1006.611	1006.61	1006.601	1006.553	1006.704	1006.643	1006.697	1006.681	1006.682	1006.699	1006.704	1006.712	1006.753	1006.72	1006.798	1006.766	1006.821	1006.849	1006.84	1006.827	1006.835	1006.879	1006.849	1006.963	1006.921	1006.924	1006.943	1006.971	1006.985	1006.94	1007.044	1006.987	1007.082	1007.082	1006.965	1007.048	1007.088	1007.042	1007.133	1007.116	1007.083	1007.094	1007.125	1007.179	1007.192	1007.196	1007.203	1007.218	1007.275	1007.232
1003.326	1003.428	1003.165	1003.252	1003.378	1003.542	1003.578	1003.596	1003.724	1003.67	1003.703	1004.043	1004.032	1004.077	1004.078	1004.098	1004.17	1004.214	1004.297	1004.283	1004.3	1004.364	1004.399	1004.459	1004.515	1004.529	1004.561	1004.698	1004.691	1004.76	1004.804	1004.802	1004.91	1005.004	1005.055	1005.155	1005.212	1005.423	1005.344	1005.327	1005.481	1005.739	1005.76	1005.663	1005.801	1005.877	1006.002	1006.045	1006.022	1006.022	1006.052	1006.097	1006.109	1006.084	1006.122	1006.126	1006.18	1006.182	1006.168	1006.211	1006.243	1006.231	1006.242	1006.3	1006.292	1006.33	1006.324	1006.375	1006.364	1006.369	1006.429	1006.433	1006.423	1006.502	1006.435	1006.51	1006.48	1006.502	1006.52	1006.507	1006.566	1006.613	1006.574	1006.62	1006.587	1006.654	1006.654	1006.602	1006.655	1006.806	1006.67	1006.744	1006.697	1006.733	1006.767	1006.791	1006.828	1006.816	1006.766	1006.889	1006.791	1006.832	1006.939	1006.858	1006.876	1006.918	1006.929	1006.993	1007.028	1006.898	1007.086	1006.946	1007.067	1007.086	1007.075	1007.137	1007.163	1007.071	1007.119	1007.077	1007.163	1007.178	1007.211	1007.206	1007.178	1007.209	1007.198	1007.266	1007.327	1007.285	1007.271	1007.278	1007.312	1007.332	1007.338	1007.387	1007.289
1002.833	1003.298	1003.252	1003.4	1003.383	1003.419	1003.524	1003.614	1003.711	1003.88	1003.844	1003.854	1003.881	1004.021	1004.06	1004.107	1004.169	1004.194	1004.188	1004.305	1004.325	1004.363	1004.404	1004.413	1004.484	1004.556	1004.575	1004.635	1004.633	1004.743	1004.836	1004.881	1004.958	1004.995	1005.037	1005.153	1005.178	1005.311	1005.316	1005.553	1005.515	1005.549	1005.653	1005.773	1005.9	1005.925	1005.944	1006.009	1006.019	1006.09	1006.097	1006.089	1006.105	1006.132	1006.198	1006.154	1006.178	1006.194	1006.237	1006.255	1006.257	1006.27	1006.307	1006.337	1006.304	1006.364	1006.391	1006.364	1006.402	1006.433	1006.437	1006.457	1006.452	1006.553	1006.473	1006.567	1006.571	1006.573	1006.631	1006.658	1006.597	1006.646	1006.621	1006.66	1006.682	1006.649	1006.693	1006.758	1006.766	1006.706	1006.752	1006.787	1006.799	1006.83	1006.849	1006.831	1006.816	1006.841	1006.883	1006.845	1006.966	1006.895	1006.941	1006.991	1007.006	1007.03	1007.034	1006.987	1007.024	1007.065	1007.094	1007.09	1007.151	1007.138	1007.118	1007.159	1007.18	1007.174	1007.336	1007.197	1007.225	1007.271	1007.235	1007.287	1007.356	1007.316	1007.328	1007.33	1007.263	1007.346	1007.426	1007.431	1007.434	1007.464	1007.439	1007.446	1007.563
1002.991	1003.241	1003.113	1003.199	1003.266	1003.352	1003.472	1003.542	1003.498	1003.667	1003.699	1003.786	1003.992	1004.023	1004.058	1004.105	1004.133	1004.182	1004.233	1004.273	1004.305	1004.297	1004.381	1004.456	1004.501	1004.532	1004.555	1004.646	1004.724	1004.726	1004.766	1004.849	1004.914	1004.952	1005.033	1005.143	1005.18	1005.367	1005.344	1005.421	1005.486	1005.649	1005.782	1005.776	1005.777	1005.975	1006.008	1006.033	1006.039	1006.075	1006.081	1006.098	1006.149	1006.158	1006.159	1006.161	1006.222	1006.203	1006.253	1006.243	1006.255	1006.306	1006.32	1006.328	1006.406	1006.366	1006.426	1006.406	1006.461	1006.484	1006.462	1006.558	1006.493	1006.534	1006.571	1006.517	1006.59	1006.61	1006.635	1006.67	1006.679	1006.699	1006.739	1006.722	1006.761	1006.759	1006.729	1006.773	1006.837	1006.802	1006.928	1006.806	1006.898	1006.86	1006.892	1006.995	1006.988	1006.966	1007.045	1006.92	1007.061	1007.036	1007.022	1007.089	1007.043	1007.057	1007.15	1007.165	1007.168	1007.222	1007.148	1007.297	1007.218	1007.288	1007.33	1007.303	1007.292	1007.325	1007.251	1007.381	1007.335	1007.383	1007.433	1007.449	1007.414	1007.354	1007.497	1007.466	1007.532	1007.493	1007.521	1007.542	1007.562	1007.584	1007.647	1007.561	1007.62
1003.016	1003.091	1003.177	1003.198	1003.332	1003.389	1003.355	1003.361	1003.549	1003.605	1003.676	1003.763	1003.937	1003.91	1004.015	1004.085	1004.112	1004.162	1004.218	1004.207	1004.31	1004.341	1004.339	1004.414	1004.456	1004.488	1004.567	1004.587	1004.677	1004.735	1004.803	1004.828	1004.903	1005.014	1005.107	1005.127	1005.198	1005.311	1005.388	1005.423	1005.616	1005.688	1005.677	1005.696	1005.882	1006.007	1006.002	1006.044	1006.048	1006.081	1006.097	1006.114	1006.141	1006.162	1006.209	1006.194	1006.23	1006.224	1006.266	1006.273	1006.282	1006.312	1006.342	1006.353	1006.438	1006.374	1006.466	1006.44	1006.489	1006.536	1006.558	1006.572	1006.542	1006.567	1006.63	1006.599	1006.644	1006.68	1006.684	1006.706	1006.758	1006.738	1006.789	1006.812	1006.787	1006.926	1006.867	1006.84	1006.884	1006.873	1006.938	1006.881	1007.017	1006.995	1006.974	1007.048	1007.037	1007.044	1007.106	1007.121	1007.087	1007.118	1007.136	1007.098	1007.123	1007.155	1007.202	1007.238	1007.194	1007.312	1007.239	1007.37	1007.35	1007.383	1007.349	1007.301	1007.406	1007.496	1007.35	1007.517	1007.431	1007.497	1007.524	1007.532	1007.508	1007.548	1007.609	1007.505	1007.652	1007.614	1007.671	1007.692	1007.676	1007.687	1007.747	1007.716	1007.795
1003.03	1002.939	1003.152	1003.164	1003.26	1003.392	1003.361	1003.376	1003.536	1003.541	1003.698	1003.737	1003.856	1003.891	1003.93	1004.046	1004.097	1004.138	1004.196	1004.247	1004.287	1004.355	1004.36	1004.445	1004.487	1004.5	1004.56	1004.603	1004.685	1004.725	1004.814	1004.857	1004.9	1004.999	1005.057	1005.087	1005.227	1005.207	1005.411	1005.434	1005.593	1005.618	1005.6	1005.794	1005.928	1006.006	1006.015	1006.048	1006.061	1006.088	1006.099	1006.12	1006.159	1006.189	1006.213	1006.198	1006.23	1006.276	1006.293	1006.318	1006.333	1006.343	1006.395	1006.381	1006.425	1006.42	1006.46	1006.459	1006.488	1006.537	1006.553	1006.55	1006.619	1006.643	1006.628	1006.724	1006.732	1006.743	1006.739	1006.749	1006.768	1006.819	1006.805	1006.918	1006.855	1006.945	1006.976	1006.943	1006.981	1006.969	1007.009	1007.052	1007.052	1007.068	1007.081	1007.048	1007.04	1007.127	1007.12	1007.215	1007.174	1007.195	1007.281	1007.224	1007.305	1007.329	1007.3	1007.37	1007.287	1007.423	1007.357	1007.377	1007.402	1007.425	1007.395	1007.481	1007.559	1007.53	1007.552	1007.604	1007.604	1007.672	1007.602	1007.618	1007.672	1007.657	1007.747	1007.733	1007.779	1007.775	1007.817	1007.734	1007.717	1007.83	1007.842	1007.849	1007.928
1002.971	1002.946	1003.016	1003.1	1003.167	1003.302	1003.342	1003.382	1003.489	1003.513	1003.66	1003.728	1003.806	1003.907	1003.962	1004.035	1004.102	1004.143	1004.171	1004.294	1004.247	1004.336	1004.36	1004.443	1004.48	1004.5	1004.556	1004.605	1004.704	1004.721	1004.786	1004.869	1004.925	1005.021	1005.077	1005.092	1005.252	1005.214	1005.414	1005.419	1005.603	1005.627	1005.631	1005.863	1005.873	1006.014	1006.037	1006.048	1006.07	1006.098	1006.104	1006.144	1006.189	1006.196	1006.183	1006.253	1006.224	1006.296	1006.284	1006.304	1006.349	1006.367	1006.42	1006.4	1006.448	1006.498	1006.481	1006.556	1006.584	1006.567	1006.588	1006.593	1006.652	1006.702	1006.662	1006.781	1006.772	1006.788	1006.823	1006.834	1006.829	1006.947	1006.86	1006.949	1006.934	1006.976	1007.008	1006.974	1007.018	1007.061	1007.091	1007.124	1007.129	1007.133	1007.187	1007.149	1007.124	1007.214	1007.193	1007.267	1007.3	1007.265	1007.365	1007.345	1007.43	1007.436	1007.394	1007.479	1007.392	1007.47	1007.483	1007.477	1007.537	1007.561	1007.512	1007.598	1007.662	1007.589	1007.728	1007.648	1007.725	1007.727	1007.671	1007.756	1007.812	1007.772	1007.879	1007.89	1007.879	1007.891	1007.954	1007.868	1007.915	1008.005	1007.988	1008.005	1008.005
1002.818	1003.06	1002.941	1003.122	1003.189	1003.223	1003.263	1003.336	1003.444	1003.542	1003.567	1003.702	1003.769	1003.829	1004.005	1004.063	1004.109	1004.164	1004.158	1004.254	1004.259	1004.35	1004.352	1004.417	1004.458	1004.497	1004.556	1004.571	1004.658	1004.736	1004.766	1004.852	1004.896	1004.99	1005.107	1005.11	1005.224	1005.246	1005.402	1005.401	1005.632	1005.621	1005.661	1005.846	1005.869	1006.018	1006.018	1006.048	1006.082	1006.11	1006.149	1006.184	1006.215	1006.216	1006.192	1006.323	1006.224	1006.309	1006.306	1006.324	1006.37	1006.393	1006.412	1006.442	1006.477	1006.524	1006.524	1006.642	1006.628	1006.611	1006.639	1006.688	1006.666	1006.733	1006.778	1006.757	1006.788	1006.835	1006.871	1006.944	1006.942	1007.004	1006.971	1006.979	1007.01	1007.068	1007.1	1007.056	1007.048	1007.137	1007.159	1007.096	1007.27	1007.209	1007.258	1007.319	1007.29	1007.303	1007.349	1007.336	1007.385	1007.344	1007.398	1007.415	1007.425	1007.443	1007.436	1007.474	1007.494	1007.534	1007.578	1007.613	1007.66	1007.717	1007.678	1007.639	1007.739	1007.768	1007.797	1007.75	1007.865	1007.804	1007.875	1007.971	1007.991	1007.999	1007.991	1007.904	1007.993	1007.964	1008.009	1008.012	1008.017	1008.022	1008.013	1008.03	1008.012
1002.677	1003.039	1002.895	1003.021	1003.079	1003.14	1003.229	1003.326	1003.362	1003.466	1003.524	1003.587	1003.721	1003.77	1004.019	1004.074	1004.064	1004.139	1004.166	1004.237	1004.272	1004.314	1004.355	1004.422	1004.462	1004.503	1004.584	1004.611	1004.617	1004.767	1004.763	1004.858	1004.887	1004.944	1005.049	1005.103	1005.243	1005.245	1005.396	1005.462	1005.565	1005.53	1005.646	1005.891	1005.996	1006.003	1005.967	1006.071	1006.086	1006.105	1006.153	1006.17	1006.174	1006.253	1006.223	1006.277	1006.25	1006.375	1006.344	1006.34	1006.375	1006.411	1006.431	1006.495	1006.488	1006.522	1006.589	1006.576	1006.619	1006.679	1006.693	1006.738	1006.789	1006.752	1006.868	1006.755	1006.87	1006.881	1006.882	1006.984	1007.019	1006.942	1007.105	1007.086	1007.048	1007.086	1007.147	1007.19	1007.215	1007.192	1007.276	1007.226	1007.305	1007.23	1007.271	1007.412	1007.418	1007.377	1007.494	1007.378	1007.437	1007.497	1007.474	1007.548	1007.531	1007.572	1007.614	1007.539	1007.737	1007.705	1007.647	1007.71	1007.673	1007.811	1007.863	1007.801	1007.834	1007.821	1007.865	1007.89	1007.997	1007.97	1008.007	1008.011	1008.004	1008.02	1008.016	1008.017	1008.038	1008.014	1008.029	1008.034	1008.04	1008.042	1008.038	1008.066	1008.006
1002.731	1002.838	1002.916	1003.058	1003.092	1003.17	1003.236	1003.327	1003.356	1003.382	1003.653	1003.55	1003.787	1003.784	1003.88	1003.993	1004.053	1004.138	1004.123	1004.211	1004.237	1004.302	1004.394	1004.425	1004.44	1004.465	1004.5	1004.611	1004.628	1004.733	1004.738	1004.854	1004.919	1004.982	1005.077	1005.135	1005.297	1005.214	1005.343	1005.395	1005.519	1005.659	1005.753	1005.778	1005.746	1005.948	1006.066	1006.054	1006.097	1006.107	1006.148	1006.19	1006.209	1006.252	1006.221	1006.293	1006.348	1006.327	1006.338	1006.394	1006.447	1006.465	1006.46	1006.464	1006.581	1006.562	1006.633	1006.603	1006.657	1006.72	1006.718	1006.744	1006.907	1006.731	1006.917	1006.907	1006.961	1006.995	1007.005	1007.031	1007.051	1007.08	1007.07	1007.036	1007.15	1007.202	1007.179	1007.212	1007.277	1007.216	1007.311	1007.381	1007.234	1007.439	1007.424	1007.399	1007.407	1007.421	1007.479	1007.473	1007.557	1007.571	1007.545	1007.642	1007.621	1007.635	1007.723	1007.695	1007.732	1007.648	1007.752	1007.866	1007.819	1007.834	1007.841	1007.864	1007.985	1007.891	1008.02	1007.983	1008.001	1008.008	1008.011	1008.021	1008.029	1008.029	1008.019	1008.042	1008.026	1008.032	1008.064	1008.051	1008.06	1008.075	1008.045	1008.094	1008.064
1002.97	1002.733	1002.891	1002.92	1002.971	1003.048	1003.071	1003.178	1003.442	1003.321	1003.55	1003.425	1003.653	1003.752	1003.916	1004.019	1004.057	1004.077	1004.113	1004.207	1004.242	1004.297	1004.332	1004.331	1004.427	1004.556	1004.535	1004.603	1004.586	1004.738	1004.803	1004.858	1004.872	1004.945	1005.045	1005.049	1005.182	1005.287	1005.443	1005.47	1005.546	1005.577	1005.634	1005.803	1006.017	1006.002	1006.029	1006.009	1006.122	1006.138	1006.133	1006.173	1006.207	1006.216	1006.303	1006.303	1006.298	1006.331	1006.4	1006.429	1006.404	1006.442	1006.541	1006.504	1006.633	1006.551	1006.607	1006.695	1006.683	1006.709	1006.795	1006.811	1006.825	1006.875	1006.937	1006.923	1006.914	1006.987	1007.066	1007.037	1007.018	1007.199	1007.099	1007.235	1007.152	1007.202	1007.26	1007.267	1007.332	1007.422	1007.275	1007.48	1007.396	1007.442	1007.45	1007.486	1007.596	1007.598	1007.545	1007.681	1007.559	1007.602	1007.663	1007.698	1007.742	1007.77	1007.765	1007.824	1007.827	1007.945	1007.943	1007.811	1007.913	1008.002	1008.001	1008.001	1008.011	1007.969	1008.026	1008.01	1008.04	1008.041	1008.03	1008.032	1008.047	1008.043	1008.066	1008.062	1008.075	1008.071	1008.083	1008.068	1008.075	1008.093	1008.069	1008.091	1008.119
1002.598	1002.716	1002.939	1002.944	1002.974	1003.133	1003.184	1003.2	1003.314	1003.254	1003.523	1003.577	1003.686	1003.649	1003.798	1003.897	1003.977	1004.087	1004.16	1004.144	1004.215	1004.237	1004.35	1004.396	1004.413	1004.432	1004.465	1004.606	1004.614	1004.713	1004.72	1004.848	1004.921	1004.989	1005.07	1005.154	1005.266	1005.25	1005.29	1005.424	1005.536	1005.674	1005.743	1005.798	1005.877	1005.815	1006.072	1006.106	1006.101	1006.122	1006.156	1006.214	1006.243	1006.253	1006.318	1006.285	1006.364	1006.413	1006.386	1006.425	1006.483	1006.508	1006.549	1006.535	1006.569	1006.685	1006.659	1006.692	1006.726	1006.766	1006.827	1006.847	1006.824	1007.012	1006.881	1006.987	1007.092	1007.065	1007.082	1007.148	1007.155	1007.205	1007.085	1007.321	1007.207	1007.227	1007.325	1007.304	1007.289	1007.423	1007.359	1007.438	1007.487	1007.445	1007.57	1007.578	1007.556	1007.573	1007.598	1007.677	1007.646	1007.756	1007.783	1007.68	1007.778	1007.838	1007.819	1007.901	1007.836	1007.874	1007.92	1008.003	1008.001	1008.003	1008.012	1008.018	1008.021	1008.037	1008.031	1008.044	1008.039	1008.039	1008.05	1008.061	1008.058	1008.058	1008.086	1008.035	1008.105	1008.077	1008.082	1008.108	1008.098	1008.089	1008.141	1008.106	1008.126
1002.706	1002.828	1002.753	1002.975	1002.944	1002.941	1003.022	1003.147	1003.234	1003.358	1003.413	1003.396	1003.561	1003.614	1003.776	1003.927	1004.025	1004.08	1004.086	1004.119	1004.224	1004.226	1004.284	1004.318	1004.378	1004.485	1004.552	1004.572	1004.574	1004.751	1004.765	1004.866	1004.907	1004.967	1005.022	1005.095	1005.179	1005.328	1005.387	1005.53	1005.542	1005.639	1005.762	1005.8	1005.877	1006.022	1006.027	1006.057	1006.099	1006.147	1006.165	1006.197	1006.234	1006.29	1006.299	1006.359	1006.367	1006.366	1006.391	1006.447	1006.499	1006.488	1006.482	1006.634	1006.583	1006.666	1006.697	1006.708	1006.807	1006.843	1006.827	1006.897	1006.903	1006.955	1006.974	1006.984	1007.045	1007.093	1007.129	1007.139	1007.121	1007.248	1007.257	1007.226	1007.383	1007.35	1007.311	1007.331	1007.396	1007.353	1007.518	1007.442	1007.538	1007.571	1007.628	1007.619	1007.619	1007.713	1007.766	1007.692	1007.793	1007.716	1007.815	1007.819	1007.842	1007.871	1007.899	1008.001	1007.955	1008.013	1007.981	1008.023	1008.019	1008.023	1008.033	1008.035	1008.026	1008.061	1008.03	1008.07	1008.056	1008.071	1008.066	1008.068	1008.085	1008.093	1008.111	1008.094	1008.112	1008.132	1008.113	1008.127	1008.122	1008.111	1008.145	1008.116	1008.165
1002.556	1002.829	1002.719	1002.894	1002.972	1002.991	1003.081	1003.182	1003.179	1003.277	1003.325	1003.481	1003.533	1003.64	1003.728	1003.835	1004.002	1004.039	1004.108	1004.158	1004.153	1004.207	1004.308	1004.339	1004.381	1004.465	1004.486	1004.546	1004.609	1004.682	1004.745	1004.827	1004.883	1004.988	1005.057	1005.133	1005.188	1005.332	1005.302	1005.473	1005.626	1005.675	1005.775	1005.864	1005.877	1006.014	1006.016	1006.091	1006.123	1006.102	1006.157	1006.222	1006.265	1006.309	1006.296	1006.379	1006.358	1006.398	1006.486	1006.497	1006.515	1006.55	1006.539	1006.615	1006.624	1006.656	1006.739	1006.742	1006.811	1006.862	1006.886	1006.927	1006.941	1006.951	1007.073	1007.068	1007.075	1007.131	1007.158	1007.13	1007.2	1007.19	1007.336	1007.288	1007.353	1007.408	1007.364	1007.435	1007.524	1007.403	1007.598	1007.45	1007.612	1007.602	1007.619	1007.654	1007.67	1007.708	1007.752	1007.697	1007.882	1007.776	1007.898	1007.832	1007.877	1007.953	1007.98	1008.003	1007.974	1008.028	1008.007	1008.021	1008.037	1008.042	1008.052	1008.05	1008.052	1008.074	1008.045	1008.088	1008.065	1008.108	1008.094	1008.089	1008.117	1008.097	1008.089	1008.145	1008.09	1008.141	1008.13	1008.139	1008.168	1008.174	1008.162	1008.163	1008.177
1002.481	1002.78	1002.729	1002.825	1002.875	1002.961	1003.054	1003.132	1003.192	1003.24	1003.263	1003.461	1003.409	1003.55	1003.708	1003.788	1003.979	1004.026	1004.096	1004.136	1004.17	1004.214	1004.292	1004.341	1004.376	1004.458	1004.499	1004.566	1004.634	1004.652	1004.782	1004.842	1004.923	1005.041	1005.023	1005.111	1005.186	1005.325	1005.356	1005.418	1005.583	1005.612	1005.715	1005.873	1005.904	1006.014	1006.05	1006.082	1006.115	1006.121	1006.195	1006.267	1006.251	1006.29	1006.321	1006.357	1006.399	1006.393	1006.47	1006.549	1006.57	1006.581	1006.58	1006.612	1006.691	1006.699	1006.724	1006.766	1006.791	1006.84	1006.893	1006.909	1006.988	1007.034	1007.053	1007.131	1007.124	1007.149	1007.159	1007.222	1007.318	1007.201	1007.313	1007.362	1007.31	1007.401	1007.447	1007.527	1007.56	1007.506	1007.616	1007.498	1007.657	1007.652	1007.665	1007.694	1007.7	1007.744	1007.834	1007.791	1007.863	1007.821	1007.922	1007.876	1008.003	1008.015	1008.004	1008.01	1008.013	1008.018	1008.034	1008.037	1008.054	1008.049	1008.059	1008.071	1008.073	1008.085	1008.075	1008.108	1008.09	1008.117	1008.13	1008.127	1008.131	1008.122	1008.11	1008.163	1008.12	1008.151	1008.15	1008.162	1008.189	1008.174	1008.165	1008.192	1008.174
1002.566	1002.801	1002.628	1002.769	1002.84	1002.932	1003.007	1003.079	1003.151	1003.222	1003.227	1003.385	1003.383	1003.56	1003.707	1003.774	1003.948	1004.019	1004.09	1004.094	1004.202	1004.221	1004.273	1004.324	1004.359	1004.44	1004.514	1004.528	1004.642	1004.667	1004.8	1004.808	1004.892	1005.029	1005.026	1005.141	1005.235	1005.259	1005.438	1005.439	1005.571	1005.606	1005.668	1005.832	1005.948	1006.011	1006.068	1006.061	1006.113	1006.157	1006.225	1006.281	1006.268	1006.296	1006.36	1006.329	1006.426	1006.418	1006.447	1006.53	1006.504	1006.52	1006.618	1006.64	1006.688	1006.733	1006.739	1006.815	1006.849	1006.85	1006.907	1006.929	1007.015	1007.084	1007.053	1007.172	1007.126	1007.132	1007.267	1007.322	1007.347	1007.341	1007.296	1007.397	1007.343	1007.403	1007.452	1007.501	1007.528	1007.541	1007.561	1007.602	1007.644	1007.673	1007.732	1007.744	1007.809	1007.854	1007.84	1007.841	1007.908	1007.889	1007.965	1007.954	1008.02	1008.024	1008.008	1008.025	1008.039	1008.027	1008.053	1008.05	1008.068	1008.059	1008.077	1008.089	1008.084	1008.094	1008.098	1008.102	1008.112	1008.1	1008.111	1008.12	1008.127	1008.154	1008.156	1008.143	1008.182	1008.174	1008.181	1008.19	1008.197	1008.181	1008.184	1008.205	1008.182
1002.551	1002.849	1002.582	1002.806	1002.875	1002.908	1002.967	1003.05	1003.089	1003.174	1003.238	1003.361	1003.45	1003.596	1003.682	1003.75	1003.835	1003.938	1004.097	1004.068	1004.188	1004.211	1004.28	1004.351	1004.376	1004.42	1004.512	1004.515	1004.663	1004.678	1004.781	1004.782	1004.861	1004.994	1005.054	1005.164	1005.278	1005.249	1005.407	1005.46	1005.595	1005.672	1005.734	1005.805	1005.964	1006.009	1006.049	1006.093	1006.142	1006.154	1006.197	1006.244	1006.28	1006.291	1006.372	1006.362	1006.416	1006.484	1006.508	1006.54	1006.516	1006.515	1006.659	1006.677	1006.66	1006.76	1006.763	1006.851	1006.892	1006.894	1006.942	1007.002	1006.996	1007.083	1007.115	1007.185	1007.099	1007.161	1007.292	1007.369	1007.275	1007.451	1007.335	1007.403	1007.465	1007.455	1007.495	1007.545	1007.557	1007.582	1007.538	1007.72	1007.635	1007.702	1007.767	1007.743	1007.798	1007.882	1007.774	1007.855	1007.984	1007.948	1007.989	1007.993	1007.992	1008.003	1008.015	1008.026	1008.042	1008.052	1008.062	1008.058	1008.088	1008.084	1008.096	1008.114	1008.105	1008.117	1008.129	1008.098	1008.151	1008.118	1008.129	1008.139	1008.124	1008.15	1008.175	1008.137	1008.205	1008.173	1008.186	1008.18	1008.19	1008.199	1008.208	1008.215	1008.214
1002.285	1002.85	1002.674	1002.768	1002.796	1002.819	1002.877	1002.971	1003.03	1003.174	1003.239	1003.302	1003.376	1003.497	1003.671	1003.79	1003.859	1003.884	1004.079	1004.072	1004.172	1004.21	1004.265	1004.32	1004.394	1004.459	1004.519	1004.562	1004.701	1004.66	1004.805	1004.869	1004.903	1004.976	1005.029	1005.042	1005.226	1005.374	1005.371	1005.534	1005.581	1005.669	1005.773	1005.843	1005.963	1006.025	1006.057	1006.134	1006.09	1006.169	1006.23	1006.249	1006.267	1006.252	1006.344	1006.426	1006.399	1006.487	1006.504	1006.529	1006.575	1006.648	1006.657	1006.654	1006.727	1006.75	1006.748	1006.792	1006.865	1006.916	1006.937	1007.036	1007.028	1007.092	1007.137	1007.165	1007.278	1007.25	1007.24	1007.363	1007.344	1007.4	1007.388	1007.412	1007.523	1007.49	1007.562	1007.578	1007.552	1007.639	1007.63	1007.744	1007.676	1007.813	1007.788	1007.782	1007.812	1007.86	1007.885	1008.003	1007.915	1008.008	1008.009	1008.024	1008.018	1008.023	1008.049	1008.043	1008.058	1008.063	1008.071	1008.096	1008.096	1008.084	1008.087	1008.105	1008.115	1008.107	1008.182	1008.125	1008.169	1008.154	1008.156	1008.163	1008.165	1008.155	1008.186	1008.183	1008.195	1008.177	1008.22	1008.2	1008.201	1008.218	1008.189	1008.223	1008.255
1002.527	1002.701	1002.607	1002.725	1002.866	1002.921	1002.928	1002.944	1003.04	1003.095	1003.146	1003.343	1003.443	1003.55	1003.611	1003.666	1003.784	1003.951	1004.029	1004.096	1004.201	1004.229	1004.263	1004.311	1004.397	1004.476	1004.484	1004.54	1004.588	1004.714	1004.772	1004.81	1004.893	1005.02	1005.171	1005.233	1005.197	1005.361	1005.314	1005.541	1005.551	1005.651	1005.787	1005.846	1005.917	1006.034	1006.028	1006.132	1006.138	1006.229	1006.241	1006.221	1006.262	1006.365	1006.339	1006.378	1006.425	1006.472	1006.548	1006.569	1006.589	1006.625	1006.624	1006.722	1006.773	1006.643	1006.834	1006.847	1006.886	1006.922	1006.939	1007.006	1007.054	1007.084	1007.212	1007.13	1007.322	1007.343	1007.324	1007.411	1007.401	1007.356	1007.54	1007.492	1007.501	1007.503	1007.544	1007.561	1007.576	1007.698	1007.669	1007.701	1007.767	1007.788	1007.751	1007.844	1007.891	1007.857	1007.919	1007.961	1007.877	1008.057	1008	1008.03	1008.036	1008.03	1008.036	1008.039	1008.095	1008.066	1008.062	1008.091	1008.074	1008.12	1008.144	1008.133	1008.166	1008.099	1008.158	1008.147	1008.144	1008.185	1008.173	1008.161	1008.175	1008.172	1008.167	1008.193	1008.191	1008.191	1008.204	1008.209	1008.233	1008.249	1008.229	1008.234	1008.233
1002.668	1002.58	1002.649	1002.73	1002.693	1002.715	1002.813	1002.931	1002.997	1003.084	1003.184	1003.282	1003.28	1003.41	1003.595	1003.72	1003.824	1003.997	1004.025	1004.128	1004.113	1004.183	1004.298	1004.347	1004.37	1004.408	1004.498	1004.68	1004.59	1004.788	1004.778	1004.858	1004.977	1004.96	1004.962	1005.163	1005.185	1005.42	1005.412	1005.535	1005.634	1005.74	1005.808	1005.853	1005.913	1006.047	1006.056	1006.133	1006.154	1006.144	1006.208	1006.277	1006.298	1006.302	1006.334	1006.374	1006.483	1006.441	1006.5	1006.548	1006.578	1006.641	1006.712	1006.639	1006.696	1006.763	1006.846	1006.827	1006.853	1006.924	1006.993	1007.024	1007.08	1006.96	1007.224	1007.226	1007.179	1007.267	1007.364	1007.366	1007.398	1007.465	1007.485	1007.411	1007.598	1007.618	1007.623	1007.665	1007.683	1007.665	1007.675	1007.853	1007.799	1007.85	1007.891	1007.898	1007.938	1007.962	1007.961	1008.021	1008.004	1008.03	1008.002	1008.037	1008.046	1008.064	1008.096	1008.07	1008.064	1008.086	1008.112	1008.145	1008.116	1008.143	1008.134	1008.096	1008.165	1008.181	1008.174	1008.194	1008.165	1008.168	1008.182	1008.191	1008.205	1008.211	1008.216	1008.199	1008.209	1008.236	1008.223	1008.234	1008.235	1008.209	1008.233	1008.245	1008.174
1002.456	1002.494	1002.618	1002.695	1002.742	1002.83	1002.88	1002.91	1002.952	1003.076	1003.087	1003.212	1003.385	1003.426	1003.587	1003.678	1003.736	1003.858	1003.982	1004.095	1004.186	1004.231	1004.262	1004.288	1004.405	1004.485	1004.474	1004.588	1004.6	1004.695	1004.763	1004.838	1004.932	1005.028	1005.121	1005.227	1005.238	1005.337	1005.4	1005.466	1005.563	1005.637	1005.742	1005.899	1005.979	1005.993	1006.094	1006.072	1006.168	1006.213	1006.253	1006.27	1006.275	1006.291	1006.441	1006.368	1006.43	1006.498	1006.525	1006.576	1006.597	1006.616	1006.655	1006.645	1006.771	1006.801	1006.741	1006.88	1006.925	1006.942	1006.979	1006.968	1007.095	1007.173	1007.044	1007.24	1007.267	1007.328	1007.343	1007.353	1007.457	1007.471	1007.513	1007.588	1007.618	1007.55	1007.604	1007.643	1007.672	1007.735	1007.813	1007.805	1007.785	1007.828	1007.922	1007.873	1007.935	1008.012	1007.961	1008.011	1008.005	1008.012	1008.042	1008.053	1008.048	1008.045	1008.059	1008.078	1008.09	1008.126	1008.063	1008.11	1008.128	1008.135	1008.175	1008.196	1008.165	1008.157	1008.164	1008.162	1008.198	1008.183	1008.187	1008.195	1008.189	1008.188	1008.204	1008.215	1008.189	1008.22	1008.228	1008.238	1008.261	1008.258	1008.245	1008.299	1008.224
1002.504	1002.531	1002.591	1002.564	1002.655	1002.705	1002.755	1002.855	1002.982	1003.009	1003.111	1003.159	1003.33	1003.366	1003.519	1003.662	1003.826	1003.985	1004.042	1004.047	1004.139	1004.181	1004.263	1004.34	1004.39	1004.438	1004.496	1004.592	1004.695	1004.711	1004.808	1004.875	1004.883	1004.961	1005.074	1005.041	1005.276	1005.31	1005.426	1005.539	1005.617	1005.752	1005.85	1005.873	1006.006	1006.003	1006.131	1006.106	1006.147	1006.199	1006.185	1006.224	1006.325	1006.388	1006.363	1006.373	1006.441	1006.5	1006.512	1006.557	1006.595	1006.616	1006.62	1006.729	1006.654	1006.773	1006.808	1006.9	1006.844	1006.867	1007.022	1007.079	1006.988	1007.17	1007.091	1007.199	1007.217	1007.289	1007.335	1007.388	1007.484	1007.407	1007.555	1007.555	1007.578	1007.656	1007.713	1007.716	1007.716	1007.777	1007.802	1007.762	1007.972	1007.783	1007.917	1007.951	1008.002	1008.013	1008.001	1008.021	1008.024	1008.036	1008.031	1008.03	1008.1	1008.105	1008.081	1008.116	1008.086	1008.119	1008.124	1008.123	1008.16	1008.13	1008.145	1008.163	1008.137	1008.185	1008.22	1008.176	1008.2	1008.192	1008.203	1008.214	1008.222	1008.257	1008.203	1008.225	1008.233	1008.225	1008.256	1008.217	1008.236	1008.277	1008.246	1008.25	1008.292
1002.409	1002.444	1002.549	1002.572	1002.646	1002.694	1002.748	1002.852	1002.915	1002.9	1003.157	1003.144	1003.269	1003.448	1003.549	1003.671	1003.791	1003.835	1003.985	1004.055	1004.17	1004.194	1004.263	1004.34	1004.366	1004.405	1004.524	1004.547	1004.658	1004.693	1004.77	1004.925	1004.94	1005.018	1005.106	1005.119	1005.374	1005.289	1005.474	1005.554	1005.529	1005.703	1005.799	1005.812	1006.035	1006.032	1006.093	1006.13	1006.169	1006.201	1006.223	1006.248	1006.292	1006.338	1006.342	1006.463	1006.453	1006.484	1006.596	1006.598	1006.625	1006.682	1006.618	1006.74	1006.634	1006.841	1006.805	1006.821	1006.845	1006.861	1006.94	1007.036	1007.025	1007.116	1007.116	1007.225	1007.204	1007.294	1007.335	1007.337	1007.466	1007.474	1007.595	1007.518	1007.627	1007.626	1007.672	1007.782	1007.863	1007.808	1007.929	1007.753	1007.966	1007.841	1007.945	1007.973	1007.976	1008.003	1008.016	1008.031	1008.028	1008.03	1008.062	1008.055	1008.094	1008.079	1008.06	1008.12	1008.098	1008.103	1008.15	1008.114	1008.149	1008.145	1008.161	1008.163	1008.18	1008.186	1008.179	1008.2	1008.207	1008.204	1008.221	1008.206	1008.21	1008.237	1008.211	1008.221	1008.254	1008.214	1008.28	1008.25	1008.227	1008.242	1008.277	1008.277	1008.275
1002.41	1002.456	1002.515	1002.589	1002.625	1002.696	1002.744	1002.772	1002.844	1002.931	1003.087	1003.139	1003.275	1003.407	1003.484	1003.557	1003.784	1003.89	1004.004	1004.056	1004.128	1004.237	1004.27	1004.344	1004.375	1004.422	1004.491	1004.544	1004.629	1004.758	1004.77	1004.888	1004.922	1005.006	1005.139	1005.2	1005.315	1005.315	1005.483	1005.599	1005.614	1005.692	1005.79	1005.832	1006.008	1006.044	1006.086	1006.126	1006.197	1006.198	1006.243	1006.265	1006.302	1006.387	1006.351	1006.409	1006.433	1006.47	1006.575	1006.53	1006.553	1006.659	1006.61	1006.744	1006.659	1006.799	1006.819	1006.823	1006.883	1006.906	1006.916	1007.004	1007.038	1007.088	1007.085	1007.19	1007.198	1007.289	1007.325	1007.354	1007.467	1007.425	1007.578	1007.549	1007.639	1007.667	1007.709	1007.816	1007.824	1007.735	1008	1007.8	1007.99	1007.962	1008.009	1008.009	1008.002	1008.018	1008.027	1008.027	1008.06	1008.032	1008.065	1008.063	1008.076	1008.061	1008.072	1008.094	1008.121	1008.125	1008.14	1008.168	1008.168	1008.157	1008.17	1008.171	1008.19	1008.193	1008.189	1008.214	1008.201	1008.202	1008.207	1008.203	1008.213	1008.221	1008.245	1008.215	1008.26	1008.258	1008.284	1008.306	1008.28	1008.244	1008.265	1008.289	1008.256
1002.401	1002.462	1002.483	1002.564	1002.574	1002.645	1002.72	1002.748	1002.843	1002.968	1002.991	1003.146	1003.277	1003.403	1003.46	1003.538	1003.783	1003.892	1003.995	1004.09	1004.104	1004.242	1004.284	1004.34	1004.406	1004.45	1004.495	1004.629	1004.599	1004.763	1004.779	1004.91	1004.938	1004.987	1005.105	1005.213	1005.25	1005.446	1005.48	1005.59	1005.726	1005.801	1005.92	1005.96	1005.985	1006.034	1006.112	1006.089	1006.188	1006.187	1006.232	1006.287	1006.332	1006.387	1006.363	1006.372	1006.497	1006.478	1006.53	1006.488	1006.521	1006.635	1006.602	1006.716	1006.682	1006.73	1006.809	1006.841	1006.896	1006.969	1006.966	1006.973	1006.975	1007.098	1007.067	1007.184	1007.189	1007.27	1007.323	1007.354	1007.453	1007.4	1007.552	1007.577	1007.614	1007.713	1007.775	1007.781	1007.778	1007.795	1007.979	1007.863	1008.007	1007.996	1008.012	1008.011	1008.008	1008.023	1008.03	1008.035	1008.062	1008.051	1008.069	1008.079	1008.093	1008.093	1008.103	1008.087	1008.122	1008.15	1008.102	1008.172	1008.147	1008.134	1008.171	1008.171	1008.18	1008.188	1008.211	1008.199	1008.19	1008.234	1008.24	1008.231	1008.255	1008.212	1008.26	1008.227	1008.236	1008.271	1008.253	1008.275	1008.298	1008.267	1008.254	1008.283	1008.268
1002.345	1002.42	1002.471	1002.561	1002.56	1002.63	1002.703	1002.758	1002.828	1002.915	1003.001	1003.168	1003.233	1003.335	1003.505	1003.601	1003.666	1003.909	1003.922	1004.137	1004.138	1004.235	1004.292	1004.324	1004.393	1004.473	1004.477	1004.661	1004.582	1004.727	1004.816	1004.863	1005.015	1005.085	1005.152	1005.272	1005.309	1005.461	1005.477	1005.565	1005.734	1005.737	1005.892	1005.994	1006.01	1006.016	1006.108	1006.063	1006.188	1006.204	1006.225	1006.303	1006.297	1006.339	1006.373	1006.402	1006.486	1006.458	1006.495	1006.555	1006.576	1006.579	1006.626	1006.652	1006.695	1006.734	1006.803	1006.784	1006.845	1006.868	1006.964	1007.005	1006.958	1007.106	1007.047	1007.165	1007.174	1007.24	1007.296	1007.296	1007.417	1007.448	1007.516	1007.563	1007.571	1007.719	1007.703	1007.755	1007.858	1007.938	1007.928	1007.942	1008.015	1007.933	1008.009	1008.013	1008.022	1008.007	1008.045	1008.039	1008.021	1008.072	1008.051	1008.075	1008.079	1008.087	1008.093	1008.118	1008.108	1008.151	1008.105	1008.167	1008.131	1008.164	1008.181	1008.17	1008.213	1008.17	1008.191	1008.209	1008.183	1008.235	1008.211	1008.186	1008.249	1008.202	1008.241	1008.251	1008.217	1008.27	1008.22	1008.266	1008.244	1008.28	1008.258	1008.274	1008.275
1002.376	1002.433	1002.461	1002.494	1002.566	1002.599	1002.631	1002.736	1002.8	1002.894	1003.056	1003.107	1003.249	1003.338	1003.463	1003.591	1003.689	1004.029	1003.959	1004.099	1004.123	1004.207	1004.288	1004.345	1004.402	1004.473	1004.516	1004.582	1004.656	1004.789	1004.884	1004.859	1004.986	1005.062	1005.166	1005.291	1005.313	1005.348	1005.538	1005.701	1005.775	1005.849	1005.899	1005.887	1006.008	1006.001	1006.059	1006.114	1006.139	1006.208	1006.188	1006.282	1006.301	1006.36	1006.421	1006.383	1006.402	1006.458	1006.531	1006.539	1006.536	1006.541	1006.65	1006.605	1006.677	1006.703	1006.733	1006.769	1006.909	1006.845	1006.846	1006.93	1007.03	1007.076	1007.015	1007.127	1007.151	1007.241	1007.29	1007.301	1007.334	1007.453	1007.447	1007.549	1007.635	1007.668	1007.724	1007.832	1007.852	1007.867	1007.918	1008.003	1008.007	1008.001	1008.033	1007.98	1008.009	1007.998	1008.017	1008.05	1008.012	1008.085	1008.041	1008.075	1008.096	1008.085	1008.08	1008.139	1008.087	1008.135	1008.152	1008.155	1008.154	1008.166	1008.158	1008.151	1008.189	1008.177	1008.159	1008.232	1008.171	1008.198	1008.193	1008.202	1008.21	1008.221	1008.235	1008.233	1008.266	1008.227	1008.229	1008.264	1008.203	1008.259	1008.236	1008.252	1008.263
1002.358	1002.416	1002.457	1002.514	1002.571	1002.658	1002.664	1002.789	1002.839	1002.927	1003.061	1002.981	1003.325	1003.317	1003.514	1003.668	1003.701	1003.859	1004.003	1004.098	1004.185	1004.254	1004.311	1004.374	1004.376	1004.493	1004.545	1004.621	1004.658	1004.686	1004.78	1004.992	1005.027	1005.115	1005.192	1005.246	1005.423	1005.487	1005.581	1005.667	1005.685	1005.766	1005.964	1005.766	1006.067	1006.011	1006.068	1006.114	1006.105	1006.207	1006.24	1006.274	1006.305	1006.325	1006.339	1006.392	1006.446	1006.495	1006.462	1006.51	1006.564	1006.58	1006.597	1006.62	1006.623	1006.686	1006.749	1006.768	1006.736	1006.824	1006.908	1006.945	1006.961	1006.983	1007.062	1007.134	1007.116	1007.173	1007.252	1007.334	1007.374	1007.448	1007.495	1007.579	1007.629	1007.633	1007.676	1007.837	1007.767	1007.919	1007.975	1008.002	1007.953	1007.965	1008.023	1007.839	1008.03	1008.004	1007.99	1008.033	1008.016	1008.041	1008.033	1008.037	1008.069	1008.087	1008.076	1008.102	1008.103	1008.123	1008.103	1008.119	1008.144	1008.125	1008.181	1008.172	1008.182	1008.184	1008.17	1008.183	1008.18	1008.197	1008.196	1008.17	1008.162	1008.196	1008.226	1008.15	1008.259	1008.221	1008.196	1008.231	1008.219	1008.273	1008.222	1008.232	1008.241
1002.384	1002.408	1002.465	1002.546	1002.53	1002.616	1002.627	1002.738	1002.767	1002.854	1003.062	1003.071	1003.277	1003.252	1003.431	1003.638	1003.756	1003.881	1004.069	1004.085	1004.172	1004.235	1004.279	1004.382	1004.451	1004.494	1004.54	1004.634	1004.751	1004.853	1004.909	1004.945	1004.913	1005.061	1005.219	1005.272	1005.33	1005.472	1005.437	1005.786	1005.842	1005.843	1005.998	1005.903	1006.032	1006.02	1006.076	1006.115	1006.135	1006.199	1006.206	1006.226	1006.292	1006.324	1006.345	1006.398	1006.349	1006.399	1006.461	1006.522	1006.537	1006.537	1006.551	1006.66	1006.657	1006.615	1006.679	1006.762	1006.741	1006.855	1006.818	1006.859	1006.918	1006.976	1007.036	1006.93	1007.149	1007.214	1007.226	1007.279	1007.326	1007.336	1007.525	1007.475	1007.626	1007.716	1007.738	1007.804	1007.785	1007.957	1007.841	1007.951	1008.01	1007.945	1008.028	1007.999	1008.002	1007.999	1008.011	1008.028	1008.008	1008.005	1008.064	1008.056	1008.047	1008.061	1008.082	1008.096	1008.124	1008.133	1008.125	1008.141	1008.149	1008.1	1008.161	1008.146	1008.136	1008.17	1008.184	1008.144	1008.202	1008.18	1008.159	1008.194	1008.202	1008.158	1008.241	1008.193	1008.199	1008.2	1008.211	1008.209	1008.181	1008.199	1008.194	1008.228	1008.223
1002.448	1002.426	1002.46	1002.563	1002.558	1002.688	1002.654	1002.789	1002.848	1002.91	1002.984	1003.067	1003.193	1003.403	1003.448	1003.545	1003.79	1003.967	1003.977	1004.072	1004.191	1004.293	1004.364	1004.407	1004.448	1004.504	1004.609	1004.645	1004.696	1004.778	1004.835	1004.929	1005.118	1005.088	1005.184	1005.344	1005.327	1005.608	1005.517	1005.631	1005.686	1005.719	1005.901	1006.003	1006.013	1006.074	1006.09	1006.103	1006.15	1006.183	1006.225	1006.275	1006.279	1006.299	1006.336	1006.349	1006.417	1006.457	1006.484	1006.462	1006.492	1006.589	1006.639	1006.52	1006.652	1006.661	1006.667	1006.714	1006.739	1006.814	1006.788	1006.911	1006.941	1006.919	1006.997	1007.081	1007.096	1007.146	1007.201	1007.274	1007.376	1007.387	1007.508	1007.489	1007.605	1007.612	1007.632	1007.816	1007.717	1007.88	1007.844	1007.949	1007.956	1007.884	1007.925	1008.002	1007.941	1008.01	1008.01	1007.954	1008.02	1008.02	1007.939	1008.012	1008.045	1008.057	1008.064	1008.066	1008.058	1008.076	1008.098	1008.106	1008.098	1008.157	1008.108	1008.15	1008.162	1008.158	1008.154	1008.166	1008.13	1008.172	1008.142	1008.155	1008.168	1008.132	1008.14	1008.179	1008.16	1008.167	1008.172	1008.168	1008.179	1008.209	1008.166	1008.199	1008.192
1002.387	1002.428	1002.469	1002.563	1002.541	1002.657	1002.684	1002.734	1002.801	1002.874	1002.998	1003.192	1003.171	1003.353	1003.478	1003.633	1003.83	1003.888	1004.023	1004.15	1004.152	1004.253	1004.352	1004.395	1004.486	1004.51	1004.591	1004.706	1004.779	1004.817	1004.974	1004.909	1005.091	1005.072	1005.183	1005.348	1005.289	1005.476	1005.55	1005.622	1005.748	1005.849	1005.907	1006.006	1006.005	1006.057	1006.071	1006.085	1006.135	1006.142	1006.196	1006.229	1006.248	1006.302	1006.335	1006.326	1006.416	1006.392	1006.429	1006.474	1006.506	1006.508	1006.569	1006.586	1006.62	1006.613	1006.642	1006.708	1006.706	1006.78	1006.817	1006.838	1006.858	1006.892	1006.973	1007.056	1007.038	1007.191	1007.225	1007.237	1007.287	1007.342	1007.42	1007.46	1007.575	1007.617	1007.655	1007.808	1007.713	1007.851	1007.877	1007.801	1007.809	1007.96	1007.922	1007.946	1007.926	1007.973	1007.977	1007.978	1007.96	1007.967	1008.005	1008.018	1008.029	1008.018	1008.032	1008.041	1008.084	1008.071	1008.096	1008.101	1008.074	1008.136	1008.091	1008.126	1008.136	1008.106	1008.103	1008.162	1008.102	1008.158	1008.163	1008.146	1008.15	1008.181	1008.146	1008.143	1008.158	1008.143	1008.142	1008.133	1008.126	1008.158	1008.141	1008.158	1008.179
1002.422	1002.447	1002.461	1002.509	1002.588	1002.605	1002.721	1002.77	1002.849	1002.927	1003	1003.154	1003.257	1003.39	1003.509	1003.667	1003.832	1003.953	1004.04	1004.073	1004.153	1004.299	1004.385	1004.43	1004.501	1004.572	1004.537	1004.677	1004.747	1004.755	1004.989	1004.915	1005.07	1005.197	1005.295	1005.346	1005.405	1005.453	1005.561	1005.617	1005.66	1005.735	1005.799	1005.991	1006.007	1006.036	1006.061	1006.081	1006.115	1006.129	1006.175	1006.203	1006.267	1006.308	1006.307	1006.333	1006.352	1006.434	1006.435	1006.447	1006.46	1006.506	1006.539	1006.58	1006.571	1006.582	1006.638	1006.679	1006.715	1006.735	1006.79	1006.777	1006.835	1006.908	1006.924	1007.007	1007.069	1007.156	1007.169	1007.209	1007.312	1007.353	1007.41	1007.465	1007.54	1007.637	1007.72	1007.697	1007.825	1007.754	1007.866	1007.819	1007.813	1007.884	1007.837	1007.891	1007.906	1007.845	1007.868	1007.948	1007.903	1007.913	1007.962	1007.967	1008.006	1008.004	1008.015	1007.98	1008.029	1008.011	1008.039	1008.08	1008.087	1008.077	1008.1	1008.1	1008.104	1008.097	1008.095	1008.08	1008.119	1008.079	1008.108	1008.137	1008.151	1008.116	1008.112	1008.11	1008.104	1008.102	1008.122	1008.128	1008.103	1008.111	1008.122	1008.114	1008.129
1002.396	1002.498	1002.503	1002.546	1002.666	1002.597	1002.746	1002.778	1002.822	1002.924	1003.04	1003.118	1003.315	1003.423	1003.551	1003.665	1003.784	1003.942	1004.062	1004.097	1004.219	1004.34	1004.362	1004.46	1004.438	1004.594	1004.588	1004.684	1004.752	1004.782	1004.912	1004.991	1005.016	1005.157	1005.206	1005.261	1005.43	1005.424	1005.544	1005.62	1005.66	1005.79	1005.856	1005.949	1006.007	1006.037	1006.052	1006.077	1006.107	1006.142	1006.166	1006.171	1006.227	1006.238	1006.248	1006.335	1006.297	1006.397	1006.417	1006.423	1006.486	1006.549	1006.516	1006.536	1006.544	1006.644	1006.693	1006.66	1006.728	1006.675	1006.789	1006.781	1006.769	1006.849	1006.905	1007.031	1007.046	1007.093	1007.132	1007.195	1007.278	1007.319	1007.36	1007.464	1007.453	1007.553	1007.658	1007.597	1007.865	1007.699	1007.772	1007.814	1007.813	1007.854	1007.863	1007.837	1007.86	1007.844	1007.804	1007.831	1007.85	1007.911	1007.875	1007.963	1007.957	1007.907	1007.931	1007.934	1007.994	1007.995	1007.934	1008.019	1008.038	1008.034	1008.064	1008.081	1008.065	1008.077	1008.084	1008.049	1008.128	1008.072	1008.07	1008.098	1008.106	1008.086	1008.102	1008.08	1008.081	1008.071	1008.094	1008.076	1008.065	1008.079	1008.069	1008.084	1008.081
1002.382	1002.506	1002.525	1002.562	1002.641	1002.624	1002.746	1002.766	1002.887	1002.972	1003.11	1003.171	1003.297	1003.392	1003.546	1003.705	1003.841	1003.953	1004.067	1004.117	1004.208	1004.271	1004.302	1004.512	1004.438	1004.564	1004.663	1004.666	1004.811	1004.873	1004.917	1005.048	1005.057	1005.128	1005.275	1005.259	1005.434	1005.425	1005.534	1005.635	1005.658	1005.777	1005.873	1005.918	1006.007	1006.04	1006.05	1006.085	1006.088	1006.127	1006.149	1006.154	1006.203	1006.253	1006.215	1006.337	1006.294	1006.339	1006.376	1006.401	1006.425	1006.48	1006.493	1006.566	1006.517	1006.584	1006.633	1006.603	1006.707	1006.649	1006.735	1006.763	1006.787	1006.85	1006.879	1006.98	1006.997	1007.074	1007.149	1007.163	1007.249	1007.301	1007.274	1007.447	1007.445	1007.476	1007.679	1007.562	1007.733	1007.67	1007.761	1007.758	1007.744	1007.815	1007.833	1007.767	1007.789	1007.814	1007.817	1007.806	1007.812	1007.868	1007.787	1007.859	1007.834	1007.796	1007.853	1007.901	1007.882	1007.92	1007.933	1007.931	1007.99	1008.001	1008.005	1008.028	1008.027	1008.021	1008.056	1008.009	1008.055	1008.03	1008.058	1008.051	1008.045	1008.068	1008.063	1008.027	1008.048	1008.036	1008.039	1008.026	1008.046	1008.051	1008.014	1008.052	1008.051
1002.433	1002.449	1002.495	1002.573	1002.592	1002.696	1002.717	1002.821	1002.948	1002.976	1003.084	1003.221	1003.282	1003.444	1003.581	1003.702	1003.935	1003.951	1004.092	1004.133	1004.205	1004.331	1004.322	1004.455	1004.419	1004.538	1004.621	1004.636	1004.79	1004.861	1004.934	1005.009	1005.103	1005.148	1005.295	1005.294	1005.346	1005.449	1005.539	1005.628	1005.644	1005.747	1005.848	1005.984	1006	1006.028	1006.046	1006.081	1006.095	1006.111	1006.136	1006.154	1006.161	1006.238	1006.229	1006.266	1006.319	1006.321	1006.353	1006.376	1006.395	1006.448	1006.512	1006.586	1006.499	1006.547	1006.574	1006.641	1006.673	1006.656	1006.691	1006.721	1006.784	1006.836	1006.861	1006.899	1007.014	1007.066	1007.126	1007.112	1007.124	1007.299	1007.231	1007.352	1007.364	1007.419	1007.511	1007.599	1007.58	1007.664	1007.673	1007.677	1007.709	1007.757	1007.691	1007.762	1007.735	1007.695	1007.747	1007.76	1007.722	1007.735	1007.782	1007.812	1007.82	1007.786	1007.787	1007.808	1007.68	1007.727	1007.826	1007.818	1007.851	1007.906	1007.895	1007.987	1008.012	1007.947	1008.013	1008.018	1007.929	1007.969	1008.013	1008.007	1007.999	1008.029	1007.998	1008.005	1007.988	1007.972	1008.024	1008.008	1008.018	1008.015	1008.005	1007.987	1007.991
1002.411	1002.433	1002.468	1002.592	1002.588	1002.736	1002.696	1002.774	1002.901	1002.999	1003.048	1003.202	1003.252	1003.444	1003.619	1003.624	1003.963	1003.924	1004.112	1004.164	1004.213	1004.375	1004.322	1004.384	1004.487	1004.575	1004.624	1004.752	1004.774	1004.869	1004.951	1005.007	1005.091	1005.186	1005.182	1005.241	1005.341	1005.452	1005.531	1005.574	1005.732	1005.786	1005.91	1006.005	1006.01	1006.016	1006.065	1006.054	1006.095	1006.124	1006.127	1006.186	1006.121	1006.208	1006.21	1006.238	1006.295	1006.311	1006.32	1006.324	1006.379	1006.437	1006.466	1006.431	1006.516	1006.535	1006.552	1006.564	1006.57	1006.626	1006.67	1006.675	1006.714	1006.761	1006.805	1006.884	1007.02	1006.96	1007.055	1007.117	1007.147	1007.186	1007.252	1007.307	1007.382	1007.4	1007.398	1007.541	1007.535	1007.612	1007.596	1007.627	1007.687	1007.704	1007.621	1007.753	1007.68	1007.615	1007.597	1007.632	1007.658	1007.648	1007.734	1007.71	1007.66	1007.751	1007.638	1007.715	1007.768	1007.739	1007.739	1007.765	1007.654	1007.8	1007.815	1007.817	1007.838	1007.872	1007.826	1007.934	1007.963	1007.969	1007.942	1007.931	1007.963	1007.908	1007.905	1007.908	1007.902	1007.866	1007.91	1007.911	1007.914	1007.932	1007.93	1007.887	1007.902
1002.445	1002.529	1002.536	1002.581	1002.564	1002.686	1002.811	1002.846	1002.917	1003.031	1003.11	1003.28	1003.225	1003.344	1003.539	1003.625	1004.002	1003.899	1004.061	1004.132	1004.185	1004.273	1004.386	1004.46	1004.543	1004.55	1004.545	1004.684	1004.714	1004.876	1004.934	1004.958	1005.014	1005.161	1005.242	1005.359	1005.349	1005.421	1005.498	1005.575	1005.643	1005.694	1005.812	1005.924	1006.002	1006.017	1006.075	1006.033	1006.109	1006.113	1006.088	1006.153	1006.169	1006.204	1006.217	1006.244	1006.253	1006.245	1006.336	1006.358	1006.336	1006.37	1006.416	1006.415	1006.567	1006.439	1006.502	1006.564	1006.577	1006.609	1006.569	1006.705	1006.74	1006.781	1006.833	1006.828	1006.863	1006.955	1007.006	1007.048	1007.095	1007.103	1007.307	1007.195	1007.29	1007.373	1007.39	1007.419	1007.442	1007.489	1007.52	1007.53	1007.523	1007.554	1007.635	1007.518	1007.507	1007.566	1007.579	1007.517	1007.617	1007.488	1007.54	1007.555	1007.549	1007.59	1007.611	1007.543	1007.568	1007.564	1007.582	1007.684	1007.636	1007.666	1007.707	1007.665	1007.693	1007.822	1007.826	1007.777	1007.771	1007.757	1007.748	1007.792	1007.781	1007.765	1007.792	1007.708	1007.699	1007.866	1007.793	1007.854	1007.844	1007.813	1007.759	1007.74	1007.772
1002.361	1002.406	1002.447	1002.563	1002.766	1002.663	1002.74	1002.798	1002.87	1003.015	1002.953	1003.186	1003.314	1003.418	1003.526	1003.61	1003.749	1003.985	1004.043	1004.142	1004.249	1004.274	1004.369	1004.325	1004.399	1004.544	1004.662	1004.712	1004.758	1004.819	1004.879	1004.983	1005.079	1005.119	1005.13	1005.2	1005.273	1005.397	1005.498	1005.545	1005.547	1005.801	1005.851	1005.988	1006.021	1005.98	1006.025	1006.01	1006.041	1006.086	1006.104	1006.125	1006.129	1006.134	1006.14	1006.182	1006.24	1006.254	1006.192	1006.284	1006.309	1006.359	1006.394	1006.402	1006.436	1006.431	1006.536	1006.522	1006.483	1006.573	1006.58	1006.66	1006.653	1006.701	1006.78	1006.827	1006.835	1006.984	1006.884	1006.952	1007.078	1007.074	1007.113	1007.169	1007.263	1007.293	1007.305	1007.363	1007.375	1007.4	1007.419	1007.465	1007.462	1007.428	1007.448	1007.521	1007.493	1007.446	1007.414	1007.395	1007.491	1007.48	1007.467	1007.494	1007.474	1007.385	1007.542	1007.502	1007.484	1007.558	1007.57	1007.429	1007.554	1007.511	1007.581	1007.637	1007.609	1007.535	1007.611	1007.668	1007.656	1007.685	1007.728	1007.702	1007.68	1007.671	1007.737	1007.722	1007.702	1007.734	1007.593	1007.704	1007.688	1007.672	1007.692	1007.732	1007.642
1002.349	1002.47	1002.576	1002.529	1002.617	1002.665	1002.786	1002.841	1002.892	1003.089	1003.131	1003.199	1003.256	1003.312	1003.448	1003.671	1003.62	1004.013	1004.037	1004.079	1004.173	1004.215	1004.332	1004.438	1004.478	1004.519	1004.533	1004.588	1004.768	1004.794	1004.842	1004.908	1004.963	1005.049	1005.233	1005.22	1005.355	1005.377	1005.375	1005.497	1005.533	1005.674	1005.694	1005.77	1005.883	1005.948	1006.014	1006.05	1006.024	1006.054	1006.081	1006.076	1006.107	1006.144	1006.183	1006.159	1006.151	1006.227	1006.189	1006.258	1006.282	1006.319	1006.344	1006.362	1006.41	1006.435	1006.453	1006.459	1006.49	1006.58	1006.557	1006.604	1006.693	1006.731	1006.758	1006.823	1006.794	1006.838	1006.898	1006.969	1007.027	1007.005	1007.066	1007.153	1007.173	1007.183	1007.219	1007.286	1007.23	1007.322	1007.287	1007.289	1007.338	1007.365	1007.306	1007.347	1007.348	1007.338	1007.374	1007.462	1007.237	1007.381	1007.313	1007.315	1007.356	1007.357	1007.304	1007.368	1007.304	1007.339	1007.371	1007.332	1007.482	1007.441	1007.437	1007.441	1007.46	1007.536	1007.499	1007.53	1007.484	1007.499	1007.486	1007.441	1007.636	1007.542	1007.542	1007.564	1007.579	1007.558	1007.606	1007.633	1007.563	1007.561	1007.548	1007.496	1007.572
1002.322	1002.411	1002.525	1002.514	1002.683	1002.673	1002.759	1002.852	1002.874	1002.911	1003.093	1003.133	1003.287	1003.373	1003.466	1003.606	1003.617	1003.883	1004.027	1004.116	1004.199	1004.253	1004.276	1004.311	1004.388	1004.491	1004.577	1004.671	1004.683	1004.747	1004.827	1004.889	1004.945	1005.03	1005.143	1005.087	1005.23	1005.319	1005.354	1005.5	1005.462	1005.585	1005.781	1005.837	1005.841	1005.95	1005.813	1005.933	1005.967	1006.029	1006.049	1006.045	1006.15	1006.061	1006.13	1006.137	1006.137	1006.162	1006.178	1006.218	1006.225	1006.286	1006.329	1006.346	1006.382	1006.396	1006.399	1006.436	1006.475	1006.437	1006.548	1006.536	1006.624	1006.667	1006.707	1006.76	1006.803	1006.803	1006.862	1006.886	1006.914	1006.999	1007.049	1006.987	1007.073	1007.14	1007.179	1007.172	1007.156	1007.212	1007.243	1007.243	1007.216	1007.196	1007.312	1007.185	1007.271	1007.241	1007.228	1007.283	1007.188	1007.28	1007.246	1007.219	1007.228	1007.255	1007.191	1007.303	1007.276	1007.225	1007.231	1007.283	1007.247	1007.251	1007.392	1007.355	1007.298	1007.4	1007.278	1007.396	1007.369	1007.391	1007.417	1007.391	1007.432	1007.431	1007.477	1007.488	1007.474	1007.475	1007.469	1007.397	1007.415	1007.45	1007.446	1007.425	1007.429
1002.46	1002.527	1002.537	1002.581	1002.679	1002.679	1002.743	1002.876	1002.934	1003.017	1003.205	1003.155	1003.24	1003.37	1003.452	1003.538	1003.732	1003.86	1004.009	1004.06	1004.139	1004.232	1004.321	1004.327	1004.438	1004.505	1004.514	1004.613	1004.609	1004.802	1004.793	1004.858	1004.934	1004.961	1005.062	1005.1	1005.159	1005.243	1005.276	1005.354	1005.486	1005.511	1005.623	1005.626	1005.668	1005.85	1005.809	1005.91	1005.865	1005.924	1006.003	1005.997	1006.107	1006.07	1006.108	1006.112	1006.112	1006.14	1006.141	1006.193	1006.232	1006.271	1006.291	1006.308	1006.312	1006.403	1006.391	1006.382	1006.399	1006.428	1006.571	1006.54	1006.574	1006.637	1006.677	1006.707	1006.766	1006.757	1006.802	1006.874	1006.92	1006.907	1006.895	1006.965	1007.019	1007.065	1007.052	1007.055	1007.093	1007.065	1007.076	1007.151	1007.162	1007.08	1007.212	1007.09	1007.153	1007.143	1007.112	1007.116	1007.159	1007.051	1007.091	1007.128	1007.125	1007.104	1007.122	1007.104	1007.159	1007.129	1007.109	1007.112	1007.164	1007.134	1007.213	1007.215	1007.19	1007.242	1007.136	1007.268	1007.194	1007.209	1007.217	1007.216	1007.237	1007.262	1007.302	1007.29	1007.263	1007.314	1007.304	1007.315	1007.314	1007.317	1007.292	1007.329	1007.297
1002.391	1002.484	1002.509	1002.579	1002.577	1002.701	1002.785	1002.926	1002.939	1003.031	1003.144	1003.253	1003.321	1003.441	1003.536	1003.6	1003.755	1003.84	1004.002	1004.051	1004.124	1004.199	1004.322	1004.312	1004.424	1004.464	1004.463	1004.618	1004.578	1004.775	1004.767	1004.82	1004.893	1004.905	1005.012	1005.079	1005.108	1005.262	1005.294	1005.304	1005.482	1005.459	1005.57	1005.582	1005.628	1005.757	1005.672	1005.845	1005.781	1005.86	1005.932	1005.899	1006.001	1006.026	1006.045	1006.045	1006.072	1006.104	1006.103	1006.145	1006.184	1006.204	1006.231	1006.296	1006.276	1006.342	1006.347	1006.347	1006.409	1006.451	1006.436	1006.498	1006.543	1006.561	1006.601	1006.654	1006.691	1006.724	1006.731	1006.795	1006.827	1006.817	1006.881	1006.908	1006.933	1006.977	1006.985	1006.96	1006.95	1007	1006.957	1007.026	1007.053	1007.003	1007.052	1007.042	1007.06	1007.082	1007.065	1007.015	1007.051	1006.984	1006.954	1006.987	1006.999	1006.982	1007.042	1006.991	1007.008	1007.034	1007.018	1006.987	1007.075	1007.012	1007.032	1007.038	1007.042	1007.058	1007.05	1007.057	1007.049	1007.111	1007.12	1007.083	1007.135	1007.116	1007.149	1007.155	1007.159	1007.181	1007.153	1007.172	1007.176	1007.22	1007.225	1007.174	1007.149
1002.417	1002.489	1002.525	1002.591	1002.574	1002.734	1002.828	1002.94	1002.945	1003.063	1003.075	1003.29	1003.336	1003.465	1003.589	1003.671	1003.741	1003.961	1004.044	1004.089	1004.164	1004.187	1004.316	1004.297	1004.4	1004.432	1004.461	1004.611	1004.562	1004.673	1004.683	1004.717	1004.785	1004.854	1004.939	1005.027	1005.07	1005.207	1005.25	1005.244	1005.423	1005.41	1005.522	1005.491	1005.539	1005.694	1005.61	1005.735	1005.756	1005.858	1005.842	1005.806	1005.848	1005.888	1005.953	1006.016	1006.033	1006.033	1006.067	1006.105	1006.156	1006.167	1006.164	1006.226	1006.24	1006.265	1006.294	1006.286	1006.332	1006.409	1006.369	1006.46	1006.486	1006.505	1006.572	1006.645	1006.603	1006.698	1006.694	1006.721	1006.749	1006.758	1006.831	1006.804	1006.856	1006.908	1006.887	1006.871	1006.814	1006.89	1006.865	1006.855	1006.876	1006.9	1006.874	1006.935	1006.912	1006.922	1006.936	1006.89	1006.861	1006.914	1006.879	1006.88	1006.874	1006.844	1006.843	1006.872	1006.859	1006.871	1006.91	1006.905	1006.887	1006.912	1006.919	1006.922	1006.936	1006.911	1006.951	1006.919	1006.925	1006.994	1006.988	1006.953	1007.012	1006.974	1007.016	1007.026	1007.024	1007.047	1007.025	1007.046	1007.015	1007.072	1007.076	1007.008	1007.027
1002.434	1002.517	1002.537	1002.592	1002.675	1002.721	1002.843	1002.974	1002.975	1003.13	1003.161	1003.249	1003.345	1003.457	1003.576	1003.746	1003.803	1004.05	1004.059	1004.089	1004.149	1004.164	1004.299	1004.288	1004.378	1004.431	1004.459	1004.524	1004.544	1004.621	1004.66	1004.698	1004.752	1004.838	1004.865	1004.964	1005.033	1005.085	1005.131	1005.206	1005.344	1005.34	1005.467	1005.418	1005.396	1005.604	1005.605	1005.601	1005.681	1005.715	1005.676	1005.666	1005.772	1005.759	1005.817	1005.927	1005.99	1005.941	1006.039	1006.06	1006.118	1006.15	1006.141	1006.15	1006.228	1006.22	1006.266	1006.259	1006.253	1006.333	1006.37	1006.393	1006.385	1006.456	1006.519	1006.578	1006.54	1006.627	1006.618	1006.657	1006.671	1006.661	1006.732	1006.664	1006.776	1006.748	1006.717	1006.783	1006.776	1006.76	1006.786	1006.78	1006.777	1006.823	1006.749	1006.794	1006.766	1006.763	1006.771	1006.793	1006.749	1006.786	1006.773	1006.772	1006.769	1006.73	1006.68	1006.742	1006.71	1006.713	1006.756	1006.794	1006.743	1006.804	1006.76	1006.774	1006.822	1006.803	1006.815	1006.803	1006.79	1006.805	1006.799	1006.826	1006.856	1006.845	1006.877	1006.874	1006.889	1006.925	1006.884	1006.941	1006.897	1006.89	1006.897	1006.891	1006.935
1002.371	1002.473	1002.538	1002.543	1002.659	1002.722	1002.91	1003.014	1002.98	1003.027	1003.262	1003.26	1003.466	1003.551	1003.651	1003.852	1003.856	1004.027	1004.041	1004.101	1004.162	1004.152	1004.231	1004.247	1004.311	1004.371	1004.42	1004.453	1004.57	1004.541	1004.58	1004.64	1004.683	1004.785	1004.766	1004.873	1004.937	1004.983	1005.066	1005.185	1005.249	1005.281	1005.415	1005.46	1005.461	1005.497	1005.488	1005.46	1005.482	1005.564	1005.607	1005.588	1005.561	1005.677	1005.686	1005.713	1005.751	1005.801	1005.969	1006	1006.023	1006.059	1006.094	1006.111	1006.187	1006.155	1006.207	1006.236	1006.247	1006.268	1006.29	1006.272	1006.33	1006.407	1006.449	1006.444	1006.497	1006.54	1006.526	1006.56	1006.586	1006.551	1006.661	1006.586	1006.633	1006.598	1006.586	1006.672	1006.695	1006.643	1006.718	1006.693	1006.678	1006.708	1006.697	1006.668	1006.673	1006.666	1006.637	1006.659	1006.681	1006.605	1006.644	1006.628	1006.601	1006.638	1006.636	1006.603	1006.611	1006.61	1006.6	1006.62	1006.633	1006.665	1006.588	1006.618	1006.68	1006.695	1006.642	1006.678	1006.685	1006.69	1006.684	1006.729	1006.708	1006.749	1006.74	1006.741	1006.761	1006.808	1006.738	1006.805	1006.788	1006.777	1006.765	1006.792	1006.801
1002.427	1002.457	1002.551	1002.605	1002.672	1002.699	1002.77	1002.933	1003.059	1003.144	1003.341	1003.224	1003.457	1003.527	1003.596	1003.87	1003.87	1004.005	1004.031	1004.078	1004.137	1004.17	1004.185	1004.271	1004.289	1004.348	1004.409	1004.444	1004.497	1004.431	1004.546	1004.627	1004.653	1004.671	1004.743	1004.825	1004.862	1004.951	1005.036	1005.043	1005.092	1005.223	1005.188	1005.28	1005.354	1005.315	1005.434	1005.502	1005.416	1005.426	1005.492	1005.542	1005.483	1005.599	1005.641	1005.667	1005.72	1005.767	1005.693	1005.917	1006.005	1006.033	1006.054	1006.062	1006.078	1006.123	1006.147	1006.158	1006.19	1006.2	1006.248	1006.297	1006.304	1006.303	1006.331	1006.389	1006.412	1006.431	1006.441	1006.483	1006.503	1006.489	1006.543	1006.507	1006.491	1006.522	1006.557	1006.505	1006.496	1006.561	1006.536	1006.54	1006.559	1006.544	1006.58	1006.552	1006.556	1006.575	1006.536	1006.475	1006.567	1006.5	1006.525	1006.507	1006.465	1006.463	1006.49	1006.429	1006.461	1006.458	1006.457	1006.469	1006.47	1006.496	1006.534	1006.534	1006.512	1006.51	1006.553	1006.553	1006.554	1006.552	1006.534	1006.53	1006.533	1006.588	1006.586	1006.604	1006.622	1006.613	1006.651	1006.657	1006.637	1006.659	1006.676	1006.654	1006.697
1002.377	1002.41	1002.468	1002.579	1002.629	1002.849	1002.814	1002.906	1003.007	1002.998	1003.198	1003.243	1003.469	1003.556	1003.639	1003.826	1003.775	1003.955	1004.027	1004.045	1004.096	1004.163	1004.113	1004.264	1004.275	1004.305	1004.361	1004.359	1004.457	1004.503	1004.525	1004.525	1004.573	1004.631	1004.676	1004.743	1004.781	1004.842	1004.909	1004.992	1005.033	1005.194	1005.17	1005.19	1005.261	1005.301	1005.336	1005.232	1005.315	1005.357	1005.332	1005.338	1005.46	1005.38	1005.474	1005.512	1005.564	1005.705	1005.677	1005.826	1005.861	1005.911	1005.989	1006.038	1006.022	1006.085	1006.08	1006.083	1006.114	1006.148	1006.164	1006.175	1006.213	1006.253	1006.301	1006.33	1006.247	1006.329	1006.36	1006.367	1006.395	1006.425	1006.325	1006.447	1006.432	1006.393	1006.387	1006.42	1006.434	1006.477	1006.396	1006.434	1006.497	1006.434	1006.415	1006.442	1006.389	1006.41	1006.444	1006.42	1006.418	1006.396	1006.344	1006.363	1006.401	1006.374	1006.351	1006.389	1006.337	1006.303	1006.309	1006.361	1006.375	1006.341	1006.352	1006.337	1006.347	1006.372	1006.411	1006.391	1006.419	1006.444	1006.454	1006.459	1006.493	1006.475	1006.439	1006.476	1006.479	1006.444	1006.529	1006.527	1006.517	1006.54	1006.542	1006.518	1006.543
1002.411	1002.469	1002.551	1002.704	1002.573	1002.774	1002.793	1002.91	1002.987	1003.031	1003.284	1003.283	1003.331	1003.445	1003.61	1003.688	1003.806	1003.837	1003.962	1004.03	1004.084	1004.129	1004.104	1004.175	1004.203	1004.266	1004.352	1004.343	1004.355	1004.363	1004.419	1004.491	1004.551	1004.599	1004.59	1004.679	1004.789	1004.814	1004.841	1004.941	1004.918	1004.912	1005.039	1005.099	1005.1	1005.138	1005.248	1005.199	1005.258	1005.302	1005.266	1005.247	1005.335	1005.289	1005.448	1005.463	1005.457	1005.545	1005.645	1005.638	1005.758	1005.826	1005.858	1005.932	1005.957	1005.915	1005.961	1006.032	1006.058	1006.074	1006.136	1006.139	1006.19	1006.197	1006.155	1006.157	1006.243	1006.237	1006.268	1006.254	1006.268	1006.338	1006.274	1006.315	1006.316	1006.308	1006.313	1006.335	1006.258	1006.292	1006.333	1006.303	1006.281	1006.296	1006.304	1006.301	1006.32	1006.291	1006.278	1006.294	1006.237	1006.309	1006.285	1006.247	1006.215	1006.201	1006.163	1006.19	1006.184	1006.202	1006.201	1006.154	1006.187	1006.22	1006.214	1006.233	1006.264	1006.26	1006.211	1006.272	1006.295	1006.305	1006.281	1006.283	1006.243	1006.315	1006.317	1006.342	1006.352	1006.373	1006.343	1006.343	1006.393	1006.39	1006.384	1006.451	1006.366
1002.401	1002.38	1002.432	1002.645	1002.656	1002.798	1002.788	1002.857	1002.959	1003.019	1003.101	1003.196	1003.306	1003.446	1003.538	1003.539	1003.77	1003.789	1003.854	1003.908	1003.979	1004.016	1004.112	1004.152	1004.206	1004.201	1004.239	1004.273	1004.32	1004.332	1004.4	1004.451	1004.455	1004.472	1004.617	1004.609	1004.7	1004.753	1004.781	1004.795	1004.895	1004.941	1004.931	1004.99	1005.051	1005.11	1005.06	1005.207	1005.131	1005.138	1005.166	1005.184	1005.198	1005.224	1005.179	1005.259	1005.359	1005.391	1005.493	1005.517	1005.614	1005.67	1005.66	1005.732	1005.803	1005.837	1005.85	1005.9	1005.909	1005.933	1006.036	1006.023	1006.05	1006.086	1006.089	1006.084	1006.127	1006.062	1006.177	1006.193	1006.163	1006.157	1006.226	1006.161	1006.18	1006.186	1006.19	1006.173	1006.215	1006.188	1006.203	1006.181	1006.172	1006.215	1006.179	1006.086	1006.177	1006.166	1006.151	1006.209	1006.144	1006.152	1006.148	1006.127	1006.117	1006.116	1006.113	1006.087	1006.06	1006.052	1006.046	1006.052	1006.066	1006.046	1006.078	1006.085	1006.084	1006.098	1006.127	1006.133	1006.131	1006.141	1006.164	1006.181	1006.169	1006.194	1006.207	1006.201	1006.182	1006.195	1006.234	1006.222	1006.253	1006.222	1006.215	1006.263	1006.235
1002.439	1002.446	1002.502	1002.629	1002.627	1002.717	1002.768	1002.806	1002.89	1002.986	1003.032	1003.173	1003.2	1003.315	1003.448	1003.545	1003.599	1003.67	1003.77	1003.856	1003.93	1003.995	1004.037	1004.069	1004.144	1004.185	1004.221	1004.254	1004.247	1004.294	1004.306	1004.399	1004.42	1004.461	1004.526	1004.553	1004.582	1004.653	1004.727	1004.735	1004.773	1004.815	1004.842	1004.881	1004.928	1005.01	1004.886	1005.044	1005.076	1005.083	1005.098	1005.081	1005.057	1005.207	1005.149	1005.192	1005.27	1005.236	1005.366	1005.384	1005.401	1005.47	1005.577	1005.633	1005.557	1005.621	1005.658	1005.733	1005.762	1005.841	1005.788	1005.885	1005.85	1005.947	1005.947	1005.919	1006.011	1006.04	1006.065	1006.069	1006.06	1006.065	1006.08	1006.063	1006.049	1006.06	1006.051	1006.025	1006.109	1006.029	1006.025	1006.056	1006.068	1006.008	1006.052	1006.02	1006.015	1006.022	1006.013	1006.03	1006.009	1006.034	1006.019	1005.984	1005.98	1005.895	1005.879	1005.873	1005.933	1005.899	1005.822	1005.803	1005.842	1005.76	1005.823	1005.87	1005.873	1005.915	1005.919	1005.913	1005.994	1006.008	1005.967	1005.934	1006.02	1006.012	1006.05	1006.102	1006.103	1006.058	1006.088	1006.073	1006.061	1006.061	1006.083	1006.061	1006.129
1002.406	1002.41	1002.462	1002.58	1002.624	1002.672	1002.734	1002.788	1002.873	1002.972	1002.97	1003.098	1003.136	1003.24	1003.379	1003.456	1003.52	1003.627	1003.603	1003.721	1003.807	1003.883	1004.025	1004.049	1004.114	1004.122	1004.161	1004.209	1004.173	1004.264	1004.273	1004.331	1004.367	1004.404	1004.404	1004.541	1004.552	1004.545	1004.608	1004.663	1004.727	1004.703	1004.841	1004.856	1004.805	1004.863	1004.877	1004.902	1004.925	1004.908	1004.92	1004.987	1004.96	1005.053	1005.063	1005.087	1005.116	1005.087	1005.219	1005.19	1005.25	1005.273	1005.362	1005.449	1005.409	1005.495	1005.53	1005.565	1005.575	1005.621	1005.555	1005.701	1005.656	1005.651	1005.663	1005.699	1005.72	1005.83	1005.8	1005.811	1005.9	1005.908	1005.78	1005.869	1005.835	1005.819	1005.815	1005.785	1005.769	1005.769	1005.743	1005.807	1005.821	1005.756	1005.787	1005.783	1005.763	1005.848	1005.848	1005.766	1005.731	1005.782	1005.727	1005.715	1005.739	1005.658	1005.689	1005.584	1005.611	1005.654	1005.594	1005.554	1005.558	1005.543	1005.512	1005.545	1005.571	1005.605	1005.583	1005.664	1005.707	1005.705	1005.692	1005.738	1005.8	1005.788	1005.767	1005.881	1005.874	1005.852	1005.83	1005.91	1005.868	1005.824	1005.84	1005.822	1005.938
