70.063	70.379	70.482	70.524	70.345	70.088	70.184	69.953	70.063	69.966	70.047	69.926	70.412	70.459	70.771	71.026	70.806	70.636	70.551	70.55	70.224	70.245	70.158	70.07	69.99	70.29	70.117	70.494	70.559	70.537	70.459	70.817	70.842	71.012	70.923	70.731	70.77	71.11	71.083	70.77	70.806	70.769	70.64	70.791	70.954	70.989	70.78	70.47	70.565	70.738	70.849	71.29	70.989	70.95	70.609	70.948	71	70.828	70.806	70.772	70.864	70.898	70.757	70.477	70.635	70.571	70.486	70.273	70.415	70.433	70.401	70.336	70.203	70.699	70.67	70.181	70.102	70.01	70.178	70.044	70.027	70.089	70.192	69.987	69.927	70.052	69.987	70.218	70.248	70.295	70.244	69.985	69.856	70.023	70.13	70.186	70.226	70.238	69.971	70.089	70.372	70.296	69.785	69.529	69.647	69.565	69.75	69.797	69.66	69.708	69.725	69.7	69.464	69.525	69.665	69.553	69.568	69.549	69.656	69.744	69.634	69.799	69.766	69.674	69.728	69.556	69.628	69.453	69.356	69.268	69.464	69.495	69.777	69.757	69.777	69.895	69.988
70.146	70.679	70.947	70.917	70.274	70.009	69.852	69.842	69.671	69.857	70.345	70.568	71.055	70.878	71.058	71.095	71.083	70.974	70.715	70.603	70.415	70.349	70.402	70.372	70.186	70.571	70.402	70.443	70.688	70.44	70.423	70.375	70.531	70.506	70.771	70.799	71.35	71.339	71.131	71.29	70.957	70.892	70.559	71.163	71.119	70.818	70.809	70.676	70.771	70.851	71.301	71.318	71.163	70.684	70.961	71.131	70.923	70.576	70.323	70.474	70.41	70.252	70.633	70.445	70.391	70.204	70.267	70.342	70.353	70.324	70.28	70.027	69.966	70.296	70.234	69.886	69.539	69.762	69.517	69.697	69.568	69.782	69.892	69.777	69.694	69.848	70.143	70.081	70.192	70.013	69.926	69.97	70.063	70.017	70.057	69.929	69.832	69.906	69.983	70.007	70.145	70.068	69.82	69.617	69.486	69.365	69.379	69.417	69.318	69.289	69.219	69.293	69.343	69.451	69.217	69.183	69.166	69.141	69.321	69.422	69.46	69.415	69.451	69.477	69.505	69.475	69.227	69.457	69.015	68.974	69.023	69.268	69.272	69.256	69.22	69.304	69.276
70.603	70.95	70.97	70.47	70.07	69.94	69.906	70.246	70.246	70.77	71.191	71.273	71.431	71.265	71.313	71.222	71.068	71.11	70.974	70.946	70.633	70.543	70.771	70.851	70.915	70.878	70.426	70.078	70.206	70.133	70.074	70.288	70.292	70.905	71.258	71.424	71.54	71.788	71.68	71.647	71.38	71.143	70.961	71.044	70.884	70.828	71.123	71.111	71.081	71.32	71.582	71.651	71.641	71.48	71.176	71.32	71.122	70.832	70.445	70.395	70.206	70.284	70.27	70.32	70.529	70.292	70.389	70.424	70.538	70.443	70.249	70.081	70.213	70.433	70.158	69.764	69.593	69.413	69.567	69.519	69.674	69.609	69.573	69.411	69.566	69.862	69.867	69.881	69.75	69.533	69.623	69.764	69.855	70.057	69.954	69.744	69.673	69.831	69.954	69.819	70.078	69.891	69.657	69.711	69.539	69.519	69.464	69.398	69.212	68.984	68.977	69.157	69.203	69.223	68.984	68.895	68.977	69.05	69.045	69.122	68.914	68.928	68.983	69.099	68.98	68.989	68.961	69.073	68.733	68.88	68.696	68.872	68.838	68.758	68.821	69.119	69.274
71.261	71.176	70.915	70.949	70.898	70.747	71.055	71.026	70.851	70.978	71.186	71.32	71.586	71.717	71.599	71.231	70.843	71.007	70.888	70.919	70.832	70.715	70.467	70.597	70.769	70.746	70.454	70.172	70.057	70.292	70.459	70.799	70.989	71.222	71.8	71.809	71.8	72.159	72.244	72.163	71.883	71.459	71.352	70.954	70.811	70.948	71.27	71.257	71.498	71.77	71.674	72.041	71.884	71.525	71.35	71.461	71.632	71.603	70.742	70.481	70.445	70.338	70.127	70.192	70.358	70.372	70.457	70.298	70.485	70.29	70.082	70.092	70.082	70.063	69.921	69.787	69.576	69.398	69.434	69.608	69.738	69.742	69.619	69.832	69.946	69.857	69.617	69.63	69.695	69.568	69.667	69.627	69.777	69.77	69.906	69.818	70.045	70.076	69.832	69.861	69.954	69.669	69.724	69.758	69.861	69.592	69.553	69.165	68.742	68.719	68.76	69.054	69.145	69.2	69.169	68.98	69.013	69.08	69.152	69.049	68.902	68.649	68.558	68.406	68.283	68.398	68.417	68.419	68.45	68.615	68.708	68.535	68.318	68.225	68.52	68.934	68.88
71.538	71.424	71.006	70.947	71.014	70.831	70.919	71.163	71.263	71.411	71.418	71.111	71.503	71.644	71.468	71.172	71.104	70.949	70.949	70.864	70.655	70.611	70.394	70.636	70.817	70.949	70.77	70.459	70.597	71.084	71.016	71.371	71.574	71.538	71.489	71.706	72.233	72.134	72.25	72.354	72.22	71.853	71.735	71.54	71.662	71.352	71.625	71.717	71.89	71.855	71.975	71.996	71.992	71.736	71.308	71.261	71.191	71.083	70.752	70.727	70.611	70.511	70.193	70.246	70.497	70.542	70.486	70.29	70.203	69.918	69.86	69.794	69.862	69.913	69.769	69.671	69.556	69.215	69.434	69.673	69.619	69.899	70.011	69.888	69.881	70.106	69.869	69.819	69.533	69.733	69.675	69.75	69.834	69.79	69.321	69.598	69.893	69.975	69.799	69.936	70.07	69.975	69.899	69.892	69.835	69.451	69.072	68.676	68.579	68.668	69.049	69.209	69.52	69.481	69.321	69.141	69.169	69.347	69.157	68.861	68.691	68.369	68.271	68.14	67.849	67.979	68.092	68.283	68.349	68.463	68.454	68.272	68.246	68.203	68.328	68.704	69.008
71.85	72.021	71.145	70.908	70.851	70.818	71.084	71.175	71.54	71.423	71.328	71.149	71.176	71.204	71.058	71.02	71.035	70.831	70.92	71.027	70.9	70.559	70.353	70.375	70.513	70.871	70.608	70.397	70.804	71.131	71.267	71.357	71.544	71.468	71.32	71.131	71.309	71.964	71.96	72.113	71.926	71.735	71.842	71.747	71.729	71.53	71.735	71.756	71.423	71.676	71.744	71.809	71.708	71.625	71.131	70.994	70.989	70.811	70.727	70.786	70.783	70.566	70.246	70.322	70.722	70.588	70.294	70.193	70.13	69.848	69.739	69.739	69.535	69.499	69.52	69.315	69.073	69.321	69.522	69.355	69.427	69.576	69.86	69.965	70.063	69.94	69.917	69.895	69.457	69.535	69.27	69.281	69.103	69.327	69.174	69.16	69.144	69.316	69.628	69.655	69.854	69.733	69.776	69.605	69.386	69.162	68.929	68.785	68.52	68.715	68.612	68.633	68.69	68.581	68.461	68.427	68.685	68.865	68.896	68.701	68.45	68.112	68.272	68.176	68.024	67.8	67.853	68.066	68.114	68.392	68.519	68.417	68.306	68.389	68.334	68.421	68.976
71.54	71.513	71.274	71.143	70.851	70.737	70.727	70.61	71.163	71.228	71.122	71.007	71.058	70.803	70.655	70.531	70.614	70.731	71.131	71.049	70.737	70.556	70.294	70.382	70.44	70.731	70.695	71.016	71.263	70.851	70.863	70.968	71.131	71.222	70.817	70.954	71.184	71.729	71.603	71.779	71.724	71.614	71.524	71.456	70.755	70.806	71.084	71.163	71.129	71.143	71.362	71.267	71.17	71.236	70.91	71.083	70.915	70.665	70.518	70.513	70.161	70.106	70.03	70.033	70.23	70.252	70.238	70.036	69.756	69.445	69.426	69.208	69.236	69.329	69.074	69.09	69.044	69.092	69.072	68.894	69.071	69.18	69.364	69.581	69.642	69.638	69.453	69.195	69.137	68.934	68.908	68.84	68.828	69.017	68.845	68.735	68.663	68.85	68.967	68.892	68.968	68.795	68.786	68.86	69.027	68.882	68.73	68.424	68.47	68.582	68.485	68.423	68.423	68.289	68.304	68.326	68.595	68.994	68.872	68.245	67.798	67.692	67.872	67.746	67.872	67.57	67.557	67.568	67.864	68.232	68.085	67.945	67.792	67.693	67.612	67.632	67.673
71.362	71.428	71.184	71.022	71.026	70.655	70.603	70.905	70.905	70.863	70.978	71.17	70.917	70.915	70.636	70.445	70.424	70.477	70.665	70.585	70.395	70.284	70.226	70.273	70.412	70.798	71.236	71.32	71.291	70.999	70.899	71.186	71.28	71.184	70.952	71.122	71.362	71.768	71.577	71.592	71.577	71.191	71.309	70.989	70.538	70.695	70.913	70.983	70.608	70.703	71.044	70.892	70.994	70.946	70.959	70.946	70.638	70.524	70.275	70.218	70.145	69.833	69.895	70.045	70.01	70.008	70.051	69.833	69.465	69.231	69.044	69.178	69.194	68.968	68.722	68.801	68.708	68.623	68.506	68.423	68.304	68.424	68.733	69.132	69.224	69.358	68.943	68.716	68.461	68.807	68.656	68.527	68.423	68.311	68.332	68.363	68.478	68.582	68.507	68.481	68.386	68.388	68.169	68.088	68.258	68.214	68.011	67.874	68.018	68.461	68.363	68.328	68.109	67.958	68.293	68.549	68.801	68.765	68.463	67.849	67.365	67.088	67.005	67.257	67.485	67.485	67.31	67.558	67.79	67.882	67.997	67.627	67.484	67.285	67.269	67.109	67.136
70.989	70.878	70.71	70.731	70.688	70.459	70.64	70.772	70.529	71.019	70.588	70.905	70.738	70.676	70.424	70.459	70.458	70.321	70.579	70.731	70.531	70.1	70.106	70.321	70.433	70.771	71.517	71.934	72.224	71.996	71.895	71.582	71.222	71.068	71.04	71.172	71.603	71.747	71.693	71.542	71.23	71.007	70.752	70.485	70.479	70.603	70.665	70.486	70.424	70.402	70.725	70.772	70.967	70.92	70.851	70.714	70.655	70.3	70.078	70.09	69.986	69.922	69.845	69.757	69.733	69.659	69.508	69.408	69.169	69.045	69.132	69.217	69.274	68.961	68.57	68.304	68.222	68.245	68.245	68.021	67.902	68.051	68.336	68.645	68.797	68.801	68.612	68.407	68.504	68.369	68.269	68.224	68.145	68.037	68.021	68.155	68.338	68.332	68.085	68.112	68.138	68.066	67.849	67.895	67.958	67.967	67.845	67.853	67.799	68.106	67.979	67.902	67.849	67.998	68.293	68.5	68.378	68.227	67.891	67.285	66.988	66.957	67.049	67.068	67.071	67.198	67.264	67.356	67.399	67.559	67.655	67.746	67.121	66.92	66.927	66.987	66.885
70.234	70.752	70.458	70.444	70.329	70.127	70.112	70.051	70.121	70.282	70.402	70.597	70.474	70.459	70.267	70.358	70.497	70.492	70.64	70.695	70.597	70.07	70.217	70.329	70.298	70.645	71.467	72.354	72.467	72.121	72.155	71.892	71.608	71.274	71.27	71.163	71.362	71.395	71.065	70.64	70.636	70.529	70.538	70.459	70.433	70.638	70.725	70.695	70.585	70.663	70.606	70.633	70.443	70.47	70.605	70.372	70.294	70.224	70.057	69.808	69.652	69.522	69.655	69.438	69.399	69.311	69.193	68.957	68.765	68.704	68.894	69.125	69.077	68.705	68.467	68.27	68.145	67.997	67.945	67.705	67.719	67.871	68.286	68.708	68.824	68.731	68.546	68.408	68.158	68.237	68.203	68.026	68.068	67.88	67.836	67.98	68.022	68.035	67.882	67.849	67.919	67.763	67.693	67.858	67.945	67.881	67.929	67.902	67.864	67.794	67.875	67.733	67.912	67.943	67.97	67.864	67.703	67.54	67.211	66.99	66.759	66.694	66.723	66.784	66.78	66.828	66.986	67.053	67.154	67.231	67.2	67.109	67.056	66.685	66.571	66.61	66.505
70.146	70.174	70.372	70.294	70.292	70.238	69.961	69.82	69.872	70.345	70.538	70.506	70.746	70.603	70.415	70.364	70.899	70.842	70.649	70.642	70.638	70.538	70.29	70.349	70.181	70.253	71.184	71.977	72.276	72.101	71.885	71.534	71.302	71.175	70.811	70.772	70.772	70.878	70.418	69.983	70.045	69.981	70.102	70.353	70.383	70.371	70.531	70.486	70.242	70.174	70.155	70.192	70.144	70.068	70.008	69.862	69.698	69.869	69.605	69.451	69.176	69.169	69.307	69.361	69.301	69.013	68.82	68.497	68.555	68.592	68.704	68.942	68.831	68.708	68.568	68.415	68.227	68.076	67.936	67.787	67.867	68.135	68.52	68.526	68.507	68.38	68.206	68.183	68.195	68.342	68.172	68.136	68.076	67.872	67.643	67.77	67.739	67.799	67.822	67.8	67.557	67.536	67.622	67.709	67.686	67.765	67.759	67.713	67.54	67.525	67.487	67.664	67.681	67.733	67.613	67.513	67.431	67.404	67.082	66.708	66.535	66.382	66.498	66.446	66.554	66.726	66.763	66.789	66.644	66.715	66.763	66.736	66.598	66.434	66.199	66.338	66.101
70.329	70.665	70.871	70.64	70.605	70.43	69.926	69.951	70.015	70.324	70.29	70.415	70.798	70.645	70.688	70.571	70.695	70.64	70.703	70.949	70.817	70.55	70.342	70.052	70.112	70.372	71.309	71.779	71.899	71.754	71.191	70.603	70.851	70.6	70.479	70.168	70.635	70.349	69.985	69.972	69.842	69.961	70.036	70.16	70.192	70.168	70.358	70.318	70.047	69.987	69.818	69.815	69.495	69.472	69.383	69.53	69.533	69.497	69.346	69.194	68.998	68.995	69.161	69.214	69.144	69.034	68.663	68.485	68.373	68.558	68.425	68.605	68.862	69.044	68.791	68.581	68.246	67.979	67.891	68.018	67.953	68.042	68.351	68.392	68.225	68.114	68.056	67.93	68.106	68.303	68.177	68.109	67.93	67.574	67.574	67.611	67.672	67.487	67.414	67.632	67.858	67.763	67.693	67.602	67.466	67.52	67.341	67.367	67.422	67.552	67.563	67.558	67.545	67.262	67.195	66.999	67.043	66.807	66.694	66.446	66.194	66.308	66.4	66.453	66.483	66.674	66.906	66.981	66.79	66.742	66.645	66.463	66.449	66.571	66.61	66.489	66.139
70.456	70.576	70.783	70.806	70.742	70.294	69.941	70.09	70.166	70.12	70.024	70.433	70.771	71.016	71.154	70.948	70.92	70.843	71.016	71.055	70.703	70.184	70.059	70.063	70.284	70.566	71.04	71.27	71.459	71.524	71.263	71.049	70.71	70.638	70.372	70.147	70.185	70.161	69.856	69.897	69.941	69.704	70.044	70.133	70.233	70.29	70.342	70.267	70.04	69.698	69.477	69.321	69.144	69.248	69.261	69.279	69.353	69.256	69.025	68.737	68.767	68.676	68.82	69.1	69.082	68.85	68.808	68.605	68.775	68.344	68.351	68.206	68.269	68.351	68.402	68.61	68.227	68.016	68.184	67.875	67.924	68.112	68.342	68.195	68.031	67.924	67.997	68.193	68.231	68.207	67.958	68.134	67.94	67.678	67.417	67.44	67.421	67.355	67.582	67.657	67.802	68.132	67.958	67.889	67.66	67.36	67.289	67.217	67.426	67.391	67.228	67.228	66.945	66.742	66.508	66.438	66.645	66.536	66.657	66.495	66.533	66.57	66.513	66.644	66.693	66.709	66.766	66.883	66.862	66.856	66.685	66.532	66.622	66.459	66.665	66.573	66.509
70.684	71.131	70.983	71.099	70.688	70.349	69.934	69.963	70.051	70.364	70.246	70.1	70.6	70.809	70.799	70.714	70.59	70.707	70.909	70.97	70.871	70.666	70.28	70.645	70.772	70.608	70.538	70.343	70.954	70.727	70.828	70.752	70.798	70.391	70.336	70.238	70.107	70.051	69.834	69.728	69.834	69.652	69.834	69.958	70.233	70.106	69.949	70.009	69.893	69.715	69.663	69.362	69.341	69.363	69.274	69.229	69.173	68.759	68.731	68.553	68.589	68.544	68.763	68.961	68.942	68.98	68.758	68.629	68.271	68.136	67.973	67.802	67.742	67.674	68.059	68.351	68.497	68.317	68.413	68.342	68.474	68.478	68.454	68.298	68.255	68.257	68.169	68.079	68.242	68.112	67.875	67.783	67.915	67.818	67.508	67.401	67.432	67.554	67.535	67.595	67.617	67.713	67.701	67.686	67.547	67.379	67.34	67.231	67.142	67.108	66.902	66.891	66.645	66.352	66.16	66.367	66.455	66.683	66.717	66.72	66.641	66.695	66.651	66.613	66.451	66.575	66.816	66.919	66.763	66.588	66.593	66.552	66.695	66.89	66.748	66.886	66.856
70.725	70.793	71.181	71.267	71.026	70.518	70.097	70.106	70.494	70.387	70.292	70.579	70.957	71.167	70.878	70.636	70.423	70.298	70.571	70.994	70.809	70.838	70.858	70.682	70.606	70.497	70.592	70.871	71.058	70.703	70.798	70.459	70.121	69.941	70.192	70.43	70.246	70.089	70.01	69.739	69.834	69.527	69.388	69.634	70.051	70.13	70.145	70.017	69.699	69.694	69.495	69.507	69.541	69.326	69.132	68.882	68.786	68.424	68.527	68.527	68.69	68.555	68.47	68.448	68.535	68.363	68.249	67.985	67.887	67.845	67.693	67.606	67.455	67.297	67.412	67.62	67.881	68.109	68.105	68.195	68.423	68.76	68.631	68.291	68.165	67.997	67.933	67.912	67.889	67.779	67.748	67.755	67.79	67.624	67.535	67.47	67.508	67.486	67.308	67.361	67.54	67.451	67.585	67.508	67.255	67.102	67.019	66.902	66.771	66.629	66.532	66.468	66.347	66.182	66.192	66.381	66.429	66.463	66.708	66.59	66.505	66.429	66.498	66.641	66.48	66.393	66.621	66.48	66.401	66.545	66.61	66.908	66.888	66.934	66.905	66.905	67.03
70.967	70.948	71.119	71.309	71.32	71.196	70.746	70.497	70.364	70.994	71.396	71.339	71.265	70.954	70.585	70.435	70.213	70.319	70.237	70.279	70.435	70.44	70.164	70.09	70.07	70.161	70.545	70.545	70.6	70.518	70.798	70.382	70.106	70.166	70.345	70.275	70.209	70.327	70.206	69.79	69.673	69.724	69.739	69.675	69.912	70.011	70.024	69.799	69.502	69.481	69.295	69.274	69.145	69.084	68.786	68.717	68.629	68.61	68.384	68.374	68.452	68.342	68.222	68.199	68.155	68.091	67.945	67.773	67.719	67.684	67.617	67.523	67.334	67.421	67.943	67.891	68.135	68.231	68.116	68.332	68.446	68.45	68.364	68.065	67.905	67.802	67.724	67.602	67.679	67.684	67.726	67.685	67.734	67.633	67.458	67.542	67.424	67.373	67.175	67.235	67.13	67.036	67.15	66.97	66.787	66.738	66.583	66.448	66.414	66.617	66.338	66.196	66.268	66.308	66.468	66.5	66.442	66.492	66.418	66.468	66.443	66.394	66.347	66.07	65.855	65.956	65.88	66.006	66.13	66.046	66.062	66.286	66.29	66.32	66.405	66.241	66.261
71.208	71.496	71.295	71.099	70.843	70.873	70.707	70.516	70.613	70.954	71.339	71.184	70.731	70.768	70.77	70.606	70.292	70.175	70.111	70.178	70.133	70.011	70.085	69.985	69.941	69.98	70.045	69.946	69.96	70.074	70.117	70.144	70.213	70.112	70.43	70.435	70.529	70.329	70.02	69.715	69.453	69.728	69.545	69.536	69.834	70.036	69.82	69.733	69.434	69.162	68.934	69.025	68.721	68.676	68.611	68.582	68.544	68.415	68.449	68.309	68.516	68.231	68.068	68.059	67.91	67.838	67.699	67.518	67.473	67.457	67.611	67.711	67.477	67.713	67.895	67.992	68.247	68.317	68.338	68.465	68.558	68.317	68.182	68.193	67.842	67.796	67.733	67.739	67.692	67.684	67.424	67.547	67.551	67.458	67.417	67.293	67.117	66.974	66.84	66.91	66.821	66.625	66.661	66.495	66.382	66.257	66.151	66.104	66.15	66.239	66.032	66.049	65.946	66.235	66.21	66.168	66.188	66.318	66.272	66.055	65.958	66.019	65.958	65.757	65.644	65.66	65.777	65.864	66.027	66.07	65.793	65.783	65.948	66.06	65.645	65.799	65.72
71.945	71.975	71.652	71.575	71.453	71.167	70.858	70.989	70.902	71.143	71.339	70.989	70.687	70.769	70.638	70.737	70.518	70.238	70.181	70.051	70.009	70.027	70.173	70.147	70.011	70.089	70.047	69.707	70.226	70.07	69.978	70.147	70.03	70.174	70.369	70.321	70.184	70.161	69.818	69.342	69.318	69.295	69.266	69.256	69.592	69.702	69.893	69.434	69.449	69.217	69.036	68.9	68.733	68.5	68.615	68.478	68.45	68.527	68.392	68.696	68.527	68.166	68.078	67.954	67.883	67.658	67.432	67.449	67.53	67.51	67.643	67.596	67.476	67.64	67.582	67.82	67.842	68.182	68.195	68.446	68.311	68.061	67.943	67.836	67.706	67.485	67.632	67.703	67.73	67.466	67.356	67.507	67.361	67.525	67.431	67.303	66.97	66.801	66.637	66.569	66.455	66.451	66.527	66.297	66.227	66.084	66.04	65.967	65.986	66.049	66.07	66.167	66.091	66.086	65.929	66.062	66.281	66.256	66.058	66.014	65.729	65.64	65.583	65.585	65.642	65.633	65.714	65.88	65.925	65.963	65.666	65.477	65.633	65.679	65.487	65.473	65.327
72.746	72.061	72.021	71.788	71.498	71.461	71.051	71.016	71.035	71.181	71.396	71.29	70.859	70.97	70.994	70.883	70.826	70.435	70.248	70.082	69.938	70.157	70.217	70.203	70.133	70.13	70.28	70.353	70.382	70.068	69.936	70.09	70.097	70.458	70.44	70.143	69.634	69.556	69.481	69.106	69.077	69.009	69.274	69.151	69.556	69.879	69.724	69.333	69.426	69.231	69.152	69.137	68.98	68.804	68.701	68.568	68.457	68.568	68.424	68.309	68.494	68.47	68.299	68.085	67.753	67.491	67.538	67.566	67.491	67.633	67.657	67.744	67.709	67.879	67.822	67.902	67.998	67.73	67.849	68.076	68.106	68.203	67.919	68.038	67.733	67.523	67.541	67.515	67.563	67.386	67.244	67.418	67.417	67.51	67.525	67.342	67.142	66.858	66.815	66.748	66.529	66.48	66.37	66.27	66.237	66.027	66.049	66.07	66.113	66.165	66.103	66.223	66.324	66.382	66.321	66.21	66.283	66.203	66.257	66.008	65.756	65.616	65.614	65.561	65.695	65.77	65.804	65.921	65.923	65.791	65.707	65.34	65.358	65.426	65.456	65.393	65.331
72.823	72.413	72.334	71.964	71.693	71.655	71.339	71.395	71.273	71.595	71.779	71.411	71.026	71.037	70.997	70.983	71.175	70.843	70.545	70.173	70.112	70.242	70.097	69.94	69.872	69.936	70.147	70.481	70.263	70.02	70.07	70.097	70.259	70.327	70.44	69.82	69.388	69.487	69.193	69.114	68.895	68.828	68.77	68.894	69.316	69.434	69.292	69.248	69.219	69.207	69.242	69.261	69.333	69.24	69.082	69.079	68.976	68.828	68.896	68.896	68.681	68.622	68.4	68.332	68.355	68.112	67.718	67.624	67.664	67.655	67.759	67.8	67.875	67.994	67.958	67.943	67.901	67.864	67.515	67.589	67.646	67.788	67.692	67.784	67.692	67.529	67.269	67.291	67.331	67.174	67.328	67.36	67.373	67.484	67.311	67.32	67.213	66.922	66.756	66.703	66.57	66.456	66.41	66.393	66.224	66.092	66.106	66.07	66.176	66.277	66.275	66.397	66.523	66.625	66.707	66.632	66.498	66.498	66.436	66.048	65.867	65.911	65.824	65.789	65.688	65.665	65.793	66.048	66.044	65.997	65.638	65.453	65.58	65.669	65.611	65.545	65.549
72.82	72.733	72.239	72.145	71.792	71.595	71.657	71.668	71.523	71.683	71.468	71.467	71.233	71.265	71.143	70.961	70.957	70.95	70.665	70.27	70.226	70.226	70.36	70.051	70.088	70.239	70.577	70.479	70.3	70.127	70.112	70.253	70.011	70.045	69.819	69.445	69.561	69.453	69.568	69.451	68.968	68.88	68.786	69.038	69.132	69.169	69.108	69.247	69.195	69.285	69.285	69.347	69.52	69.343	69.415	69.593	69.355	69.025	69.386	69.342	69.426	69.04	68.924	68.895	68.801	68.663	68.184	67.681	67.643	67.624	67.704	67.869	68.02	68.026	67.799	67.849	67.959	67.858	67.744	67.589	67.257	67.508	67.44	67.319	67.277	67.16	67.193	67.161	67.093	67.176	67.133	67.152	67.173	67.178	67.296	67.067	66.833	66.657	66.57	66.598	66.436	66.326	66.393	66.407	66.277	66.207	66.198	66.158	66.297	66.484	66.508	66.48	66.443	66.411	66.592	66.708	66.72	67.002	67.005	66.588	66.196	65.97	66.068	65.965	65.927	65.886	65.859	66.181	66.162	66.17	65.923	65.661	65.859	65.74	65.642	65.443	65.423
72.944	72.974	72.574	72.154	71.964	71.755	71.742	71.717	71.546	71.588	71.644	71.633	71.66	71.396	71.339	71.265	71.129	71.037	70.642	70.638	70.516	70.459	70.497	70.638	70.672	70.714	70.983	70.913	70.889	70.353	70.158	69.972	69.673	69.634	69.36	69.358	69.3	69.295	69.521	69.805	69.399	68.977	69.119	69.151	69.342	69.256	69.341	69.433	69.24	69.297	69.315	69.39	69.329	69.601	69.628	69.665	69.744	69.522	69.316	69.601	69.445	69.316	69.106	68.943	68.894	68.629	68.457	68.006	67.739	67.796	67.986	68.071	68.155	68.134	67.827	67.891	68.14	68.018	67.957	67.858	67.681	67.685	67.552	67.287	67.342	67.162	67.144	66.992	67.025	67.045	66.981	66.933	66.999	66.972	66.843	66.905	66.797	66.742	66.665	66.644	66.489	66.418	66.59	66.529	66.408	66.463	66.515	66.408	66.408	66.394	66.286	66.57	66.476	66.158	66.03	66	66.347	66.735	66.761	66.685	66.356	66.318	66.186	66.218	66.32	66.176	66.136	66.176	66.081	66.016	65.797	65.693	65.655	65.696	65.557	65.531	65.509
73.373	73.045	72.429	72.379	72.134	72.177	72.056	71.949	71.774	71.768	71.897	71.881	71.806	71.662	71.456	71.225	71.06	70.725	70.55	70.676	70.645	70.791	70.77	70.842	70.732	70.884	71.442	71.267	71.084	70.485	70.117	69.724	69.613	69.533	69.306	69.256	69.385	69.288	69.581	69.521	69.208	69.05	69.209	69.321	69.263	69.361	69.614	69.488	69.227	69.206	69.152	69.144	69.268	69.568	69.834	69.96	69.899	69.815	69.441	69.141	69.152	68.918	68.696	68.85	68.943	68.78	68.537	68.045	68.02	68.049	68.255	68.392	68.447	68.336	68.271	68.291	68.293	68.351	68.145	67.959	67.872	67.79	67.632	67.487	67.372	67.167	67.151	66.999	66.992	66.992	66.849	66.748	66.572	66.61	66.657	66.695	66.579	66.668	66.695	66.513	66.179	66.383	66.608	66.74	66.727	66.801	66.756	66.674	66.787	66.633	66.453	66.203	66.014	65.779	65.756	65.601	65.717	65.994	66.297	66.207	66.025	65.945	66	66.081	66.069	66.037	66.332	66.32	66.141	65.917	65.65	65.374	65.415	65.465	65.611	65.632	65.554
73.631	73.415	72.627	72.606	72.559	72.406	72.393	72.142	71.731	71.932	72.043	72.074	72.086	71.885	71.428	71.143	70.997	70.757	70.579	70.636	70.783	71.02	71.131	71.17	71.084	71.32	71.456	71.163	71.129	70.412	69.967	69.657	69.695	69.186	68.996	69.18	69.456	69.307	69.499	69.487	69.002	69.19	69.397	69.42	69.207	69.162	69.247	69.174	69.005	69.165	69.329	69.193	69.194	69.456	69.834	70.02	70.025	69.81	69.472	69.183	69.009	68.758	68.398	68.548	68.733	68.976	68.663	68.113	68.265	68.413	68.654	68.961	69.141	69.152	69.103	68.882	68.783	68.641	68.421	68.318	68.158	67.944	67.91	67.661	67.563	67.62	67.367	67.273	67.165	67.049	66.879	66.639	66.694	66.695	66.639	66.621	66.505	66.52	66.372	66.156	66.048	66.241	66.523	66.572	66.461	66.665	66.731	66.645	66.617	66.748	66.708	66.259	66.004	65.925	65.758	65.713	65.72	65.818	65.799	65.97	66.131	66.014	65.929	66.008	65.863	65.789	65.923	66.035	65.855	65.77	65.595	65.405	65.288	65.32	65.423	65.449	65.445
72.924	73.11	72.974	72.703	72.746	72.425	72.386	72.231	71.548	71.61	71.85	72.02	71.949	71.908	71.651	71.328	70.994	70.745	70.77	70.597	70.851	71.228	71.263	71.371	71.641	71.641	71.099	71.058	70.772	70.327	70.238	69.941	69.77	69.427	69.22	69.244	69.601	69.854	69.815	69.541	69.329	69.385	69.383	69.433	69.217	69.169	69.144	69.025	68.729	68.867	68.956	68.801	69.024	69.392	69.663	69.75	69.627	69.715	69.229	69.194	69.048	68.839	68.654	68.452	68.419	68.711	68.684	68.457	68.631	68.446	68.584	68.983	69.162	69.321	69.449	69.384	69.042	69.131	68.934	68.797	68.52	68.423	68.112	67.974	67.707	67.652	67.582	67.506	67.317	67.114	66.992	66.939	66.845	66.748	66.641	66.673	66.474	66.468	66.345	66.143	66.182	66.216	66.483	66.408	66.29	66.645	66.614	66.614	66.531	66.523	66.513	66.199	66.136	66.09	65.928	65.855	65.793	65.869	65.848	65.858	65.811	65.892	65.758	65.724	65.578	65.509	65.543	65.542	65.509	65.531	65.547	65.411	65.273	65.172	65.33	65.25	65.281
73.038	73.195	73.336	73.086	72.681	72.239	72.076	71.908	71.347	71.467	71.768	72.049	72.081	71.72	71.489	71.204	71.027	70.888	70.609	70.811	71.163	71.53	71.509	71.595	71.443	71.603	71.443	71.38	70.642	70.102	70.184	69.896	69.785	69.465	69.256	69.185	69.543	69.769	69.614	69.592	69.581	69.144	69.215	69.229	69.071	69.193	69.207	68.954	68.894	68.763	68.835	69.017	69.183	69.426	69.548	69.543	69.419	69.248	69.079	69.244	69.025	68.721	68.638	68.404	68.275	68.629	68.584	68.549	68.419	68.214	68.252	68.82	69.048	69.346	69.502	69.733	69.584	69.411	69.18	69.03	69.077	68.786	68.454	68.051	67.848	67.718	67.547	67.486	67.273	67.195	66.975	66.731	66.723	66.756	66.788	66.619	66.639	66.515	66.451	66.368	66.41	66.332	66.402	66.422	66.356	66.436	66.529	66.495	66.422	66.29	66.308	66.171	66.182	66.083	65.921	65.824	65.799	65.749	65.863	65.797	65.707	65.731	65.521	65.412	65.435	65.238	65.402	65.41	65.371	65.401	65.526	65.379	65.248	65.283	65.227	65.009	65.092
72.944	73.105	73.203	73.038	72.481	72.033	71.922	71.919	71.503	71.606	71.963	72.053	72.239	71.915	71.644	71.571	71.468	71.32	71.23	71.204	71.259	71.32	71.669	71.503	71.362	71.456	71.377	71.309	70.727	70.218	70.04	69.958	69.832	69.363	69.384	69.306	69.481	69.747	69.861	69.834	69.667	69.316	69.092	68.998	68.839	68.953	68.922	68.823	68.839	68.934	68.974	69.173	69.169	69.079	69.194	69.274	69.193	68.943	69.009	69.19	68.961	68.715	68.537	68.39	68.369	68.423	68.615	68.549	68.289	68.051	68.225	68.398	69.132	69.601	69.548	69.399	69.663	69.747	69.601	69.35	69.309	69.209	68.599	68.214	68.088	67.945	67.798	67.542	67.266	67.215	66.78	66.633	66.621	66.674	66.85	66.742	66.77	66.641	66.452	66.356	66.418	66.227	66.363	66.418	66.451	66.513	66.443	66.408	66.484	66.457	66.28	66.233	66.184	66.141	65.989	65.994	66.007	65.888	65.924	66.037	65.878	65.612	65.524	65.25	65.35	65.238	65.336	65.524	65.563	65.571	65.423	65.342	65.211	65.192	65.074	65.082	64.924
72.832	72.753	72.792	72.478	72.318	72.349	72.233	72.197	71.748	71.913	71.965	72.039	71.975	71.85	71.883	71.74	71.523	71.27	71.509	71.575	71.431	71.084	71.068	71.258	70.818	70.851	71.016	70.772	70.423	70.402	70.336	70.054	69.929	69.676	69.697	69.715	69.65	70.07	70.106	69.943	69.72	69.311	69.098	68.968	68.98	68.931	68.599	68.54	68.701	68.742	69.007	68.928	68.765	68.69	68.816	68.936	68.976	69.114	68.996	69.049	68.914	68.807	68.583	68.584	68.402	68.555	68.519	68.338	68.306	68.231	68.017	68.106	68.79	69.502	69.556	69.776	69.952	70.024	70.102	69.7	69.247	68.896	68.976	68.452	68.351	68.176	67.959	67.744	67.57	67.224	66.905	66.826	66.956	66.911	66.785	66.748	66.797	66.785	66.729	66.422	66.326	66.374	66.511	66.549	66.579	66.742	66.632	66.59	66.489	66.372	66.158	66.233	66.17	66.154	66.115	66.044	65.908	65.963	65.917	65.961	65.684	65.71	65.481	65.353	65.381	65.356	65.55	65.863	65.757	65.561	65.353	65.327	65.102	64.895	64.983	64.99	64.949
72.545	72.748	72.533	72.397	72.276	72.404	72.372	72.142	72.169	72.093	72.287	72.076	71.949	72.06	71.943	71.855	71.614	71.582	71.669	71.517	71.503	71.104	70.826	70.895	70.682	70.758	70.556	70.263	70.299	70.526	70.445	70.302	70.333	70.277	70.102	69.869	70.1	70.28	70.423	70.102	69.777	69.333	69.027	69.031	69.068	68.908	68.526	68.348	68.456	68.528	68.664	68.568	68.461	68.336	68.318	68.662	68.69	68.758	68.696	68.857	68.88	68.84	68.672	68.696	68.535	68.54	68.252	68.271	68.255	67.933	67.973	67.945	68.516	69.475	69.42	69.655	69.702	69.445	69.342	69.235	68.862	68.388	68.629	68.405	68.358	68.45	68.237	68.17	68.029	67.646	67.523	67.369	67.334	67.204	66.779	66.774	66.829	67.081	66.855	66.695	66.545	66.608	66.694	66.946	66.92	66.754	66.72	66.622	66.35	66.261	66.149	66.131	66.055	66.069	66	66	65.777	65.826	65.793	65.635	65.605	65.538	65.635	65.246	65.298	65.43	65.665	65.745	65.638	65.402	65.013	65.036	64.819	64.695	64.811	64.852	64.819
72.198	72.197	72.02	72.17	72.334	72.257	72.056	72.299	72.123	72.381	72.399	72.266	71.853	72.048	72.081	71.945	71.513	71.302	71.38	71.339	71.181	71.154	70.811	70.769	70.672	70.565	70.497	70.353	70.186	70.571	70.571	70.43	70.401	70.579	70.322	70.178	70.052	70.074	70.32	70.057	69.699	69.343	68.992	69.033	68.973	68.883	68.514	68.265	68.249	68.5	68.631	68.562	68.176	67.997	68.02	68.406	68.427	68.423	68.465	68.67	68.737	68.911	68.802	68.788	68.645	68.522	68.237	68.409	68.446	68.299	67.902	67.945	68.222	68.801	69.082	69.144	69.169	68.959	68.656	68.583	68.449	68.258	68.252	68.106	68.454	68.318	68.544	68.413	68.255	67.994	67.902	67.606	67.393	67.233	66.96	66.96	67.198	67.2	67.266	67.22	67.008	66.949	67.202	67.48	67.42	67.142	67.007	66.754	66.496	66.261	66.122	65.864	65.858	65.983	65.983	65.915	65.836	65.923	65.869	65.961	66.065	65.892	65.817	65.597	65.248	65.634	65.742	65.727	65.518	65.325	64.931	64.82	64.545	64.441	64.483	64.617	64.762
72.228	72.173	72.093	72.393	72.276	71.55	71.853	71.89	71.996	72.372	72.349	72.334	72.036	71.892	71.853	71.542	71.233	71.007	71.084	71.049	70.949	70.892	70.777	70.699	70.52	70.369	70.273	70.193	70.193	70.358	70.636	70.638	70.516	70.677	70.467	70.281	70.057	70.133	70.206	69.812	69.465	69.168	69.029	69.02	69.011	68.924	68.731	68.311	68.334	68.473	68.536	68.445	68.446	68.093	67.992	68.336	68.444	68.31	68.289	68.478	68.818	68.953	68.828	68.813	68.737	68.725	68.516	68.402	68.478	68.378	68.045	67.924	67.872	68.271	68.478	68.643	68.526	68.522	68.569	68.512	68.364	68.326	68.298	68.195	68.31	68.149	68.343	68.77	68.413	68.155	67.959	67.738	67.552	67.354	67.393	67.305	67.446	67.59	67.678	67.51	67.224	67.093	67.393	67.574	67.458	67.299	67.101	66.788	66.418	66.235	66.068	65.864	65.715	65.61	65.742	65.755	65.59	65.851	65.895	65.755	65.831	66.007	66.175	65.642	65.252	65.298	65.603	65.842	65.353	64.986	64.67	64.549	64.527	64.531	64.602	64.75	64.605
72.613	72.563	72.602	72.391	71.938	71.792	72.036	72.25	72.266	72.148	72.692	72.033	71.826	71.788	71.377	71.301	71.106	70.925	71.027	71.131	70.898	70.809	70.783	70.583	70.329	70.329	70.28	70.057	70.201	70.401	70.424	70.684	70.583	70.695	70.682	70.481	70.323	70.184	69.96	69.598	69.275	69.145	68.914	68.954	69.002	68.974	68.775	68.479	68.222	68.257	68.37	68.562	68.66	68.449	68.214	68.343	68.533	68.364	68.28	68.512	68.783	69.069	68.924	68.724	68.961	68.765	68.526	68.363	68.384	68.378	68.135	67.958	68.066	67.798	67.765	67.897	68.056	68.329	68.421	68.421	68.425	68.388	68.549	68.481	68.45	68.342	68.225	68.214	68.331	68.306	67.997	67.693	67.59	67.472	67.515	67.381	67.348	67.632	67.645	67.511	67.602	67.211	67.441	67.446	67.332	67.22	66.977	66.686	66.331	66.225	65.745	65.737	65.571	65.504	65.443	65.412	65.353	65.529	65.485	65.474	65.55	65.817	66.211	65.577	65.433	65.185	65.715	65.684	65.43	64.856	64.794	64.739	64.628	64.673	64.82	64.704	64.321
72.753	72.842	72.349	72.266	72.053	71.768	71.945	71.953	72.114	72.369	72.305	71.735	71.68	71.632	71.397	71.163	71.154	71.104	70.923	71.129	71.115	71.122	71.184	70.851	70.494	70.513	70.324	70.178	70.634	70.878	70.878	70.974	70.855	70.852	70.948	70.402	70.227	70.088	69.77	69.367	69.247	69.121	68.895	68.968	68.989	68.943	68.791	68.57	68.289	68.037	68.317	68.641	68.73	68.336	68.419	68.701	68.59	68.537	68.449	68.582	68.867	68.809	68.963	68.852	68.831	68.656	68.4	68.299	68.331	68.214	68.215	68.142	68.079	67.763	67.66	67.6	67.853	68.245	68.377	68.526	68.565	68.527	68.478	68.52	68.595	68.45	68.409	68.399	68.371	68.562	68.306	67.832	67.79	67.77	67.78	67.59	67.632	67.589	67.545	67.48	67.393	67.315	67.413	67.379	67.204	67.202	66.829	66.708	66.297	65.974	65.783	65.655	65.485	65.158	65.12	65.078	65.143	65.375	65.36	65.492	65.55	65.397	65.6	65.538	65.226	65.203	65.349	65.479	65.13	64.983	64.833	64.699	64.598	64.633	64.582	64.248	64.1
72.62	72.823	72.436	72.308	71.938	71.85	71.668	71.86	72.06	72.027	71.742	71.641	71.74	71.641	71.377	71.414	71.397	71.092	71.111	71.17	71.265	71.082	71.149	71.027	71.007	70.921	70.682	70.799	70.836	71.228	71.347	70.989	70.95	70.863	70.809	70.474	70.372	70.209	69.746	69.446	69.225	69.11	68.949	69.11	69.152	69.206	68.936	68.519	68.285	68.18	68.268	68.317	68.363	68.42	68.696	68.78	68.74	68.765	68.838	68.883	68.708	68.651	68.832	68.788	68.642	68.631	68.516	68.415	68.269	68.271	68.105	67.974	68.006	67.767	67.578	67.632	67.829	68.272	68.421	68.598	68.615	68.663	68.39	68.42	68.423	68.317	68.106	68.1	68.331	68.405	68.242	68.318	68.246	67.994	68.176	67.981	67.864	67.686	67.52	67.57	67.517	67.354	67.207	67.165	66.85	66.735	66.416	66.32	66.069	65.909	65.858	65.658	65.217	65.106	64.934	64.984	65.12	65.044	65.063	65.201	65.013	65.074	64.983	64.972	64.981	64.84	64.98	64.946	64.724	64.793	64.457	64.256	64.359	64.541	64.236	64.073	63.922
73.006	72.822	72.36	72.413	72.239	71.766	71.747	71.938	71.926	71.68	71.6	71.639	71.829	71.747	71.603	71.494	71.754	71.603	71.235	71.443	71.377	71.136	71.156	71.231	71.115	71.037	70.863	70.858	70.952	71.542	71.237	71.065	70.92	70.952	70.842	70.635	70.41	70.076	69.636	69.483	69.433	69.379	69.18	69.271	69.288	69.208	69.114	68.658	68.388	68.324	68.299	68.309	68.478	68.691	68.956	68.914	68.977	69.09	69.04	68.801	68.882	68.701	68.53	68.61	68.649	68.584	68.549	68.4	68.237	68.077	68.038	67.829	67.94	67.924	67.779	67.924	68.14	68.242	68.45	68.629	68.583	68.611	68.527	68.326	68.245	68.238	68.066	67.933	68.076	68.252	68.478	68.717	68.581	68.507	68.166	68.038	67.881	67.718	67.471	67.536	67.319	66.977	66.853	66.538	66.709	66.579	66.431	66.423	66.228	66.204	66.019	65.821	65.47	65.224	65.122	65.071	65.071	64.946	64.901	64.9	64.906	64.799	64.872	64.739	64.819	64.614	64.601	64.559	64.638	64.581	64.464	64.281	64.358	64.049	64.209	64.044	63.91
73.286	73.024	72.612	72.401	72.262	71.911	71.709	71.833	71.816	71.548	71.731	71.915	72.022	72.165	72.134	72.036	71.975	71.652	71.456	71.383	71.295	71.156	71.176	71.181	71.443	71.32	71.037	70.772	70.954	71.163	71.339	71.29	71.138	71.115	70.974	70.633	70.082	69.762	69.443	69.462	69.592	69.546	69.505	69.419	69.341	69.335	69.388	68.786	68.419	68.555	68.425	68.544	68.79	68.839	68.942	69.208	69.457	69.193	69.279	69.208	69.013	68.773	68.555	68.548	68.562	68.496	68.423	68.206	68.056	68.108	68.149	68.214	68.454	68.272	68.214	68.165	68.507	68.448	68.446	68.629	68.711	68.704	68.547	68.355	68.257	68.299	68.507	68.452	68.413	68.717	68.835	68.774	68.663	68.499	68.149	68.161	67.933	67.753	67.396	67.17	66.964	66.709	66.772	66.582	66.586	66.744	66.579	66.295	66.318	66.234	65.947	65.749	65.473	65.263	65.184	65.131	64.973	64.862	64.764	64.617	64.614	64.63	64.79	64.869	64.707	64.481	64.432	64.386	64.326	64.27	64.048	63.967	63.71	63.454	63.681	63.686	63.713
73.286	72.97	72.59	72.399	72.068	71.774	71.821	71.833	71.662	71.68	71.884	72.021	72.13	72.217	72.552	72.48	72.228	72.059	71.885	71.54	71.575	71.331	71.196	71.423	71.453	71.459	71.27	70.864	71.044	71.261	71.13	70.925	71.035	70.88	70.818	70.292	70.008	69.577	69.492	69.438	69.457	69.636	69.66	69.479	69.384	69.408	69.438	68.84	68.373	68.489	68.507	68.656	68.738	69.108	69.327	69.464	69.72	69.642	69.724	69.549	69.114	68.758	68.579	68.532	68.37	68.37	68.481	68.342	68.271	68.409	68.299	68.342	68.717	68.378	68.45	68.497	68.606	68.773	68.584	68.604	68.828	68.734	68.595	68.318	68.408	68.595	68.599	68.828	69.074	68.988	68.877	68.959	68.765	68.54	68.299	68.106	67.959	67.794	67.333	66.84	66.546	66.525	66.595	66.735	66.892	66.934	66.582	66.35	66.191	65.92	65.693	65.547	65.389	65.074	64.881	64.762	64.855	64.867	64.675	64.733	64.808	64.897	64.834	64.456	64.416	64.263	64.193	64.18	64.209	63.862	63.681	63.249	63.097	62.997	63.236	63.447	63.52
73.056	72.974	72.897	72.472	72.078	71.767	72.068	72.02	72.035	72.048	72.134	72.276	72.03	72.266	72.563	72.887	72.661	72.42	72.334	72.299	71.899	71.895	71.632	71.593	71.614	71.816	71.546	71.115	71.122	71.058	71	71.111	71.191	71.022	70.372	70.298	69.912	69.633	69.764	69.532	69.65	69.835	69.742	69.647	69.53	69.443	69.165	68.739	68.656	68.467	68.56	68.72	69.079	69.405	69.772	69.834	69.961	70.01	70.081	69.891	69.707	69.045	68.934	68.805	68.426	68.318	68.271	68.277	68.309	68.358	68.334	68.54	68.562	68.419	68.647	68.722	68.818	68.867	68.88	68.667	68.783	68.87	68.791	68.494	68.506	68.77	68.904	69.162	69.206	69.04	68.882	68.77	68.852	68.711	68.454	68.105	67.853	67.536	67.15	66.905	66.933	66.768	66.816	66.964	67.204	66.916	66.395	66.225	65.997	65.746	65.382	65.371	65.168	64.912	64.654	64.662	64.922	64.954	64.899	64.747	64.621	64.808	64.581	64.39	64.137	63.802	63.699	63.824	63.862	63.606	63.267	63.109	62.914	62.923	63.158	63.247	63.403
72.99	73.14	73.184	72.959	72.167	72.204	72.061	72.257	72.32	72.334	72.276	72.247	72.308	72.345	72.744	72.864	72.788	72.706	72.578	72.524	72.334	72.2	71.977	71.89	71.996	72.452	71.538	71.396	71.084	70.949	70.974	71.119	71.058	70.899	70.64	70.117	69.987	69.77	69.819	69.75	69.812	69.886	69.914	69.892	69.709	69.475	69.385	68.988	68.797	68.737	68.85	69.114	69.639	70.085	70.209	70.218	70.147	70.274	70.147	69.951	69.79	69.434	69.256	69.051	68.737	68.4	68.17	68.114	68.258	68.415	68.483	68.77	68.599	68.317	68.604	68.84	68.928	69.247	68.923	69.122	68.9	68.961	68.998	68.721	68.736	69.119	69.356	69.638	69.496	69.236	69.04	68.967	68.923	68.728	68.606	68.17	68.079	67.755	67.417	67.198	66.795	66.735	66.747	67.287	67.067	66.788	66.32	66.217	65.913	65.485	65.181	65.181	65.009	64.891	64.845	64.917	64.943	64.849	65.03	65.146	64.869	64.739	64.326	64.082	63.893	63.737	63.664	63.612	63.57	63.423	63.096	62.997	62.977	62.952	63.083	63.268	63.526
72.943	73.31	73.526	72.773	72.692	72.404	72.354	72.333	72.386	72.319	72.15	72.082	72.134	72.239	72.391	72.632	72.838	73.038	72.738	72.78	72.685	72.483	72.2	72.163	72.452	72.331	71.827	71.632	71.53	71.181	70.947	70.799	70.55	70.727	70.6	70.44	70.213	70.124	70.054	69.935	69.81	70.133	70.157	70.03	69.79	69.364	69.287	69.052	68.863	68.976	69.183	69.567	70.364	70.522	70.561	70.746	70.791	70.666	70.459	70.166	70.112	69.477	69.434	69.209	69.04	68.73	68.383	68.378	68.328	68.568	68.704	69.077	68.641	68.283	68.388	68.801	69.034	69.183	68.996	69.383	69.39	69.231	69.244	69.229	69.079	69.22	69.556	69.707	69.861	69.584	69.342	69.183	69.141	68.942	68.298	68.016	67.894	67.795	67.6	67.405	67.041	66.811	66.96	67.155	67.06	66.683	66.267	66.084	65.695	65.372	65.127	64.978	64.854	64.733	64.794	64.645	64.614	64.567	64.79	64.961	65.015	64.556	64.183	63.988	63.672	63.67	63.767	63.638	63.535	63.363	63.176	63.131	62.93	63.083	63.27	63.423	63.527
73.188	73.358	73.526	73.334	73.389	72.882	72.704	72.481	72.287	72.458	72.872	72.666	72.34	72.345	72.233	72.262	72.511	72.794	72.661	72.621	72.824	72.832	72.422	72.563	72.393	72.266	72.022	71.888	71.622	71.237	71.131	70.863	70.597	70.642	70.585	70.459	70.433	70.517	70.574	70.369	70.211	70.342	70.29	70.121	69.934	69.75	69.274	69.268	69.169	69.235	70.02	70.945	70.905	70.871	71.026	70.961	70.799	70.834	70.645	70.274	70.249	69.834	69.482	69.279	68.931	68.79	68.725	68.519	68.507	68.454	68.82	69.309	68.943	68.631	68.691	68.763	68.852	69.254	69.502	69.725	69.704	70.013	70.238	69.584	69.568	69.432	69.541	69.834	69.913	69.893	69.739	69.578	69.438	68.728	68.363	67.901	67.759	67.681	67.568	67.285	66.945	66.651	67.041	67.149	66.836	66.339	65.905	65.752	65.506	65.201	64.917	64.702	64.724	64.739	64.642	64.362	64.144	63.918	64.321	64.326	64.209	64.108	64.04	63.765	63.663	63.73	63.583	63.76	63.569	63.336	63.249	63.086	62.998	63.039	62.992	63.27	63.384
73.317	73.271	73.584	73.85	73.942	73.106	72.77	72.733	72.578	72.733	73.105	73.351	73.066	72.646	72.513	72.545	72.681	73.14	72.79	72.693	73.004	73.076	72.956	72.774	72.559	72.019	72.022	71.8	71.592	71.394	71.408	71.196	70.983	70.771	70.806	70.806	70.727	70.961	71.131	70.755	70.538	70.571	70.506	70.714	70.433	69.972	69.522	69.502	69.522	69.794	70.636	71.081	71.228	71.044	70.889	70.771	71.104	71.217	71.122	70.769	70.419	70.209	69.649	69.347	68.967	68.923	69.038	68.735	68.584	68.417	68.507	68.857	68.828	68.656	68.686	68.686	69.114	69.667	69.834	69.913	69.941	69.897	70.238	70.089	69.649	69.834	69.766	69.86	70.036	69.978	70.173	69.925	69.601	69.03	68.584	68.14	67.933	67.825	67.413	67.128	67.018	66.89	66.779	66.885	66.54	65.95	65.64	65.397	65.13	65.011	64.645	64.554	64.42	64.475	64.292	63.98	63.914	63.737	63.867	63.88	63.786	63.631	63.584	63.494	63.363	63.713	63.82	63.701	63.53	63.363	63.291	63.051	62.967	63.016	63.156	63.179	63.138
73.45	73.622	73.291	73.565	73.795	72.981	72.93	72.513	72.798	72.997	73.286	73.569	73.478	73.215	72.915	72.843	72.915	73.149	73.1	72.997	73.086	72.979	72.685	72.434	72.379	71.847	71.542	71.307	71.592	71.424	71.175	71.11	70.983	71.068	71.081	71.084	71.084	70.817	71.026	71.04	70.949	70.961	71.007	70.957	70.737	70.298	70.051	70.015	69.904	70.206	70.336	70.532	71.11	71.04	70.95	71.007	71.574	71.476	71.339	71.11	70.949	70.71	70.045	69.395	69.04	69.003	69.024	69.132	68.78	68.839	68.895	68.87	68.704	68.565	68.592	68.896	69.502	70.051	70.147	70.051	69.893	70.288	70.64	70.479	70.062	70.121	70.085	69.972	70.217	70.264	69.812	69.972	70.03	69.321	68.722	68.378	68.252	67.824	67.581	67.211	67.101	66.892	66.709	66.38	66.163	65.786	65.43	65.239	64.981	64.785	64.67	64.472	64.229	64.106	63.995	63.822	63.797	63.791	63.651	63.649	63.388	63.222	63.291	63.371	63.508	63.797	63.54	63.214	63.235	63.133	63.016	63.038	62.985	62.977	63.11	63.108	62.979
73.54	73.508	73.142	73.066	73.176	72.933	72.726	72.438	72.66	72.726	72.901	73.604	74.009	73.334	73.165	72.933	72.832	72.957	73.149	72.979	72.832	72.858	72.749	72.563	72.207	71.855	71.467	71.411	71.394	71.204	71.111	70.957	71.056	71.11	71.335	71.622	71.811	71.191	71.131	70.97	71.119	71.163	71.28	71.335	70.968	70.6	70.288	70.327	69.925	70.249	70.274	71.044	71.309	71.357	71.005	71.143	71.423	71.416	71.211	71.186	70.952	70.714	70.238	69.707	69.399	69.082	69.086	69.244	69.108	68.897	69.125	69.044	68.795	68.568	68.862	69.522	69.718	70.327	70.638	70.329	70.29	70.538	70.684	70.71	70.264	70.343	70.401	70.415	70.28	70.173	69.897	69.936	69.663	69.79	68.983	68.392	68.029	67.79	67.646	67.48	67.124	66.754	66.38	66.261	65.859	65.571	65.322	65.058	64.794	64.659	64.475	64.253	64.052	63.862	63.816	63.589	63.612	63.606	63.543	63.421	63.338	63.222	63.27	63.355	63.544	63.507	63.214	63.242	63.134	63.214	63.237	63.071	63.043	63.051	62.945	63.065	63.161
73.565	73.364	73.14	73.108	72.881	72.693	72.202	72.311	72.568	72.644	72.681	73.227	73.252	73.31	73.03	73.176	73.149	73.317	73.399	73.457	72.94	72.836	72.372	72.334	72.101	71.632	71.442	71.669	71.396	71.228	71.217	71.084	71.32	71.709	71.842	72.308	72.276	71.582	71.362	71.084	71.147	71.202	71.058	71.335	71.586	70.791	70.419	70.382	70.274	70.284	70.67	70.978	71.274	71.459	71.291	71.53	71.662	71.309	71.022	70.905	70.905	70.504	70.415	69.749	69.56	69.445	69.415	69.229	69.18	68.896	68.85	69.013	68.78	68.852	69.014	69.28	70.246	70.538	70.703	70.55	70.53	70.586	70.732	70.538	70.497	70.456	70.566	70.486	70.147	69.805	69.655	69.776	69.593	69.522	68.923	68.255	67.585	67.36	67.308	67.247	66.853	66.514	66.301	65.828	65.538	65.23	65.1	64.82	64.561	64.274	64.015	63.998	63.946	63.812	63.506	63.397	63.427	63.536	63.367	63.478	63.409	63.512	63.647	63.507	63.519	63.61	63.384	62.919	62.945	63.108	63.111	63.066	62.96	62.772	62.8	63.161	63.317
73.52	73.54	73.245	73.169	72.912	72.458	72.039	72.294	72.507	72.633	72.612	73.246	73.086	72.997	73.227	73.454	73.358	73.351	73.371	73.61	73.271	72.824	72.431	72.349	72.159	71.842	71.996	71.816	71.476	71.274	71.459	71.724	71.735	71.888	71.982	72.52	72.397	71.614	71.451	71.352	70.978	70.999	70.889	71.155	71.827	71.423	70.684	70.433	70.209	70.655	71.081	71.499	71.53	71.524	71.8	71.707	71.706	71.28	71.081	70.863	70.706	70.397	70.264	69.954	69.667	69.477	69.288	69.095	69.144	68.911	68.816	68.813	68.989	68.935	68.923	69.124	69.665	70.592	70.6	70.209	70.28	70.727	70.419	70.185	69.936	70.264	70.433	70.424	70.085	69.834	69.621	69.477	69.336	69.178	68.77	68.232	67.959	67.379	67.159	66.992	66.665	66.352	65.954	65.49	65.253	65.04	64.873	64.699	64.321	63.87	63.667	63.755	63.722	63.52	63.26	63.164	63.367	63.533	63.636	63.731	63.882	63.79	63.916	63.795	63.606	63.619	63.255	62.919	62.924	63.061	63.183	62.956	62.755	62.606	62.85	63.06	63.293
73.611	73.57	73.176	73.206	72.845	72.489	72.453	72.568	72.613	72.842	72.994	73.21	73.45	72.956	73.544	73.269	73.483	73.454	73.647	73.544	73.522	73.232	72.461	72.467	72.239	72.067	72.06	71.847	71.608	71.747	72.228	72.379	72.36	71.996	71.847	71.899	71.669	71.459	71.442	71.184	71.274	70.905	70.687	71.202	71.593	71.647	70.586	70.459	70.771	71.062	72.021	71.836	71.54	71.614	71.754	71.53	71.582	71.236	71.28	70.817	70.592	70.364	70.13	69.869	69.556	69.336	69.144	69.141	69.029	68.968	68.664	68.831	69.152	69.244	69.187	69.399	70.085	70.192	70.121	69.86	70.085	70.107	69.649	69.46	69.272	69.56	70.07	70.059	69.891	69.834	69.707	69.347	69.272	69.11	68.702	68.457	68.038	67.461	67.084	66.632	66.431	66.211	65.695	65.329	65.147	64.899	64.62	64.519	64.125	63.723	63.568	63.506	63.5	63.28	63.224	63.187	63.352	63.506	63.813	63.976	63.934	64.103	64.013	63.767	63.565	63.763	63.31	63.423	63.225	63.267	63.103	62.958	62.845	62.803	62.945	63.222	63.419
73.856	73.87	73.802	73.358	73.024	73.227	73.106	73.031	72.668	72.742	72.727	73.016	73.182	73.317	73.468	73.544	73.522	73.454	73.457	73.956	74.014	74.169	72.832	72.43	72.228	72.369	72.436	72.067	71.899	72.218	72.524	72.858	72.915	72.331	72.093	71.895	71.394	71.217	71.396	71.309	71.394	71.335	71.084	71.211	71.593	71.92	71.022	70.666	71.062	71.706	72.163	72.019	71.593	71.926	71.747	71.735	71.54	71.513	71.396	70.849	70.479	70.327	70.017	69.486	69.405	68.839	68.896	69.046	69.415	69.229	68.934	69.108	69.268	69.229	69.39	69.621	69.808	69.879	69.79	69.624	69.593	69.086	69.206	69.024	68.647	68.896	69.274	69.663	69.787	69.718	69.437	69.209	69.082	68.828	68.76	68.232	67.832	67.315	66.85	66.513	66.26	65.878	65.583	65.279	65.068	64.777	64.593	64.31	64.008	63.703	63.499	63.417	63.273	63.116	63.201	63.236	63.373	63.555	63.852	64.048	64.095	64.099	64.044	63.871	63.88	63.809	63.544	63.676	63.57	63.569	63.478	63.242	62.953	62.974	63.22	63.467	63.581
74.353	74.209	74.038	73.708	73.877	73.896	73.67	73.392	73.045	72.871	72.959	72.974	72.924	73.457	72.956	73.187	73.857	73.696	74.169	75.343	75.343	74.649	73.544	73.155	72.746	72.515	72.784	72.602	72.276	72.334	72.759	72.956	72.985	72.985	72.749	72.139	71.916	71.669	71.53	71.586	71.709	71.669	71.435	71.32	71.632	72.021	71.357	71.084	71.435	71.811	72.056	71.892	71.842	71.89	71.96	71.982	71.78	71.651	71.467	71.058	70.64	70.479	70.146	69.711	69.209	68.767	68.584	69.082	69.288	69.229	69.044	69.358	69.342	69.288	70.051	70.085	69.7	69.35	69.183	69.399	69.522	69.209	68.894	68.999	68.647	68.629	68.894	69.207	69.426	69.353	69.03	68.82	68.675	68.537	68.405	68.214	67.703	67.021	66.884	66.625	66.225	65.818	65.511	65.218	64.798	64.605	64.402	64.114	63.845	63.611	63.338	63.28	63.182	63.188	63.326	63.369	63.332	63.584	63.758	63.934	64.215	63.983	64.132	63.765	63.691	63.812	63.774	63.857	63.763	63.736	63.519	63.338	63.096	63.046	63.188	63.402	63.483
74.453	74.193	74.152	74.169	74.082	74.19	74.247	74.108	73.622	73.478	73.237	73.21	73.145	72.985	73.457	73.786	74.272	74.405	74.952	76.044	75.456	74.936	74.311	73.791	72.956	72.872	72.832	72.933	72.788	72.692	73.271	73.896	73.857	73.78	73.722	73.507	72.853	72.52	71.788	71.811	71.772	71.747	71.8	71.295	71.768	72.124	71.435	71.147	71.603	71.811	71.709	71.593	71.85	71.608	71.729	71.847	71.647	71.499	71.32	71.058	70.772	70.645	70.479	70.323	69.405	69.079	68.897	68.956	68.963	69.03	69.183	69.46	69.482	69.663	70.649	70.264	69.776	69.169	68.696	69.093	68.953	69.165	69.122	68.896	68.897	68.722	68.76	68.911	69.074	69.209	69.122	68.897	68.631	68.454	68.27	67.912	67.511	66.945	66.707	66.382	66.35	66	65.382	65.015	64.713	64.464	64.209	63.951	63.682	63.519	63.319	63.233	63.346	63.387	63.57	63.465	63.53	63.565	63.722	63.685	64.145	64.132	63.999	63.581	63.454	63.77	64.086	64.209	64.046	64.04	63.676	63.42	63.257	63.5	63.331	63.425	63.494
74.445	74.288	74.044	74.147	74.254	74.438	74.254	74.487	73.988	73.584	73.717	73.61	73.544	73.086	73.478	73.942	74.46	74.327	75.274	75.125	74.718	75.144	74.56	74.749	74.124	73.195	73.077	73.343	73.399	73.774	73.875	74.093	74.209	74.434	74.519	74.46	73.812	73.343	72.607	72.436	72.247	72.247	72.149	71.772	71.96	72.113	71.674	71.375	71.747	71.905	71.735	71.669	71.8	71.622	71.496	71.709	71.68	71.423	71.202	70.997	70.579	70.397	70.267	69.834	69.434	69.19	69.075	69.122	69.132	68.704	68.877	69.183	69.272	70.017	69.947	69.35	69.399	68.795	68.549	68.686	68.839	68.852	69.07	68.942	68.696	68.82	68.88	68.791	69.16	69.141	69.18	68.824	68.507	68.271	68.165	67.78	67.171	66.801	66.542	66.28	66.291	65.989	65.294	64.873	64.588	64.426	64.209	63.918	63.807	63.759	63.602	63.696	63.828	63.959	63.786	63.713	63.507	63.59	63.584	63.882	64.195	64.338	64.141	63.828	63.622	63.78	64.122	64.093	63.871	63.663	63.526	63.27	63.291	63.214	63.203	63.358	63.297
74.295	74.051	74.521	74.967	75.07	74.872	74.445	74.361	74.077	73.942	74.103	73.78	73.647	73.584	73.363	74.013	74.482	74.639	75.264	75.107	75.209	75.28	75.185	75.218	75.07	74.235	73.384	73.468	74.169	74.521	74.601	74.502	74.395	74.834	74.936	74.79	74.416	73.584	73.086	72.874	72.692	72.551	72.381	72.315	72.217	72.204	71.683	71.357	71.459	72.06	71.996	71.899	71.89	71.69	71.525	71.8	71.683	71.524	71.217	70.71	70.586	70.274	70.063	69.634	69.3	69.206	68.943	69.108	68.911	68.765	68.959	69.174	69.28	69.353	69.718	69.395	69.079	68.507	68.413	68.565	68.795	69.147	69.082	68.767	68.765	68.78	68.713	68.82	68.763	68.976	68.761	68.631	68.232	67.915	67.425	67.299	67.053	66.652	66.483	66.141	65.989	65.49	65.033	64.694	64.488	64.449	64.281	64.083	63.828	63.722	63.693	63.968	64.385	64.321	64.279	63.953	64.009	64.122	64.025	64.025	64.27	64.533	64.432	63.961	63.852	64.19	64.405	64.224	63.852	63.45	63.225	63.176	63.09	63.108	62.919	63.103	63.328
74.288	74.392	74.925	75.263	75.295	75.085	74.879	74.704	74.7	74.405	73.935	73.857	73.728	73.565	73.318	74.434	74.477	74.794	75.206	75.695	75.843	75.6	75.561	76.062	75.456	74.034	73.923	73.702	74.416	75.343	75.655	75.274	75.07	75.391	75.336	74.794	74.834	74.254	73.896	73.558	73.317	73.155	72.709	72.836	72.452	72.155	71.561	71.53	71.996	72.272	72.159	72.308	71.899	71.953	71.756	71.811	71.545	71.129	70.851	70.55	70.345	69.904	69.601	69.183	69.342	68.961	68.767	68.602	68.676	68.79	69.024	69.147	69.426	69.52	69.639	69.46	68.839	68.684	68.725	68.342	68.298	68.767	68.916	68.839	68.631	68.82	68.581	68.604	68.558	68.358	68.184	68.05	67.882	67.585	67.305	67.134	67.036	66.835	66.356	65.97	65.506	65.143	64.892	64.706	64.559	64.422	64.169	63.974	63.804	63.703	63.882	64.073	64.333	64.464	64.22	64.235	64.236	64.642	64.568	64.445	64.655	64.505	64.539	64.382	64.36	64.86	64.834	64.86	64.416	63.696	63.272	62.994	62.974	62.773	62.703	63.255	63.763
74.505	74.7	74.951	75.192	75.372	75.345	75.078	75.226	75.107	74.925	74.961	74.235	73.935	73.584	73.303	73.988	74.122	74.327	75.061	75.978	75.843	76.058	76.03	76.905	75.978	74.936	74.28	74.124	74.482	75.433	75.732	75.586	75.561	75.288	75.209	74.601	74.502	73.999	73.835	73.78	74.103	73.702	73.086	72.78	72.709	72.155	71.945	72.29	72.541	72.589	72.36	72.517	72.372	72.002	71.836	71.622	71.577	71.122	70.666	70.249	69.983	69.879	69.383	69.077	69.046	68.961	68.715	68.619	68.763	68.976	68.565	68.942	69.165	69.336	69.229	69.272	68.675	68.663	68.522	68.291	68.149	68.584	68.686	68.461	68.409	68.489	68.371	68.227	67.979	67.784	67.6	67.541	67.53	67.211	67.247	67.043	66.938	66.724	66.436	66	65.458	65.292	65.097	64.699	64.56	64.36	64.088	63.845	63.839	63.954	63.984	64.033	64.165	64.281	64.386	64.39	64.766	64.818	64.869	64.707	64.776	64.747	64.578	64.717	64.638	64.659	64.347	64.124	63.663	63.378	63.405	63.237	62.924	62.57	62.829	63.399	63.654
74.967	74.707	75.015	75.325	75.424	75.209	74.936	75.146	75.397	75.206	75.121	74.905	74.392	73.809	73.701	73.835	74.024	74.405	74.812	75.353	76.291	76.291	76.632	76.586	76.081	75.656	74.639	74.416	74.399	75.089	75.459	75.419	75.655	75.586	74.749	74.395	74.147	73.968	73.999	73.875	73.968	73.896	73.655	73.457	72.849	72.413	72.666	73.086	73.022	72.882	72.726	72.379	72.334	71.96	71.892	71.431	70.917	70.649	70.173	69.972	69.913	69.665	69.268	69.017	69.009	68.976	68.646	68.631	68.582	68.795	68.584	68.643	68.896	68.871	68.711	68.647	68.686	68.519	68.271	68.145	68.489	68.516	68.331	68.14	68.024	68.018	68.071	67.767	67.692	67.431	67.381	67.247	67.331	67.134	67.272	67.159	66.483	66.301	66.476	65.959	65.588	65.217	64.988	64.899	64.642	64.358	64.073	63.968	63.942	63.908	63.85	63.931	64.108	64.144	64.301	64.364	64.623	64.808	64.86	64.728	64.934	64.985	65.03	64.985	64.946	64.605	64.292	64.229	63.791	63.478	63.489	63.331	63.097	63.092	63.415	63.828	63.976
75.07	74.912	75.382	75.538	75.695	75.485	75.041	75.64	75.459	75.382	75.226	74.897	74.395	74.014	74.074	73.82	74.183	74.584	75.433	75.843	76.374	76.394	76.202	76.309	76.375	76.435	75.343	74.831	74.766	74.794	75.127	75.635	75.538	75.459	75.146	74.56	74.147	74.014	73.812	74.082	74.103	73.968	73.791	73.558	73.138	73.109	73.195	73.544	73.478	73.232	73.214	72.607	72.113	71.895	71.542	71.222	70.695	70.288	70.1	70.07	69.808	69.698	69.464	69.384	69.388	69.165	69.02	68.701	68.568	68.801	68.415	68.489	68.558	68.271	68.364	68.461	68.272	68.106	68.059	68.155	68.05	68.255	68.138	67.832	67.842	67.79	67.701	67.607	67.551	67.373	67.319	67.22	67.067	67.211	67.247	67.233	66.683	66.335	66.371	66.033	65.574	65.27	64.951	64.972	64.659	64.36	64.141	63.957	63.916	63.783	63.79	63.916	64.183	64.247	64.254	64.568	65.013	65.02	64.931	65.081	65.248	65.415	65.71	65.64	65.401	64.984	64.815	64.437	64.327	63.82	63.551	63.255	63.299	63.663	63.691	63.959	63.956
75.173	75.146	75.336	75.645	75.997	75.831	75.485	75.731	75.957	75.209	74.996	74.975	74.254	74.04	73.896	73.988	74.347	74.834	75.642	75.769	76.687	76.788	76.357	76.778	76.623	76.28	75.732	75.062	75.062	74.771	75.085	75.144	75.185	75.336	75.07	74.581	73.996	73.943	73.923	73.78	74.235	74.082	73.923	73.468	73.369	73.702	73.809	73.79	73.507	73.351	73.145	72.933	72.228	71.624	71.335	70.997	70.506	70.117	69.941	70.024	69.805	69.805	69.671	69.702	69.673	69.326	69.309	69.165	68.935	68.767	68.227	68.214	68.184	67.891	68.142	68.409	68.54	68.066	67.673	67.647	67.759	67.997	67.726	67.478	67.318	67.381	67.602	67.897	67.78	67.52	67.334	67.134	67.142	67.204	67.169	67.149	66.641	66.371	66.347	66.098	65.736	65.357	64.881	64.698	64.481	64.422	64.02	64.04	63.893	63.797	63.856	63.857	64.263	64.266	64.521	64.893	65.332	65.226	65.353	65.606	65.608	65.834	65.878	65.871	65.732	65.329	65.078	64.879	64.42	63.988	63.733	63.595	63.882	63.988	64.114	63.852	63.711
75.343	75.288	75.364	75.699	76.396	76.058	75.772	75.828	75.817	75.791	75.292	74.972	74.904	74.347	74.584	74.665	74.79	75.343	75.909	76.624	77.334	77.644	77.67	77.461	77.312	76.291	75.209	74.728	74.812	74.613	74.905	74.831	74.79	74.831	74.961	74.521	74.169	74.03	73.996	73.61	74.147	74.247	73.896	73.351	73.604	73.686	73.675	73.629	73.61	73.54	73.45	73.21	72.397	71.729	71.265	70.809	70.55	70.329	70.218	69.593	69.321	69.584	69.556	69.567	69.699	69.3	69.151	69.034	68.774	68.526	68.298	68.097	67.891	67.825	67.872	68.363	68.342	67.915	67.524	67.48	67.836	67.915	67.832	67.266	66.934	67.171	67.29	67.589	68.086	68.004	67.524	67.541	67.517	67.29	66.982	67.002	66.706	66.28	66.196	66.111	65.695	65.281	64.852	64.521	64.416	64.411	64.108	64.108	63.942	63.867	63.82	63.675	64.268	64.263	64.772	65.485	66.007	65.961	66.016	65.851	65.684	66.044	65.863	65.968	65.81	65.603	65.244	65.158	65.206	65.181	64.522	64.244	64.663	64.445	64.193	63.722	63.399
75.661	75.559	75.638	75.695	76.119	75.915	75.851	75.957	76.131	76.04	75.909	75.433	75.03	75.382	75.332	75.329	75.485	75.968	76.8	77.467	78.005	78.5	78.389	78.871	77.78	76.936	74.437	73.812	73.935	74.639	74.593	74.86	74.477	74.399	74.711	74.913	74.624	74.399	74.254	73.935	73.968	73.702	73.871	73.676	73.584	73.489	73.306	73.351	73.584	73.565	73.21	72.836	72.29	71.582	71.104	70.834	70.899	70.518	70.13	69.496	69.082	69.108	69.132	69.19	69.217	69.295	69.125	69.086	68.711	68.317	68.051	67.692	67.726	67.711	67.986	68.535	68.558	67.933	67.585	67.997	68.184	68.077	67.788	67.277	66.996	67.211	67.602	67.578	68.252	68.05	67.644	67.764	67.78	67.397	67.124	67.084	66.709	66.143	66.058	65.92	65.665	65.211	64.786	64.481	64.385	64.288	63.996	63.896	63.809	63.783	63.765	63.765	64.247	64.707	64.834	65.586	66.371	66.371	66.184	65.746	66.022	66.122	65.843	65.732	65.997	65.605	65.798	65.806	66.044	66.28	66.04	65.292	65.107	64.905	64.464	64.014	63.774
76.277	75.71	75.6	75.727	76	75.746	76.04	75.834	76.026	76.431	76.119	75.71	75.843	76.084	76.049	75.899	75.336	76.291	77.646	77.94	78.717	78.828	78.54	78.765	78.686	77.405	75.004	73.334	73.478	74.936	75.125	74.831	74.711	74.336	74.897	74.808	74.584	74.399	74.475	74.024	73.544	73.468	73.711	73.786	73.654	73.409	73.342	73.371	73.452	73.351	73.21	72.829	72.155	71.468	70.989	70.71	70.292	69.772	69.567	69.342	69.079	69.132	69.046	69.209	69.18	69.347	69.347	69.099	68.399	68.051	68.045	67.646	67.738	67.73	68.286	68.725	68.663	68.317	68.271	68.619	68.271	68.271	67.559	67.175	67.036	67.101	67.022	67.472	67.646	67.644	67.436	67.764	67.567	67.36	67.204	66.85	66.534	66.129	65.77	65.878	65.518	65.09	64.834	64.553	64.386	64.082	64.003	63.916	63.924	63.961	64.044	64.147	64.711	64.757	64.925	65.485	66.122	66.396	66.143	66.27	65.874	66.098	65.732	65.55	65.978	66.147	66.265	66.377	67.124	66.827	67.124	66.17	65.459	65.226	64.815	64.19	64.229
76.007	75.899	76.068	75.746	76.022	75.75	75.791	75.746	75.863	76.069	76.095	76.324	76.084	76.225	76.416	76.083	75.961	76.468	77.644	78.935	78.875	78.647	78.298	78.317	78.558	77.312	74.749	73.544	74.077	74.961	75.978	74.808	74.624	74.519	74.718	74.831	74.659	74.206	74.024	73.791	73.405	73.298	73.584	73.82	73.643	73.351	73.166	73.343	73.237	72.882	72.602	72.239	71.856	70.899	70.522	70.336	69.86	69.818	69.268	69.274	69.086	69.3	69.224	69.288	69.388	69.568	69.309	68.862	68.558	68.166	68.17	67.979	68.227	68.149	68.457	68.77	68.894	68.399	68.629	69.086	68.497	68.454	67.666	67.066	66.662	66.614	66.709	66.709	66.856	66.795	66.779	66.996	66.853	67.149	67.06	66.683	66.396	66.026	65.565	65.506	65.146	64.987	64.92	65.013	65.015	64.482	64.327	64.19	63.934	64.042	64.327	64.718	64.86	64.669	64.954	65.538	65.947	66.313	66.352	66.155	65.978	65.889	65.226	65.538	66.058	65.999	66.496	66.586	66.669	67.249	67.467	66.632	66.022	65.551	64.849	64.521	64.521
76.175	76.23	76.129	76.007	75.957	75.842	76.026	75.828	75.676	75.757	76.456	76.53	76.456	76.622	76.788	76.593	76.371	77.092	77.644	78.655	79.077	78.246	78.21	78.61	78.155	76.394	74.624	73.894	73.968	74.416	74.913	74.593	74.482	74.519	74.437	74.521	74.521	73.78	73.791	73.499	73.389	73.351	73.507	73.454	73.271	73.097	73.006	72.94	72.673	72.334	72.021	71.945	71.579	70.55	70.343	70.329	69.794	69.52	69.209	69.125	69.141	69.386	69.309	69.292	69.634	69.86	69.7	69.235	68.894	68.684	68.468	68.399	68.232	68.252	68.522	68.999	68.708	68.655	68.717	68.722	68.711	68.389	67.602	66.953	66.85	66.619	66.496	66.575	66.502	66.544	66.579	66.709	66.632	66.582	66.603	66.514	66.222	66.049	65.576	65.433	65.184	65.1	65.121	65.017	64.86	64.749	64.794	64.392	64.336	64.416	64.659	64.707	64.728	64.834	65.203	65.551	66.007	66.291	66.217	66.084	65.81	65.485	65.264	65.443	65.645	65.772	66.499	66.534	67.048	67.294	67.084	66.514	66.435	65.978	65.084	64.747	64.477
77.06	76.575	76.17	76.225	76.582	76.202	76.022	76.147	75.895	76.191	76.546	76.809	76.544	76.542	77	76.96	77.685	77.334	77.405	78.139	78.61	78.374	78.061	78.584	77.561	76.669	74.751	73.937	73.562	73.702	74.437	74.093	73.959	74.327	74.311	74.147	73.663	73.478	73.232	73.166	73.269	73.21	73.291	73.246	73.029	72.607	72.774	72.354	72.211	72.021	71.811	71.503	71.058	70.43	70.274	70.146	69.733	69.464	69.03	69.03	69.042	69.209	68.994	69.074	69.872	69.818	69.707	69.235	69.236	68.959	68.701	68.584	68.038	68.227	68.581	68.78	68.461	68.711	68.686	68.871	68.774	68.351	67.57	67.224	66.945	66.821	66.744	66.632	66.651	66.665	67.149	67.372	67.452	66.632	66.729	66.435	66.274	66.058	65.649	65.456	65.32	65.184	65.117	65.01	64.747	64.601	64.568	64.416	64.728	64.639	64.416	64.395	64.356	64.561	65.184	65.571	65.899	65.917	66.016	65.771	65.497	64.983	64.854	65.02	65.226	65.732	66.593	66.687	67.308	67.207	66.847	66.586	66.274	65.497	64.718	64.445	64.03
77.272	77.002	76.586	76.586	76.709	77.019	76.397	76.058	76.328	76.884	76.996	77.049	76.934	76.847	77.673	78.077	78.647	77.919	78.389	78.522	78.499	78.478	78.389	78.187	76.706	76.468	74.437	74.103	73.875	73.655	73.581	73.581	73.187	73.363	73.702	73.584	73.232	73.166	73.155	72.897	72.853	72.959	72.959	72.836	72.607	72.774	72.563	72.36	72.257	71.892	71.772	71.582	70.645	70.323	70.02	69.854	69.487	69.077	68.871	68.877	68.663	68.684	68.896	68.84	69.772	70.017	69.834	69.327	68.999	68.994	68.82	68.351	67.959	68.246	68.468	68.82	68.675	68.968	69.014	68.896	68.702	67.919	67.315	66.801	66.833	67.022	66.772	66.926	66.842	66.538	67.093	67.093	68.499	68.388	66.996	66.579	66.416	66.102	65.985	65.635	65.459	65.356	65.193	64.941	64.669	64.395	64.453	64.416	64.766	64.56	64.541	64.086	64.125	64.636	65.059	65.642	65.851	66	65.746	65.737	65.336	65.246	65.078	64.934	65.146	65.687	66.312	66.905	66.899	66.534	66.593	66.062	65.661	65.147	64.415	63.959	63.271
77.874	78.14	77.472	77.334	77.218	77.022	76.542	76.513	76.524	76.683	77.349	77.57	77.228	77.692	78.184	78.968	79.35	79.288	78.468	78.61	78.647	79.077	78.09	77.872	76.468	75.125	74.502	73.894	73.711	73.544	72.853	73.061	72.646	72.452	72.644	72.692	72.541	72.915	72.836	72.57	72.915	72.472	72.372	72.607	72.53	72.57	72.478	72.308	71.847	71.788	71.772	71.11	70.506	70.017	69.905	70.013	69.266	68.862	68.629	68.237	68.038	68.54	68.61	68.544	69.718	69.808	69.913	69.183	68.852	68.767	68.21	67.986	67.979	68.317	68.565	68.774	68.82	68.976	68.857	68.976	68.852	68.215	67.315	66.768	66.632	66.574	66.509	66.357	66.772	66.489	66.431	66.836	67.764	68.166	67.019	66.706	66.826	66.461	66.07	65.684	65.486	65.353	65.263	65.089	64.79	64.502	64.39	64.209	64.3	64.244	63.983	63.478	63.976	64.79	65.102	65.571	65.95	65.77	65.349	65.336	65.44	65.727	65.292	65.459	65.192	65.28	65.989	66.411	66.524	66.468	66.291	65.851	65.28	64.268	63.676	63.457	62.864
78.498	78.374	78.461	77.997	77.393	77.067	77.128	77.007	76.614	77.128	77.784	77.644	77.825	78.05	78.371	79.711	79.872	79.772	78.911	78.537	78.774	78.835	78.852	77.956	75.497	74.649	74.288	74.288	73.643	73.214	72.843	72.829	72.472	72.094	71.96	71.806	72.372	72.478	72.334	72.218	72.515	72.673	72.829	72.749	72.379	72.159	72.621	72.673	71.905	71.747	71.827	71.622	70.899	70.125	69.936	70.02	69.244	68.767	68.268	68.038	68.03	68.675	68.704	69.034	69.399	69.519	69.567	68.911	68.701	68.647	67.959	67.744	67.924	68.47	68.78	68.684	68.77	68.835	68.896	68.711	68.568	68.351	67.247	66.608	66.309	66.579	66.149	66.524	66.331	66.347	66.324	66.122	66.201	67.139	67.29	67.199	67.145	66.856	66.38	65.87	65.551	65.458	65.224	65.146	64.733	64.508	64.295	64.235	64.176	63.918	63.656	63.526	63.733	64.453	65.146	65.586	65.592	65.597	65.504	65.456	65.695	65.437	65.64	65.909	65.603	65.226	64.981	65.343	66.442	67.294	67.124	66.423	65.192	64.048	63.478	63.077	62.607
77.874	78.374	78.31	77.959	77.478	77.379	77.627	77.472	77.036	77.124	77.646	77.79	78.54	78.334	79.147	79.794	79.584	79.739	79.437	78.896	78.828	78.999	78.791	77.294	75.125	74.3	74.437	74.434	73.896	72.905	72.541	72.517	72.315	72.218	71.926	71.888	72.149	72.081	72.093	72.149	72.513	72.585	72.738	72.749	72.517	72.334	72.541	72.872	72.294	71.827	72.019	71.811	71.394	70.518	70.218	69.86	69.567	69.03	68.565	68.399	68.647	69.169	69.229	69.482	69.655	69.624	69.082	68.736	68.774	68.371	68.066	67.974	67.959	68.272	68.405	68.663	69.169	69.235	68.544	68.584	68.334	67.919	67.159	66.544	66.283	66.147	66.23	66.217	66.423	66.32	66.352	66.141	66.084	66.196	66.964	67.644	67.372	66.953	66.548	66.225	65.593	65.479	65.253	65.036	64.833	64.588	64.739	64.699	64.385	64.09	63.61	63.643	63.77	64.169	64.639	65.02	65.394	65.456	65.771	65.343	65.412	66.163	66.788	66.96	66.647	66.371	65.913	65.997	65.771	65.459	65.336	65.327	64.834	64.464	63.701	62.997	62.563
78.21	77.956	77.997	77.647	77.578	77.257	77.52	77.481	77.563	77.589	77.746	77.919	78.558	78.77	79.834	79.757	79.655	79.416	79.103	79.395	78.999	78.252	77.461	75.843	74.934	74.581	74.147	74.206	73.711	72.944	72.602	72.149	71.916	72.517	72.149	72.194	71.821	72.084	72.299	72.29	72.78	72.956	72.897	72.937	72.832	72.709	72.718	72.644	72.372	72.211	71.895	71.706	71.435	71.026	70.666	69.946	69.941	69.749	69.132	68.857	69.316	69.718	69.728	69.794	69.728	69.395	68.728	69.072	68.584	68.21	68.405	68.421	68.663	68.398	68.461	68.78	69.247	69.311	68.809	68.269	68.149	67.467	66.977	66.428	66.154	66.163	66.04	66.068	66.586	66.632	66.443	66.201	66.068	66.371	67.257	67.602	66.996	66.885	66.496	66.32	65.855	65.551	65.292	65.203	64.785	64.608	64.549	64.665	64.443	64.051	63.734	63.643	63.696	64.079	63.988	64.568	64.799	65.288	65.529	65.327	65.6	66.456	66.956	66.982	67.436	67.774	67.709	67.718	66.916	66.27	65.249	65.264	64.86	64.46	63.943	63.108	62.792
78.78	78.21	78.269	78.399	78.022	77.78	77.475	77.692	77.602	77.475	78.298	78.298	78.717	79.093	80.03	79.707	79.434	79.28	79.437	79.519	79.638	78.298	76.624	75.394	74.272	74.311	74.137	74.114	73.857	73.155	72.644	71.842	71.603	71.911	71.772	71.945	71.747	71.92	72.266	72.882	72.933	73.076	73.004	73.05	73.077	72.843	72.726	72.585	72.52	72.149	72.084	71.534	71.538	70.917	70.703	70.209	70.024	69.913	69.326	69.464	70.02	69.56	69.399	69.519	69.124	68.942	68.702	68.599	68.225	68.318	68.684	68.88	69.038	68.923	68.675	68.923	69.103	69.082	68.795	68.461	68.038	67.434	66.69	66.424	66.111	66.396	66.119	65.884	66.357	66.423	66.476	66.26	66.058	66.377	67.257	66.853	66.483	66.428	66.534	66.122	65.989	65.635	65.364	65.1	64.82	64.593	64.332	64.321	64.315	63.91	63.649	63.537	63.765	63.896	63.943	64.11	64.621	65.144	65.899	66.32	66.892	67.372	67.425	67.836	68.544	68.871	68.812	69.093	69.103	67.218	65.666	65.459	65.173	64.777	64.288	63.454	62.912
79.254	78.791	78.478	78.61	78.461	77.853	78.022	77.709	77.128	77.413	78.565	78.45	79.147	79.183	79.655	79.718	79.893	79.353	79.399	78.896	78.622	77.853	75.75	74.913	74.399	73.943	73.867	73.956	73.374	72.974	72.42	72.005	71.779	71.795	71.809	71.809	71.96	72.228	72.29	72.882	72.832	73.155	73.269	73.269	73.317	73.142	73.461	73.374	72.997	72.777	72.272	71.644	71.291	70.871	70.255	70.349	70.03	69.704	69.663	69.665	69.834	69.392	69.077	68.931	68.835	68.684	68.45	68.331	68.161	68.252	68.478	68.415	68.686	68.584	69.399	69.103	68.79	68.717	68.558	68.389	67.726	66.945	66.431	66.514	66.295	66.217	66.283	65.952	65.989	66.147	66.443	66.309	66.267	66.534	66.932	66.625	66.352	66.115	66.362	66.184	66.084	65.642	65.158	64.913	64.608	64.549	64.338	64.224	64.002	63.696	63.558	63.578	63.696	63.857	63.734	64.044	64.316	64.879	65.851	66.892	67.644	68.457	68.691	68.857	69.086	68.976	69.014	68.999	69.138	67	65.746	65.538	65.206	64.702	64.426	63.801	63.188
79.027	78.857	78.581	78.537	78.809	78.214	77.956	77.585	77.272	78.086	78.421	78.686	79.392	79.772	79.56	79.437	79.593	79.48	79.405	78.581	78.022	76.905	75.81	74.399	73.478	73.155	73.415	73.392	72.943	72.57	72.228	71.926	71.96	72.048	72.228	72.562	72.612	72.551	72.647	73.022	72.726	73.399	73.767	73.622	73.507	73.544	73.461	73.389	73.461	72.541	72.405	71.538	71.423	70.725	70.03	69.739	69.667	69.7	69.787	69.834	69.704	69.151	68.734	68.581	68.277	68.037	67.945	68.026	68.045	68.097	68.086	68.271	68.334	68.343	68.468	68.25	68.351	68.405	68.05	67.607	67.084	66.651	66.54	66.542	66.396	66.394	66.265	65.97	65.994	65.867	66.17	66.397	66.175	66.131	66.263	66.236	65.884	65.968	65.842	66.044	65.909	65.597	65.121	64.673	64.599	64.386	64.209	64.072	63.973	63.91	63.78	63.449	63.489	63.67	63.813	63.897	63.988	64.757	65.571	66.593	67.685	68.584	69.209	69.395	69.209	68.852	68.499	68.03	68.25	66.163	65.316	65.209	64.834	64.556	64.19	63.61	62.853
79.086	78.252	77.644	78.061	78.21	77.461	77.524	77.562	77.864	78.271	78.568	78.497	79.327	79.772	79.739	79.342	79.749	79.624	79.34	78.812	78.061	77.093	75.592	73.968	73.038	73.022	72.612	72.825	72.52	72.319	72.128	72.334	72.272	71.899	72.48	72.94	73.176	73.077	73.105	73.149	73.343	73.791	73.896	73.896	73.584	73.31	73.409	73.581	73.317	73.092	72.372	71.542	71.131	70.459	69.849	69.772	69.639	69.434	69.648	69.508	69.165	68.835	68.73	68.489	68.378	67.99	67.953	68.037	67.912	68.029	68.029	67.711	67.959	67.792	67.627	67.759	68.227	68.029	67.709	67.334	66.899	66.788	66.766	66.853	66.593	66.503	66.222	65.989	65.983	66.019	65.947	65.961	65.997	66.211	66.145	66.081	65.899	65.772	65.561	65.566	65.642	65.174	64.731	64.593	64.362	64.388	64.266	64.445	64.19	64.281	64.194	64.119	63.976	64.038	63.824	64.082	64.749	65.978	66.608	68.03	67.607	68.096	68.935	69.416	68.499	67.749	67.294	66.706	66.622	65.586	64.854	64.881	64.445	64.147	63.857	62.959	62.646
78.835	78.318	77.434	77.405	77.372	76.982	77.163	77.434	77.738	78.317	78.454	78.629	78.897	78.959	78.999	78.711	79.093	79.639	79.624	78.468	77.674	77.021	76.27	74.56	73.085	72.57	72.257	72.354	72.239	72.068	72.092	72.207	72.101	72.446	73.071	73.452	73.389	74.079	73.562	73.686	74.28	73.812	74.406	74.416	73.77	73.562	73.584	73.409	73.774	73.166	72.294	71.524	70.843	70.146	69.711	69.79	69.522	69.333	69.438	68.959	69.103	68.569	68.286	68.286	68.269	67.958	67.905	67.902	67.792	67.693	67.882	67.62	67.454	67.46	67.485	67.627	68.103	67.685	67.585	66.953	66.899	66.774	66.826	66.779	66.453	66.286	66.084	65.851	65.878	65.878	65.95	65.925	65.889	65.968	65.949	65.921	65.863	65.529	65.412	65.325	65.41	64.981	64.706	64.553	64.481	64.525	64.696	64.805	64.699	64.621	64.541	64.913	65.456	64.114	64.416	65.53	65.889	67.249	67.985	68.622	68.499	68.155	68.03	67.843	66.646	66.211	66.202	65.684	65.274	64.601	64.235	63.935	63.79	63.489	62.981	62.692	62.381
