69.588	69.923	70.021	70.002	69.887	69.573	69.657	69.532	69.5	69.479	69.565	69.406	69.673	69.818	69.764	70.003	70.1	70.052	69.978	69.935	69.63	69.78	69.645	69.575	69.611	69.642	69.657	69.607	69.846	69.794	69.787	69.904	69.901	70.264	70.123	70.04	69.978	70.062	70.243	70.104	70.124	70.093	69.954	69.84	70.062	70.116	70.127	69.926	70.12	70.239	70.407	70.417	70.361	70.26	70.105	70.255	70.262	70.251	70.139	70.131	70.256	70.218	70.104	69.908	69.884	69.911	69.938	69.69	69.69	69.613	69.449	69.466	69.689	69.855	69.691	69.542	69.525	69.479	69.749	69.399	69.468	69.559	69.706	69.523	69.574	69.532	69.523	69.742	69.779	69.736	69.706	69.467	69.39	69.377	69.497	69.642	69.588	69.532	69.476	69.555	69.795	69.69	69.475	69.268	69.313	69.301	69.34	69.445	69.304	69.244	69.253	69.221	69.075	69.106	69.124	69.05	69.024	69.064	69.194	69.05	68.933	68.993	69.001	69.089	69.092	68.924	68.933	68.837	68.702	68.689	68.774	68.963	69.174	69.114	69.242	69.259	69.378
69.632	70.272	70.315	70.141	69.599	69.525	69.313	69.348	69.127	69.377	69.734	69.986	70.141	70.202	70.315	70.386	70.288	70.127	69.839	69.977	69.901	69.817	69.854	69.804	69.689	69.791	69.78	69.818	69.975	69.774	69.717	69.646	69.862	69.828	70.021	69.984	70.231	70.592	70.453	70.495	70.284	70.255	69.837	70.093	70.364	70.197	70.185	70.164	70.056	70.285	70.492	70.572	70.265	70.086	70.221	70.27	70.216	70.029	69.839	69.752	69.743	69.596	69.935	69.877	69.764	69.653	69.642	69.642	69.613	69.426	69.311	69.454	69.49	69.657	69.649	69.447	69.078	69.268	68.955	69.162	69.118	69.265	69.412	69.236	69.242	69.472	69.601	69.616	69.556	69.462	69.485	69.524	69.426	69.35	69.304	69.355	69.301	69.48	69.358	69.363	69.556	69.689	69.304	69.247	69.027	69.011	69.098	69.144	69.063	68.953	68.928	68.932	68.953	68.991	68.841	68.825	68.801	68.724	68.766	68.854	68.725	68.806	68.891	68.966	68.924	68.777	68.779	68.686	68.47	68.439	68.364	68.517	68.638	68.668	68.712	68.774	68.883
69.966	70.364	70.392	69.926	69.709	69.427	69.439	69.364	69.549	69.815	70.405	70.598	70.551	70.463	70.392	70.443	70.398	70.179	70.231	70.331	70.155	70.115	70.161	70.084	69.943	70.154	69.691	69.593	69.454	69.608	69.534	69.703	69.718	69.873	70.467	70.595	70.687	70.989	70.851	70.756	70.509	69.98	69.938	69.891	70.101	70.184	70.405	70.364	70.52	70.75	70.681	70.736	70.869	70.786	70.443	70.485	70.532	70.197	69.926	69.534	69.57	69.614	69.643	69.749	69.649	69.647	69.795	69.748	69.77	69.69	69.565	69.555	69.66	69.78	69.628	69.132	69.093	69.003	69.108	68.975	69.177	69.159	69.174	69.023	69.114	69.502	69.47	69.421	69.181	69.109	69.145	69.193	69.301	69.24	69.215	69.21	69.195	69.215	69.329	69.208	69.462	69.424	69.257	69.386	69.174	69.109	69.064	69.064	68.86	68.643	68.661	68.785	68.84	68.793	68.578	68.451	68.497	68.601	68.552	68.591	68.439	68.453	68.396	68.502	68.389	68.367	68.295	68.472	68.197	68.225	68.242	68.38	68.462	68.315	68.338	68.554	68.537
70.345	70.526	70.22	70.293	70.153	69.951	70.173	70.342	70.14	70.353	70.556	70.53	70.729	70.94	70.875	70.492	70.33	70.356	70.382	70.37	70.291	70.233	70.049	70.001	70.017	69.86	69.771	69.525	69.669	69.583	69.764	70.154	70.264	70.264	70.501	71.03	71.037	71.133	71.252	71.146	70.576	70.292	70.225	70.27	70.202	70.333	70.538	70.515	70.88	71.03	70.94	71.041	71.227	70.881	70.672	70.657	70.858	70.718	70.255	69.895	69.787	69.61	69.408	69.327	69.565	69.733	69.891	69.731	69.669	69.572	69.613	69.596	69.576	69.565	69.507	69.286	69.106	68.873	68.822	69.048	69.203	69.085	69.017	69.252	69.483	69.48	69.208	69.181	69.132	68.991	68.971	69.1	69.118	69.185	69.377	69.202	69.288	69.282	69.155	69.125	69.282	69.14	69.064	69.042	69.276	69.186	69.064	68.794	68.448	68.469	68.499	68.751	68.656	68.728	68.542	68.457	68.38	68.493	68.545	68.464	68.273	67.959	67.935	67.967	67.8	67.833	67.701	67.799	67.958	67.965	68.186	67.987	67.765	67.67	67.833	68.098	68.327
70.766	70.913	70.364	70.395	70.538	70.14	70.331	70.487	70.628	70.778	70.573	70.626	70.827	70.918	70.873	70.563	70.423	70.231	70.416	70.257	70.197	70.087	69.835	69.839	70.084	70.141	70.079	69.734	69.795	70.023	69.913	70.349	70.416	70.43	70.509	70.56	71.054	71.134	71.181	71.312	70.863	70.704	70.804	70.523	70.436	70.509	70.989	70.851	70.94	71.002	71.03	70.91	70.94	70.885	70.627	70.364	70.483	70.462	70.233	70.003	70.098	69.771	69.572	69.587	69.767	69.977	69.739	69.632	69.554	69.515	69.377	69.31	69.41	69.402	69.268	69.114	68.902	68.766	68.752	68.971	69.033	69.276	69.359	69.418	69.348	69.415	69.253	69.119	68.969	69.16	69.182	69.082	69.139	68.974	68.858	68.97	69.193	69.259	69.273	69.155	69.486	69.237	69.203	69.355	69.377	68.951	68.577	68.258	68.218	68.265	68.53	68.645	68.752	68.698	68.73	68.439	68.392	68.583	68.732	68.36	68.028	67.676	67.632	67.564	67.357	67.418	67.445	67.728	67.8	67.912	67.885	67.698	67.487	67.502	67.697	68.001	68.367
71.065	71.22	70.566	70.453	70.174	70.098	70.291	70.551	70.628	70.627	70.611	70.641	70.545	70.573	70.556	70.405	70.382	70.251	70.238	70.538	70.216	69.854	69.725	69.549	69.828	69.849	69.939	69.773	69.844	70.047	70.135	70.451	70.267	70.463	70.485	70.339	70.509	70.94	70.94	71.134	71.041	70.822	70.85	70.869	70.726	70.582	70.765	70.661	70.627	70.822	70.875	70.524	70.726	70.726	70.525	70.337	70.264	70.141	70.194	70.255	70.093	69.774	69.617	69.718	69.943	69.799	69.689	69.576	69.532	69.273	69.089	69.203	69.117	69.028	68.917	68.879	68.695	68.824	68.952	68.804	68.924	69.106	69.355	69.288	69.17	69.322	69.182	69.278	69.075	68.988	68.796	68.814	68.637	68.599	68.641	68.569	68.607	68.714	68.837	68.911	69.142	68.998	68.981	68.94	68.855	68.66	68.506	68.289	67.967	68.092	68.181	68.254	68.146	68.164	67.967	68.029	68.154	68.36	68.36	68.085	67.868	67.647	67.656	67.487	67.393	67.328	67.362	67.404	67.69	67.799	67.977	67.794	67.484	67.587	67.565	67.774	68.001
70.799	70.689	70.451	70.399	70.174	70.14	70.064	70.092	70.257	70.526	70.515	70.464	70.392	70.314	70.11	70.087	70.141	70.278	70.537	70.436	70.26	69.855	69.618	69.651	69.539	69.939	70.156	70.161	70.101	69.918	69.867	70.052	70.271	70.056	70.029	69.876	70.206	70.441	70.701	70.941	70.869	70.556	70.592	70.298	70.235	70.123	70.288	70.28	70.432	70.297	70.293	70.469	70.283	70.583	70.453	70.343	70.292	70.087	70.001	69.862	69.649	69.399	69.451	69.516	69.63	69.549	69.515	69.353	69.085	68.734	68.545	68.627	68.691	68.845	68.657	68.604	68.425	68.439	68.507	68.514	68.44	68.655	68.851	68.81	68.988	69.08	68.793	68.589	68.57	68.397	68.254	68.157	68.349	68.286	68.232	68.148	68.014	68.252	68.226	68.439	68.455	68.335	68.227	68.256	68.38	68.247	68.067	67.905	68.079	68.151	68.087	67.91	67.91	67.814	67.858	67.8	68.008	68.363	68.293	67.721	67.306	67.146	67.111	67.085	67.156	67.056	67.06	66.907	67.155	67.391	67.576	67.514	67.147	66.935	66.951	66.968	67.17
70.477	70.487	70.301	70.197	70.052	69.916	69.891	70.1	70.065	70.347	70.292	70.375	70.356	70.213	70.102	70.015	69.964	70.029	70.002	70.002	69.844	69.734	69.628	69.613	69.63	70.003	70.392	70.509	70.22	69.923	69.931	69.983	70.07	69.907	69.855	70.008	70.236	70.509	70.666	70.866	70.628	70.432	70.474	70.14	69.717	70.002	70.168	70.027	70.002	70.018	70.141	70.231	70.42	70.425	70.429	70.509	70.174	69.966	69.789	69.555	69.614	69.345	69.283	69.314	69.329	69.431	69.528	69.213	68.819	68.64	68.483	68.615	68.56	68.39	68.334	68.254	68.186	68.026	68.095	67.929	67.915	67.966	68.174	68.545	68.785	68.752	68.36	68.218	67.945	67.814	67.864	67.885	67.92	67.814	67.757	67.814	67.986	67.963	67.767	67.92	67.839	67.793	67.661	67.639	67.753	67.704	67.535	67.513	67.404	67.853	67.697	67.625	67.521	67.513	67.84	67.899	68.038	67.936	67.856	67.349	66.926	66.679	66.586	66.748	66.956	66.898	66.876	66.98	67.135	67.317	67.239	67.053	66.826	66.595	66.507	66.627	66.667
70.251	70.173	69.956	70.12	69.717	69.707	69.849	69.918	69.817	70.186	70.002	69.978	70.168	70.087	69.82	69.725	69.818	69.734	70.033	69.92	69.807	69.607	69.528	69.689	69.614	69.981	70.732	70.789	70.901	70.718	70.465	70.276	70.041	70.276	70.345	70.403	70.627	70.631	70.629	70.538	70.424	70.335	69.942	69.712	69.536	69.752	69.964	69.81	69.807	69.82	69.975	70.084	70.196	70.262	70.233	70.141	69.903	69.773	69.445	69.551	69.473	69.293	69.202	69.114	69.111	69.028	68.97	68.824	68.628	68.498	68.44	68.628	68.599	68.354	68.051	67.87	67.708	67.67	67.696	67.639	67.558	67.574	67.883	68.143	68.326	68.277	68.022	67.932	67.778	67.751	67.744	67.647	67.667	67.557	67.592	67.833	67.873	67.814	67.521	67.579	67.64	67.433	67.242	67.327	67.368	67.46	67.228	67.25	67.32	67.388	67.404	67.393	67.378	67.592	67.845	67.912	67.743	67.521	67.22	66.795	66.541	66.424	66.462	66.603	66.688	66.785	66.829	66.853	66.926	66.968	67.096	66.922	66.599	66.31	66.324	66.397	66.383
69.645	69.767	69.84	69.69	69.548	69.377	69.437	69.427	69.516	69.744	69.769	69.757	69.78	69.675	69.72	69.813	69.872	70.018	69.828	69.626	69.623	69.449	69.525	69.545	69.608	69.747	70.392	71.005	71.301	71.03	70.889	70.736	70.681	70.405	70.084	70.264	70.36	70.492	70.168	69.826	69.811	69.857	69.623	69.492	69.752	69.874	70.024	69.898	70.002	70.002	69.791	69.883	69.918	69.945	69.877	69.795	69.581	69.534	69.394	69.259	69.149	68.947	68.905	68.989	68.907	68.785	68.654	68.495	68.35	68.22	68.273	68.623	68.553	68.31	67.977	67.708	67.561	67.515	67.514	67.38	67.416	67.54	67.795	68.051	68.127	68.22	68.007	67.929	67.612	67.622	67.502	67.447	67.474	67.391	67.334	67.426	67.64	67.54	67.383	67.433	67.28	67.161	67.123	67.222	67.462	67.373	67.502	67.393	67.16	67.206	67.159	67.216	67.267	67.363	67.462	67.37	67.203	66.921	66.775	66.539	66.395	66.325	66.415	66.49	66.456	66.466	66.471	66.603	66.702	66.712	66.702	66.583	66.564	66.196	66.127	66.089	66.007
69.471	69.553	69.795	69.637	69.516	69.454	69.17	69.136	69.212	69.69	69.752	69.689	69.771	69.799	69.82	69.769	69.975	69.939	69.743	69.752	69.631	69.757	69.716	69.623	69.341	69.495	70.315	70.811	71.134	70.763	70.453	70.681	70.686	70.382	69.951	69.96	70.002	69.913	69.581	69.41	69.329	69.377	69.439	69.787	69.767	69.907	70.074	70.085	69.893	69.669	69.669	69.461	69.399	69.378	69.422	69.306	69.203	69.214	69.022	68.834	68.587	68.783	68.829	68.867	68.716	68.578	68.349	68.088	68.077	68.164	68.24	68.426	68.333	68.174	67.962	67.736	67.653	67.64	67.558	67.443	67.383	67.64	67.689	67.815	67.905	67.894	67.74	67.592	67.457	67.627	67.615	67.556	67.481	67.189	67.106	67.189	67.304	67.357	67.334	67.36	67.199	67.102	67.128	67.21	67.205	67.337	67.239	67.207	67.189	67.039	67.049	67.121	67.032	67.072	66.899	66.877	66.763	66.733	66.426	66.203	66.16	66.043	66.204	66.175	66.269	66.35	66.314	66.396	66.29	66.343	66.354	66.251	66.203	66.055	65.972	65.833	65.772
69.667	69.795	69.897	69.82	69.72	69.673	69.288	69.201	69.415	69.78	69.675	69.71	69.92	69.846	69.828	69.913	70.037	69.828	70.056	70.335	69.939	69.69	69.607	69.468	69.487	69.647	70.264	70.521	70.709	70.405	70.189	69.975	69.977	69.827	69.601	69.462	69.445	69.437	69.259	69.167	69.182	69.139	69.242	69.437	69.601	69.756	69.854	69.743	69.545	69.402	69.278	69.081	68.899	68.851	69.001	68.947	68.96	68.947	68.879	68.641	68.51	68.611	68.611	68.802	68.599	68.315	68.126	68.068	67.994	68.072	68.012	68.143	68.218	68.47	68.181	67.835	67.532	67.42	67.346	67.328	67.352	67.561	67.683	67.547	67.641	67.627	67.484	67.393	67.404	67.504	67.478	67.451	67.257	67.039	67.022	67.153	67.114	67.042	67.063	67.163	67.271	67.167	67.007	67.041	67.022	67.028	67.008	67	66.988	66.954	67.015	67.059	67.015	66.609	66.493	66.498	66.498	66.424	66.223	66.07	65.874	65.996	66.064	66.012	66.173	66.307	66.4	66.463	66.44	66.383	66.195	66.064	66.045	65.999	66.007	65.926	65.776
69.818	69.913	70.115	70.002	69.867	69.595	69.259	69.311	69.341	69.487	69.561	69.728	69.951	70.204	70.283	70.28	70.231	70.274	70.377	70.332	70.003	69.621	69.41	69.415	69.337	69.794	70.003	70.047	70.255	70.414	69.952	70.076	69.593	69.516	69.399	69.217	69.259	69.179	69.173	69.082	69.103	69.031	69.283	69.565	69.525	69.625	69.731	69.689	69.435	69.049	68.822	68.766	68.762	68.793	68.811	68.751	68.71	68.632	68.493	68.297	68.246	68.251	68.423	68.467	68.335	68.322	68.257	68.075	68.103	67.997	67.814	67.782	67.748	67.676	67.706	67.556	67.416	67.454	67.454	67.42	67.398	67.632	67.729	67.552	67.564	67.418	67.361	67.57	67.579	67.629	67.362	67.328	67.354	67.099	66.957	67.049	67.03	67.035	67.221	67.245	67.372	67.464	67.327	67.257	67.27	66.985	66.862	66.74	66.892	66.811	66.801	66.773	66.486	66.287	66.089	66.176	66.168	66.165	66.183	66.13	66.141	66.116	66.11	66.069	66.161	66.138	66.096	66.334	66.417	66.268	66.214	66.057	65.998	65.909	65.989	66.02	66.166
69.884	70.337	70.521	70.382	70.135	69.583	69.342	69.359	69.357	69.543	69.462	69.495	69.773	70.153	70.208	70.21	70.133	70.076	70.183	70.135	69.84	69.595	69.377	69.606	69.621	69.884	69.883	69.825	70.07	69.827	69.767	69.86	69.479	69.378	69.265	69.263	69.314	69.203	69.005	68.963	69.064	69.122	69.166	69.457	69.559	69.342	69.479	69.447	69.114	68.885	68.787	68.843	68.882	68.843	68.695	68.601	68.315	68.197	68.143	68.174	68.212	68.183	68.182	68.247	68.368	68.358	68.146	68.009	67.739	67.742	67.531	67.423	67.285	67.202	67.26	67.431	67.579	67.54	67.659	67.649	67.726	67.731	67.885	67.739	67.814	67.587	67.502	67.418	67.556	67.6	67.426	67.383	67.535	67.361	67.1	67.017	67.057	66.997	67.087	67.096	67.174	67.26	67.205	67.189	67.023	66.951	66.773	66.719	66.549	66.514	66.412	66.383	66.107	65.858	65.82	65.971	66.111	66.216	66.277	66.276	66.237	66.305	66.123	66.078	66.011	65.94	66.168	66.322	66.22	66.16	66.222	66.14	66.15	66.29	66.267	66.188	66.268
70.027	70.183	70.453	70.53	70.251	69.877	69.604	69.58	69.613	69.734	69.491	69.967	70.288	70.452	70.267	70.003	69.774	69.78	69.918	70.164	70.093	69.844	69.827	69.884	69.926	69.806	69.838	70.107	70.174	70.183	69.874	69.611	69.379	69.283	69.482	69.527	69.378	69.288	69.148	69.064	69.155	68.982	69.023	69.078	69.236	69.259	69.426	69.314	69.103	68.9	69.005	68.79	68.94	68.85	68.357	68.114	68.018	67.952	67.92	67.992	68.146	67.892	67.853	67.953	67.983	67.868	67.814	67.632	67.474	67.445	67.234	67.1	67.004	66.961	66.984	67.105	67.4	67.537	67.502	67.735	67.853	68.064	68.082	67.751	67.547	67.515	67.45	67.443	67.378	67.302	67.349	67.393	67.482	67.279	67.146	67.076	67.098	67.008	66.863	66.889	67.02	66.997	67.088	67.092	66.834	66.822	66.659	66.584	66.29	66.238	66.094	65.981	65.865	65.765	65.842	66.024	66.069	66.122	66.168	66.104	66.048	66.015	66.092	66.094	65.923	65.795	65.993	66.077	66.014	66.037	66.158	66.269	66.225	66.44	66.306	66.217	66.42
70.184	70.239	70.315	70.436	70.464	70.256	69.939	69.743	69.742	69.855	70.345	70.26	70.276	70.164	70.105	69.966	69.802	69.842	69.878	69.841	69.729	69.525	69.545	69.329	69.146	69.498	69.884	69.815	69.82	69.815	69.6	69.585	69.542	69.527	69.539	69.539	69.353	69.119	69.142	69.045	69.087	69.177	69.202	69.065	69.01	69.092	69.139	69.039	68.857	68.707	68.712	68.68	68.733	68.419	68.229	68.089	67.914	67.872	67.716	67.768	67.683	67.612	67.629	67.72	67.483	67.659	67.537	67.363	67.378	67.153	67.216	67.03	67.045	67.036	67.21	67.257	67.438	67.76	67.77	67.845	67.932	67.92	67.867	67.68	67.47	67.393	67.367	67.222	67.256	67.189	67.203	67.306	67.239	67.254	67.102	67.21	67.032	66.829	66.662	66.779	66.707	66.597	66.73	66.539	66.44	66.39	66.287	66.119	66.07	66.217	65.962	65.833	65.838	65.95	66.035	66.101	66.006	66.154	66.04	66.05	65.952	65.775	65.786	65.662	65.466	65.432	65.494	65.626	65.658	65.7	65.747	65.716	65.718	65.717	65.822	65.89	65.786
70.551	70.725	70.646	70.453	70.333	70.257	70.186	70.095	70.17	70.243	70.545	70.389	70.153	70.003	69.984	69.926	69.752	69.757	69.748	69.626	69.467	69.266	69.273	69.19	69.155	69.276	69.549	69.345	69.451	69.571	69.482	69.572	69.672	69.558	69.572	69.608	69.268	68.936	68.903	68.676	68.846	69.087	69.114	68.9	68.958	69	69.114	69.038	68.87	68.662	68.486	68.519	68.299	68.165	68.055	67.997	67.986	67.853	67.716	67.725	67.751	67.598	67.602	67.501	67.482	67.349	67.32	67.189	67.105	67.108	67.161	67.131	67.157	67.136	67.328	67.518	67.653	67.831	67.732	67.927	67.94	67.67	67.576	67.503	67.269	67.164	67.129	67.189	67.157	67.138	67.08	67.091	67.022	66.924	66.975	66.889	66.688	66.51	66.416	66.486	66.396	66.227	66.251	66.07	65.999	65.907	65.776	65.82	65.841	65.855	65.765	65.734	65.698	65.784	65.869	65.803	65.838	65.939	65.864	65.722	65.586	65.582	65.507	65.429	65.393	65.394	65.353	65.403	65.435	65.525	65.407	65.275	65.356	65.372	65.314	65.42	65.406
71.147	71.212	71.03	70.704	70.799	70.674	70.353	70.35	70.372	70.235	70.281	70.257	70.1	70.161	69.876	69.958	69.791	69.655	69.712	69.626	69.377	69.515	69.454	69.359	69.36	69.449	69.399	69.268	69.502	69.263	69.327	69.362	69.394	69.515	69.72	69.411	69.067	68.885	68.692	68.524	68.62	68.628	68.588	68.634	68.779	68.947	68.968	68.902	68.891	68.765	68.654	68.402	68.239	68.002	67.986	67.882	67.776	67.833	67.831	67.93	67.771	67.695	67.686	67.529	67.423	67.266	67.057	67.039	67.112	67.13	67.226	67.254	67.157	67.164	67.152	67.354	67.529	67.622	67.674	67.795	67.673	67.433	67.367	67.225	67.085	67.008	67.088	67.189	67.172	67.022	66.95	67.059	66.838	66.892	66.841	66.89	66.518	66.383	66.29	66.191	66.091	66.054	66.035	65.991	65.923	65.616	65.7	65.692	65.751	65.791	65.718	65.752	65.771	65.706	65.644	65.641	65.861	65.925	65.678	65.626	65.412	65.291	65.242	65.229	65.218	65.196	65.298	65.394	65.42	65.377	65.235	65.111	65.087	65.204	65.211	65.143	65.029
71.768	71.44	71.061	71.014	70.901	70.765	70.521	70.456	70.515	70.477	70.584	70.528	70.453	70.314	70.213	70.291	70.239	69.865	69.787	69.632	69.539	69.601	69.539	69.482	69.525	69.468	69.355	69.558	69.468	69.459	69.41	69.487	69.606	69.739	69.658	69.306	68.966	68.903	68.753	68.47	68.265	68.376	68.485	68.53	68.851	68.843	68.861	68.811	68.82	68.765	68.628	68.607	68.44	68.245	68.067	67.953	67.795	67.864	67.905	67.828	67.765	67.725	67.704	67.521	67.401	67.149	67.114	67.1	67.146	67.213	67.22	67.256	67.243	67.335	67.273	67.416	67.489	67.287	67.358	67.398	67.502	67.355	67.257	67.19	66.902	66.894	66.936	67.071	66.956	66.91	66.827	66.939	66.801	66.892	66.959	66.712	66.595	66.371	66.355	66.157	66.061	65.957	65.951	65.795	65.757	65.743	65.752	65.711	65.81	65.855	65.815	65.789	65.837	65.797	65.893	65.835	65.949	65.833	65.78	65.591	65.434	65.29	65.208	65.151	65.261	65.289	65.399	65.399	65.431	65.363	65.232	65.029	64.947	65.026	65.075	65.075	65.058
71.939	71.682	71.433	71.12	70.984	70.97	70.801	70.821	70.815	70.897	70.851	70.723	70.459	70.452	70.274	70.297	70.19	70.069	69.867	69.588	69.63	69.731	69.525	69.427	69.287	69.27	69.491	69.717	69.602	69.471	69.362	69.435	69.545	69.625	69.611	69.146	68.734	68.67	68.702	68.475	68.274	68.158	68.216	68.38	68.423	68.617	68.688	68.785	68.773	68.805	68.858	68.864	68.811	68.673	68.393	68.308	68.308	68.277	68.236	68.194	68.093	68.045	67.923	67.78	67.797	67.593	67.252	67.189	67.228	67.126	67.281	67.357	67.416	67.407	67.388	67.373	67.247	67.222	67.149	67.189	67.065	67.016	66.956	66.959	66.926	66.763	66.837	66.891	66.829	66.686	66.742	66.892	66.894	66.847	66.902	66.759	66.587	66.374	66.291	66.252	66.137	65.865	65.992	65.89	65.871	65.784	65.683	65.695	65.817	65.867	65.889	65.85	65.897	65.972	66.03	66.03	66.045	65.957	65.981	65.604	65.42	65.543	65.361	65.277	65.182	65.314	65.399	65.429	65.509	65.332	65.217	65.116	65.174	65.119	65.133	65.061	65.176
72.16	71.88	71.39	71.253	71.141	71.128	71.17	71.207	70.975	71.078	70.848	70.718	70.686	70.563	70.405	70.315	70.33	70.15	70.023	69.722	69.689	69.673	69.689	69.514	69.525	69.506	69.707	69.942	69.739	69.56	69.495	69.545	69.427	69.396	69.251	68.799	68.731	68.802	68.79	68.663	68.356	68.245	68.378	68.476	68.385	68.424	68.537	68.679	68.715	68.842	68.914	68.829	68.867	68.85	68.68	68.777	68.646	68.493	68.273	68.36	68.413	68.405	68.187	68.076	68.016	67.702	67.383	67.177	67.127	67.189	67.239	67.436	67.578	67.502	67.334	67.217	67.168	67.111	67.189	66.962	66.732	66.775	66.877	66.835	66.752	66.768	66.742	66.775	66.614	66.713	66.649	66.679	66.688	66.788	66.714	66.581	66.35	66.311	66.251	66.186	65.939	65.86	66.004	65.983	65.88	65.855	65.884	65.83	65.939	66.127	66.07	65.939	65.815	65.842	66.029	66.12	66.151	66.077	66.124	66.067	65.699	65.564	65.548	65.479	65.49	65.436	65.377	65.658	65.658	65.548	65.394	65.139	65.315	65.226	65.041	64.954	65.013
72.423	72.287	71.759	71.627	71.17	71.225	71.268	71.299	71.002	70.88	70.974	70.914	71.017	70.793	70.556	70.403	70.315	70.231	70.122	69.84	69.849	69.846	69.78	69.757	69.78	70.002	70.111	70.152	69.837	69.49	69.445	69.148	69.144	69.103	68.842	68.841	68.638	68.717	68.612	68.555	68.578	68.524	68.599	68.557	68.549	68.751	68.854	68.843	68.791	68.837	68.837	68.707	68.768	68.851	68.834	68.731	69.01	68.704	68.539	68.479	68.497	68.38	68.284	68.063	67.952	67.882	67.678	67.378	67.292	67.326	67.388	67.551	67.64	67.487	67.296	67.191	67.342	67.273	67.191	67.149	66.986	66.878	66.86	66.649	66.776	66.824	66.747	66.66	66.645	66.614	66.596	66.564	66.494	66.575	66.44	66.403	66.346	66.328	66.18	66.123	65.955	65.88	66.045	66.042	65.963	66.058	66.101	65.952	66.001	66.009	65.914	65.923	65.784	65.747	65.626	65.657	65.856	66.201	66.188	65.899	65.786	65.712	65.596	65.676	65.745	65.689	65.644	65.717	65.626	65.377	65.235	65.153	65.18	65.248	65.216	65.126	65.171
72.674	72.191	71.832	71.625	71.649	71.724	71.47	71.489	71.252	71.068	71.253	71.273	71.134	70.989	70.556	70.339	70.236	70.153	69.914	69.854	69.89	70.023	69.982	69.952	69.907	70.104	70.183	70.28	69.913	69.595	69.278	69.051	68.897	68.889	68.643	68.676	68.627	68.676	68.81	68.673	68.554	68.56	68.661	68.596	68.767	68.848	68.786	68.89	68.811	68.765	68.695	68.594	68.763	68.797	68.879	69.186	69.164	68.903	68.725	68.517	68.129	68.023	67.924	67.94	68.03	67.992	67.798	67.529	67.546	67.631	67.764	67.755	67.864	67.794	67.483	67.482	67.668	67.661	67.443	67.311	67.07	66.959	66.949	66.825	66.787	66.893	66.85	66.611	66.624	66.603	66.491	66.319	66.199	66.31	66.285	66.317	66.151	66.216	66.099	65.968	65.771	65.952	66.123	66.161	66.166	66.252	66.133	66.102	66.153	66.088	65.976	65.811	65.556	65.427	65.286	65.287	65.376	65.526	65.868	65.821	65.686	65.6	65.571	65.664	65.713	65.522	65.681	65.712	65.626	65.356	65.267	65.001	65.013	65.07	65.108	65.185	65.239
72.785	72.62	71.926	71.862	71.901	71.825	71.745	71.51	71.214	71.231	71.524	71.564	71.439	70.989	70.6	70.487	70.298	70.281	70.068	70.017	70.018	70.361	70.264	70.197	70.091	70.186	70.213	70.25	69.883	69.549	69.288	69.155	69.081	68.751	68.389	68.587	68.688	68.797	68.891	68.68	68.557	68.622	68.697	68.628	68.734	68.673	68.697	68.548	68.556	68.578	68.732	68.604	68.582	68.793	68.975	69.28	69.288	69.114	68.836	68.489	68.331	68.204	67.815	67.772	67.983	67.953	67.835	67.664	67.856	67.764	67.872	68.187	68.41	68.441	68.102	68.129	67.935	67.932	67.815	67.76	67.502	67.418	67.274	67.14	67.095	67.032	66.962	66.924	66.86	66.74	66.497	66.363	66.24	66.328	66.358	66.292	66.154	66.01	65.963	65.786	65.678	65.899	66.07	66.042	65.917	66.07	66.154	66.156	66.204	66.21	66.06	65.795	65.648	65.444	65.359	65.227	65.198	65.289	65.376	65.503	65.639	65.638	65.611	65.626	65.467	65.353	65.429	65.471	65.298	65.193	65.19	65.001	64.957	64.961	65.064	65.143	65.117
72.207	72.377	72.267	72.104	71.939	71.772	71.91	71.314	70.94	71.082	71.251	71.373	71.314	71.078	70.811	70.487	70.392	70.314	70.172	69.945	70.15	70.627	70.57	70.375	70.629	70.672	70.262	69.97	69.791	69.476	69.379	69.376	69.203	68.843	68.67	68.648	68.903	69.313	69.065	68.857	68.72	68.752	68.79	68.773	68.765	68.663	68.587	68.53	68.455	68.423	68.451	68.382	68.398	68.61	68.891	69.065	68.97	68.947	68.666	68.462	68.511	68.321	68.079	67.877	67.727	67.713	67.748	67.833	67.872	67.641	67.794	68.102	68.676	68.793	68.681	68.507	68.185	68.128	68.265	68.082	67.875	67.593	67.527	67.21	67.189	67.174	67.156	67.136	67.001	66.843	66.649	66.463	66.426	66.39	66.31	66.252	66.04	65.928	65.875	65.81	65.789	65.772	65.953	65.873	65.822	65.986	66.153	66.078	66.069	66.014	65.83	65.757	65.711	65.543	65.548	65.283	65.314	65.37	65.431	65.314	65.314	65.39	65.387	65.281	65.213	65.145	65.189	65.107	65.111	65.096	65.037	64.865	64.708	64.676	64.761	64.857	64.865
72.25	72.477	72.367	72.189	71.825	71.479	71.39	71.227	70.747	70.885	71.039	71.181	71.22	71.143	70.876	70.643	70.533	70.377	70.052	70.17	70.339	70.509	70.602	70.654	70.627	70.628	70.687	70.294	69.913	69.487	69.555	69.444	69.164	68.881	68.718	68.751	69.03	69.097	69.03	68.837	68.752	68.666	68.648	68.507	68.511	68.557	68.689	68.475	68.36	68.247	68.376	68.506	68.524	68.663	68.9	68.933	68.689	68.578	68.413	68.507	68.389	68.266	68.109	67.945	67.762	67.815	67.751	67.774	67.678	67.358	67.524	68.174	68.44	68.754	68.634	68.405	68.321	68.539	68.494	68.326	68.181	67.854	67.659	67.365	67.439	67.3	67.176	67.026	66.95	66.851	66.593	66.367	66.324	66.214	66.202	66.251	66.096	66.094	66.045	65.97	66.011	65.963	65.898	65.89	65.854	65.897	66.017	66.052	65.968	65.855	65.795	65.797	65.74	65.523	65.364	65.27	65.314	65.205	65.382	65.298	65.235	65.248	65.056	65.063	65.026	64.866	64.92	65.001	64.96	65.025	65.098	64.863	64.77	64.817	64.795	64.638	64.661
72.231	72.328	72.295	72.004	71.877	71.549	71.39	71.282	71.133	71.078	71.252	71.329	71.105	71.227	71.078	70.913	70.789	70.695	70.49	70.682	70.267	70.36	70.477	70.687	70.342	70.548	70.53	70.285	69.913	69.666	69.591	69.325	69.288	68.899	68.811	68.734	69.005	69.02	69.142	69.022	68.934	68.851	68.591	68.51	68.498	68.453	68.492	68.484	68.439	68.465	68.41	68.5	68.387	68.472	68.601	68.578	68.549	68.245	68.408	68.392	68.368	68.264	68.041	67.982	67.845	67.791	67.864	67.733	67.706	67.328	67.457	67.735	68.024	68.539	68.555	68.521	68.61	68.723	68.622	68.541	68.032	67.941	67.783	67.502	67.523	67.443	67.295	67.076	66.913	66.759	66.435	66.241	66.214	66.158	66.192	66.133	66.232	66.195	66.113	65.988	65.983	65.925	65.926	65.939	65.897	65.968	65.867	65.88	65.94	65.895	65.799	65.686	65.626	65.503	65.332	65.353	65.405	65.364	65.405	65.242	65.123	65.027	64.977	64.908	64.867	64.645	64.649	64.912	65.149	64.846	64.743	64.769	64.728	64.72	64.7	64.648	64.569
71.997	72.056	72.142	71.773	71.619	71.565	71.51	71.377	71.239	71.365	71.357	71.35	71.089	71.096	71.092	71.007	70.921	70.701	70.745	70.863	70.27	70.07	70.285	70.499	70.07	70.12	70.093	69.804	69.78	69.773	69.807	69.689	69.449	69.192	68.99	69.108	69.188	69.273	69.377	69.288	69.085	68.752	68.549	68.564	68.596	68.345	68.224	68.207	68.297	68.464	68.602	68.286	68.225	68.112	68.204	68.369	68.128	68.265	68.265	68.502	68.345	68.127	68.066	67.976	67.872	67.859	67.751	67.776	67.579	67.466	67.466	67.587	67.953	68.336	68.408	68.517	68.713	68.791	68.663	68.474	68.279	67.757	67.859	67.64	67.502	67.372	67.217	67.118	67.015	66.814	66.541	66.405	66.274	66.252	66.185	66.165	66.337	66.273	66.168	66.028	65.961	65.901	66.102	66.111	66.12	66.186	66.03	65.897	65.903	65.827	65.792	65.66	65.575	65.502	65.354	65.265	65.414	65.424	65.356	65.17	64.929	64.933	64.956	64.908	64.795	64.745	64.911	65.052	65.197	64.862	64.728	64.572	64.497	64.393	64.482	64.591	64.515
71.904	72.01	71.646	71.409	71.377	71.517	71.546	71.447	71.528	71.507	71.522	71.476	71.188	71.326	71.428	71.117	71	70.754	70.809	70.779	70.701	70.206	70.236	70.161	69.943	70.148	70.002	69.731	69.767	69.828	69.854	69.839	69.642	69.731	69.585	69.363	69.192	69.468	69.565	69.394	69.132	68.785	68.545	68.627	68.552	68.411	68.115	67.972	68.111	68.207	68.113	68.023	67.914	67.874	67.849	68.021	67.974	68.016	67.965	68.19	68.311	68.156	68.162	68.168	68.003	67.814	67.62	67.518	67.433	67.42	67.426	67.448	67.953	68.284	68.333	68.284	68.358	68.368	68.289	68.278	68.225	67.814	67.503	67.584	67.462	67.438	67.413	67.231	67.049	66.878	66.679	66.625	66.447	66.336	66.128	66.151	66.296	66.253	66.217	66.128	66.02	66.133	66.225	66.315	66.374	66.197	66.01	65.829	65.803	65.799	65.666	65.453	65.394	65.359	65.314	65.267	65.251	65.372	65.314	65.119	64.954	65.039	64.984	64.689	64.69	64.867	65.115	65.232	65.112	64.923	64.611	64.454	64.272	64.227	64.376	64.341	64.406
71.649	71.498	71.462	71.564	71.357	71.306	71.391	71.498	71.466	71.655	71.81	71.47	71.279	71.141	71.301	71.112	70.811	70.701	70.745	70.748	70.533	70.272	70.183	70.093	70.18	69.983	69.935	69.789	69.619	69.849	69.947	69.851	69.659	69.876	69.872	69.649	69.468	69.516	69.669	69.476	69.139	68.801	68.638	68.578	68.592	68.439	68.068	67.802	67.886	68.04	68.036	67.997	67.667	67.549	67.602	67.898	68.003	67.815	67.912	68.127	68.229	68.462	68.322	68.129	68.171	67.905	67.685	67.564	67.755	67.608	67.454	67.401	67.674	68.038	68.018	67.953	67.941	67.965	67.93	67.943	67.905	67.72	67.587	67.401	67.454	67.482	67.529	67.47	67.289	66.904	66.879	66.878	66.674	66.37	66.297	66.228	66.402	66.535	66.606	66.564	66.493	66.362	66.452	66.485	66.524	66.483	66.188	65.908	65.789	65.789	65.548	65.395	65.299	65.293	65.243	65.183	65.167	65.315	65.174	65.195	65.244	65.289	65.064	64.789	64.787	64.978	65.057	65.141	64.867	64.668	64.421	64.192	64.215	64.096	64.197	64.256	64.431
71.627	71.606	71.543	71.648	71.377	71.107	71.207	71.235	71.287	71.485	71.51	71.609	71.181	71.073	70.958	70.777	70.56	70.409	70.347	70.432	70.333	70.226	70.208	70.069	69.901	69.787	69.784	69.728	69.689	69.722	69.854	69.828	69.743	70.06	69.954	69.787	69.626	69.647	69.608	69.24	69.01	68.722	68.577	68.457	68.552	68.439	68.193	67.933	67.938	67.929	68.073	68.003	67.867	67.667	67.626	67.814	67.924	67.835	67.773	67.925	68.212	68.368	68.292	68.176	68.152	67.982	67.877	67.837	67.815	67.772	67.502	67.373	67.426	67.519	67.75	67.485	67.477	67.706	67.819	67.942	67.814	67.69	67.655	67.564	67.556	67.524	67.519	67.405	67.502	67.191	67.101	66.959	66.896	66.539	66.481	66.565	66.639	66.826	66.926	66.782	66.713	66.614	66.623	66.609	66.724	66.603	66.253	66.039	65.91	65.648	65.392	65.278	65.1	65.069	65.115	65.032	65.098	65.101	65.197	65.197	65.104	65.052	64.891	64.767	64.774	64.804	64.839	64.918	64.779	64.361	64.123	64.052	64.149	64.224	64.248	64.29	64.232
72.007	71.904	71.568	71.619	71.231	71.269	71.366	71.388	71.493	71.538	71.625	71.293	71.078	70.903	70.627	70.495	70.523	70.42	70.485	70.502	70.377	70.314	70.197	69.908	69.757	69.733	69.525	69.595	69.607	69.689	69.72	69.915	69.942	69.964	70.174	69.9	69.734	69.642	69.44	69.065	68.857	68.679	68.478	68.411	68.458	68.439	68.299	68.126	67.871	67.853	67.99	68.092	68.206	67.765	67.72	67.877	68.082	67.903	67.861	68.056	68.315	68.403	68.249	68.314	68.304	68.085	67.935	67.847	67.726	67.633	67.435	67.299	67.302	67.261	67.351	67.244	67.451	67.667	67.889	67.909	67.924	67.794	67.712	67.796	67.864	67.579	67.487	67.478	67.342	67.19	67.101	67.029	66.832	66.727	66.893	66.839	66.801	66.835	66.931	66.801	66.712	66.496	66.51	66.538	66.53	66.388	66.227	66.03	65.822	65.564	65.246	65.141	64.938	64.926	64.901	64.846	64.872	64.767	64.912	64.933	64.876	64.735	64.667	64.553	64.71	64.516	64.642	64.72	64.596	64.433	64.301	64.166	64.05	64.188	64.305	64.189	63.994
72.1	72.19	71.541	71.44	71.237	71.154	71.399	71.409	71.418	71.506	71.312	70.805	70.78	70.725	70.694	70.487	70.483	70.364	70.356	70.405	70.532	70.605	70.405	70.189	69.844	69.849	69.827	69.689	69.894	69.773	70.032	70.043	70.197	70.315	70.239	69.945	69.731	69.668	69.311	69.073	68.874	68.738	68.525	68.412	68.492	68.489	68.449	68.21	67.939	67.739	67.831	68.02	67.965	67.828	67.915	68.11	68.127	68.031	67.959	68.162	68.292	68.232	68.481	68.378	68.369	68.168	67.923	67.786	67.76	67.593	67.315	67.34	67.289	67.218	67.142	67.219	67.466	67.716	67.889	67.976	68.008	67.98	68.008	68.041	67.815	67.72	67.586	67.524	67.426	67.305	66.979	66.939	67.126	67.081	67.004	66.858	66.837	66.827	66.81	66.842	66.703	66.655	66.603	66.406	66.253	66.279	66.023	65.804	65.603	65.296	65.159	65.04	64.846	64.713	64.572	64.523	64.593	64.739	64.767	64.884	64.728	64.545	64.486	64.378	64.585	64.606	64.631	64.69	64.49	64.262	64.186	64.047	64.118	64.087	64.042	63.804	63.741
72.167	72.252	71.765	71.51	71.414	71.148	71.251	71.212	71.134	71.03	71.115	70.998	70.962	70.974	70.766	70.756	70.538	70.495	70.528	70.627	70.49	70.515	70.452	70.315	70.157	70.226	70.122	70.112	70.17	70.464	70.392	70.244	70.248	70.226	70.076	69.947	69.849	69.757	69.324	69.039	68.932	68.708	68.654	68.602	68.404	68.569	68.498	68.137	67.886	67.705	67.782	67.738	67.767	67.895	68.109	68.245	68.354	68.233	68.333	68.376	68.207	68.087	68.189	68.265	68.127	68.127	67.953	67.742	67.532	67.502	67.361	67.257	67.304	67.085	67.023	67.189	67.311	67.552	67.815	68.008	68.028	68.008	67.976	67.895	67.856	67.796	67.502	67.462	67.431	67.323	67.015	67.169	67.328	67.147	67.061	67.013	67.048	67.027	66.954	66.829	66.703	66.636	66.476	66.117	65.867	65.876	65.589	65.463	65.256	65.14	65.116	65.043	64.841	64.591	64.401	64.305	64.465	64.709	64.588	64.705	64.457	64.31	64.155	64.082	64.259	64.293	64.295	64.279	64.213	64.17	64.028	63.861	63.787	63.82	63.731	63.612	63.554
72.264	72.19	71.766	71.539	71.37	71.289	71.158	71.217	71.137	70.901	70.889	70.96	71.078	71.265	71.096	70.956	70.94	70.789	70.548	70.595	70.495	70.541	70.479	70.518	70.293	70.197	70.314	70.235	70.294	70.563	70.516	70.335	70.292	70.167	70.174	70.051	69.872	69.642	69.209	69.121	69.141	69.082	68.891	68.831	68.777	68.604	68.594	68.237	67.99	67.885	67.827	67.861	67.909	68.089	68.237	68.346	68.637	68.47	68.308	68.174	68.176	68.043	68.11	68.215	68.095	68.043	67.768	67.744	67.552	67.368	67.231	67.304	67.257	67.152	67.214	67.228	67.393	67.624	67.702	67.868	67.924	68.032	67.962	67.697	67.69	67.686	67.515	67.378	67.423	67.349	67.393	67.431	67.172	67.123	67.19	67.085	67.19	67.189	67.034	66.818	66.655	66.522	66.207	65.766	65.815	65.784	65.589	65.548	65.44	65.405	65.429	65.315	64.985	64.689	64.459	64.411	64.605	64.596	64.435	64.524	64.362	64.194	64.065	64.097	63.966	64.08	63.973	64.09	63.989	63.976	63.819	63.716	63.704	63.591	63.455	63.483	63.395
72.166	72.426	71.975	71.701	71.522	71.209	71.141	71.207	71.163	70.88	70.994	71.021	71.279	71.361	71.157	71.336	71.21	70.876	70.652	70.582	70.452	70.462	70.48	70.487	70.442	70.369	70.35	70.087	70.243	70.399	70.628	70.492	70.492	70.369	70.315	69.95	69.607	69.314	69.019	69.015	69.232	69.266	69.154	69.084	68.829	68.802	68.681	68.246	67.954	68.01	67.962	68.037	68.037	68.201	68.387	68.658	68.837	68.565	68.484	68.418	68.309	68.152	68.068	68.051	68.037	67.914	67.899	67.661	67.546	67.435	67.327	67.47	67.477	67.481	67.234	67.377	67.726	67.744	67.659	67.684	67.738	67.967	67.965	67.736	67.623	67.748	67.697	67.487	67.502	67.551	67.816	67.736	67.502	67.34	67.255	67.111	67.125	67.045	66.837	66.611	66.417	66.135	65.94	65.685	65.868	65.711	65.579	65.521	65.405	65.318	65.264	65.235	65.074	64.653	64.358	64.559	64.595	64.494	64.402	64.276	64.173	64.103	64.028	64.026	64.149	64.047	63.872	63.822	63.733	63.716	63.519	63.408	63.23	63.046	63.212	63.246	63.227
72.467	72.372	72.114	71.674	71.47	71.311	71.181	71.186	71.068	71.011	71.197	71.201	71.291	71.406	71.627	71.742	71.646	71.388	70.979	70.815	70.851	70.528	70.436	70.43	70.538	70.538	70.356	70.216	70.332	70.233	70.235	70.424	70.372	70.226	70.246	69.742	69.515	69.257	69.145	69.132	69.141	69.232	69.291	69.103	68.946	68.837	68.73	68.201	67.933	68.043	67.986	68.142	68.218	68.322	68.537	68.935	69.127	68.936	68.918	68.924	68.56	68.421	68.141	68.126	67.905	67.795	67.83	67.755	67.64	67.641	67.503	67.579	67.48	67.57	67.358	67.576	67.731	67.914	67.917	67.697	67.792	68.146	67.936	67.783	67.953	68.089	68.016	67.816	67.916	67.916	68.226	67.757	67.593	67.6	67.352	67.273	67.029	66.976	66.703	66.375	66.042	65.907	65.892	65.786	65.777	65.606	65.403	65.244	64.964	65.004	65.023	65.052	64.913	64.579	64.279	64.323	64.462	64.421	64.235	64.186	63.99	64.022	63.94	63.94	63.92	63.752	63.585	63.578	63.425	63.371	63.271	62.927	62.728	62.582	62.802	63.041	63.049
72.502	72.304	72.173	71.762	71.518	71.355	71.498	71.417	71.374	71.31	71.341	71.433	71.37	71.494	71.568	72.043	71.759	71.749	71.39	71.312	71.054	70.629	70.583	70.516	70.778	70.914	70.831	70.486	70.405	70.339	70.44	70.297	70.159	70.027	69.883	69.614	69.393	69.202	69.164	69.157	69.212	69.421	69.278	69.287	69.036	68.914	68.722	68.315	68.093	67.96	68.061	68.218	68.321	68.38	68.704	69.155	69.132	69.065	69.164	69.089	68.752	68.498	68.38	68.306	68.019	67.771	67.836	67.764	67.706	67.617	67.629	67.62	67.602	67.503	67.426	67.473	67.817	68.076	68.195	68.063	68.098	68.277	68.236	68.07	68.073	68.127	68.314	68.26	68.305	68.127	68.001	67.898	67.815	67.65	67.584	67.376	67.299	67.039	66.817	66.417	66.12	65.994	65.941	65.918	65.941	65.738	65.375	65.117	64.804	64.792	64.828	64.799	64.576	64.443	64.216	64.287	64.44	64.408	64.268	64.065	63.909	63.891	63.873	63.673	63.588	63.382	63.289	63.252	63.168	63.164	62.924	62.661	62.515	62.393	62.567	62.814	63.126
72.529	72.502	72.299	71.94	71.606	71.617	71.58	71.693	71.52	71.564	71.471	71.514	71.418	71.595	71.907	72.155	71.926	71.715	71.686	71.521	71.253	70.942	70.822	70.964	70.919	71.007	70.852	70.646	70.427	70.453	70.444	70.19	70.1	69.896	69.663	69.576	69.439	69.316	69.276	69.329	69.357	69.361	69.473	69.471	69.148	69.03	68.773	68.53	68.168	68.07	68.247	68.472	68.618	68.753	68.885	69.19	69.119	69.039	69.235	69.11	68.599	68.554	68.585	68.578	68.225	67.914	67.716	67.541	67.593	67.62	67.532	67.593	67.541	67.536	67.452	67.816	68.157	68.241	68.154	68.085	68.277	68.466	68.52	68.324	68.264	68.439	68.485	68.544	68.443	68.444	68.185	68.067	67.868	67.816	67.697	67.502	67.257	67.147	66.894	66.452	66.173	65.901	65.897	65.94	65.822	65.583	65.154	64.977	64.691	64.618	64.645	64.549	64.342	64.302	64.376	64.377	64.398	64.325	64.259	64.114	63.879	63.65	63.59	63.57	63.52	63.299	63.127	63.111	63.026	62.929	62.699	62.539	62.561	62.533	62.561	62.787	62.983
72.395	72.483	72.485	72.149	71.82	71.622	71.766	71.801	71.655	71.703	71.632	71.446	71.493	71.446	71.614	71.835	71.931	72.244	71.758	71.476	71.403	71.421	71.564	71.277	71.201	71.176	70.994	70.786	70.6	70.558	70.417	70.027	69.672	69.72	69.613	69.595	69.525	69.604	69.579	69.445	69.43	69.557	69.58	69.363	69.339	68.955	68.7	68.577	68.385	68.392	68.524	68.87	69.065	69.249	69.254	69.201	69.259	69.479	69.322	69.169	68.646	68.552	68.707	68.567	68.327	68.029	67.872	67.64	67.486	67.697	67.78	67.816	67.756	67.527	67.629	67.815	68.043	68.236	68.066	68.278	68.44	68.668	68.698	68.44	68.467	68.541	68.777	68.835	68.806	68.566	68.478	68.161	67.941	67.817	67.556	67.342	67.19	66.976	66.979	66.565	66.12	66.006	66.054	66.09	65.905	65.403	65.093	64.899	64.826	64.689	64.565	64.3	64.253	64.24	64.039	63.924	63.996	64.064	64.064	63.93	63.753	63.589	63.578	63.46	63.245	63.068	63.127	63.199	62.979	62.853	62.657	62.64	62.542	62.549	62.678	62.914	62.974
72.468	72.503	72.733	72.726	72.22	72.295	71.829	71.852	71.703	71.787	71.922	71.776	71.701	71.619	71.447	71.494	71.774	71.842	71.759	71.801	71.837	71.818	71.798	71.37	71.436	71.17	71	70.732	70.538	70.711	70.532	70.029	69.618	69.608	69.884	69.632	69.647	69.827	70.093	69.649	69.576	69.614	69.588	69.487	69.291	68.935	68.685	68.592	68.634	68.634	69.005	69.431	69.625	69.691	69.691	69.658	69.805	69.651	69.571	69.18	68.82	68.71	68.627	68.44	68.245	68.06	67.816	67.726	67.739	67.815	67.882	67.882	68.018	67.964	67.733	67.869	68.154	68.1	68.279	68.634	68.843	68.791	68.697	68.651	68.629	68.441	68.702	68.797	68.797	68.888	68.655	68.35	68.129	67.905	67.547	67.212	66.879	66.826	66.717	66.334	65.994	66.023	66.117	66.151	65.765	65.315	64.977	64.849	64.795	64.618	64.282	64.136	64.154	64.031	63.782	63.712	63.634	63.413	63.766	63.567	63.407	63.407	63.346	63.158	62.982	63.142	63.07	63.063	63.028	62.841	62.729	62.407	62.467	62.608	62.602	62.612	62.607
72.48	72.69	72.929	73.072	73.018	72.454	72.189	72.025	71.91	72.043	72.315	72.267	72.171	71.788	71.818	71.945	71.765	72.034	71.951	72.007	72.1	71.992	71.842	71.592	71.533	71.077	70.822	70.76	70.725	70.649	70.598	70.208	69.943	70.04	70.003	69.942	69.819	69.938	70.168	69.931	69.717	70.041	69.642	69.468	69.342	69.23	68.831	68.752	68.843	69.006	69.327	69.567	69.811	70.107	70.06	69.942	70.016	70.135	69.767	69.454	69.182	68.96	68.752	68.351	68.127	68.026	68.129	68.095	67.839	67.629	67.705	67.942	67.992	67.99	67.93	67.882	68.063	68.369	68.753	69.132	68.841	68.53	68.655	68.754	68.594	68.26	68.35	68.624	69.186	69.18	68.89	68.405	68.03	67.948	67.64	67.111	67.031	66.878	66.505	66.17	66.204	66.151	65.967	65.979	65.628	65.204	64.78	64.613	64.497	64.468	64.177	64.026	63.971	63.836	63.633	63.502	63.489	63.294	63.345	63.335	63.186	62.999	62.971	62.92	62.931	63.07	62.98	62.889	62.864	62.894	62.57	62.449	62.438	62.471	62.67	62.755	62.472
72.814	72.789	72.631	72.816	72.57	72.349	72.118	71.972	72.071	72.243	72.443	72.607	72.726	72.257	72.036	71.945	71.838	71.982	72.037	71.88	71.878	71.982	71.539	71.701	71.341	70.994	70.701	70.798	70.695	70.711	70.563	70.093	69.978	70.07	70.004	70.004	69.931	69.884	70.174	70.123	70.003	69.918	69.811	69.593	69.635	69.586	69.065	69.092	69.046	69.067	69.378	69.482	69.619	69.958	70.056	70.129	70.111	70.168	70.056	69.571	69.422	69.099	68.899	68.521	68.176	68.102	68.189	68.298	68.127	67.864	68.128	68.211	68.171	67.974	67.992	68.038	68.493	68.791	69.026	68.906	68.918	68.841	68.857	68.673	68.448	68.467	68.405	68.692	68.873	68.835	68.754	68.287	68.048	67.969	67.756	67.541	67.299	66.945	66.354	66.179	66.252	65.94	65.704	65.648	65.369	65.017	64.6	64.495	64.393	64.259	63.939	63.819	63.773	63.673	63.561	63.482	63.468	63.307	63.207	63.109	62.974	62.814	62.76	62.827	63.001	62.849	62.659	62.684	62.75	62.632	62.478	62.378	62.454	62.472	62.592	62.621	62.485
73.048	72.815	72.412	72.247	72.339	72.093	72.072	72.051	72.218	72.027	72.19	72.718	72.711	72.123	71.979	71.939	71.61	71.937	71.942	71.931	71.788	71.758	71.418	71.51	71.406	70.808	70.592	70.537	70.709	70.435	70.452	70.112	70.06	70.086	70.332	70.349	70.429	70.315	70.233	70.332	69.967	69.855	69.893	69.666	69.767	69.513	69.132	69.125	69.203	69.132	69.28	69.422	69.567	69.611	69.899	69.951	70.14	70.315	69.958	69.729	69.422	69.191	69.066	68.539	68.209	68.181	68.335	68.35	68.257	68.107	68.166	68.055	68.273	68.126	68.045	68.236	68.702	69.437	69.342	69.069	69.153	69.169	69.254	68.912	68.493	68.401	68.797	68.854	69.021	68.817	68.754	68.296	68.056	68.067	67.692	67.379	66.954	66.514	66.423	66.254	66.148	65.94	65.588	65.349	65.173	64.926	64.543	64.462	64.164	64.007	63.858	63.824	63.666	63.564	63.45	63.278	63.258	63.2	63.051	62.889	62.794	62.584	62.633	62.847	62.899	62.789	62.446	62.633	62.502	62.42	62.489	62.47	62.564	62.502	62.457	62.468	62.502
72.957	72.763	72.581	72.407	72.264	71.937	71.721	71.787	72.053	71.911	72.13	72.405	72.163	71.878	71.686	71.931	72.01	72.22	72.194	72.194	71.788	71.569	71.498	71.406	71.073	70.814	70.742	70.485	70.318	70.25	70.202	70.359	70.349	70.233	70.554	70.692	70.716	70.538	70.538	70.226	69.639	69.75	69.595	69.498	69.867	69.588	69.295	69.254	69.067	69.201	69.295	69.454	69.931	70.156	70.317	70.368	70.356	70.141	69.89	69.691	69.454	69.242	69.03	68.713	68.405	68.26	68.256	68.322	68.265	68.24	68.128	68.321	68.177	67.945	67.948	68.172	68.923	69.221	69.51	69.276	69.191	69.18	69.069	68.791	68.6	68.702	68.817	68.829	68.753	68.779	68.633	68.063	67.999	67.854	67.744	67.081	66.632	66.253	66.133	66.208	66.023	65.627	65.342	65.076	64.78	64.549	64.516	64.259	63.955	63.717	63.578	63.52	63.519	63.404	63.217	63.073	63.045	63.099	63.018	62.85	62.774	62.76	62.764	62.924	62.935	62.781	62.612	62.456	62.385	62.472	62.56	62.462	62.546	62.433	62.342	62.393	62.593
73.001	73.023	72.667	72.502	72.267	71.947	71.649	71.748	72.007	72.103	72.104	72.171	72.086	71.839	71.742	72.13	72.267	72.16	72.146	71.833	71.885	71.737	71.566	71.329	71.213	71.028	70.863	70.748	70.48	70.432	70.424	70.548	70.628	70.548	70.524	70.732	70.836	70.657	70.654	70.339	69.811	69.572	69.477	69.613	69.938	69.942	69.313	69.193	69.318	69.288	69.583	69.743	70.192	70.316	70.53	70.471	70.556	70.412	70.032	69.827	69.571	69.313	69.068	68.829	68.752	68.322	68.331	68.284	68.441	68.38	68.127	68.282	68.187	68.061	67.795	67.98	68.576	69.068	69.067	69.099	68.994	68.633	68.499	68.172	68.157	68.35	68.505	68.629	68.617	68.629	68.305	68.092	67.965	67.868	67.443	66.922	66.625	66.189	65.889	65.763	65.732	65.255	65.003	64.714	64.381	64.378	64.263	64.114	63.896	63.472	63.4	63.387	63.295	63.074	62.984	62.894	62.886	62.903	63.051	63.037	62.912	63.063	62.951	62.914	62.877	62.654	62.503	62.446	62.382	62.519	62.462	62.515	62.383	62.259	62.352	62.551	62.755
73.022	72.974	72.686	72.524	72.407	72.065	72.032	71.863	72.076	72.317	72.307	72.339	72.252	72.118	71.992	71.954	72.28	72.536	72.442	72.193	72.195	72.224	71.414	71.447	71.076	71.105	71.03	70.892	70.729	70.627	70.695	70.603	71.014	70.729	70.736	70.805	70.582	70.627	70.382	70.186	69.823	69.663	69.635	69.767	70.003	70.004	69.717	69.254	69.377	69.714	69.805	69.97	70.403	70.285	70.508	70.48	70.592	70.603	70.405	70.002	69.714	69.333	69.298	68.797	68.688	68.216	68.195	68.282	68.484	68.295	68.149	68.309	68.535	68.333	68.028	68.161	68.41	68.72	68.879	68.649	68.408	68.181	67.629	67.607	67.659	68.054	68.517	68.649	68.444	68.232	68.067	67.868	67.868	67.506	67.081	66.788	66.52	66.329	65.941	65.492	65.583	65.041	64.791	64.479	64.422	64.252	64.142	63.992	63.704	63.363	63.225	63.102	63.01	62.861	62.904	62.863	62.886	62.76	63.038	63.181	63.108	63.209	63.072	62.963	62.877	62.736	62.678	62.726	62.724	62.72	62.541	62.446	62.456	62.454	62.539	62.727	62.751
73.439	73.232	72.987	72.796	72.484	72.447	72.405	72.374	72.256	72.295	72.212	72.142	72.135	72.125	71.82	72.119	72.25	72.443	72.564	72.815	72.656	72.413	71.907	71.639	71.32	71.436	71.225	71.11	70.835	70.76	70.889	70.836	71.022	70.889	70.716	70.538	70.538	70.349	70.196	70.196	69.931	69.938	69.975	69.954	69.964	69.942	69.791	69.28	69.506	69.846	70.107	70.211	70.441	70.711	70.661	70.628	70.689	70.676	70.545	70.17	69.734	69.475	69.28	68.867	68.462	68.11	68.026	68.254	68.657	68.44	68.233	68.414	68.494	68.514	68.557	68.573	68.442	68.567	68.278	68.336	68.13	67.623	67.396	67.25	67.391	67.815	68.405	68.485	68.263	68.008	67.919	67.744	67.692	67.16	66.827	66.774	66.632	66.253	66.039	65.687	65.492	65.173	64.855	64.619	64.445	64.139	63.977	63.94	63.599	63.266	63.19	63.143	62.982	62.782	62.814	62.847	62.767	62.762	63.056	63.216	63.565	63.181	63.038	62.914	63.043	62.772	62.815	63.025	63.113	62.971	62.83	62.622	62.564	62.488	62.64	62.815	62.849
73.622	73.481	73.257	73.038	72.798	72.965	72.696	72.69	72.412	72.214	72.17	72.059	72.004	71.979	71.907	72.234	72.475	72.718	73.187	73.195	72.984	72.692	72.36	71.922	71.842	71.68	71.341	71.388	71.217	71.306	71.291	71.266	71.388	71.094	71.044	70.896	70.76	70.485	70.372	70.339	69.973	70.135	70.113	70.117	69.874	69.823	69.755	69.586	69.664	70.024	70.079	70.368	70.504	70.69	70.568	70.556	70.709	70.6	70.448	70.216	69.877	69.667	69.454	68.946	68.41	67.892	67.886	68.195	68.521	68.494	68.254	68.392	68.44	68.542	68.782	68.857	68.544	68.416	68.102	67.916	67.951	67.914	67.736	67.342	67.264	67.654	68.067	68.311	68.265	68.038	67.903	67.776	67.567	67.291	66.88	66.68	66.335	66.212	65.943	65.732	65.509	65.206	64.789	64.631	64.301	63.962	63.826	63.792	63.472	63.162	62.972	62.902	62.9	62.879	62.987	62.89	62.831	62.882	63.056	63.236	63.589	63.345	62.965	62.815	62.983	63.009	63.028	63.322	63.295	63.149	62.982	62.755	62.674	62.6	62.57	62.815	62.608
73.802	73.663	73.304	73.375	73.195	73.218	73.022	73.056	72.735	72.607	72.464	72.349	72.13	71.983	72.029	72.547	72.692	72.919	73.35	73.385	73.444	73.054	72.532	72.146	72.083	71.701	71.385	71.63	71.632	71.702	71.569	71.491	71.676	71.486	71.594	71.192	71.007	70.941	70.763	70.465	70.627	70.43	70.403	70.369	70.241	70.162	70.104	70.036	69.977	70.197	70.382	70.38	70.695	70.518	70.628	70.469	70.382	70.264	70.229	70.12	69.951	69.826	69.564	68.983	68.484	68.045	67.92	68.128	68.376	68.352	68.252	68.405	68.439	68.753	68.918	68.67	68.566	68.236	67.815	67.771	67.788	67.845	67.696	67.627	67.62	67.917	68.128	68.133	68.232	68.284	68.129	67.815	67.604	67.326	67.1	66.754	66.442	66.22	65.984	65.737	65.588	65.101	64.804	64.475	64.155	63.903	63.628	63.563	63.341	63.036	62.982	62.961	63.023	63.097	63.183	63.006	62.886	63.032	63.064	63.292	63.485	63.346	62.971	62.864	62.935	63.144	63.315	63.5	63.419	63.189	63.148	62.716	62.543	62.477	62.778	62.943	62.792
73.73	73.634	73.401	73.521	73.39	73.53	73.333	73.389	73.242	72.793	72.815	72.505	72.311	72.252	72.323	72.556	73.068	73.242	73.389	73.333	73.298	72.903	72.919	72.508	72.305	71.856	71.879	72.13	72.224	72.278	71.686	71.676	71.885	72.272	72.037	72.093	71.726	71.351	70.979	70.868	70.905	70.814	70.866	70.709	70.704	70.319	70.127	70.315	70.405	70.518	70.521	70.568	70.71	70.467	70.492	70.504	70.211	70.123	70.283	70.153	69.693	69.623	69.431	69.064	68.497	68.286	68.408	68.405	68.382	68.182	68.165	68.194	68.187	68.633	68.681	68.363	68.195	67.977	67.71	67.488	67.697	67.75	67.882	67.953	67.987	68.144	68.127	68.032	68.129	68.238	68.048	67.936	67.536	67.034	66.818	66.798	66.506	66.105	65.822	65.579	65.44	65.153	64.745	64.394	63.986	63.7	63.623	63.456	63.346	63.217	63.176	63.186	63.367	63.507	63.406	63.206	63.137	63.077	63.035	63.284	63.602	63.507	63.381	63.048	62.998	63.211	63.356	63.381	63.241	62.882	62.77	62.622	62.543	62.547	62.593	62.828	62.702
73.578	73.567	73.689	73.801	73.947	73.888	73.663	73.71	73.5	73.055	72.815	72.478	72.431	72.224	72.443	72.882	73.242	73.195	73.321	73.265	73.131	73.505	73.192	72.919	72.764	72.327	72.195	72.244	72.278	72.926	72.897	72.613	72.613	73.21	72.828	72.897	72.316	72.004	71.494	71.217	71.192	71.421	71.188	70.885	70.889	70.475	70.248	70.369	70.518	70.649	70.628	70.63	70.629	70.392	70.754	70.467	70.129	70.14	70.131	69.977	69.595	69.273	69.153	68.728	68.557	68.44	68.439	68.245	68.212	68.146	68.127	68.373	68.343	68.5	68.47	68.405	68.079	67.708	67.627	67.547	67.567	67.585	67.744	67.952	67.864	67.929	67.952	68.016	67.977	67.697	67.75	67.42	67.113	66.904	66.692	66.618	66.291	66.057	65.657	65.44	65.093	64.907	64.604	64.192	63.954	63.769	63.666	63.524	63.367	63.286	63.251	63.393	63.554	63.689	63.68	63.336	63.284	63.392	63.46	63.685	63.683	63.663	63.596	63.35	63.015	63.248	63.523	63.462	63.11	62.798	62.523	62.344	62.413	62.448	62.478	62.46	62.593
73.628	73.896	74.064	74.416	74.426	74.186	73.888	73.958	73.843	73.392	72.889	72.67	72.541	72.439	72.652	72.912	73.166	72.951	73.216	73.229	73.396	73.655	73.21	73.336	73.26	72.467	72.463	72.191	72.086	72.926	73.343	72.926	72.828	73.195	73.317	73.131	72.442	72.194	71.774	71.57	71.574	71.632	71.256	71.049	70.942	70.833	70.63	70.666	70.85	70.822	70.817	70.85	70.631	70.781	70.704	70.718	70.492	70.226	70.127	69.734	69.498	69.005	68.771	68.475	68.475	68.392	68.217	68.091	68.026	68.177	68.082	68.056	68.311	68.47	68.279	68.127	67.983	67.859	67.443	67.224	67.267	67.504	67.868	67.756	67.64	67.627	67.591	67.708	67.686	67.635	67.25	67.058	66.813	66.655	66.526	66.373	66.197	66.014	65.585	65.291	64.983	64.703	64.396	64.233	63.939	63.727	63.633	63.532	63.364	63.289	63.356	63.578	63.695	63.771	63.653	63.561	63.657	63.9	63.779	63.9	63.911	63.983	63.851	63.539	63.602	63.566	63.311	63.485	63.045	62.689	62.436	62.337	62.289	62.065	62.1	62.535	62.788
73.831	74.001	74.226	74.355	74.266	74.411	74.041	74.191	73.991	73.688	73.361	72.98	72.842	72.581	72.653	72.967	72.953	73.024	73.232	73.396	73.6	73.573	73.541	73.551	73.343	72.736	72.299	72.139	72.146	72.662	73.6	73.291	72.984	73.254	73.284	73.133	72.346	71.724	71.618	71.475	71.618	71.653	71.618	71.442	71.32	71.176	71.039	70.994	71.055	71.1	71.094	70.787	70.944	70.944	70.492	70.556	70.436	70.003	69.774	69.41	69.067	68.983	68.71	68.407	68.44	68.265	68.113	67.962	68.038	68.085	67.942	67.71	68.03	68.336	68.048	67.864	67.713	67.697	67.447	67.158	67.163	67.442	67.47	67.384	67.396	67.326	67.25	67.16	67.234	66.992	66.979	66.759	66.514	66.475	66.418	66.253	66.007	65.822	65.765	65.335	64.97	64.705	64.549	64.213	63.963	63.79	63.423	63.284	63.301	63.489	63.42	63.578	63.588	63.688	63.599	63.752	63.911	64.114	64.155	64.179	64.193	64.148	64.078	64.065	64.162	63.753	63.338	63.056	62.692	62.447	62.267	62.19	62.101	62.015	62.032	62.473	62.64
74.065	74.155	74.359	74.416	74.445	74.459	74.132	74.148	74.07	73.912	73.6	73.204	73.018	72.776	72.77	72.98	73.056	73.026	73.021	73.35	73.879	73.633	73.522	73.649	73.522	73.296	72.741	72.379	72.399	72.819	73.522	73.287	72.823	72.971	73.317	73.129	72.192	71.666	71.669	71.491	71.5	71.486	71.719	71.774	71.801	71.566	71.43	71.514	71.291	71.256	71.379	70.942	70.763	70.738	70.392	70.369	70.116	69.75	69.558	69.162	69.042	68.777	68.38	68.38	68.284	68.314	68.127	67.905	67.791	67.892	67.587	67.502	67.656	67.936	67.564	67.576	67.482	67.706	67.431	67.108	67.19	67.224	67.155	67.135	67.34	67.28	67.061	67.029	66.927	66.77	66.667	66.632	66.439	66.367	66.193	66.133	65.784	65.523	65.649	65.49	65.056	64.78	64.561	64.245	63.753	63.545	63.373	63.265	63.189	63.392	63.369	63.357	63.424	63.455	63.658	63.903	64.111	64.226	64.17	64.114	64.376	64.415	64.265	64.362	64.449	64.082	63.544	63.152	62.696	62.36	62.307	62.166	62.101	62.101	62.383	62.591	62.785
74.376	74.283	74.378	74.645	74.672	74.591	74.358	74.326	74.378	73.924	73.806	73.343	73.13	73.102	72.999	72.977	73.311	73.507	73.41	73.401	73.806	73.663	73.863	73.975	73.681	73.522	73.35	72.585	72.819	73.343	73.522	73.067	73.133	73.254	73.216	72.711	72.116	71.669	71.833	71.768	71.642	71.647	71.878	72.1	72.367	72.19	71.992	71.891	71.881	71.491	71.256	71.32	70.974	70.732	70.28	70.056	69.977	69.559	69.306	69.174	69.142	68.695	68.693	68.704	68.752	68.514	68.241	68.091	67.927	67.733	67.447	67.339	67.541	67.549	67.315	67.365	67.295	67.396	67.16	67.004	67.234	67.305	67.055	66.818	66.949	67.016	67.072	66.877	66.892	66.768	66.52	66.476	66.446	66.414	66.204	66.088	65.808	65.53	65.627	65.474	65.064	64.779	64.439	64.099	63.701	63.441	63.338	63.248	63.16	63.128	63.277	63.258	63.395	63.408	63.537	63.82	64.021	64.227	64.313	64.393	64.666	64.69	64.431	64.31	64.554	64.412	63.983	63.818	63.181	62.974	62.75	62.502	62.547	62.623	62.585	62.692	62.875
74.507	74.491	74.595	74.69	74.817	74.804	74.407	74.278	74.571	74.445	73.954	73.753	73.279	73.128	73.217	73.103	73.47	73.576	73.797	74.068	73.991	74.15	74.274	74.11	73.835	73.551	73.03	72.35	73.008	73.389	73.445	73.181	72.975	72.903	72.984	72.817	72.35	71.774	72.191	72.086	71.798	71.754	72.111	72.352	72.467	72.431	72.217	72.031	72.013	71.363	71.262	71.098	70.944	70.509	70.345	70.135	69.78	69.445	69.32	69.203	68.914	68.753	68.754	69.065	68.909	68.549	68.128	68.068	67.892	67.815	67.431	67.299	67.172	67.015	67.189	67.299	67.355	67.307	66.912	66.779	66.879	66.998	66.74	66.614	66.471	66.565	66.837	66.839	67.025	66.788	66.6	66.493	66.44	66.293	66.127	66.253	65.585	65.662	65.451	65.492	65.036	64.855	64.416	63.858	63.673	63.442	63.278	63.229	63.281	63.149	63.329	63.251	63.166	63.462	63.494	64.089	64.333	64.38	64.558	64.691	64.905	64.572	64.529	64.459	64.549	64.631	64.288	64.006	63.668	63.462	63.174	62.896	62.919	62.941	62.845	62.593	62.504
74.549	74.558	74.647	75.115	75.485	74.967	74.734	74.442	74.586	74.651	74.379	73.777	73.467	73.369	73.363	73.396	73.782	74.11	74.504	74.816	74.537	74.98	74.616	74.385	74.068	73.555	72.776	72.442	72.585	72.965	73.369	73.13	72.975	73.03	72.68	72.585	72.536	71.845	71.942	72.043	71.931	72.194	72.305	72.346	72.504	72.393	72.299	72.155	71.881	71.363	71.213	71.256	70.985	70.416	70.196	70.084	69.642	69.442	69.282	68.947	68.442	68.561	68.752	68.774	68.836	68.568	68.154	68.127	67.706	67.448	67.264	67.031	66.954	67.088	67.164	67.169	67.362	66.987	66.856	66.855	66.926	66.951	66.703	66.5	66.362	66.526	66.611	66.627	66.826	66.679	66.402	66.341	66.334	66.35	66.124	65.989	65.538	65.403	65.339	65.43	64.971	64.787	64.404	63.879	63.627	63.599	63.397	63.305	63.254	63.206	63.233	63.1	63.098	63.401	63.708	64.304	64.755	64.842	64.805	64.855	64.789	64.608	64.379	64.381	64.658	64.692	64.466	64.268	64.069	63.708	63.521	63.46	63.35	63.47	63.149	62.601	62.405
74.962	74.789	74.787	75.087	75.14	74.78	74.729	74.826	74.942	74.693	74.826	73.946	73.986	74.186	74.288	74.092	74.119	74.379	74.899	75.328	75.448	75.866	75.577	74.929	74.28	73.681	72.868	72.294	72.083	72.267	72.659	72.892	72.941	72.892	72.744	72.607	72.399	72.037	71.931	72.311	72.067	72.01	72.212	72.431	72.443	72.344	72.405	72.191	71.771	71.57	71.488	71.163	70.858	70.317	70.196	69.865	69.529	69.422	69.245	68.891	68.472	68.279	68.399	68.519	68.707	68.441	68.351	67.905	67.659	67.593	67.367	67.014	66.823	66.982	67.21	67.374	67.225	67.006	66.936	66.817	67.083	67.002	66.747	66.533	66.319	66.35	66.515	66.544	66.742	66.904	66.446	66.32	66.404	66.564	66.225	65.97	65.6	65.389	65.337	65.206	65.033	64.66	64.323	63.89	63.721	63.623	63.323	63.112	63.181	63.225	63.218	63.223	63.345	63.624	63.629	64.527	65.319	65.441	65.111	64.862	64.664	64.724	64.355	64.295	64.529	64.72	64.504	64.811	64.504	64.486	64.735	64.38	63.867	63.413	63.298	63.008	62.591
75.256	75.031	75.001	74.985	74.931	74.555	74.558	74.842	74.938	75.318	74.823	74.498	74.378	74.693	75.25	74.495	74.342	74.943	75.471	76.329	76.566	76.442	76.051	75.484	74.381	73.544	72.725	72.146	71.878	72.004	72.267	72.613	72.635	72.659	72.711	72.629	72.413	72.294	72.235	72.413	71.853	71.968	72.344	72.842	72.744	72.477	72.191	72.037	72.013	71.754	71.357	71.192	70.869	70.43	70.004	69.466	69.217	69.064	68.829	68.497	68.363	68.439	68.281	68.309	68.462	68.396	68.218	67.856	67.521	67.28	67.358	66.944	66.825	67.093	67.413	67.166	67.071	66.979	67.061	67.396	67.342	67.031	66.753	66.632	66.231	66.315	66.297	66.423	66.423	66.535	66.22	66.146	66.022	66.39	66.334	65.814	65.48	65.28	65.111	65.14	64.874	64.378	64.192	63.924	63.718	63.578	63.364	63.181	63.128	63.128	63.237	63.329	63.44	63.906	64.064	64.731	65.353	65.42	65.14	64.757	64.664	64.6	64.492	64.348	64.249	64.691	64.729	65.524	65.225	65.005	64.772	64.799	64.242	63.72	63.479	63.439	63.166
75.197	75.147	75.12	75.107	74.92	74.734	74.504	74.693	74.973	75.192	75.218	75.349	74.899	75.159	75.276	75.159	74.625	74.883	76.109	76.43	76.676	76.618	75.818	75.113	73.863	73.181	72.638	71.945	71.566	72.195	72.194	72.671	72.457	72.458	72.638	72.35	72.635	72.316	72.111	72.192	72.015	71.879	72.467	72.662	72.541	72.367	72.067	72.19	72.13	71.569	71.192	71.017	70.811	70.002	69.588	69.203	68.924	68.71	68.36	68.265	68.345	68.389	68.277	68.305	68.392	68.448	68.129	67.76	67.46	67.447	67.407	67.072	67.131	67.278	67.379	67.379	67.108	66.979	67.399	67.673	67.591	67.131	66.765	66.614	66.123	65.96	65.986	65.97	66.212	66.115	65.897	65.831	65.882	65.924	65.881	65.556	65.213	65.003	64.942	65.051	64.736	64.349	64.179	63.899	63.72	63.634	63.498	63.44	63.24	63.218	63.301	63.375	63.521	63.946	64.274	64.712	64.913	65.42	65.28	64.826	64.534	64.482	64.377	64.259	64.381	64.691	65.047	65.354	65.368	65.36	65.318	65.091	64.537	64.513	63.947	63.713	63.022
75.44	75.398	75.315	74.982	75.152	74.884	74.593	74.691	74.93	75.056	75.397	75.405	75.264	75.429	75.316	75.316	75.056	74.952	75.88	76.109	76.468	76.26	75.944	75.014	73.758	73.133	72.367	72.006	71.725	72.116	71.853	72.379	72.255	72.048	72.146	71.883	72.192	72.142	71.758	71.88	71.717	71.568	72.151	72.315	72.28	71.879	71.653	71.904	71.526	71.213	70.914	70.595	70.318	69.63	69.169	68.93	68.681	68.517	68.242	68.229	68.293	68.381	68.351	68.441	68.528	68.754	68.692	67.948	67.556	67.503	67.532	67.271	67.327	67.193	67.579	67.316	67.1	67.067	67.304	67.505	67.503	67.224	66.736	66.42	66.045	65.939	65.841	65.856	65.86	65.822	65.681	65.712	65.725	65.725	65.61	65.467	65.353	64.986	64.964	64.82	64.675	64.497	64.167	64.012	63.968	63.733	63.649	63.479	63.304	63.345	63.565	63.395	63.588	63.681	64.378	64.692	64.876	65.138	64.867	64.66	64.571	64.155	64.142	64.19	64.379	64.528	64.867	65.117	65.319	65.524	65.368	65.056	64.692	64.333	63.861	63.521	63.024
75.628	75.725	75.469	75.062	75.116	75.138	74.899	74.826	75.213	75.465	75.43	75.469	75.628	75.583	75.805	75.861	75.524	75.236	75.085	75.796	76.1	75.817	75.63	74.698	73.942	73.133	72.556	71.951	71.959	71.813	71.883	71.982	71.966	71.719	71.742	71.822	71.982	71.806	71.788	71.43	71.565	71.514	71.725	71.78	71.463	71.254	71.202	71.163	71.021	70.736	70.718	70.452	69.905	69.486	68.936	69.067	68.594	68.293	68.056	68.048	68.265	68.131	68.298	68.216	68.522	68.693	68.649	68.072	67.854	67.708	67.697	67.503	67.081	67.36	67.463	67.163	67.031	66.858	67.271	67.327	67.504	67.22	66.566	66.357	66.117	65.92	65.766	65.94	65.981	65.837	65.838	65.88	66.03	65.917	65.829	65.627	65.509	65.315	64.948	64.811	64.774	64.655	64.358	64.258	64.065	63.812	63.663	63.484	63.44	63.53	63.419	63.484	63.507	63.971	64.404	64.655	64.672	64.901	64.799	64.479	64.288	64.19	64.065	63.906	63.994	64.6	64.929	64.86	64.879	65.368	65.271	64.867	64.304	64.132	63.555	63.131	62.423
75.88	75.831	75.774	75.492	75.588	75.453	75.424	75.127	75.276	75.53	75.763	75.94	75.822	75.858	76.491	76.51	76.725	76.255	75.63	75.738	75.738	75.162	74.816	74.176	73.975	73.596	72.503	72.192	72.002	71.78	71.73	71.686	71.566	71.403	71.539	71.617	71.664	71.481	71.701	71.604	71.494	71.357	71.357	71.149	71.065	71.1	70.85	70.754	70.405	70.317	70.548	70.156	69.645	69.174	68.888	68.617	68.505	67.969	67.924	67.697	67.815	67.793	67.764	67.725	68.048	68.279	68.361	67.948	67.823	67.971	67.604	67.502	67.173	67.19	67.267	67.113	67.239	67.119	67.383	67.423	67.35	67.139	66.587	66.252	65.895	65.94	65.695	65.628	65.86	65.908	65.876	65.939	66.092	66	66.061	65.85	65.725	65.573	65.315	64.966	64.675	64.67	64.377	64.306	64.005	63.89	63.7	63.599	63.549	63.44	63.393	63.211	63.284	63.923	64.166	64.588	65.049	64.963	64.608	64.567	64.534	64.249	64.095	64.089	63.968	64.378	64.691	64.571	64.543	64.931	64.867	64.631	64.466	64.065	63.129	62.656	62.25
75.798	75.993	76.143	76.254	75.905	76.017	75.736	75.551	75.36	75.766	76.192	76.475	76.269	76.306	77.013	77.193	77.941	77.272	76.88	75.953	75.752	74.929	74.801	74.274	74.234	73.754	72.842	72.278	71.942	71.721	71.521	71.475	71.291	71.149	71.223	71.163	71.42	71.406	71.702	71.664	71.463	71.43	71.192	71.077	71.028	71.258	71.192	70.631	70.236	70.397	70.236	69.913	69.548	68.89	68.681	68.573	68.369	67.815	67.604	67.244	67.328	67.467	67.547	67.464	67.948	68.254	68.172	67.772	67.914	67.816	67.291	67.166	67.25	67.529	67.429	67.294	67.379	67.34	67.556	67.194	67.383	66.907	66.388	66.06	65.989	65.779	65.939	65.533	65.695	65.809	65.916	66.002	66.073	66.03	66.037	65.919	66.021	65.882	65.438	65.023	64.846	64.846	64.583	64.352	64.173	63.862	63.721	63.587	63.478	63.47	63.289	63.023	63.148	63.73	63.983	64.318	64.529	64.816	64.169	63.93	64.274	64.63	64.492	64.333	64.13	64.066	64.513	64.729	64.923	64.913	64.827	64.504	64.035	63.35	62.864	62.352	61.961
76.1	76.367	76.698	76.568	76.255	75.876	76.077	76.061	75.732	75.943	76.57	76.51	76.754	76.57	77.299	77.755	78.166	77.764	77.194	76.379	76.028	74.905	74.537	75.129	73.649	72.919	72.567	72.405	72.111	71.533	71.291	71.17	71.208	71.007	70.908	71.049	71.217	71.5	71.436	71.181	71.286	71.286	71.373	71.092	70.861	70.993	70.889	70.787	70.672	70.244	70.18	70.093	69.823	69.153	68.707	68.479	68.44	67.999	67.407	67.267	67.349	67.738	67.94	67.967	68.038	67.969	68.008	67.889	67.738	67.562	67.106	67.101	67.1	67.291	67.532	67.367	67.278	67.278	67.423	67.267	67.191	66.817	66.373	65.838	65.641	65.628	65.476	65.657	65.508	65.765	65.737	65.652	65.613	65.786	65.962	66.234	66.418	66.252	65.704	65.359	64.936	64.714	64.587	64.424	64.167	63.956	63.779	63.724	63.545	63.512	63.189	62.988	63.144	63.419	63.567	63.968	64.38	64.142	64.005	63.841	64.026	64.271	64.572	64.619	64.729	64.439	64.236	64.164	64.445	65.171	65.319	64.923	63.975	63.414	62.601	62.315	61.82
76.163	76.442	76.491	76.418	76.317	76.306	76.23	76.458	76.014	76.155	76.614	76.53	76.521	76.942	77.405	77.86	77.971	77.903	77.541	77.146	76.341	75.32	74.646	74.169	73.61	73.077	72.585	72.192	72.101	71.539	71.163	70.985	70.941	70.804	70.822	71.078	71.127	71.134	71.039	70.941	71.253	71.351	71.256	70.993	70.829	70.602	70.681	70.521	70.43	70.695	70.135	69.942	69.729	69.442	68.976	68.646	68.602	68.187	67.767	67.551	67.57	68.009	68.056	68.13	68.024	67.941	67.77	68.043	67.783	67.433	67.239	67.252	67.053	67.146	67.142	67.229	67.399	67.305	67.311	67.323	66.827	66.599	66.112	65.793	65.606	65.435	65.453	65.404	65.555	65.627	65.56	65.508	65.492	65.52	65.92	66.39	66.565	66.223	65.892	65.44	65.112	64.838	64.623	64.523	64.283	64.046	64.017	63.962	63.822	63.577	63.173	63.093	63.212	63.152	63.346	63.866	64.021	64.166	63.89	63.681	64.259	65.036	65.113	65.067	64.963	64.893	64.931	64.422	64.28	64.353	64.352	64.068	63.594	63.361	62.713	62.11	61.937
76.044	76.1	76.181	76.329	76.468	76.181	76.475	76.698	76.406	76.567	76.664	76.343	76.827	77.316	77.405	77.984	78.004	77.725	77.506	77.192	77.067	75.784	74.431	73.879	73.53	73.617	73.172	72.629	72.16	71.833	71.192	71.049	70.756	70.896	71.089	71.092	71.09	70.843	71.055	71.279	71.446	71.412	71.179	70.941	70.784	70.666	70.471	70.32	70.661	70.781	70.471	70.101	70.162	70.079	69.548	68.936	68.988	68.462	68.009	68.055	68.172	67.985	68.232	68.166	67.783	68.024	67.965	68.098	67.584	67.457	67.601	67.536	67.504	67.413	67.311	66.966	67.367	67.423	67.344	67.031	66.5	66.388	66.021	65.799	65.382	65.382	65.364	65.241	65.392	65.492	65.509	65.316	65.509	65.627	66.112	66.09	65.97	66.277	65.795	65.264	65.091	64.916	64.669	64.536	64.229	64.133	64.064	63.981	63.826	63.554	63.162	63.034	63.088	62.99	63.063	63.612	63.885	64.104	64.069	64.327	64.852	65.208	65.499	65.475	65.628	65.426	65.781	65.085	64.826	64.254	64.146	63.918	63.594	63.152	62.816	62.438	62.096
77.004	76.78	76.653	76.788	76.488	76.227	76.468	76.698	76.379	76.642	77.278	76.838	76.922	77.868	77.549	77.88	78.03	77.828	77.613	77.192	76.883	75.945	74.385	73.331	73.242	73.063	73.408	72.969	72.467	71.997	71.406	71.078	70.939	71.049	70.831	70.754	70.551	70.661	70.681	71.044	71.291	71.569	71.32	71.291	71.022	71.028	70.787	70.798	70.716	70.672	70.475	70.192	70.104	69.926	69.744	69.378	69.01	68.643	68.41	68.53	68.201	67.951	67.98	68.068	67.936	67.842	67.944	67.912	67.537	67.562	67.576	67.47	67.505	67.532	67.627	67.503	67.401	67.195	66.982	66.804	66.385	66.181	65.833	65.689	65.492	65.499	65.257	65.164	65.22	65.448	65.295	65.453	65.471	65.778	66.133	66.049	65.804	65.881	65.509	65.289	65.179	65.002	64.58	64.49	64.139	64.083	63.959	63.82	63.735	63.489	63.154	63.074	63.217	63.229	63.252	63.608	63.843	64.066	64.306	64.86	65.994	66.32	66.32	66.163	66.133	66.421	66.412	65.738	65.067	64.235	63.946	63.854	63.554	63.105	63.03	62.713	62.299
77.192	77.13	76.942	76.879	76.771	76.68	76.486	76.279	76.092	76.595	77.278	77.346	77.951	78.021	77.771	77.755	78.03	77.88	77.305	76.833	76.442	75.136	74.219	72.868	72.82	72.686	73.002	72.868	72.384	71.998	71.522	71.31	70.939	70.784	70.709	70.736	70.576	70.716	70.943	71.11	71.197	71.379	71.22	71.32	71.105	71.066	71.039	70.945	70.781	70.718	70.524	70.38	69.794	69.842	69.664	69.219	69.092	68.891	68.725	68.685	68.35	68.129	68.001	68.008	67.739	67.664	67.757	67.697	67.547	67.412	67.407	67.379	67.36	67.085	67.158	67.506	67.756	67.508	67.081	66.754	66.173	65.994	65.665	65.392	65.369	65.509	65.297	65.314	65.197	65.226	65.315	65.563	65.64	65.681	65.889	65.843	65.681	65.551	65.382	65.186	64.918	64.867	64.508	64.149	63.996	63.9	63.819	63.626	63.514	63.303	63.16	63.084	63.058	63.023	63.127	63.166	63.542	64	64.567	65.817	66.436	66.833	66.96	66.833	66.676	66.173	66.179	65.836	65.016	64.422	63.834	63.493	63.441	63.077	62.854	62.629	62.393
77.278	77.19	76.942	76.879	76.954	76.412	76.055	76.11	76.306	76.69	77.664	77.36	77.718	77.868	77.818	77.718	77.941	77.726	77.305	76.725	75.765	74.695	73.904	72.726	72.505	72.25	72.556	72.536	72.119	71.804	71.326	71.332	71.002	70.695	70.635	71.007	71.354	71.533	71.642	71.587	71.256	70.914	71.505	71.335	71.223	71.094	70.836	70.806	71.155	71.109	70.787	70.397	69.913	69.555	69.19	68.812	68.829	68.89	68.879	68.753	68.413	68.127	68.127	67.917	67.828	67.47	67.457	67.502	67.384	67.242	67.156	67.19	67.193	67.19	67.083	67.042	67.257	67.326	67.058	66.53	66.201	65.799	65.592	65.568	65.453	65.501	65.465	65.414	65.141	65.218	65.233	65.414	65.561	65.666	65.699	65.649	65.364	65.292	65.14	65.043	64.967	64.744	64.499	64.144	63.843	63.831	63.637	63.481	63.493	63.481	63.271	63.058	63.037	63.067	63.127	63.032	63.478	63.854	64.712	65.317	66.044	66.721	66.817	66.491	66.335	66.385	65.948	65.817	64.844	64.242	63.755	63.594	63.351	62.967	62.64	62.405	62.125
76.931	76.845	76.566	76.566	76.567	76.217	75.942	76.409	76.68	77.604	77.78	77.57	77.316	77.429	77.197	77.567	77.88	77.671	76.992	76.094	75.453	74.879	73.649	72.711	71.63	71.918	71.85	71.904	71.428	71.301	71.193	71.254	70.941	70.858	71.096	71.53	71.533	71.878	72.071	71.788	71.32	71.149	71.385	71.686	71.341	71.254	70.861	70.657	71.066	71.258	70.583	70.315	69.827	69.249	69.03	68.704	68.72	68.634	68.983	68.779	68.252	68.051	67.896	67.77	67.629	67.502	67.502	67.502	67.32	67.083	67.156	67.104	67.049	66.968	66.856	66.88	67.072	66.907	66.403	66.21	65.908	66.061	66.007	65.843	65.499	65.43	65.465	65.315	65.117	65.093	65.204	65.205	65.226	65.18	65.354	65.271	65.079	64.98	64.907	65.001	64.862	64.61	64.258	64.018	63.829	63.861	63.734	63.661	63.648	63.752	63.498	63.225	63.195	63.127	63.105	63.245	63.44	63.861	64.561	64.913	65.38	65.71	65.945	65.817	65.708	65.397	65.754	65.067	64.826	64.201	63.655	63.38	63.242	62.924	62.447	62.257	61.859
76.647	76.53	76.404	76.03	76.253	75.764	75.948	76.447	76.686	77.13	77.36	77.442	77.429	77.13	76.813	77.1	77.556	77.819	76.982	76.734	75.657	75.008	73.942	72.967	72.217	71.446	71.204	71.317	71.254	71.133	71.351	71.475	71.377	71.35	71.68	71.979	72.151	72.294	72.342	72.151	72.031	72.116	71.754	72.093	71.833	71.57	71.258	71.266	71.155	71.051	70.538	70.008	69.515	69.153	68.857	68.806	68.441	68.604	68.834	68.315	68.038	67.759	67.648	67.667	67.657	67.439	67.516	67.378	67.166	66.931	67.072	67.077	66.97	66.788	66.73	66.795	67.146	66.662	66.373	66.223	66.173	66.021	66.124	65.979	65.657	65.316	64.984	65.093	65.084	65.062	64.977	65.345	65.126	64.973	65.186	65.079	64.816	64.799	64.769	64.838	64.691	64.443	64.259	64.045	63.854	63.94	64.1	64.041	63.962	63.832	63.797	63.736	63.485	63.417	63.129	63.375	63.961	64.695	65.36	65.945	65.426	65.53	65.016	64.826	64.655	64.381	64.51	64.583	64.069	63.753	63.311	63.082	63.009	62.751	62.39	62.142	61.827
