70.862	71.35	71.489	71.241	70.927	70.797	70.855	70.757	71.02	70.786	70.725	71.055	71.422	72.002	71.85	72.167	72.57	71.908	71.669	72.001	71.207	71.037	71.068	71.32	71.233	71.538	71.545	71.747	71.982	72.319	71.717	71.956	72.071	71.943	72.163	72.101	72.123	72.533	72.373	72.57	72.452	71.695	72.081	72.533	72.105	71.694	71.717	71.662	71.53	71.489	71.504	72.372	71.961	71.862	71.712	71.895	71.862	71.811	71.726	71.673	71.595	71.735	71.664	71.237	71.788	71.635	71.926	71.842	71.614	71.514	71.456	71.712	71.434	71.595	71.788	71.331	71.006	70.838	71.382	70.873	70.923	70.8	71.028	70.498	70.472	70.8	71.006	71.163	71.138	71.331	70.8	70.864	70.591	70.88	70.928	70.978	71.277	71.29	70.831	70.92	71.422	71.277	70.428	69.992	70.15	70.133	70.498	70.487	70.485	70.497	70.665	70.462	70.255	70.239	70.364	70.445	70.61	70.645	70.6	70.412	70.652	70.554	70.574	70.757	70.851	70.693	70.612	70.551	70.403	70.255	70.423	70.561	70.543	70.554	70.886	71.273	71.122
71.23	71.548	71.695	72.007	71.15	71.294	71.037	70.873	70.913	70.725	71.268	71.542	72.007	72.047	72.349	72.393	72.864	71.85	71.818	71.945	71.313	71.237	71.423	71.657	71.411	71.35	71.434	71.505	71.645	71.498	71.35	71.332	71.436	71.511	71.902	72.167	72.558	72.78	73.1	73.01	72.57	72.673	72.393	73.298	72.551	71.712	71.776	71.473	71.858	71.957	72.581	72.6	72.541	72.144	72.117	72.467	71.763	71.382	71.143	71.456	71.603	71.331	71.463	71.122	71.193	71.092	71.514	71.476	71.53	71.53	71.785	71.423	71.155	71.505	71.514	71.186	70.652	70.826	70.538	70.423	70.423	70.395	70.658	70.462	70.385	70.574	71.099	70.996	71.307	70.736	70.664	70.614	70.775	70.894	70.797	70.616	70.535	70.568	70.652	70.78	71.377	71.065	70.462	70.157	70.072	69.802	69.773	69.88	69.924	69.99	69.91	69.943	70.033	70.239	70.058	69.964	69.787	69.862	70.133	70.395	70.414	70.336	70.248	70.175	70.34	70.371	70.381	70.213	69.975	69.842	70.184	70.485	70.295	70.757	70.28	70.265	70.445
71.613	72.167	72.059	71.645	71.037	71.225	71.069	71.382	71.835	71.933	71.893	72.025	72.413	72.78	72.764	73.018	73.295	72.467	72.294	72.007	71.724	71.694	72.22	72.393	72.845	72.098	71.827	71.11	71.388	71.186	71.283	71.235	71.498	71.86	72.257	72.57	72.94	73.183	72.912	73.038	73.092	73.051	73.232	73.23	72.706	72.101	72.43	72.105	72.03	72.57	72.761	73.252	73.148	72.551	72.627	72.919	72.436	71.862	71.405	71.345	71.463	71.451	71.302	71.345	71.908	71.943	71.511	71.614	71.69	71.55	71.345	71.099	71.07	71.283	71.193	70.381	70.303	70.248	70.333	70.261	70.261	70.248	70.326	70.336	70.04	70.487	70.615	70.752	70.831	70.333	70.255	70.497	70.613	70.715	70.72	70.614	70.554	70.551	70.757	70.811	71.099	70.78	70.23	70.462	70.407	70.184	70.105	70.051	69.901	69.72	69.601	69.815	69.873	69.753	69.621	69.614	69.588	69.798	69.953	70.1	69.849	69.769	69.756	70.345	70.292	70.201	70.485	70.44	69.952	69.775	69.905	70.04	70.081	69.502	69.605	69.985	70.132
72.372	72.527	72.081	72.114	72.239	72.228	72.173	71.828	71.902	71.837	72.136	72.388	72.985	73.389	72.882	72.912	72.882	72.393	72.673	72.175	71.747	71.945	72.048	73.03	73.092	72.78	71.357	71.163	71.23	71.151	71.827	71.908	72.14	72.551	72.997	72.795	73.225	73.193	73.108	73.592	73.326	73.309	73.195	72.475	72.467	72.315	72.551	72.372	72.627	72.923	73.298	73.018	72.894	72.706	72.627	72.923	72.6	72.074	71.4	71.301	71.01	71.301	71.456	71.548	71.827	71.669	71.542	71.763	72.22	71.505	70.826	70.831	70.797	70.873	70.697	70.862	70.444	70.295	70.757	70.518	70.474	70.445	70.924	70.923	70.855	70.771	70.269	70.538	70.423	70.423	70.658	70.989	70.905	71.019	70.444	70.809	71.048	71.006	70.996	70.74	70.578	70.363	70.612	70.676	70.509	70.345	70.412	70.023	69.576	69.433	69.673	70.161	69.983	69.819	69.822	69.792	69.77	69.674	70.051	69.782	69.888	69.872	70.1	69.559	69.508	69.63	69.952	69.728	69.19	69.756	69.655	69.757	69.301	69.103	69.324	69.98	69.953
72.632	72.483	71.97	71.712	71.862	71.926	71.902	72.228	72.144	72.319	72.228	72.163	72.372	72.739	72.527	72.315	72.36	72.17	72.007	71.603	71.511	71.489	71.603	71.956	72.139	72.215	71.69	71.425	71.712	72.269	72.405	72.49	72.661	72.733	73.343	73.82	73.364	73.348	73.152	73.569	73.417	73.252	72.985	73.1	72.997	72.931	73.195	73.389	73.507	73.326	73.232	73.424	73.489	72.894	72.177	72.388	72.269	71.976	71.476	71.549	71.492	71.377	71.23	71.318	71.405	71.473	72.002	71.788	71.644	70.989	70.613	70.786	70.725	70.683	70.423	70.509	70.345	70.292	70.92	70.873	70.758	71.032	71.621	71.35	70.913	71.186	71.35	71.283	71.087	70.758	71.11	71.163	71.53	70.996	70.676	70.864	70.848	70.676	70.78	70.978	71.002	70.591	70.786	70.676	70.357	70.051	69.705	69.445	69.324	69.263	69.76	70.161	70.175	70.192	70.394	70.382	70.395	70.445	70.288	69.913	69.849	69.728	69.63	68.922	69.095	69.09	69.097	69.049	69.121	69.415	69.47	69.311	69.324	69.715	69.819	70.051	70.605
73.478	73.297	72.393	72.208	72.114	72.136	72.239	72.792	73.1	72.713	72.853	72.059	72.349	72.036	72.007	71.933	71.858	71.69	71.669	72.093	72.017	71.735	71.645	71.446	71.644	71.793	71.614	71.602	71.956	72.401	72.533	72.788	72.974	73.176	73.54	73.79	73.717	73.298	73.026	73.24	73.165	73.018	73.225	73.507	72.967	73.389	73.877	73.702	73.11	72.684	73.176	73.331	73.242	72.595	71.982	72.167	72.228	71.678	71.476	71.943	71.735	71.434	71.283	71.238	71.694	71.273	71.193	71.35	71.143	70.961	70.758	70.282	70.175	70.175	70.295	70.161	69.949	70.288	70.526	70.371	70.201	70.551	70.965	71.176	71.763	71.423	71.163	70.826	70.381	70.364	70.561	70.695	70.394	70.206	70.513	70.051	70.295	70.706	70.693	70.798	70.838	70.695	70.454	70.407	70.186	70.068	69.58	69.391	69.195	69.229	69.301	69.285	69.433	69.476	69.268	69.193	69.304	69.532	69.53	69.426	69.667	69.598	69.63	69.157	68.851	68.638	68.61	68.998	69.36	69.667	69.769	69.26	69.815	69.739	69.576	69.737	70.068
72.882	73.108	73.026	72.611	72.48	72.426	72.36	72.706	72.661	72.533	72.6	72.315	72.6	72.467	71.695	71.29	71.368	71.595	72.088	72.257	72.008	71.644	71.631	71.545	71.694	71.818	72.081	72.163	72.167	72.726	73.018	72.799	72.706	72.726	72.985	73.195	73.232	73.544	72.945	72.673	72.854	72.945	72.788	72.672	72.167	72.048	72.228	72.78	72.13	72.173	72.6	72.701	72.257	72.076	71.811	72.076	71.85	71.662	71.473	71.548	71.382	71.318	70.92	71.151	71.29	71.155	71.099	70.809	70.693	70.551	70.44	70.201	70.201	70.133	69.888	69.654	69.782	69.82	70.058	69.953	69.967	70.239	70.43	70.412	70.74	70.74	70.61	69.987	69.68	69.728	69.907	69.746	69.77	70.027	69.663	69.521	69.525	69.82	69.842	69.728	70.039	69.72	69.542	69.539	69.76	69.76	69.419	69.157	69.237	69.131	69.116	68.963	68.892	68.989	69.288	69.502	69.769	69.936	69.756	68.956	68.801	69.114	69.327	68.976	68.951	68.861	68.506	68.569	69.005	69.486	69.194	68.783	68.738	68.592	68.845	68.638	68.663
72.633	72.94	73.092	72.6	72.269	72.136	72.173	72.603	72.718	72.229	72.309	72.759	72.764	72.076	71.801	71.59	71.694	71.451	71.583	71.542	71.405	71.174	71.522	71.69	71.982	72.426	72.393	72.873	73.351	72.912	73.061	73.03	72.672	73.018	72.894	73.077	73.046	73.232	72.919	72.726	72.632	72.485	72.436	71.908	71.855	71.827	72.093	72.059	71.69	71.956	72.22	72.215	71.864	71.919	71.85	72.163	71.827	71.602	71.35	71.112	70.92	71.065	71.273	71.069	71.186	71.007	70.889	70.797	70.382	70.299	69.943	69.888	70.371	69.924	69.55	69.576	69.588	69.667	69.426	69.433	69.415	69.536	69.787	70.027	70.608	70.412	69.787	69.636	69.457	69.402	69.72	69.715	69.263	69.224	69.342	69.145	69.208	69.426	69.508	69.301	69.054	69.157	69.042	68.801	69.235	69.195	68.74	68.82	69.048	69.178	69.086	69.083	68.946	69.015	69.426	69.967	70.28	69.674	69.235	68.57	68.043	68.351	68.417	68.386	68.565	68.42	67.985	68.117	69.011	69.342	69.486	69.486	68.519	68.105	68.413	68.013	67.914
72.533	72.6	72.388	72.372	72.163	72.17	72.315	72.78	72.452	71.926	72.077	73.298	72.919	71.763	71.414	71.545	71.855	71.631	71.595	72.008	71.943	71.53	71.176	71.735	72.048	72.373	72.864	73.61	73.831	73.035	73.544	73.489	72.974	72.755	72.912	72.748	72.881	73.331	73.236	72.627	72.26	72.174	71.99	71.986	71.947	71.763	71.811	71.695	71.614	71.434	71.59	71.759	71.748	71.943	72.163	72.036	71.614	71.345	71.122	70.988	70.996	70.958	70.758	70.873	70.582	70.757	70.302	70.226	70.127	70.394	70.412	70.467	70.184	69.674	69.194	69.025	69.342	69.301	69.144	68.684	68.896	69.095	69.247	69.738	70.127	70.264	69.667	69.144	69.247	69.144	69.127	68.85	68.739	68.77	68.768	68.865	68.91	69.145	68.956	68.963	68.976	68.865	68.496	68.643	69.038	69.095	68.923	69.09	68.951	68.955	68.773	68.777	68.861	68.882	69.045	69.507	69.285	69.358	69.048	68.519	68.03	68.152	67.974	68.077	68.158	68.068	68.074	67.985	68.818	68.801	68.777	68.674	68.105	68.092	67.944	67.894	67.692
71.933	71.933	71.945	71.858	71.669	71.735	71.827	72.206	71.538	71.855	72.239	72.923	72.912	71.614	71.233	71.545	72.155	72.239	72.155	72.581	72.155	71.694	71.85	71.451	72.081	72.257	73.03	73.79	74.301	74.014	73.801	73.676	73.489	72.985	73.158	73.158	72.795	72.684	71.975	71.747	71.85	71.614	71.463	71.515	71.545	71.511	71.943	71.694	71.425	71.422	71.436	71.301	71.365	71.549	71.59	71.505	71.199	71.044	70.917	70.568	70.561	70.394	70.381	70.407	70.407	70.161	70.051	70.1	70.051	69.975	69.794	70.132	70.186	69.475	69.588	69.402	69.131	68.693	68.612	68.423	68.592	68.79	69.398	69.756	69.728	69.456	69.219	69	68.867	69.086	68.923	68.865	68.741	68.427	68.587	68.601	68.569	68.777	68.643	68.634	69.038	68.599	68.623	68.861	69.045	68.911	69.09	68.738	68.79	68.703	68.668	68.737	69.038	68.85	68.861	68.882	68.794	68.643	68.364	67.881	67.83	67.401	67.342	67.181	67.387	67.564	67.713	67.672	68.158	68.11	68.074	67.974	67.804	67.449	67.544	67.228	67.042
71.318	72.496	72.155	71.53	72.048	71.53	71.514	72.115	71.538	71.735	71.915	72.315	72.315	71.926	71.69	71.614	72.163	72.228	72.393	72.718	72.17	72.005	71.69	71.603	71.489	71.695	72.661	73.424	73.638	73.113	73.195	72.882	73.03	73.252	72.733	72.475	71.945	71.85	71.29	71.24	71.283	71.123	71.069	70.965	71.089	71.122	71.239	71.365	70.862	70.924	71.032	70.965	70.961	70.736	70.74	70.467	70.543	70.707	70.467	70.184	70.07	70.068	70.184	70.04	69.82	69.621	69.576	69.482	69.601	69.502	69.548	69.913	69.952	70.173	69.98	69.926	69.663	69.342	68.507	68.735	68.773	68.882	69.614	69.601	69.715	69.052	68.955	68.777	68.946	69.113	69.042	68.905	68.742	68.604	68.455	68.587	68.402	68.429	68.405	68.507	68.4	68.424	68.663	68.548	68.735	68.951	68.676	68.47	68.507	68.364	68.417	68.61	68.643	68.355	68.373	68.496	68.537	68.326	67.803	67.457	66.999	66.891	66.902	67.032	67.125	67.181	67.457	67.511	67.319	67.595	67.401	67.36	67.539	66.851	66.747	66.992	66.902
71.768	72.405	71.828	72.475	72.388	71.476	71.69	72.081	71.639	71.377	71.842	72.101	72.021	71.735	71.538	71.717	71.69	71.695	71.631	72.155	72.215	71.763	71.542	71.202	71.405	71.768	72.726	73.483	73.417	72.997	72.706	72.684	72.894	72.673	72.248	71.735	71.915	71.545	71.318	71.048	71.099	71.122	70.965	71.087	71.099	71.069	71.16	71.23	70.809	70.585	70.423	70.487	70.417	70.328	70.37	70.242	70.23	70.239	70.173	69.926	70.04	69.849	70.068	70.132	70.051	70.111	69.64	69.263	69.224	69.195	69.131	69.288	69.926	70.186	70.353	70.513	69.98	69.536	69.132	68.768	68.794	68.956	69.402	69.263	69.224	68.818	68.907	68.877	69.398	69.419	69.131	69.135	68.976	68.477	68.643	68.424	68.215	68.189	68.032	68.506	68.733	68.783	68.676	68.488	68.351	68.165	68.158	68.051	68.286	68.38	68.417	68.258	68.207	67.907	67.803	67.802	67.73	67.49	67.373	66.986	66.866	66.787	67.047	67.136	67.104	67.222	67.424	67.595	67.38	67.373	67.26	67.174	67.013	67.256	67.215	67.208	66.863
71.514	72.059	71.956	72.294	72.007	71.411	71.694	71.632	71.357	71.603	71.735	72.239	72.475	72.228	72.388	72.163	71.862	71.858	71.908	71.945	72.167	72.256	71.662	71.383	71.377	72.036	72.627	72.919	72.795	72.748	72.349	72.551	72.349	72.17	72.093	71.762	71.632	71.377	71.044	71.411	71.122	70.925	70.809	71.019	71.186	71.332	71.382	70.927	70.786	70.462	70.275	70.13	70.023	70.058	70.133	70.333	70.237	70.051	69.952	69.617	69.677	69.756	69.605	69.739	70.239	69.93	69.663	69.667	69.486	69.162	69.022	68.989	69.164	69.926	70.371	70.01	70.016	69.358	69.224	68.801	69.095	69.235	69.415	69.015	68.883	68.703	68.936	68.98	69.045	69.015	69.212	69.178	68.936	68.477	68.085	68.116	68.032	68.043	68.386	68.693	68.831	68.808	68.699	68.71	68.461	68.351	68.105	67.976	68.108	68.078	68.197	67.864	67.601	67.387	67.205	67.047	67.282	67.22	67.238	67.256	67.175	67.125	67.208	67.289	67.305	67.582	67.551	67.705	67.464	67.453	67.36	67.177	67.452	67.706	67.719	67.582	67.401
71.842	72.269	72.551	72.047	71.855	71.476	71.662	71.372	71.982	71.945	71.952	71.639	71.85	72.54	71.986	71.489	71.768	71.915	71.926	71.975	72.467	72.287	72.452	72.093	72.036	71.788	71.86	72.139	72.239	72.41	72.298	72.167	72.155	72.269	71.788	71.549	71.423	71.545	71.476	71.538	71.092	70.697	70.83	70.995	70.89	71.35	71.092	71.112	70.706	70.551	70.34	70.373	70.226	70.213	70.255	70.082	69.934	69.818	69.561	69.486	69.67	69.486	69.787	69.842	69.674	69.975	69.67	69.475	69.456	69.049	69.208	68.963	68.739	69.301	69.639	69.833	69.547	69.53	69.424	69.536	70.127	69.872	69.623	69.456	69.224	68.963	68.832	69.052	69.053	68.963	69.09	68.783	68.61	68.276	68.203	68.082	67.979	68.035	68.145	68.338	68.781	68.808	68.623	68.814	68.465	68.165	68.108	67.962	67.836	67.66	67.407	67.351	67.434	67.252	67.173	67.098	67.178	67.298	67.483	67.489	67.393	67.384	67.337	67.48	67.485	67.795	67.798	67.713	67.491	67.372	67.393	67.684	68.018	68.423	67.863	67.798	67.803
72.114	71.926	72.413	72.568	72.007	71.489	71.473	71.768	72.036	72.081	72.881	72.413	72.568	72.452	72.36	71.76	71.203	71.232	71.489	71.717	71.975	71.908	71.926	71.788	71.69	71.85	71.858	72.475	72.372	72.008	71.975	71.862	71.595	71.361	71.332	71.301	71.632	71.514	71.11	71.163	70.97	70.809	70.676	70.809	70.925	71.357	71.377	71.283	70.61	70.444	70.423	70.513	70.302	70.058	70.02	69.862	69.667	69.72	69.605	69.456	69.408	69.285	69.248	69.398	69.212	68.974	68.822	68.737	68.882	68.489	68.478	68.465	68.257	68.225	68.519	68.676	69.131	69.194	69.194	69.358	69.975	69.936	69.728	69.327	68.98	68.832	69.08	68.85	68.735	68.592	68.309	68.423	68.324	68.165	68.183	68.253	68.207	68.171	68.1	68.085	68.206	68.348	68.532	68.193	67.871	67.761	67.633	67.41	67.372	67.246	67.228	67.349	67.413	67.007	66.939	66.867	67.17	67.342	67.453	68.077	67.792	67.698	67.795	67.41	67.22	67.372	67.268	67.26	67.174	67.319	67.18	67.723	68.105	68.078	67.923	67.739	67.611
71.748	71.832	71.863	72.6	72.853	72.483	72.315	72.002	71.542	72.13	72.684	72.6	72.581	72.163	71.735	71.148	71.151	70.965	70.988	71.365	71.542	71.411	71.235	71.199	71.283	71.788	71.982	71.768	71.694	71.915	71.858	71.644	71.193	71.273	71.301	71.411	71.669	71.827	71.747	71.163	70.97	70.725	70.61	70.614	70.797	71.23	71.155	70.798	70.469	70.295	70.363	70.04	69.636	69.872	69.703	69.621	69.674	69.588	69.576	69.588	69.49	69.355	68.98	68.976	68.801	68.612	68.411	68.176	68.119	68.33	68.38	68.28	67.944	68.331	68.717	68.831	69.145	69.053	68.956	69.235	69.502	69.415	69.114	68.783	68.548	68.367	68.355	68.413	68.506	68.455	68.367	68.309	68.367	68.22	67.998	68.143	68.156	68.043	67.941	67.78	68.003	68.105	67.802	67.684	67.232	67.138	67.029	66.919	67.007	67.071	66.986	67.287	66.986	66.865	67.112	67.178	67.222	67.081	67.211	67.173	67.581	67.919	67.239	66.782	66.59	66.425	66.591	66.68	66.804	66.645	66.793	67.319	67.684	67.788	67.22	67.036	67.14
72.36	72.436	72.393	72.57	72.453	72.123	72.34	71.85	71.788	72.426	72.94	72.239	71.895	71.631	71.425	71.434	71.101	70.88	70.927	71.138	71.176	71.163	71.101	71.193	71.32	71.53	71.945	71.301	71.411	71.632	71.29	71.233	70.821	70.864	71.542	71.724	72.093	72.101	71.548	70.978	70.78	70.612	70.363	70.526	70.797	71.498	71.301	70.612	70.3	70.07	69.918	69.574	69.339	69.268	69.365	69.508	69.55	69.63	69.673	69.715	69.728	69.224	68.699	68.684	68.707	68.569	68.257	68.074	68.183	68.197	68.478	68.489	68.225	68.427	68.537	68.934	69.35	69.362	69.157	69.433	69.486	69.027	68.936	68.814	68.604	68.428	68.544	68.622	68.47	68.335	68.089	68.115	68.148	68.074	68.112	67.93	67.836	67.59	67.611	67.376	67.523	67.362	67.269	67.061	66.846	66.865	66.678	66.691	66.695	66.748	66.788	66.553	66.595	66.708	66.813	66.796	66.824	66.824	66.809	66.595	66.69	66.768	66.662	66.53	66.203	66.083	66.411	66.669	66.635	66.695	66.842	67.215	67.215	67.239	66.908	66.69	66.331
73.152	72.845	72.673	72.795	72.485	72.342	71.855	71.85	71.855	72.239	72.923	72.123	71.662	71.59	71.492	71.583	71.436	71.092	70.867	71.11	71.176	71.357	71.801	71.858	71.514	71.422	71.143	71.456	71.735	71.235	71.202	71.16	71.361	71.217	71.842	71.842	71.85	71.753	71.186	70.526	70.364	70.407	70.205	70.201	70.568	71.217	71.155	70.467	70.206	69.989	69.711	69.525	69.432	69.301	69.259	69.548	69.639	69.667	69.598	69.53	69.576	68.922	68.98	69.083	68.725	68.478	68.215	68.158	68.093	68.22	68.519	68.488	68.257	68.282	68.453	68.676	68.989	69.235	69.237	69.486	69.022	69.022	69.083	68.905	68.735	68.428	68.663	68.599	68.565	68.423	68.078	68.001	68.197	68.152	68.093	67.857	67.632	67.462	67.41	67.303	67.112	67.067	67.211	66.976	66.813	66.709	66.657	66.455	66.355	66.522	66.811	66.891	66.621	66.473	66.578	66.648	66.737	66.775	66.644	66.522	66.171	66.023	66.092	66.235	66.16	66.216	66.383	66.552	66.704	66.735	66.318	66.489	66.538	66.351	66.235	66.163	65.797
73.461	73.236	73.286	73.286	72.931	72.443	71.801	71.945	72.228	72.269	72.607	72.136	71.603	71.708	71.664	71.893	72.155	71.788	71.037	71.29	71.423	71.423	72.133	71.735	71.411	71.405	71.538	71.489	71.595	70.987	70.925	71.301	71.099	71.908	71.768	71.23	71.007	71.007	70.695	70.04	70.127	69.851	70.155	70.295	70.428	71.069	70.978	70.095	70.072	70.184	70.101	69.782	69.605	69.492	69.711	69.559	69.581	69.364	69.328	69.655	69.445	69.443	69.502	69.301	68.832	68.413	68.309	68.286	68.38	68.537	68.519	68.77	68.532	68.379	68.583	68.634	68.976	68.783	68.693	68.976	69.162	69.324	69.107	69.173	68.9	68.478	68.28	68.297	68.489	68.364	68.035	67.997	68.012	68.326	68.028	68.113	67.917	67.73	67.845	67.686	67.27	67.136	67.203	66.832	66.839	66.793	66.657	66.613	66.533	66.902	67.155	67.163	67.349	67.32	67.007	66.689	66.832	67.025	66.91	66.644	66.405	66.02	66.34	66.422	66.357	66.4	66.476	66.695	66.926	66.842	66.476	66.151	66.235	66.13	65.931	65.867	65.838
73.548	73.537	73.351	72.997	72.882	72.413	72.179	72.215	72.174	72.426	72.568	72.393	71.986	72.081	72.54	72.54	72.41	71.975	71.632	71.614	71.735	71.542	71.042	70.864	70.989	71.525	71.505	71.434	71.24	71.122	71.143	71.019	71.301	72.448	71.545	71.468	71.099	70.485	70.382	70.132	69.849	69.739	69.98	69.988	70.485	70.706	70.261	69.989	69.873	69.983	70.068	69.934	70.115	70.051	70.1	69.985	69.798	69.789	69.893	69.913	69.872	69.849	69.893	69.787	69.614	68.882	68.676	68.565	68.569	68.544	68.544	68.676	68.548	68.808	68.882	68.923	69.114	68.738	68.651	68.651	68.735	68.785	68.657	68.735	68.565	68.112	68.068	67.754	68.043	67.895	68.013	67.917	67.907	68.28	68.183	67.943	67.871	67.672	67.581	67.457	67.36	67.413	67.088	67.17	66.828	66.695	66.627	66.657	66.726	67.269	67.393	67.632	67.764	68.077	67.627	67.216	67.289	67.257	67.067	66.864	66.662	66.669	66.614	66.644	66.55	66.603	66.644	67.36	67.485	67.13	66.908	66.301	66.417	66.277	66.289	66.151	66.039
73.622	73.66	73.507	73.11	72.706	72.533	72.32	72.516	72.256	72.426	72.177	72.413	72.287	72.401	72.388	72.57	72.739	72.342	71.86	72.114	72.294	72.269	71.456	71.423	71.098	71.85	71.975	71.614	72.228	72.257	72.048	71.986	71.318	71.982	71.78	71.155	70.732	70.758	70.543	70.428	70.033	69.98	70.058	70.023	70.538	70.509	70.115	70.132	70.081	69.926	70.082	70.3	70.658	70.78	70.643	70.302	70.474	70.353	70.535	70.669	70.498	69.872	69.872	70.068	70.027	69.599	69.408	69.014	68.735	68.599	68.599	68.956	69.042	69.038	68.989	69.114	69.042	68.85	68.733	68.427	68.519	68.38	68.085	68.165	68.035	67.967	67.836	67.601	67.546	67.825	67.836	67.804	68.051	67.912	67.857	67.646	67.595	67.305	67.344	67.147	67.354	67.246	67.215	67.211	66.902	66.782	66.893	66.976	67.257	67.384	67.436	68.051	68.092	67.661	67.632	67.581	67.52	67.863	67.581	67.252	67.123	66.97	67.03	66.695	66.858	66.583	66.747	67.155	67.298	67.228	67.03	66.644	66.498	66.407	66.463	66.367	66.123
73.896	73.963	73.777	73.105	73.11	72.568	72.701	72.672	72.36	72.152	72.558	72.373	72.449	72.485	72.48	72.533	72.372	72.426	72.17	72.388	72.349	72.256	72.002	71.827	72.036	72.788	72.882	72.48	72.788	72.764	72.048	71.648	71.596	71.007	71.155	70.851	70.798	70.44	70.757	70.886	70.6	70.184	69.989	70.205	70.248	70.526	70.248	70.095	70.28	70.033	70.345	70.608	70.752	70.97	71.032	70.73	70.676	70.538	70.467	70.535	70.428	70.133	69.842	69.943	70.051	70.196	69.63	68.905	68.877	68.82	68.674	68.98	69.224	69.19	69.342	69.162	69.288	69.28	69.19	68.801	68.61	68.484	68.148	68.176	68.225	67.967	67.761	67.595	67.686	67.59	67.632	67.655	67.518	67.632	67.466	67.468	67.551	67.436	67.864	67.568	67.289	67.094	67.245	67.158	67.175	67.426	67.32	67.57	67.78	67.84	67.706	67.764	67.632	67.13	66.717	66.555	67.036	67.487	67.52	67.282	66.976	67.008	67.123	67.443	67.101	67.173	66.957	67.167	67.373	67.401	66.801	66.29	66.476	66.301	66.357	66.331	66.308
74.447	74.263	73.651	73.506	73.252	73.599	73.663	73.1	72.488	72.581	72.655	72.4	72.755	72.871	72.533	72.52	72.173	72.002	71.956	71.915	72.002	72.088	72.139	72.139	72.228	72.558	72.845	72.845	73.018	72.864	71.768	71.357	71.32	70.6	70.905	71.007	70.608	70.474	70.538	70.996	70.693	70.336	70.206	70.333	70.336	70.186	70.237	70.394	70.382	70.28	70.292	70.28	70.706	71.006	70.97	71.069	70.97	70.74	70.239	70.155	70.023	69.888	69.576	69.674	70.064	70.3	70.095	69.169	68.623	68.865	69.217	69.507	69.548	69.426	69.445	69.426	69.486	69.475	69.268	68.973	68.814	68.601	68.532	68.57	68.321	68.009	67.694	67.464	67.539	67.527	67.489	67.457	67.238	67.208	67.351	67.337	67.228	67.487	67.673	67.467	66.747	67.211	67.684	67.985	67.894	67.633	67.726	67.748	67.882	67.706	67.78	67.239	66.926	66.243	66.218	66.019	66.476	66.726	66.94	66.782	66.519	66.586	66.763	66.763	66.657	66.956	67.098	67.463	67.48	67.393	66.545	65.97	66.083	66.273	66.29	66.382	66.405
74.507	74.408	73.88	73.61	73.693	73.801	73.544	73.068	72.672	72.755	72.765	72.646	73.11	72.792	72.568	72.319	72.047	71.855	71.855	71.85	72.036	72.215	72.373	72.568	72.601	72.533	72.713	72.726	73.298	72.405	71.451	71.099	70.798	70.28	70.658	70.798	70.831	70.445	70.518	70.831	70.538	70.239	70.299	70.34	70.184	70.04	70.201	70.353	70.485	70.518	70.608	70.302	70.467	70.752	70.862	71.134	70.742	70.554	70.111	69.818	69.68	69.366	69.655	69.502	69.943	70.612	70.101	69.456	68.934	69.083	69.605	70.04	70.201	70.218	70.206	69.885	69.667	69.576	69.316	69.054	68.925	68.934	68.911	68.832	68.528	68.223	67.867	67.772	67.654	67.492	67.252	67.108	67.303	67.36	67.36	67.239	67.342	67.112	67.13	66.986	66.556	67.059	67.518	67.488	67.487	67.601	67.4	67.436	67.449	67.795	67.739	67.22	66.735	66.315	66.294	66.59	66.694	66.788	66.85	66.662	66.694	66.855	66.58	66.487	66.595	66.673	66.726	66.858	67.163	67.048	66.456	66.032	66.16	65.988	66.019	66.23	65.871
74.276	74.415	74.235	74.276	74.475	74.103	73.42	73.1	72.726	72.627	72.54	72.755	72.974	73.038	72.54	72.227	71.902	71.855	71.898	71.85	72.315	72.413	72.36	72.788	72.755	72.434	72.393	72.739	72.611	71.956	71.382	71.143	70.809	70.382	70.665	70.518	70.92	70.758	70.736	70.695	70.608	70.538	70.412	70.201	70.051	70.068	69.985	69.983	70.292	70.665	70.6	70.218	70.381	70.574	70.92	70.917	70.669	70.279	70.299	70.04	69.901	69.507	69.588	69.86	70.161	70.831	69.975	69.561	69.275	69.502	70.051	69.991	70.161	70.298	70.605	70.412	70.371	70.02	69.652	69.287	69.135	69.194	69.145	68.831	68.402	68.118	67.978	67.987	67.733	67.597	67.41	67.54	67.706	67.611	67.46	67.315	67.173	67.215	66.97	66.662	66.813	66.976	67.205	67.373	67.27	67.344	67.436	67.413	67.523	67.372	67.393	67.007	66.908	66.945	66.902	66.832	66.902	66.759	66.864	66.669	66.635	66.662	66.678	66.367	66.283	66.283	66.422	66.405	66.238	66.53	66.34	66.032	66.048	65.897	65.924	65.821	65.807
74.905	74.849	74.655	74.475	74.502	73.507	72.853	72.912	72.607	72.475	72.54	73.108	73.051	73.077	72.464	72.147	71.956	71.694	72.101	72.081	72.426	72.483	72.453	72.581	72.976	72.881	72.788	72.228	72.452	71.735	70.988	70.917	70.706	70.345	70.127	70.288	70.605	70.61	70.74	70.965	70.695	70.412	70.133	70.081	70.058	70.127	70.15	69.913	69.98	70.161	69.949	70.051	70.15	70.248	70.353	70.353	70.444	70.242	70.033	70.051	70.081	69.623	69.67	69.508	69.757	70.132	69.865	69.525	69.393	69.276	69.548	69.815	70.051	70.497	70.786	70.857	70.989	70.695	70.551	70.444	70.292	69.983	69.415	68.973	68.453	68.197	68.115	67.987	67.802	68.174	67.434	67.413	67.581	67.718	67.564	67.611	67.443	67.282	66.981	66.747	66.97	66.956	67.088	67.076	67.175	67.101	67.105	67.174	67.238	67.315	67.061	66.945	67.007	67.101	67.036	66.855	66.549	66.549	66.59	66.69	66.549	66.4	66.345	66.079	66.087	66.065	66.277	66.099	65.882	66.101	65.931	66.02	65.862	65.929	65.982	65.707	65.617
74.502	74.614	74.424	74.011	74.114	73.151	73.051	72.857	72.6	72.544	72.492	72.943	72.93	72.795	72.362	72.483	72.179	72.333	72.287	72.036	72.36	72.672	72.828	72.701	72.673	72.607	72.426	72.393	71.694	71.006	70.864	70.848	70.509	70.288	70.381	70.474	70.353	70.995	70.996	71.065	70.851	70.292	69.901	69.86	69.811	69.728	69.605	69.443	69.426	69.952	69.677	69.88	70.115	70.261	70.155	69.943	70.34	70.196	70.184	69.82	69.739	69.476	69.663	69.311	69.363	69.536	69.548	69.328	69.224	69.362	69.581	69.769	70.132	70.797	71.048	71.283	71.351	71.283	71.32	71.099	71.225	70.752	69.975	69.358	68.989	68.855	68.587	68.465	68.176	67.962	67.523	67.256	67.22	67.627	67.761	67.701	67.611	67.485	67.117	66.992	67.088	67.036	67.076	67.208	67.208	67.177	67.121	67.13	67.121	67.269	67.167	67.03	67.167	67.139	67.22	67.098	67.047	66.956	67.036	67.467	66.975	66.85	66.456	65.955	65.958	66.174	66.218	66.214	66.405	66.407	66.193	66.151	65.928	65.864	65.838	65.757	65.615
74.038	74.263	74.132	73.801	73.717	73.923	73.424	73.051	72.601	72.398	72.661	72.696	72.928	72.798	72.491	72.485	72.344	72.632	72.83	72.615	72.436	72.483	72.595	72.17	71.943	72.081	71.837	71.621	71.083	71.042	71.273	70.996	70.526	70.497	70.394	70.444	70.851	71.11	71.11	71.202	70.905	70.298	70.058	69.798	69.769	69.739	69.486	69.299	69.304	69.245	69.532	69.679	69.739	69.98	69.728	69.673	69.849	69.983	70.04	69.953	69.652	69.502	69.456	69.49	69.67	69.614	69.715	69.324	69.475	69.408	69.042	69.426	70.04	70.736	70.978	71.138	71.235	71.476	71.134	71.357	71.669	72.139	71.632	70.485	69.728	69.475	69.402	69.048	68.85	68.035	67.853	67.923	67.84	67.974	68.11	68.232	67.985	68.331	67.8	67.239	67.081	67.17	67.393	67.611	67.672	67.568	67.449	67.179	67.311	67.349	66.975	67.239	67.059	67.22	67.282	67.059	66.832	66.855	67.13	67.405	67.048	67.059	66.456	66.23	66.377	66.411	66.446	66.748	66.893	66.451	66.168	66.097	66.044	65.928	65.97	65.648	65.838
73.877	73.861	73.663	73.923	74.288	74.263	74.121	73.331	73.309	72.903	73.275	73.108	72.919	73.105	73.038	72.84	72.853	72.595	72.627	72.864	72.551	72.237	72.388	71.828	71.511	71.55	71.318	70.928	70.904	71.331	71.199	70.867	70.951	71.02	70.966	70.658	70.871	71.122	71.908	71.197	70.917	70.292	69.936	69.574	69.769	69.677	69.503	69.173	69.05	69.268	69.145	69.337	69.363	69.144	69.164	69.335	69.571	69.732	69.677	69.604	69.854	69.44	69.426	69.486	69.86	69.614	69.536	69.547	69.445	69.502	69.327	69.288	69.794	70.265	70.864	70.989	71.225	71.069	70.889	70.608	70.577	71.202	71.909	71.669	70.665	70.132	69.86	69.715	69.268	68.923	68.861	68.725	68.309	68.331	68.236	68.108	68.331	68.489	68.286	67.853	67.974	67.912	67.912	68.206	68.252	68.286	67.974	67.661	67.581	67.413	67.452	67.467	67.718	67.136	67.17	67.03	66.801	66.724	67.03	66.982	66.982	67.257	67.294	67.36	67.239	66.926	67.059	66.982	66.717	66.199	66.11	66.151	65.732	65.809	65.72	65.615	65.582
73.413	73.42	73.105	73.923	73.507	73.703	73.622	73.423	73.655	73.643	73.643	73.364	73.331	73.423	73.297	73.275	73.038	72.426	72.287	72.627	72.41	72.349	72.155	71.657	71.27	71.207	71.068	70.961	71.065	71.294	71.392	71.331	71.4	71.53	71.301	70.894	70.797	71.301	71.67	70.925	70.561	70.133	69.715	69.745	69.705	69.561	69.324	68.892	68.84	69.35	69.408	69.408	69.162	68.808	68.923	69.164	69.285	69.235	69.248	69.426	69.67	69.605	69.67	69.53	69.893	69.614	69.502	69.548	69.285	69.426	69.247	69.607	69.482	70.345	70.381	70.428	70.44	70.665	70.127	69.739	69.332	69.815	70.518	70.732	71.007	70.6	70.353	70.051	69.873	69.445	69.195	68.801	68.42	68.248	68.326	68.373	68.47	68.357	68.507	68.478	68.108	68.286	68.298	68.537	68.663	68.537	68.389	67.761	67.6	67.443	67.551	67.66	67.607	67.315	67.239	67.257	67.101	67.475	67.882	68.077	67.985	67.882	67.882	67.716	67.348	66.805	67.155	67.36	66.908	66.32	65.913	65.786	65.269	65.081	65.213	65.298	65.39
73.115	73.506	73.257	73.537	73.461	73.1	73.225	73.592	73.628	74.038	74.355	73.57	73.483	73.11	73.152	73.013	72.664	72.53	72.475	72.452	72.123	72.17	71.863	71.434	71.318	71.07	71.002	71.11	71.037	71.29	71.632	71.657	71.515	71.548	71.361	70.927	71.155	70.925	71.788	70.889	70.09	69.798	69.72	69.769	69.913	69.678	69.521	69.145	68.951	69.18	69.208	69.408	69.235	69.114	68.923	69.35	69.19	69.103	69.224	69.364	69.873	69.989	69.885	69.547	69.815	69.728	69.769	69.445	69.475	69.576	69.536	69.35	69.663	70.132	69.842	69.601	69.819	69.803	69.787	69.547	69.301	69.536	69.967	70.28	70.119	70.292	70.412	70.299	70.15	69.985	69.72	69.048	68.565	68.298	68.286	68.413	68.506	68.489	68.968	69.132	68.923	69.194	68.923	68.998	68.883	68.424	68.389	67.919	67.882	67.475	67.239	67.167	67.358	67.257	66.85	66.811	66.552	67.452	67.764	68.519	68.489	69.144	68.599	67.467	67.57	66.542	66.85	67.358	66.614	65.707	65.913	65.809	65.526	65.577	65.423	65.454	65.105
73.537	73.565	73.622	73.622	73.309	72.997	73.113	73.599	73.676	73.877	74.144	73.923	73.488	72.881	72.319	72.421	72.413	72.287	72.269	72.298	71.824	71.902	71.694	71.811	71.542	71.237	71.176	71.301	71.578	71.505	71.863	71.669	71.763	71.55	71.382	71.199	71.29	71.23	71.514	70.353	69.803	69.657	69.782	69.837	69.985	69.769	69.366	69.09	68.9	68.882	69.301	69.559	69.576	69.033	69.121	69.121	69.132	69.363	69.194	69.268	69.837	69.926	69.677	69.663	70.206	69.86	69.72	69.482	69.456	69.502	70.033	69.342	69.339	69.548	69.132	69.048	69.301	69.363	69.318	69.408	69.327	69.224	69.507	69.548	69.663	69.728	69.91	70.07	70.172	70.081	70.04	69.663	69.045	68.783	68.47	68.882	68.923	69.03	69.502	69.445	69.433	69.011	68.877	68.914	68.976	68.643	68.232	68.105	67.923	67.372	67.269	66.858	66.768	66.667	66.712	66.411	66.193	66.476	66.644	67.315	68.252	69.132	68.627	67.627	66.662	66.662	66.763	67.269	66.463	65.683	65.873	65.851	65.924	65.92	65.97	65.72	65.226
73.482	73.73	74.235	73.799	73.176	73.28	72.746	72.907	73.309	73.638	74.014	73.013	72.94	72.853	73.176	72.792	72.475	72.303	72.726	72.48	72.26	71.926	71.956	71.975	71.712	71.476	71.193	71.538	71.695	71.926	71.862	72.002	71.97	71.882	72.076	71.827	71.411	71.176	71.053	70.115	69.659	69.563	69.532	69.63	69.862	69.746	69.366	69.268	68.845	68.527	68.942	69.476	69.86	69.47	69.053	69.366	69.457	69.367	69.445	69.901	70.132	69.975	69.794	69.673	70.081	69.601	69.711	69.525	69.456	69.318	69.535	69.342	69.263	69.235	68.956	68.73	68.934	69.144	69.248	69.355	69.433	69.443	69.311	69.36	69.416	69.445	69.559	69.623	69.82	69.949	69.985	69.975	69.548	69.311	69.426	69.482	69.608	69.235	69.482	69.581	69.342	69.114	69.103	69.048	68.707	68.355	67.985	67.798	67.788	67.475	66.945	66.662	66.168	65.849	66.143	66.092	66.11	66.138	66.199	66.603	66.926	67.57	67.378	66.801	66.174	66.099	66.436	66.827	66.301	65.676	65.444	65.78	65.848	65.978	66.122	65.53	64.913
74.014	73.611	74.132	73.82	73.225	72.997	72.864	72.945	72.997	73.176	73.195	72.739	72.78	72.632	73.018	72.487	72.792	72.215	72.48	73.176	72.551	72.174	71.97	72.155	72.17	72.088	71.55	71.898	72.008	72.467	72.475	72.287	72.22	72.093	72.139	72.155	71.632	70.864	70.272	69.966	69.655	69.58	69.532	69.677	70.117	70.023	69.727	69.358	68.773	68.739	69.195	69.536	69.623	69.82	69.539	69.322	69.465	69.798	69.757	70.161	70.111	69.757	69.588	69.366	69.663	69.614	69.601	69.363	69.36	69.327	69.739	69.482	69.045	69.095	69.224	68.725	68.808	69.102	69.18	69.293	69.393	69.328	68.987	68.963	69.086	69.327	69.268	69.355	69.756	70.081	70.127	69.98	70.415	70.264	69.794	69.757	69.19	69.114	69.132	69.114	69.408	68.82	68.725	68.565	68.424	68.068	67.485	67.315	67.139	67.081	66.908	66.382	66.069	65.848	65.797	65.873	65.789	65.742	65.958	66.23	66.35	66.291	66.11	65.894	65.789	65.78	66.006	66.069	65.74	65.371	65.34	65.605	65.917	66.065	65.61	65.485	64.588
74.355	73.923	73.85	73.61	73.38	73.061	72.726	72.684	72.802	72.713	73.176	72.944	73.176	73.077	72.726	72.853	72.985	72.661	73.148	73.051	72.726	72.257	72.007	72.36	72.426	72.551	72.163	72.303	72.173	72.611	72.388	72.393	72.393	72.764	72.155	71.595	71.163	70.689	70.192	70.051	69.912	69.711	69.629	69.854	70.04	70.167	69.815	69.571	69.114	69.342	69.443	69.849	69.905	70.173	69.988	69.675	69.636	69.769	69.849	70.107	69.769	69.456	69.268	69.35	69.623	69.426	69.475	69.355	69.362	69.48	69.581	69.318	69.301	69.195	69.042	69.05	69.162	69.318	69.362	69.41	69.476	69.393	69	68.905	68.91	69.157	69.456	69.614	69.849	70.095	70.364	71.151	70.695	70.295	70.127	69.748	69.114	68.733	68.857	69.342	69.114	68.702	67.944	68.176	68.176	68.286	67.894	67.362	67.175	67.551	66.864	66.522	66.07	66.019	65.864	65.873	65.617	65.543	65.669	65.6	65.616	66.07	66.099	65.92	65.988	65.61	65.797	65.648	65.608	65.526	65.44	65.605	65.612	65.685	65.695	65.989	65.419
74.561	74.095	73.725	73.427	73.28	72.945	72.672	72.881	72.723	72.632	73.165	73.105	73.47	73.478	73.506	73.043	73.42	72.6	72.696	73.236	72.798	72.294	72.718	72.627	72.978	73.073	72.436	72.48	72.144	72.298	72.155	72.393	72.294	72.081	71.724	71.434	70.855	70.34	70.018	69.921	70.164	69.881	69.877	69.944	69.962	70.155	70.196	69.72	69.548	69.576	69.53	70.173	70.364	70.592	70.53	70.206	70.201	70.444	70.444	70.288	69.829	69.502	69.276	69.358	69.301	69.235	69.415	69.728	69.728	69.482	69.35	69.426	69.507	69.391	69.052	69.247	69.402	69.502	69.365	69.636	69.644	69.571	69.054	68.934	68.896	69.195	69.53	69.9	70.173	70.51	70.752	70.843	70.577	70.155	69.849	69.769	69.426	69.19	69.235	68.911	68.286	67.882	67.944	68.236	68.518	68.52	68.1	67.673	67.349	67.287	66.776	66.422	66.273	66.235	65.886	65.648	65.398	65.284	65.3	65.605	65.923	66.225	66.423	66.23	65.978	65.695	65.28	65.239	65.538	65.385	65.132	64.901	64.849	65.07	65.364	64.967	64.967
74.623	74.47	73.934	73.548	73.61	73.195	73.286	73.051	72.795	73.038	73.489	73.537	73.225	73.176	73.956	73.66	73.257	72.943	72.894	72.894	72.788	72.882	73.176	73.092	72.997	73.176	72.436	72.101	72.13	72.551	72.718	72.48	72.167	71.842	71.603	71.382	70.811	70.23	70.13	70.115	69.991	70.213	70.233	70.023	70.186	70.381	70.518	69.82	69.364	69.426	69.728	70.173	70.6	71.065	71.514	71.225	70.873	70.612	70.693	70.685	70.44	69.67	69.536	69.311	69.144	68.934	69.114	69.408	69.502	69.322	69.655	69.728	69.64	69.614	69.48	69.457	69.445	69.539	69.623	69.82	69.756	69.675	69.319	69.113	68.973	69.268	69.975	70.3	70.665	71.143	70.474	70.107	69.926	70.107	69.967	69.819	69.655	69.268	68.725	68.11	67.684	67.726	68.1	68.207	68.425	68.355	68.038	67.795	67.426	67.211	66.657	66.382	66.23	66.268	65.972	65.643	65.535	65.43	65.333	65.693	66.23	66.662	66.669	66.29	65.226	64.888	64.805	65.173	65.752	65.248	64.849	64.268	63.831	63.989	64.402	64.301	64.398
74.502	74.482	74.048	73.57	73.423	73.643	73.389	73.519	73.405	73.225	73.423	73.309	73.298	73.544	73.643	73.831	73.911	73.461	73.338	73.012	73.158	73.565	73.622	73.331	73.298	73.331	72.985	72.706	72.287	72.239	72.607	72.426	72.531	72.059	71.411	71.318	70.582	70.363	70.485	70.302	70.43	70.326	70.159	70.172	70.23	70.364	70.223	69.64	69.705	69.548	69.787	70.364	70.786	71.434	71.662	71.788	71.545	71.489	71.489	71.538	71.155	70.412	69.893	69.536	69.004	69.095	69.268	69.475	69.502	69.794	69.819	69.872	69.77	69.63	69.732	69.547	69.849	70.051	70.336	70.213	69.844	69.617	69.366	69.426	69.358	69.507	69.983	70.605	70.864	70.732	70.264	70.16	70.199	70.105	70.07	69.782	69.327	68.725	68.343	67.985	67.748	67.974	68.22	68.165	68.51	68.207	67.864	67.798	67.269	66.908	66.383	66.331	65.927	66.099	66.032	65.789	65.742	65.693	65.61	65.92	66.377	66.855	67.035	66.006	64.98	64.728	64.507	64.901	65.295	64.888	64.132	63.934	63.429	63.693	63.976	64.318	64.103
74.301	74.235	74.63	74.482	73.801	73.298	73.565	73.831	73.861	74.038	74.014	74.132	73.565	73.636	73.676	73.82	74.415	73.548	73.851	73.883	73.686	73.693	73.61	73.544	73.82	73.676	73.565	72.967	72.413	72.167	72.315	72.788	72.483	72.123	72.007	71.217	70.851	70.652	70.543	70.641	70.304	70.462	70.445	70.509	70.302	70.382	70.213	69.756	69.675	69.926	70.081	70.613	71.202	71.945	71.855	72.002	71.947	71.735	71.827	71.97	71.915	71.396	70.797	70.081	69.525	69.328	69.475	69.598	69.815	69.893	70.04	69.913	69.86	69.426	69.756	69.926	70.292	70.612	70.538	70.28	69.842	69.819	69.72	69.728	69.782	70.04	70.551	70.873	70.905	71.143	70.53	70.292	70.206	69.893	69.798	69.445	69.19	68.831	68.298	68.105	68.061	68.257	68.257	68.478	68.286	68.1	67.853	67.627	67.342	66.726	66.233	66.168	65.758	65.658	65.752	65.658	65.614	65.614	66.151	66.614	66.614	67.202	67.045	65.605	64.65	64.486	64.673	64.952	64.849	64.054	64.235	63.936	63.52	63.77	63.783	64.358	64.318
74.952	74.614	74.794	74.676	74.416	73.643	73.565	73.676	73.569	73.676	74.327	74.268	74.12	73.489	73.413	73.544	73.735	74.169	73.936	74.045	74.095	73.941	74.114	74.19	74.132	74.593	73.655	73.158	72.792	72.294	72.474	72.282	72.219	71.943	72.007	71.614	71.11	71.151	70.864	70.538	70.554	70.776	70.924	70.864	70.889	70.538	70.132	70.07	70.407	70.652	70.725	71.277	71.53	71.982	72.048	72.067	72.076	72.155	72.239	72.228	72.076	71.926	71.32	70.725	70.34	69.873	69.86	69.757	69.98	70.04	69.989	70.02	69.663	69.507	69.849	70.051	70.786	71.217	70.965	70.407	70.299	70.676	70.725	70.752	70.44	70.538	71.143	71.176	71.456	71.29	71.11	70.605	70.353	70.155	69.787	69.663	69.048	68.905	68.643	68.405	68.61	68.537	68.236	68.389	68.47	67.8	67.706	67.48	67.287	66.69	66.176	66.138	65.797	65.612	65.612	65.578	65.485	65.725	66.456	66.982	67.059	66.945	65.561	65.07	64.623	64.952	65.115	64.576	64.285	64.311	64.157	63.845	63.735	63.845	63.922	64.282	64.476
74.967	75.051	75.206	75.051	74.539	74.224	73.686	73.537	73.544	74.132	74.794	74.038	74.014	73.638	73.42	73.478	73.638	74.415	73.946	73.801	74.288	74.327	74.247	74.327	74.03	74.342	73.79	73.351	72.798	72.475	72.076	72.007	71.902	71.662	71.824	71.863	71.945	72.36	71.788	71.411	71.233	71.037	71.143	71.405	71.456	71.099	70.732	70.831	71.143	71.382	71.548	71.553	72.101	72.061	72.088	72.008	71.975	72.287	72.6	72.48	72.393	71.975	71.476	70.97	70.577	70.206	70.161	70.218	70.07	70.223	70.111	70.336	69.949	69.787	69.598	70.292	71.202	71.176	71.122	70.658	70.923	71.23	71.801	71.423	70.923	71.217	71.29	71.53	71.788	71.586	71.283	71.143	70.752	70.295	70.172	69.872	69.355	68.693	68.47	68.298	67.864	67.894	68.309	68.148	68.143	67.633	67.287	66.915	66.695	66.345	66.101	65.978	65.578	65.74	65.658	65.298	64.985	64.893	65.577	66.11	66.11	65.798	65.107	64.86	64.738	64.673	64.576	64.508	64.332	64.276	64.103	63.998	63.71	63.703	63.663	63.867	64.103
75.04	74.86	75.081	75.574	75.292	74.967	74.655	73.507	73.622	74.042	75.04	75.206	74.848	74.548	73.905	73.801	73.934	74.663	74.005	74.045	74.794	75.04	74.014	74.162	74.03	73.733	73.801	73.47	72.788	72.607	72.315	72.684	72.319	71.975	72.287	72.228	72.426	72.661	72.173	71.862	71.858	71.632	71.975	72.007	71.945	71.632	71.357	71.217	71.803	71.931	72.452	72.706	72.46	72.393	72.269	72.315	72.393	72.436	73.092	72.792	72.342	71.98	71.542	71.065	70.798	70.592	70.364	70.161	70.206	70.164	69.983	70.072	70.127	69.893	69.901	70.382	71.284	71.382	71.614	71.238	71.122	71.662	71.763	71.456	71.498	71.902	71.85	71.945	71.788	71.694	71.4	71.277	71.048	70.74	70.298	69.849	69.224	68.699	68.537	68.389	68.049	68.252	68.258	68.051	67.627	67.315	66.785	66.673	66.436	66.143	65.886	65.752	65.736	65.577	65.15	64.98	64.728	64.667	64.598	65.757	65.44	65.206	65.07	64.639	64.358	64.521	64.605	64.837	64.157	64.235	64.162	64.09	63.801	63.542	63.518	63.714	64.121
74.952	74.667	74.675	74.98	74.815	74.639	74.114	73.877	73.818	74.005	75.04	75.551	75.354	75.161	74.913	74.548	74.815	75.107	74.872	74.872	74.86	75.033	74.05	73.82	73.911	73.79	73.389	72.726	72.627	72.485	72.6	72.581	72.48	72.388	72.748	72.607	72.701	73.092	72.673	72.413	72.919	72.718	72.413	72.36	72.372	72.228	72.551	72.139	72.315	72.607	72.919	72.997	72.795	72.701	72.533	72.405	72.41	72.684	72.792	72.684	72.54	71.862	71.436	71.007	70.61	70.732	70.513	70.155	70.201	70.15	70.081	69.598	69.787	70.218	70.53	71.202	71.735	71.768	72.036	71.747	71.498	71.858	71.768	72.002	71.889	72.133	72.002	71.735	71.59	71.476	71.463	71.59	71.368	70.979	70.33	69.815	69.19	69.042	68.882	68.733	68.565	68.496	68.311	67.748	67.287	67.215	66.86	66.446	66.186	65.797	65.538	65.592	65.264	65.264	64.757	64.588	64.581	64.674	64.318	64.667	64.893	64.913	64.663	64.301	64.288	64.547	64.559	64.507	63.818	63.861	63.907	63.801	63.693	63.601	63.707	63.934	64.038
74.86	74.247	74.507	74.663	74.103	74.049	73.57	73.389	73.496	73.923	74.502	74.739	74.975	75.264	74.893	74.445	74.757	75.264	75.16	75.382	74.502	74.321	74.03	74.03	73.73	73.417	72.713	72.487	72.78	72.483	72.632	72.701	72.706	72.686	73.11	73.286	73.351	73.351	73.1	72.718	72.985	73.343	73.195	72.894	72.912	72.985	73.1	73.195	73.03	72.788	73.252	73.152	73.257	72.94	72.6	72.54	72.492	72.587	72.581	72.739	72.475	72.059	71.842	71.11	70.676	70.592	70.551	70.295	70.07	70.111	70.213	70.027	69.975	71.037	71.225	71.53	71.818	71.975	71.986	71.908	72.047	72.114	72.405	72.13	72.155	72.239	71.943	71.673	71.58	71.552	71.726	71.653	71.383	70.809	70.226	69.475	69.144	69.042	68.892	68.612	68.427	68.236	67.853	67.41	67.114	66.975	66.603	66.235	65.851	65.462	65.353	65.226	64.98	64.663	64.614	64.475	64.299	64.507	64.36	64.524	64.623	64.482	64.358	64.486	64.456	64.756	64.268	64.107	64.224	64.63	64.402	64.194	63.783	63.594	63.801	63.973	64.358
74.559	74.362	74.426	74.285	73.739	73.777	72.997	73.148	73.207	73.386	73.861	74.893	75.382	75.676	74.98	74.884	75.233	75.485	75.6	75.44	74.639	74.581	74.235	74.011	73.599	72.792	72.944	73.018	73.176	73.165	72.748	73.165	72.755	73.298	73.544	73.923	73.638	73.801	72.974	73.077	73.092	73.244	73.92	73.544	73.364	73.507	73.717	73.82	73.678	73.343	73.507	73.257	73.405	73.286	72.944	72.632	72.672	72.627	72.755	72.633	72.372	72.36	71.982	71.53	71.217	70.889	70.6	70.295	69.98	69.985	69.905	70.28	70.485	71.155	71.32	71.614	71.724	72.17	72.256	72.54	72.349	72.581	72.551	72.413	72.319	71.957	71.694	71.473	71.549	71.613	71.55	71.383	70.978	70.497	70.223	69.67	69.086	68.822	68.555	68.47	68.236	67.845	67.655	67.081	66.669	66.35	66.382	65.97	65.363	65.081	64.769	64.842	64.711	64.457	64.055	63.845	63.884	64.083	64.178	64.588	64.794	64.588	64.842	64.521	64.67	64.673	64.36	64.095	64.042	64.548	64.655	64.445	63.668	63.686	63.831	64.09	64.502
74.162	74.268	74.157	74.03	73.777	73.461	72.655	73.11	73.063	73.326	73.877	74.433	75.412	75.864	75.676	75.292	75.338	76.202	77.34	77.093	75.989	75.206	73.976	73.73	73.413	73.236	73.28	73.537	73.57	73.61	73.548	73.507	73.65	73.725	74.042	74.19	74.009	74.013	73.331	73.389	73.365	73.698	74.233	74.398	73.818	73.79	73.82	74.014	73.713	73.521	73.702	73.331	73.478	73.478	72.997	72.894	72.853	72.894	72.792	72.57	72.467	72.452	72.22	71.669	71.432	71.514	71.143	70.292	70.132	69.893	70.216	70.364	70.73	71.35	71.456	71.545	72.163	72.163	72.047	72.426	72.6	72.373	72.36	72.413	72.093	71.552	71.425	71.382	71.489	71.456	71.318	70.923	70.797	70.347	69.985	69.722	69.131	68.804	68.423	68.112	68.061	67.6	67.114	66.85	66.308	66.122	65.757	65.526	65.04	64.601	64.293	64.362	64.276	64.208	63.808	63.622	63.934	64.027	64.194	64.819	65.218	65.07	64.873	64.739	64.667	64.675	64.502	64.19	64.35	64.311	64.445	64.235	63.739	63.643	63.857	63.998	64.235
74.715	74.235	74.194	74.178	73.738	73.42	73.257	73.22	73.453	73.548	74.042	74.395	74.936	75.44	75.6	76.014	75.595	75.264	76.468	77.348	77.393	75.577	74.342	73.725	73.73	73.643	73.82	74.014	74.03	74.014	74.103	73.922	73.857	73.857	74.327	74.268	74.342	74.19	73.81	74.167	73.434	73.958	74.03	74.194	74.03	73.61	73.82	74.014	73.911	73.857	73.643	73.882	73.61	73.413	73.018	73.1	73.105	72.974	72.701	72.487	72.294	72.393	72.093	71.514	71.198	71.301	71.18	71.099	70.963	70.577	69.913	70.485	71.098	71.632	71.895	71.943	72.32	72.208	72.002	72.239	72.155	72.155	72.139	71.735	71.538	71.463	71.239	71.186	71.168	71.02	71.069	70.732	70.34	69.953	69.784	69.508	69.011	68.599	68.152	67.919	67.701	67.349	66.908	66.583	66.048	65.811	65.543	65.184	64.803	64.395	64.311	64.194	64.086	63.914	63.768	63.831	64.145	64.247	64.576	65.095	65.239	65.1	65.161	65.173	64.975	64.787	65.382	64.614	64.639	64.547	64.415	64.19	63.834	63.968	64.095	64.415	64.655
74.809	74.739	74.492	74.447	74.276	74.398	73.946	73.587	73.643	73.725	73.733	74.614	74.815	75.051	76.225	75.913	75.695	75.327	76.202	78.03	77.985	76.35	75.07	74.358	73.923	74.639	74.663	74.952	74.877	74.03	75.206	74.884	74.593	74.459	74.515	74.655	74.482	74.045	74.28	74.411	74.12	73.702	74.459	74.235	74.038	73.507	73.801	73.882	73.934	73.877	73.956	74.03	73.951	73.735	73.565	73.351	73.565	73.28	72.726	72.551	72.155	72.287	71.975	71.648	71.143	71.53	71.331	71.217	71.514	71.827	71.41	71.197	71.723	71.926	71.735	72.294	72.372	72.22	72.303	72.139	71.468	71.538	71.513	71.361	71.217	70.978	70.913	70.864	70.811	70.589	70.757	70.592	70.095	69.76	69.722	69.465	68.936	68.544	68.169	67.795	67.22	67.007	66.694	66.203	65.917	65.658	65.299	64.9	64.711	64.318	64.131	64.103	63.683	63.74	63.79	63.998	64.443	64.673	64.975	64.739	65.28	65.288	65.44	66.202	66.143	65.886	66.042	65.292	64.963	65.027	64.667	64.132	64.502	64.268	64.194	64.482	64.757
75.851	75.412	75.412	74.77	75.133	74.988	75.027	74.559	74.045	74.03	74.05	75.28	75.173	74.952	76.044	76.217	75.841	75.889	77.358	78.232	78.405	77.155	76.514	75.132	75.264	75.857	75.795	75.53	75.543	75.17	75.886	75.551	75.353	75.658	75.107	74.975	75.122	74.757	74.445	74.435	74.28	74.702	74.86	74.639	74.327	73.82	73.725	73.976	73.923	73.85	73.934	73.548	73.569	73.85	73.544	73.663	73.857	73.405	72.799	72.605	72.533	72.294	72.22	71.514	71.514	71.32	70.889	70.798	71.301	72.036	72.405	71.915	71.855	72.123	72.048	72.002	71.78	71.827	71.509	71.468	71.538	70.831	70.843	70.752	70.744	70.538	70.497	70.445	70.201	70.269	70.497	70.407	69.985	69.803	69.614	69.285	68.956	68.364	67.792	67.413	67.076	66.85	66.489	66.092	65.732	65.394	64.966	64.815	64.536	64.367	64.212	64.048	63.801	63.84	63.892	64.052	64.328	64.559	64.576	64.782	64.872	65.28	65.474	65.913	66.23	66.514	66.246	65.608	65.218	65.292	64.581	64.049	63.905	64.038	64.398	64.328	64.408
75.873	75.917	76.065	75.757	75.6	75.592	75.605	75.292	75.161	75.1	74.757	75.485	74.993	75.07	75.538	76.357	76.456	76.735	77.718	78.82	79.169	78.608	78.232	77.202	76.631	77.139	77.404	77.294	76.667	76.155	75.912	75.732	75.61	75.831	76.11	76.044	75.889	75.423	74.769	74.655	74.601	74.355	74.502	74.536	74.426	73.818	73.905	73.905	73.85	73.923	73.923	73.686	73.405	73.702	73.877	73.565	73.565	73.331	72.737	72.246	72.257	72.287	72.315	71.827	71.85	71.53	70.971	71.065	71.155	71.788	72.405	72.36	71.735	72.595	72.84	72.706	71.176	70.444	71.069	71.735	71.945	71.32	70.592	70.226	70.412	70.07	69.967	69.787	69.987	70.333	70.255	70.1	69.86	69.663	69.475	69.086	68.592	68.051	67.632	67.287	67.074	66.7	66.289	65.771	65.498	65.298	64.99	64.588	64.313	64.456	64.402	63.989	63.922	64.157	64.426	64.217	64.293	64.398	64.614	64.507	65.033	65.485	65.577	65.695	65.917	66.603	66.331	66.11	65.695	65.658	65.345	64.67	64.581	64.515	64.536	64.482	64.601
75.497	75.538	75.757	75.809	75.92	75.518	75.665	75.864	75.474	75.107	75.577	75.605	75.373	74.967	75.695	76.78	77.36	77.619	78.252	78.405	79.327	78.717	79.077	78.544	77.093	77.718	77.716	77.827	77.405	76.077	76.456	75.873	76.217	75.923	76.945	76.632	76.53	75.797	75.44	74.815	74.764	74.849	74.482	74.576	74.35	73.85	73.882	73.956	73.934	74.03	73.714	73.877	73.976	73.834	74.167	73.68	73.343	73.1	72.706	72.372	72.239	72.173	72.048	71.632	71.943	71.842	71.514	71.667	71.357	71.827	72.315	71.982	72.57	73.252	73.176	72.787	71.35	70.288	70.53	71.108	71.155	70.917	70.298	70.132	70.201	70.04	69.715	69.756	69.91	70.068	69.913	69.769	69.655	69.47	69.263	68.82	68.537	67.894	67.581	67.228	66.915	66.613	66.068	65.543	65.09	64.994	64.884	64.738	64.675	64.426	64.598	64.636	64.837	64.625	64.851	64.756	64.559	64.667	64.623	64.536	65.485	65.485	65.474	65.446	66.007	66.202	66.202	66.202	65.561	65.465	65.051	64.872	64.739	64.794	64.588	64.259	64.795
75.326	75.34	75.855	76.29	76.53	76.007	76.019	76.065	75.53	75.6	76.163	76.35	76.32	74.926	75.28	76.669	77.764	78.389	78.331	78.655	78.635	78.507	79.615	79.548	77.761	78.03	77.816	77.718	77.764	77.059	76.662	76.603	76.69	76.538	77.081	76.85	76.538	75.77	75.723	75.419	75.226	75.1	74.728	74.86	74.415	74.103	74.005	73.956	74.103	74.014	73.725	73.968	74.326	73.574	73.73	73.79	73.857	73.244	72.726	72.413	72.475	72.155	72.048	71.513	71.827	71.669	71.468	71.044	71.78	71.982	72.452	72.56	73.092	72.387	72.706	72.673	70.889	70.275	70.592	70.889	70.295	70.292	70.3	70.132	70.213	70.292	70.051	70.081	69.983	70.115	69.901	69.837	69.623	69.301	69.19	68.989	68.42	67.944	67.388	67.047	66.768	66.243	65.726	65.188	65.142	65.042	64.924	64.705	64.532	64.443	64.571	64.99	65.394	65.61	65.3	65.535	65.414	65.051	65.226	65.503	65.831	65.851	65.592	65.474	65.889	66.514	66.669	66.163	65.473	65.232	64.913	64.794	64.787	64.548	64.235	64.327	64.757
75.526	75.485	75.886	76.542	77.007	76.811	76.548	76.688	76.217	76.068	76.538	76.889	76.476	75.364	74.815	76.357	77.228	78.655	78.857	79.739	79.28	78.857	79.663	78.968	78.655	78.077	78.232	77.973	77.673	77.607	77.315	77.228	77.167	77.047	77.208	76.956	76.548	75.809	75.299	75.239	75.28	75.1	74.787	74.82	74.559	74.224	74.215	74.35	74.194	74.045	73.989	73.82	73.968	74.03	74.527	73.801	73.764	73.61	72.485	72.452	72.271	72.093	71.514	71.662	71.597	71.357	70.905	69.975	71.665	71.686	72.447	71.514	71.376	71.357	71.669	71.327	70.264	70.264	70.53	70.592	70.577	70.695	70.353	70.115	70.1	70.081	69.739	69.67	70.051	69.849	69.739	69.673	69.612	69.433	69.038	68.73	68.417	67.761	67.208	66.747	66.422	66.048	65.535	65.265	65.146	65.031	64.746	64.493	64.446	64.49	64.675	64.86	65.652	65.913	65.752	65.923	65.873	65.568	65.72	65.913	65.612	65.889	65.78	65.676	65.78	67.349	67.313	66.538	65.752	65.248	64.975	64.502	64.36	64.409	64.327	64.636	65.889
75.798	75.873	76.143	77.36	77.54	77.257	77.673	77.985	77.726	77.467	76.842	76.78	76.632	75.282	74.975	75.702	77.239	78.389	78.857	79.482	79.502	79.009	79.502	79.19	78.79	78.565	78.389	78.077	77.854	77.864	77.627	77.632	77.523	77.269	77.372	77.163	76.614	76.065	75.518	75.07	74.989	75.081	74.975	74.86	74.426	74.342	74.235	74.358	74.507	74.475	74.36	74.132	74.169	73.764	74.014	73.754	74.19	73.232	72.447	72.134	72.257	71.217	70.889	70.889	71.007	71.154	70.127	69.695	70.264	71.128	70.288	70.843	70.561	70.858	71.007	70.963	70.577	70.752	70.474	70.419	70.412	70.172	70.264	69.849	69.614	70.173	69.967	69.815	69.739	69.445	69.268	69.224	69.489	69.358	68.877	68.417	68.051	67.863	67.117	66.824	66.463	66.069	65.855	65.585	65.497	65.142	64.769	64.67	64.561	64.456	64.711	64.888	65.485	65.725	65.798	65.752	66.044	66.377	66.143	66.186	66.11	66.163	65.886	65.978	66.956	66.662	66.509	66.045	65.695	64.98	64.787	64.475	64.35	64.35	64.728	65.485	65.724
76.277	76.065	76.735	77.36	77.393	77.093	76.788	77.919	78.202	78.343	77.348	76.69	76.669	75.518	75.732	76.007	76.669	77.816	78.801	79.19	78.663	79.131	79.013	78.855	79.327	78.801	78.47	78.232	78.176	77.985	77.627	77.673	77.49	77.54	77.36	76.545	76.768	76.23	75.752	75.518	75.34	75.381	75.394	74.985	74.581	74.327	74.445	74.581	74.842	74.794	74.757	74.757	74.728	74.077	74.28	73.725	73.702	72.483	72.452	72.048	71.514	71.065	70.695	70.695	70.577	70.438	69.576	69.486	69.798	70.364	70.206	70.44	70.538	70.382	70.74	70.989	70.382	70.28	70.184	70.218	70.28	70.288	69.98	69.502	69.548	69.601	69.655	69.193	69.482	69.28	68.857	68.923	69.28	69.014	68.622	68.082	67.84	67.564	67.219	66.635	66.476	66.122	66.163	65.92	65.693	65.292	65.127	64.757	64.803	64.849	64.913	65.6	65.798	65.592	65.889	66.044	66.952	66.735	66.693	67.101	67.007	66.669	66.915	66.53	66.681	66.885	66.667	65.989	65.462	64.792	64.663	64.235	64.011	64.268	65.051	66.09	66.723
76.632	77.315	77.36	77.228	77.534	77.864	77.689	77.985	78.4	78.343	77.294	76.233	76.538	75.905	75.605	75.497	76.423	77.405	77.919	79.03	79.757	78.737	78.42	79.19	79.358	78.717	78.343	78.038	77.919	77.764	77.882	77.873	77.792	77.413	77.155	76.41	76.69	76.331	76.007	75.826	75.568	75.652	75.261	75.068	74.983	74.728	74.975	75.132	75.04	74.964	74.975	74.975	74.769	74.58	74.327	73.4	73.077	72.551	72.36	72.059	71.69	71.538	71.019	70.752	70.989	70.577	70.353	69.63	69.848	69.967	69.967	69.872	70.107	70.161	70.288	70.382	69.913	69.35	69.456	69.815	70.173	70.28	70.206	69.03	69.103	69.443	69.038	69.288	69.655	69.322	69.03	69.327	69.038	69.114	68.956	68.311	67.769	67.632	67.342	66.735	66.377	66.019	66.11	65.809	65.732	65.382	65.1	64.987	64.842	64.86	65.485	66.353	66.514	66.264	66.369	66.982	67.405	67.093	67.294	68.03	67.413	67.467	67.405	67.452	67.271	67.315	66.538	65.78	65.474	64.975	64.639	64.35	64.502	65.28	66.044	66.468	66.468
77.36	77.294	77.139	77.718	78.544	78.857	78.018	78.232	78.159	78.232	77.426	76.476	76.301	75.92	75.889	75.605	76.538	77.002	78.298	79.815	79.581	79.028	78.857	79.639	79.639	79.456	79.235	79.327	78.61	78.038	78.195	78.165	78.077	77.294	77.101	76.377	76.377	76.357	75.798	75.886	75.736	75.608	75.328	75.201	75.445	75.161	75.206	75.226	75.292	75.292	75.444	75.107	74.548	74.268	73.507	73.077	72.584	72.827	72.349	71.982	71.982	71.855	71.514	71.29	71.29	70.61	70.831	70.467	70.033	69.884	69.64	69.445	69.194	69.559	69.748	70.1	70.173	69.502	69.655	69.798	69.913	69.893	69.819	68.638	68.297	68.801	68.638	69.72	70.127	70.353	70.53	70.259	70.725	70.695	69.655	68.801	68.28	67.94	67.78	67.002	66.463	65.927	65.963	65.831	65.44	65.44	65.051	65.133	64.985	65.16	65.889	66.202	67.358	67.093	67.405	67.985	67.607	67.919	67.917	68.717	67.78	68.03	68.232	68.507	68.316	68.077	66.982	65.925	65.538	65.161	64.794	64.363	65.04	65.732	65.831	65.382	65.419
77.607	77.294	77.257	77.114	78.389	79.169	78.232	78.298	78.026	77.985	77.627	77.002	76.411	76.318	76.138	76.143	76.669	77.586	78.663	79.593	79.536	79.72	79.728	80.295	80.971	80.213	79.967	80.107	79.593	79.455	78.702	78.386	78.232	77.405	76.724	76.879	76.468	76.099	76.357	76.361	76.037	75.695	75.353	75.394	75.226	75.577	75.298	75.44	75.577	75.648	75.44	74.655	74.327	73.663	72.691	72.36	72.764	72.483	72.138	72.002	71.632	71.514	71.32	71.423	71.788	71.202	71.143	70.886	70.161	70.07	70.173	69.301	69.301	68.98	69.355	70.28	70.206	69.757	69.794	69.905	69.794	69.975	69.715	68.583	68.252	68.548	69.045	69.819	70.706	70.905	71.356	71.514	71.044	70.843	70.173	69.691	68.423	68.165	67.912	67.349	66.788	66.225	65.905	65.538	65.127	65.752	66.007	66.11	65.952	65.795	66.042	66.509	66.998	68.076	68.552	67.718	67.792	68.388	68.698	68.882	68.701	68.968	69.905	69.967	68.807	68.073	67.607	67.139	66.753	66.24	66.202	65.612	66.32	66.202	65.843	66.459	66.699
77.882	77.57	77.864	77.718	78.392	79.169	78.923	78.434	78.225	77.78	77.718	77.123	76.747	76.768	76.855	76.673	77.568	78.03	78.801	79.548	80.058	80.161	80.419	80.676	81.635	80.905	80.316	80.732	80.259	79.445	79.28	78.291	78.092	76.681	77.002	76.982	77.093	76.956	76.476	76.456	76.007	75.6	75.353	75.058	75.226	75.347	75.592	75.538	75.526	75.44	75.292	74.893	73.73	73.013	72.36	72.489	72.426	72.228	71.53	71.069	70.577	70.6	71.202	71.155	71.225	71.065	70.561	70.592	70.206	70.132	70.07	69.967	69.35	69.456	69.114	69.842	70.107	70.132	70.1	70.288	70.264	69.893	69.35	68.051	68.413	68.487	68.911	69.67	70.258	70.851	71.456	71.889	71.883	70.905	70.577	69.905	68.79	68.206	67.792	67.257	66.811	66.29	65.864	65.53	65.831	66.468	66.202	66.982	67.107	66.42	65.913	66.466	66.826	68.224	67.294	67.607	68.018	68.544	69.639	69.139	69.482	69.655	70.701	71.78	70.579	69.167	68.265	67.864	68.236	68.47	67.413	66.827	68.195	67.093	66.825	66.803	66.827
77.627	77.919	77.452	78.343	78.577	78.561	78.655	78.405	77.788	77.764	77.173	77.239	77.239	77.655	77.845	77.919	78.655	79.235	79.86	80.412	80.798	80.864	80.732	81.155	81.069	80.288	80.07	79.952	80.051	79.545	79.169	77.985	77.627	77.294	77.452	77.568	77.233	77.155	76.945	76.217	75.612	75.412	75.186	74.913	74.849	74.819	74.967	75.218	75.201	75.127	74.872	74.145	73.42	72.488	72.426	72.413	72.059	71.377	71.842	71.357	70.605	70.725	71.11	71.037	70.889	70.831	70.172	70.132	70.353	70.226	69.773	70.173	69.893	69.581	69.363	70.551	70.6	70.605	70.561	70.173	70.42	70.264	69.445	68.478	68.483	68.599	68.801	69.194	69.98	70.905	71.926	71.842	71.85	71.577	71.566	70.264	69.086	68.077	67.673	67.239	66.712	66.32	66.044	66.155	66.69	66.53	67.045	66.827	66.98	67.779	67.557	68.03	67.081	67.718	67.603	67.718	68.1	68.389	69.86	69.235	69.459	69.905	71.514	71.889	71.147	70.577	69.132	69.347	70.327	70.695	69.952	69.146	69.905	70.173	68.334	68.044	66.78
77.944	77.673	78.046	78.232	78.79	78.434	78.077	78.165	77.413	77.208	77.6	77.655	77.739	77.94	78.655	78.81	79.905	80.218	80.473	80.752	80.53	80.518	81.006	80.905	80.978	80.206	79.581	79.639	79.655	79.482	78.655	78.232	77.78	77.915	77.627	77.388	77.319	77.048	76.528	75.786	75.292	75.081	75.051	74.983	74.98	75.132	75.119	75.04	74.674	74.475	73.989	73.643	72.836	72.452	72.167	71.768	71.411	71.065	71.155	71.217	70.934	70.9	70.955	70.752	71.044	70.913	70.538	69.949	69.91	70.081	70.133	70.184	70.248	69.63	70.1	70.786	70.605	71.178	71.483	71.11	71.423	70.732	69.342	68.389	67.701	68.1	68.507	68.42	69.169	70.795	72.315	72.718	72.514	71.217	70.53	69.65	68.676	67.94	67.483	67.155	66.423	66.514	66.603	66.735	67.163	67.405	67.091	66.735	67.776	68.03	68.471	67.405	68.669	67.393	67.358	67.202	68.077	68.556	68.702	69.327	69.146	69.28	70.218	70.185	70.841	69.795	68.834	71.514	74.132	74.066	74.025	73.03	71.136	71.842	69.17	67.514	67.155
78.108	77.788	77.882	78.232	78.82	78.956	78.544	78.165	77.167	77.287	77.788	77.788	78.183	78.599	79.245	79.639	80.682	79.757	80.709	81.099	80.652	80.44	80.635	81.283	81.202	80.07	79.013	79.482	79.795	79.482	78.702	77.838	77.467	77.551	77.57	77.527	77.239	76.53	76.143	75.695	75.068	74.98	74.967	75.107	74.975	74.952	74.819	74.581	74.288	73.956	73.465	73.105	72.944	72.081	71.943	71.456	71.511	71.225	71.468	70.923	70.851	70.736	70.223	71.065	71.827	71.662	70.989	70.467	70.725	70.518	70.292	70.28	70.173	69.849	70.518	70.605	70.512	70.485	71.357	71.669	71.53	70.577	69.169	68.331	67.864	67.94	68.232	68.331	68.389	69.445	71.353	71.776	71.78	70.764	70.247	69.426	68.544	67.673	67.123	66.842	66.456	66.32	66.456	67.002	67.139	67.496	67.919	67.754	67.764	67.294	67.081	66.982	67.081	66.441	66.614	67.136	68.092	68.853	69.169	69.025	68.717	68.343	68.507	68.232	69.498	68.778	70.244	73.232	76.301	76.543	75.477	74.952	72.139	70.185	69.905	67.452	67.29
79.169	78.23	77.788	78.702	78.968	78.544	78.717	78.105	77.467	78.03	77.864	77.798	77.94	78.373	79.146	79.445	79.926	81.099	81.357	80.851	80.518	80.264	80.917	81.858	81.35	79.355	78.91	79.794	79.014	78.343	77.882	77.077	76.855	77.036	77.319	77.533	76.538	76.154	76.007	75.485	74.893	74.872	75.1	74.561	74.415	74.217	73.911	73.911	74.045	74.327	73.655	73.195	72.881	71.669	71.545	71.456	71.23	71.155	70.905	70.809	70.752	70.889	70.173	70.785	72.294	72.763	71.662	71.301	71.23	70.889	70.695	70.28	70.161	70.173	70.538	71.019	70.419	70.989	71.092	71.422	71.069	70.173	69.268	68.537	68.286	67.94	68.051	68.452	68.202	68.956	70.014	71.202	70.709	70.952	70.577	70.261	68.873	67.426	66.748	66.451	66.377	66.163	66.331	66.019	65.924	65.894	66.669	66.855	66.669	66.78	66.538	66.122	65.917	65.665	66.069	66.747	67.795	68.092	68.702	68.544	67.94	67.002	66.959	67.348	68.557	69.07	70.004	74.014	75.904	76.566	75.579	75.577	72.906	69.254	68.855	66.669	66.49
80.902	79.235	79.478	79.545	79.038	78.61	78.386	77.94	77.739	78.331	78.507	78.025	78.599	79.048	79.35	80.111	80.757	81.468	81.138	80.561	80.538	81.007	81.669	81.908	81.04	79.435	78.717	79.326	78.195	77.627	77.048	76.735	76.53	76.69	76.982	76.632	75.913	75.53	75.444	74.601	74.36	74.601	74.677	74.324	74.042	73.808	74.048	74.19	74.905	74.913	74.639	73.232	72.6	71.405	71.233	71.193	71.143	70.838	70.417	70.53	70.53	70.577	70.419	70.732	72.035	72.919	72.349	71.357	71.155	70.226	70.149	69.967	69.921	70.04	71.045	71.11	70.485	70.843	71.225	71.29	70.474	70.051	69.548	68.801	68.176	68.331	68.108	68.092	68.23	68.968	70.107	70.6	71.632	70.732	70.415	69.948	69.132	67.764	67.239	66.855	66.514	66.11	66.123	66.32	66.065	65.961	65.732	65.561	66.083	66.225	65.978	65.577	65.6	65.665	66.603	67.36	67.607	67.436	67.167	66.915	66.982	67.093	66.78	66.975	67.475	68.018	68.764	71.733	74.389	72.827	73.717	73.751	72.67	68.365	67.294	65.889	65.629
81.842	80.843	79.893	79.952	79.593	78.882	78.544	78.1	77.882	78.348	78.507	79.157	79.169	80.382	80.865	81.423	81.982	81.35	80.665	80.239	80.382	81.217	81.959	81.143	79.893	79.593	79.535	78.701	78.03	77.155	76.202	76.044	76.377	76.456	76.217	75.843	75.382	75.095	74.445	74.408	74.247	74.456	74.342	74.132	74.169	74.114	74.144	74.601	74.815	74.983	74.757	73.902	72.78	71.588	71.35	71.514	71.577	70.605	70.264	70.995	71.889	72.093	70.98	71.217	72.045	72.827	71.926	71.355	71.373	70.621	70.732	69.482	69.815	69.893	71.155	71.411	70.905	70.913	71.225	70.905	70.107	69.794	69.452	68.941	68.105	68.225	68.507	68.364	68.11	68.713	68.343	69.905	69.84	70.798	70.485	69.593	69.409	68.939	67.718	67.378	67.139	66.78	66.542	66.423	66.202	66.007	65.605	65.665	65.965	65.978	65.518	65.382	65.965	66.538	66.551	67.081	67.413	66.549	66.595	66.956	66.763	66.657	66.788	66.489	66.902	67.101	67.22	68.195	69.593	70.076	71.061	70.634	69.132	67.627	66.78	65.396	64.794
81.357	81.69	80.9	79.98	79.663	78.923	78.663	78.171	78.195	78.28	79.19	79.548	79.655	80.6	81.632	81.538	81.85	81.23	80.798	80.292	80.851	81.85	81.538	80.206	79.967	79.268	78.405	77.627	77.035	76.202	75.107	74.84	75.658	75.798	75.306	74.667	74.475	74.548	73.663	73.73	73.989	74.447	74.952	74.787	74.782	74.663	74.86	74.757	75.242	75.04	74.655	74.114	73.405	72.718	72.269	72.405	71.577	70.843	71.044	71.353	72.405	71.879	71.838	71.511	72.191	72.405	71.357	71.155	70.839	70.843	69.663	69.371	69.426	69.673	70.659	70.843	70.474	70.44	71.044	71.044	70.28	69.667	68.976	68.697	68.092	68.519	68.232	68.507	68.257	67.627	67.57	67.816	68.702	69.494	70.07	70.189	70.419	68.343	68.053	67.936	67.779	67.115	66.646	66.78	66.669	66.217	65.614	65.577	65.889	65.485	65.444	65.592	66.065	66.32	66.32	66.827	66.694	66.496	66.747	66.864	67.27	67.558	67.518	67.27	66.919	66.476	66.632	67.526	68.725	69.651	69.655	68.671	66.724	65.889	65.07	64.655	63.923
80.889	80.998	80.572	79.952	78.998	78.733	78.801	79.224	78.882	78.82	79.355	79.667	80.027	80.577	81.163	81.662	81.842	81.538	81.069	81.037	81.225	81.614	81.225	80.419	79.132	77.761	78.228	77.467	76.225	75.6	75.213	75.07	75.051	74.893	74.691	73.857	73.686	73.655	73.326	73.565	73.998	74.475	74.757	75.107	75.264	74.952	75.028	75.173	75.28	75.04	74.663	74.566	73.861	73.195	72.413	72.36	71.932	71.468	71.41	71.754	72.262	72.084	72.155	72.035	72.271	72.271	71.514	70.843	70.989	70.07	69.928	69.482	69.86	69.985	70.752	70.913	70.518	70.809	71.065	70.572	70.111	69.893	69.169	68.195	67.269	67.483	68.1	68.343	68.565	68.003	67.673	68.1	68.413	68.563	68.79	69.362	70.107	69.409	68.717	68.289	67.983	67.404	66.932	66.357	66.423	66.476	66.301	66.155	65.752	65.757	65.605	65.44	65.61	65.6	66.78	66.07	66.083	66.414	66.729	66.858	67.215	67.6	68.009	68.676	68.548	68.298	68.072	68.232	69.28	69.389	68.365	66.982	66.238	65.924	64.849	64.415	63.79
81.108	80.732	80.08	79.67	79.144	78.423	78.478	78.818	79.327	78.85	79.342	80.127	80.127	80.53	81.542	81.664	81.926	81.463	81.32	81.318	81.087	81.35	80.53	80.103	78.968	77.607	76.69	76.559	76.377	75.621	74.98	74.967	74.576	74.235	73.519	73.061	73.569	73.725	73.405	73.82	74.194	74.548	74.926	75.173	75.218	74.848	74.905	75.173	75.419	74.926	74.815	74.86	73.956	73.1	72.294	71.827	71.78	72.294	71.49	72.405	72.816	72.452	72.294	72.139	71.98	71.41	71.69	70.173	69.893	69.967	69.975	69.598	70.04	70.485	71.143	71.468	71.069	70.752	70.706	70.538	69.837	69.235	68.599	67.919	67.393	67.48	67.36	68.118	68.496	67.882	67.985	68.252	68.507	68.507	69.235	69.639	69.794	69.097	68.92	68.544	67.714	67.514	67.093	66.53	66.202	66.357	66.301	65.809	65.444	65.1	64.848	64.86	65.546	65.577	66.037	65.449	65.683	66.053	66.694	66.97	67.413	68.236	68.956	69.98	70.218	69.975	70.107	70.6	71.098	71.143	70.73	69.402	67.607	65.924	65.04	64.311	63.738
80.913	80.592	80.107	80.07	80.264	79.224	79.502	79.268	79.113	79.235	79.445	80.184	80.292	81.11	81.695	81.915	81.528	81.514	81.694	81.538	80.979	80.485	79.757	78.717	77.718	76.665	75.78	76.037	76.434	74.952	74.655	74.132	74.03	73.725	73.364	73.423	73.857	73.923	73.877	74.224	74.581	74.581	75.28	75.264	74.967	74.815	75.081	75.295	75.353	74.913	75.419	74.905	74.28	73.105	72.78	72.699	73.343	72.292	71.357	71.733	72.239	72.315	72.048	71.735	71.32	70.843	70.577	69.849	69.541	69.739	69.983	70.058	70.444	70.412	70.961	70.913	70.826	70.732	70.816	70.889	70.553	69.288	68.405	67.483	67.413	67.173	67.393	67.483	68.152	68.013	67.739	67.912	68.176	68.423	69.167	69.379	68.91	68.764	68.678	68.343	67.973	67.57	67.191	66.32	66.048	65.952	66.155	65.608	65.115	64.588	64.787	65.173	65.709	65.417	65.051	64.943	65.364	65.925	67.174	67.912	68.236	68.882	69.98	70.889	70.831	71.468	71.822	72.294	72.504	73.03	72.764	70.732	68.139	66.217	65.357	64.53	64.131
82.139	81.434	81.32	81.007	81.044	80.798	80.264	79.849	79.03	79.328	79.67	79.952	80.23	81.284	81.489	81.735	81.827	81.572	81.542	81.614	81.007	80.577	79.67	78.507	77.294	76.202	75.292	75.161	75.161	74.35	73.801	73.257	73.108	73.405	73.693	73.857	73.877	73.61	74.28	74.581	74.756	74.794	75.538	75.826	75.702	75.497	75.474	75.474	75.292	75.711	75.639	74.893	73.99	72.699	72.718	72.827	73.232	71.733	71.514	71.41	71.632	71.956	71.099	70.676	70.474	70.023	69.893	69.486	69.363	69.63	70.058	70.248	70.905	71.277	70.965	70.683	70.288	70.725	70.676	70.6	70.167	69.322	68.544	67.78	67.453	67.59	67.112	67.319	67.6	67.393	67.706	67.748	67.661	67.78	67.765	67.672	67.257	67.714	68.092	68.108	67.706	67.348	66.982	66.217	65.538	65.6	65.577	65.107	64.849	64.49	64.639	64.947	66.468	65.518	64.86	65.04	65.474	66.014	67.764	68.857	70.103	70.577	71.225	71.632	71.723	72.093	71.842	72.315	72.349	72.885	73.139	70.843	67.763	66.32	65.518	64.697	64.288
81.78	81.377	80.752	80.851	80.676	79.983	79.849	79.342	79.486	79.358	79.614	80.336	80.988	81.235	81.514	81.827	81.669	81.423	81.456	81.603	81.326	79.815	79.327	79.186	77.405	75.73	75.105	74.739	74.358	73.738	73.61	73.193	73.405	73.857	74.581	74.581	74.288	74.103	74.169	74.655	74.975	75.28	76.069	76.202	76.202	76.154	75.732	76.007	75.798	75.98	75.732	74.815	73.698	72.155	72.093	72.002	71.514	71.264	71.225	71.101	71.087	70.613	69.815	69.673	69.888	69.24	68.883	69.049	69.355	69.711	70.28	70.725	70.843	70.889	70.42	70.97	70.474	70.107	70.198	70.412	70.218	69.318	68.655	67.974	67.701	67.633	67.22	66.986	67.228	67.081	67.349	67.706	67.666	67.754	68.685	67.795	67.873	67.764	68.185	67.985	67.862	66.858	66.203	65.665	65.381	65.497	65.226	64.876	64.756	64.967	65.107	65.676	65.592	64.987	64.815	64.924	65.989	67.452	68.544	69.358	70.107	70.695	71.044	71.632	71.577	71.53	71.155	71.334	71.669	72.47	71.53	69.702	67.294	66.217	65.345	64.426	64.355
81.456	80.752	80.239	80.364	79.967	79.19	79.014	79.235	79.358	79.667	79.926	80.382	80.798	81.233	81.827	81.49	82.048	81.982	81.855	81.35	80.577	79.327	78.717	78.834	77.718	76.044	74.803	74.502	73.877	73.507	73.676	73.956	73.725	73.956	74.952	75.206	75.347	75.382	75.394	75.173	75.676	75.665	76.468	76.632	76.827	76.514	76.32	76.402	75.913	75.989	75.419	74.557	73.195	72.048	72.093	71.639	71.377	71.037	70.695	70.605	70.444	70.051	69.571	69.304	69.263	68.911	68.548	68.963	69.447	69.967	70.518	70.485	70.105	70.37	71.155	70.6	70.798	70.382	70.577	70.107	69.848	69.548	68.702	67.864	67.788	67.533	67.228	66.759	67.114	66.926	67.007	67.337	67.755	68.298	67.467	68.232	68.286	68.077	67.475	67.54	67.059	66.151	65.518	65.269	65.3	65.467	65.605	65.255	65.485	65.752	66.945	66.982	65.551	65.683	65.081	66.423	67.294	68.655	70.107	69.769	69.913	70.06	70.538	70.917	71.35	70.592	69.593	69.964	69.952	69.771	68.855	66.788	66.301	65.497	64.778	63.907	63.801
81.669	80.676	79.952	79.967	79.507	78.877	79.103	79.132	79.169	79.53	79.888	80.394	80.659	81.423	81.538	81.646	81.85	81.827	81.411	81.007	79.893	79.327	78.544	78.225	77.452	76.357	74.794	73.82	73.298	73.225	73.592	73.801	73.877	73.877	74.787	75.905	76.263	76.176	76.277	76.423	76.201	76.514	76.788	76.632	76.768	76.78	76.514	76.53	76.217	76.217	75.382	74.338	73.298	72.093	71.842	71.669	71.32	70.913	70.518	70.485	70.132	69.64	69.189	69.091	69.005	68.657	68.553	68.686	69.711	69.819	70.264	70.218	70.259	70.695	70.518	70.264	69.983	70.53	70.17	70.014	69.905	68.968	68.413	67.882	67.57	67.373	67.22	66.726	66.712	66.603	67.163	67.047	67.853	67.792	68.03	68.507	68.544	67.919	67.607	66.788	66.434	65.676	65.237	65.196	65.395	65.497	65.497	65.978	66.514	67.348	67.759	67.718	67.319	66.525	67.446	68.853	69.593	70.695	70.889	71.225	70.292	70.28	70.184	70.127	70.107	69.905	68.655	67.661	67.294	66.514	65.843	65.44	65.027	64.675	63.868	63.717	63.351
