68.074	68.287	68.247	68.227	68.212	68.014	67.97	67.949	67.957	68.009	68.021	67.947	67.962	68.059	68.024	68.012	67.991	67.97	67.927	67.955	67.89	67.955	68.071	68.004	67.942	67.917	67.984	67.956	67.949	67.927	67.919	67.879	67.879	68.045	68.047	68.05	67.995	68.033	67.968	68.045	68.093	68.136	67.929	67.839	67.892	68.095	68.214	68.279	68.11	68.32	68.413	68.595	68.394	68.398	68.347	68.402	68.291	68.138	68.24	68.268	68.131	68.04	67.884	67.746	67.719	67.709	67.68	67.711	67.687	67.771	67.702	67.677	67.663	67.71	67.739	67.763	67.682	67.708	67.771	67.69	67.61	67.681	67.76	67.685	67.691	67.76	67.818	67.827	67.846	67.82	67.731	67.567	67.433	67.289	67.361	67.452	67.473	67.565	67.649	67.784	67.787	67.825	67.849	67.795	67.64	67.743	67.708	67.691	67.633	67.593	67.554	67.576	67.571	67.595	67.55	67.581	67.559	67.552	67.598	67.558	67.44	67.358	67.312	67.343	67.228	67.151	67.118	67.119	67.002	67.01	67.022	67.092	67.215	67.34	67.447	67.337	67.384
68.042	68.253	68.341	68.131	68.021	67.865	67.73	67.745	67.746	67.888	68.137	68.204	68.181	68.202	68.099	68.107	68.088	67.93	67.871	67.889	67.833	68.073	68.118	68.196	68.065	67.993	67.952	67.928	67.821	67.808	67.771	67.737	67.892	67.987	68.04	68.058	68.029	68.211	68.162	68.048	68.077	68.084	67.989	67.858	67.94	68.158	68.331	68.314	68.221	68.329	68.425	68.292	68.314	68.31	68.242	68.224	68.103	68.038	67.949	67.996	67.849	67.813	67.837	67.693	67.618	67.515	67.591	67.53	67.481	67.394	67.437	67.48	67.536	67.653	67.595	67.522	67.495	67.585	67.537	67.505	67.421	67.404	67.408	67.511	67.515	67.586	67.699	67.74	67.779	67.646	67.507	67.317	67.336	67.257	67.272	67.281	67.329	67.435	67.506	67.575	67.655	67.684	67.608	67.474	67.466	67.445	67.447	67.475	67.405	67.333	67.289	67.279	67.277	67.334	67.281	67.39	67.26	67.118	67.257	67.203	67.146	67.12	67.228	67.156	67.136	67.107	66.995	66.928	66.87	66.836	66.781	66.865	67.015	67.018	67.048	67.08	67.099
67.978	68.262	68.334	68.151	67.965	67.834	67.784	67.791	67.783	68.017	68.287	68.251	68.243	68.17	68.285	68.175	68.178	68.158	68.083	68.022	67.881	67.969	68.048	68.072	67.98	67.977	67.947	67.843	67.829	67.777	67.833	67.906	67.909	67.981	68.118	68.219	68.216	68.29	68.14	67.982	68.069	67.983	67.924	67.891	68.118	68.195	68.274	68.351	68.403	68.592	68.504	68.428	68.261	68.277	68.241	68.17	68.151	68.015	68.026	67.831	67.779	67.743	67.698	67.751	67.459	67.484	67.416	67.364	67.373	67.39	67.336	67.324	67.373	67.424	67.477	67.405	67.343	67.375	67.437	67.346	67.254	67.251	67.406	67.456	67.505	67.479	67.451	67.562	67.455	67.377	67.223	67.217	67.208	67.124	67.181	67.115	67.152	67.22	67.363	67.468	67.579	67.575	67.441	67.265	67.215	67.305	67.277	67.311	67.166	67.146	67.12	67.102	67.146	67.103	67.118	66.968	66.903	66.859	66.982	67.009	67.065	66.999	66.956	66.858	66.821	66.741	66.743	66.795	66.719	66.693	66.702	66.64	66.682	66.64	66.689	66.777	66.852
68.198	68.38	68.377	68.337	68.198	68.064	68.041	68.031	68.11	68.23	68.298	68.286	68.3	68.242	68.278	68.337	68.343	68.252	68.091	68.004	67.898	68.043	68.008	68.018	68.017	67.929	67.865	67.861	67.807	67.813	67.879	68.027	68.14	68.176	68.253	68.315	68.29	68.2	68.095	67.975	68.006	68.006	68.001	68.163	68.154	68.182	68.297	68.289	68.424	68.584	68.475	68.417	68.369	68.336	68.252	68.114	68.116	68.231	68.02	67.848	67.729	67.608	67.475	67.442	67.36	67.364	67.377	67.383	67.459	67.383	67.383	67.205	67.261	67.401	67.352	67.291	67.207	67.201	67.315	67.37	67.295	67.34	67.488	67.406	67.382	67.376	67.408	67.342	67.281	67.284	67.235	67.083	66.996	67.049	67.105	67.13	67.092	67.025	67.08	67.263	67.449	67.393	67.366	67.334	67.418	67.267	67.181	67.109	67.042	66.912	66.837	66.936	66.921	67.001	66.921	66.787	66.709	66.833	66.806	66.754	66.693	66.605	66.527	66.485	66.418	66.403	66.43	66.518	66.484	66.468	66.412	66.303	66.219	66.24	66.262	66.394	66.541
68.497	68.483	68.417	68.336	68.234	68.27	68.28	68.184	68.308	68.394	68.542	68.492	68.466	68.333	68.342	68.262	68.195	68.19	68.103	68.06	68.001	67.958	68.016	67.973	68.033	68.002	68.002	67.949	67.951	67.832	67.955	67.993	68.037	68.199	68.22	68.204	68.099	68.178	67.942	67.966	68.054	68.106	68.132	68.149	68.198	68.21	68.339	68.429	68.388	68.444	68.307	68.256	68.26	68.125	68.135	68.151	68.173	68.211	68.125	67.972	67.797	67.488	67.383	67.374	67.337	67.305	67.273	67.346	67.306	67.25	67.255	67.149	67.122	67.083	67.243	67.13	67.092	67.072	67.106	67.234	67.408	67.422	67.419	67.253	67.188	67.16	67.138	67.148	67.136	67.131	67.118	66.987	66.904	66.934	66.875	66.869	66.929	67.007	67	67.115	67.157	67.194	67.233	67.16	67.206	67.109	66.957	66.849	66.758	66.749	66.632	66.615	66.737	66.674	66.628	66.512	66.569	66.622	66.618	66.527	66.419	66.349	66.299	66.25	66.211	66.152	66.176	66.255	66.279	66.262	66.239	66.121	66.018	66.007	66.067	66.232	66.409
68.557	68.485	68.511	68.357	68.239	68.137	68.125	68.337	68.388	68.335	68.4	68.476	68.466	68.438	68.381	68.303	68.145	68.16	68.193	68.112	68.049	68.001	67.952	67.949	67.998	67.886	67.865	67.859	67.813	67.813	67.841	68.027	68.006	68.075	68.031	68.039	68.006	67.976	67.842	67.981	68.161	68.351	68.353	68.366	68.303	68.165	68.28	68.221	68.237	68.092	68.068	68.016	67.966	67.978	68.055	68.077	67.94	67.895	67.784	67.731	67.7	67.548	67.528	67.445	67.289	67.231	67.188	67.27	67.122	67.119	67.032	67.031	67.012	67.026	67.034	66.971	67.021	67.063	67.087	67.101	67.103	67.127	67.165	67.011	66.954	66.897	66.977	66.994	66.917	66.795	66.72	66.718	66.733	66.656	66.652	66.705	66.725	66.83	66.946	66.966	67.004	66.985	66.945	66.949	66.952	66.783	66.681	66.612	66.448	66.428	66.425	66.362	66.36	66.311	66.315	66.325	66.318	66.352	66.396	66.385	66.296	66.152	66.078	66.048	65.987	65.965	66.041	66.085	66.045	66.056	66.086	66.028	65.927	65.946	65.932	65.976	66.152
68.36	68.398	68.294	68.257	68.23	68.173	68.035	68.12	68.249	68.377	68.376	68.327	68.342	68.3	68.41	68.349	68.237	68.315	68.358	68.212	68.155	68.048	67.916	67.867	67.846	67.82	67.717	67.725	67.791	67.835	67.867	67.902	67.949	67.927	67.886	67.828	67.725	67.806	67.875	68.021	68.085	68.189	68.081	68.076	67.99	68.013	67.876	67.952	67.926	67.892	67.824	67.844	67.777	67.767	67.796	67.676	67.639	67.591	67.591	67.508	67.438	67.352	67.234	67.251	67.182	67.068	67.156	67.064	67.059	66.889	66.829	66.891	66.939	66.89	66.854	66.754	66.75	66.816	66.858	66.881	66.821	66.892	66.882	66.813	66.725	66.694	66.606	66.586	66.449	66.398	66.34	66.412	66.425	66.461	66.471	66.538	66.557	66.518	66.529	66.569	66.598	66.509	66.53	66.495	66.531	66.555	66.359	66.25	66.244	66.243	66.2	66.221	66.085	66.085	66.108	66.215	66.149	66.151	66.147	66.084	65.952	65.889	65.815	65.815	65.817	65.783	65.743	65.746	65.756	65.77	65.744	65.762	65.621	65.501	65.521	65.561	65.62
68.125	68.211	68.09	68.175	68.175	68.135	68.035	67.987	68.101	68.143	68.241	68.215	68.119	68.109	68.19	68.146	68.09	68.219	68.247	68.282	68.136	68.042	67.848	67.831	67.813	67.836	67.813	67.963	68.017	68.035	67.932	67.921	67.912	67.856	67.733	67.692	67.621	67.689	67.842	67.8	67.973	67.848	67.734	67.764	67.657	67.639	67.743	67.656	67.648	67.625	67.69	67.827	67.804	67.751	67.701	67.62	67.676	67.743	67.59	67.411	67.315	67.22	67.235	67.226	67.111	67.043	67.081	66.945	66.91	66.785	66.712	66.772	66.782	66.724	66.546	66.43	66.491	66.48	66.494	66.463	66.552	66.459	66.584	66.625	66.468	66.408	66.358	66.25	66.16	66.036	66.069	66.077	66.069	66.1	66.077	66.103	66.188	66.205	66.142	66.098	66.214	66.151	66.204	66.083	66.08	66.092	65.972	65.89	65.955	66.011	65.9	65.859	65.912	65.882	65.851	65.852	65.973	65.931	65.911	65.727	65.502	65.432	65.432	65.502	65.579	65.569	65.566	65.547	65.513	65.539	65.546	65.475	65.343	65.184	65.176	65.232	65.231
67.87	68.109	68.113	68.111	67.849	67.768	67.777	67.854	67.995	68.061	68.15	68.112	68.047	68.071	68.025	68.042	68.056	68.031	68.16	68.083	68.078	67.856	67.8	67.775	67.711	67.782	67.899	68.001	68.14	68.088	67.959	67.819	67.804	67.708	67.704	67.594	67.555	67.575	67.62	67.664	67.621	67.546	67.545	67.458	67.512	67.486	67.637	67.579	67.56	67.634	67.576	67.655	67.664	67.647	67.731	67.639	67.647	67.586	67.334	67.221	67.161	67.07	67.043	67.05	66.949	66.862	66.86	66.713	66.773	66.671	66.714	66.641	66.558	66.46	66.323	66.232	66.213	66.157	66.149	66.19	66.162	66.182	66.208	66.139	66.162	66.103	66.155	66.085	65.981	65.908	65.879	65.805	65.805	65.839	65.81	65.914	65.967	65.96	65.985	65.82	65.851	65.786	65.773	65.758	65.77	65.754	65.675	65.675	65.671	65.665	65.68	65.675	65.63	65.504	65.588	65.612	65.595	65.588	65.596	65.407	65.198	65.163	65.118	65.143	65.202	65.251	65.235	65.265	65.325	65.343	65.348	65.174	65.102	64.956	64.99	64.978	64.947
67.829	67.929	67.941	67.976	67.733	67.519	67.603	67.666	67.773	67.854	67.967	67.941	68.006	67.974	67.988	68.015	67.949	68.055	67.996	67.961	67.959	67.876	67.884	67.828	67.796	67.857	67.929	68.021	68.125	68.091	67.904	67.85	67.718	67.735	67.721	67.706	67.708	67.683	67.609	67.536	67.458	67.404	67.397	67.391	67.372	67.407	67.539	67.616	67.597	67.53	67.379	67.436	67.364	67.334	67.366	67.369	67.379	67.24	67.096	66.98	66.977	66.924	66.93	67.006	66.918	66.815	66.783	66.601	66.658	66.622	66.498	66.513	66.41	66.359	66.21	66.188	66.074	66.057	66.023	65.999	66.004	65.959	65.911	65.927	65.932	66.018	65.953	65.971	65.873	65.85	65.82	65.829	65.818	65.651	65.716	65.697	65.772	65.82	65.755	65.672	65.716	65.697	65.679	65.647	65.671	65.684	65.63	65.516	65.558	65.524	65.488	65.367	65.275	65.289	65.35	65.348	65.362	65.285	65.242	65.119	65.063	65.009	64.989	65.058	65.145	65.13	65.166	65.097	65.108	65.115	65.021	64.934	64.844	64.791	64.736	64.754	64.784
67.859	67.872	67.885	67.934	67.649	67.569	67.529	67.532	67.63	67.802	67.968	67.879	67.94	67.915	67.911	67.903	67.929	67.896	67.846	67.934	68.019	68.027	67.984	67.878	67.849	67.902	67.897	68.019	68.155	68.05	67.961	67.818	67.84	67.759	67.68	67.517	67.49	67.584	67.524	67.46	67.399	67.396	67.336	67.394	67.377	67.5	67.586	67.566	67.591	67.377	67.357	67.32	67.283	67.138	67.18	67.111	67.04	67.012	66.954	66.88	66.819	66.768	66.8	66.808	66.741	66.659	66.622	66.572	66.509	66.404	66.364	66.313	66.332	66.348	66.206	66.072	65.986	65.973	66.001	65.974	65.893	65.911	65.872	65.817	65.782	65.857	65.912	65.953	65.842	65.842	65.835	65.868	65.764	65.612	65.551	65.568	65.62	65.667	65.639	65.651	65.656	65.619	65.535	65.541	65.66	65.714	65.604	65.527	65.593	65.496	65.371	65.272	65.093	65.116	65.114	65.112	65.161	65.106	65.052	64.922	64.934	65.004	64.957	65.017	65.01	65.029	65.033	65.039	64.977	64.908	64.954	64.844	64.796	64.692	64.619	64.603	64.596
67.902	68.043	67.989	67.859	67.677	67.436	67.447	67.448	67.651	67.848	67.952	67.848	67.948	67.918	68.035	67.984	67.924	67.939	67.916	68.041	68.119	68.006	67.936	67.83	67.732	67.8	67.853	67.921	67.99	68.058	67.886	67.833	67.709	67.622	67.452	67.408	67.311	67.357	67.355	67.298	67.3	67.259	67.267	67.335	67.303	67.308	67.457	67.461	67.322	67.239	67.1	67.109	67.103	67.05	66.941	66.875	66.865	66.838	66.81	66.739	66.621	66.595	66.666	66.663	66.639	66.55	66.53	66.516	66.395	66.294	66.278	66.283	66.301	66.27	66.119	65.949	65.877	65.812	65.767	65.717	65.735	65.806	65.825	65.866	65.851	65.85	65.901	65.955	65.829	65.821	65.812	65.716	65.616	65.64	65.577	65.534	65.61	65.658	65.657	65.655	65.614	65.524	65.485	65.539	65.566	65.613	65.516	65.399	65.411	65.359	65.297	65.223	65.075	64.989	64.961	64.973	64.959	64.919	64.84	64.809	64.775	64.771	64.804	64.779	64.745	64.744	64.81	64.916	64.773	64.779	64.696	64.601	64.619	64.589	64.555	64.481	64.526
67.978	68.05	67.966	67.919	67.763	67.628	67.576	67.642	67.77	68.063	67.963	67.895	67.948	68.037	68.033	68.046	68.01	68.116	68.035	68.016	67.949	67.891	67.841	67.868	67.903	67.856	67.836	67.932	67.963	67.924	67.753	67.619	67.569	67.436	67.393	67.256	67.151	67.281	67.214	67.208	67.116	67.097	67.235	67.271	67.243	67.321	67.392	67.409	67.29	67.054	66.977	66.968	67.022	66.892	66.804	66.793	66.725	66.803	66.631	66.51	66.392	66.409	66.443	66.603	66.568	66.411	66.363	66.241	66.259	66.244	66.186	66.11	66.088	66.087	66.03	65.938	65.818	65.707	65.679	65.771	65.821	65.791	65.882	65.849	65.793	65.801	65.942	65.917	65.898	65.881	65.825	65.794	65.666	65.697	65.587	65.597	65.594	65.587	65.571	65.662	65.706	65.635	65.55	65.598	65.709	65.633	65.484	65.343	65.248	65.176	65.169	65.139	65	64.901	64.824	64.819	64.813	64.857	64.803	64.857	64.82	64.748	64.688	64.709	64.653	64.571	64.592	64.692	64.595	64.663	64.528	64.41	64.341	64.375	64.38	64.417	64.507
68.022	68.074	68.086	68.024	67.913	67.748	67.757	67.852	67.885	67.997	67.902	67.892	67.958	68.051	68.063	68.082	67.99	68.045	68.082	68.048	67.984	67.914	67.806	67.773	67.807	67.928	67.865	67.952	67.892	67.865	67.648	67.594	67.545	67.381	67.317	67.281	67.206	67.149	67.105	67.075	67.086	67.194	67.229	67.242	67.334	67.381	67.327	67.33	67.138	66.994	66.966	66.982	66.998	66.954	66.875	66.813	66.679	66.681	66.532	66.387	66.367	66.306	66.308	66.447	66.478	66.356	66.281	66.234	66.202	66.14	65.989	65.947	65.965	65.959	65.88	65.888	65.904	65.861	65.834	65.948	65.887	65.842	65.887	65.744	65.748	65.772	65.745	65.82	65.771	65.818	65.79	65.761	65.696	65.696	65.603	65.563	65.569	65.51	65.438	65.452	65.524	65.631	65.708	65.737	65.543	65.371	65.332	65.211	65.142	65.016	65.01	65.003	64.849	64.753	64.665	64.615	64.635	64.666	64.721	64.709	64.736	64.727	64.647	64.626	64.603	64.596	64.568	64.588	64.605	64.576	64.554	64.429	64.431	64.338	64.394	64.449	64.512
68.019	68.244	68.197	68.172	68.125	68.022	67.942	67.894	67.881	67.932	67.924	67.914	67.945	68.019	67.976	68.091	68.105	67.995	68.024	67.997	67.879	67.782	67.693	67.733	67.789	67.922	67.983	67.899	67.981	67.939	67.675	67.563	67.507	67.455	67.404	67.345	67.188	67.08	67.07	67.109	67.109	67.164	67.262	67.291	67.271	67.338	67.275	67.251	67.042	67.027	66.899	66.943	66.895	66.791	66.702	66.705	66.536	66.447	66.281	66.294	66.28	66.222	66.296	66.294	66.384	66.323	66.219	66.024	65.88	65.91	65.813	65.782	65.803	65.762	65.789	65.826	65.902	65.87	65.865	65.838	65.711	65.864	66.003	65.834	65.859	65.728	65.706	65.677	65.73	65.791	65.678	65.719	65.653	65.551	65.487	65.438	65.398	65.39	65.289	65.304	65.406	65.476	65.513	65.484	65.246	65.178	65.098	65.024	64.965	64.928	64.917	64.804	64.742	64.659	64.591	64.518	64.483	64.506	64.571	64.611	64.602	64.608	64.549	64.491	64.451	64.442	64.503	64.533	64.526	64.533	64.508	64.424	64.312	64.347	64.364	64.431	64.48
68.227	68.259	68.369	68.304	68.257	68.09	68.12	68.077	67.981	68.054	67.972	68.013	68.046	67.931	67.919	67.968	67.947	67.9	67.943	67.882	67.775	67.656	67.61	67.626	67.63	67.664	67.654	67.687	67.774	67.806	67.711	67.606	67.475	67.454	67.444	67.261	67.193	67.075	66.974	66.928	67.045	67.093	67.193	67.176	67.039	67.105	67.123	67.116	66.934	66.852	66.804	66.853	66.897	66.656	66.573	66.485	66.333	66.275	66.25	66.185	66.142	66.1	66.122	66.123	66.162	66.033	65.904	65.88	65.891	65.815	65.826	65.798	65.799	65.823	65.869	65.855	65.887	65.938	65.814	65.807	65.794	65.989	65.952	65.841	65.755	65.669	65.639	65.631	65.68	65.625	65.51	65.444	65.467	65.427	65.378	65.272	65.176	65.124	65.089	65.179	65.162	65.12	65.157	65.016	64.886	64.869	64.794	64.787	64.835	64.852	64.855	64.828	64.79	64.625	64.578	64.466	64.404	64.405	64.454	64.536	64.507	64.408	64.41	64.344	64.375	64.329	64.34	64.395	64.334	64.309	64.267	64.162	64.092	64.125	64.202	64.243	64.323
68.486	68.448	68.444	68.347	68.302	68.26	68.23	68.233	68.131	67.999	68.101	68.198	68.084	68.041	68.026	68.012	67.962	67.912	67.881	67.769	67.695	67.678	67.647	67.535	67.521	67.55	67.626	67.637	67.691	67.692	67.758	67.658	67.491	67.493	67.405	67.298	67.096	66.96	66.816	66.827	66.944	66.98	67.058	66.993	66.951	66.994	67.055	66.959	66.925	66.869	66.839	66.831	66.675	66.551	66.434	66.26	66.169	66.175	66.136	66.123	66.116	66.033	66.057	66.022	65.971	65.87	65.762	65.667	65.782	65.821	65.787	65.83	65.799	65.8	65.911	65.843	65.875	65.792	65.732	65.759	65.9	65.85	65.78	65.684	65.658	65.577	65.529	65.532	65.473	65.443	65.407	65.373	65.449	65.35	65.286	65.172	65.087	64.962	64.889	64.951	64.91	64.808	64.806	64.756	64.674	64.694	64.671	64.695	64.758	64.76	64.767	64.728	64.682	64.589	64.482	64.423	64.342	64.4	64.346	64.395	64.38	64.276	64.227	64.14	64.151	64.144	64.063	64.169	64.096	64.074	64.041	63.961	63.959	63.944	64.007	64.052	64.063
68.673	68.577	68.49	68.557	68.557	68.493	68.422	68.334	68.284	68.286	68.307	68.231	68.136	68.146	68.079	68.007	68.025	67.98	67.955	67.871	67.802	67.778	67.721	67.633	67.532	67.461	67.5	67.538	67.632	67.645	67.687	67.661	67.593	67.528	67.344	67.233	67.086	66.98	66.841	66.816	66.765	66.886	66.945	66.94	66.96	66.992	66.98	66.994	66.971	66.99	66.895	66.838	66.739	66.552	66.394	66.232	66.139	66.113	66.102	66.118	66.16	66.091	66.072	65.981	65.8	65.739	65.717	65.762	65.76	65.877	65.875	65.857	65.82	65.811	65.873	65.896	65.815	65.73	65.685	65.746	65.762	65.704	65.584	65.546	65.483	65.39	65.313	65.297	65.313	65.313	65.245	65.291	65.173	65.151	65.079	65.083	65.077	64.981	64.904	64.923	64.852	64.756	64.674	64.628	64.64	64.653	64.578	64.616	64.713	64.783	64.715	64.671	64.543	64.485	64.403	64.365	64.322	64.348	64.375	64.317	64.09	64.058	63.974	63.938	63.968	63.987	63.94	63.937	63.961	63.934	63.882	63.797	63.759	63.759	63.768	63.776	63.833
68.935	68.887	68.75	68.786	68.787	68.704	68.568	68.504	68.475	68.52	68.495	68.286	68.17	68.131	68.069	68.099	68.052	68.078	68.03	67.97	67.887	67.857	67.867	67.704	67.486	67.454	67.469	67.579	67.702	67.667	67.606	67.637	67.647	67.549	67.375	67.261	67.171	66.945	66.853	66.823	66.82	66.823	66.801	66.799	66.91	66.934	66.991	66.954	66.983	66.988	66.968	66.948	66.929	66.682	66.506	66.379	66.227	66.161	66.213	66.263	66.296	66.179	66.046	65.983	65.872	65.746	65.664	65.733	65.834	65.971	65.857	65.846	65.79	65.808	65.814	65.768	65.716	65.693	65.7	65.679	65.74	65.572	65.492	65.398	65.244	65.255	65.134	65.145	65.182	65.133	65.097	65.162	65.116	65.136	65.084	65.049	65.058	64.954	64.885	64.811	64.787	64.695	64.73	64.674	64.601	64.544	64.505	64.602	64.7	64.673	64.605	64.527	64.394	64.364	64.35	64.355	64.299	64.288	64.245	64.22	64.091	63.927	63.877	63.885	63.916	63.943	63.87	63.838	63.856	63.841	63.811	63.82	63.702	63.657	63.608	63.631	63.724
69.023	68.958	68.928	68.92	68.915	68.762	68.673	68.679	68.672	68.773	68.63	68.363	68.278	68.149	68.137	68.106	68.166	68.158	68.101	68.07	67.946	67.981	67.957	67.778	67.634	67.491	67.565	67.664	67.859	67.74	67.727	67.729	67.712	67.556	67.351	67.284	67.13	67.042	66.936	66.865	66.792	66.798	66.805	66.736	66.788	66.831	66.875	66.837	67.014	67.088	67.066	67.04	66.926	66.699	66.543	66.418	66.356	66.358	66.316	66.437	66.325	66.148	66.022	65.915	65.865	65.846	65.812	65.764	65.938	65.904	65.857	65.849	65.804	65.779	65.722	65.687	65.548	65.507	65.496	65.573	65.529	65.485	65.374	65.336	65.18	65.125	65.063	65.066	65.074	65.086	65.105	65.088	64.984	65.018	65.039	65.051	64.951	64.85	64.68	64.745	64.726	64.717	64.71	64.592	64.53	64.5	64.495	64.541	64.587	64.6	64.53	64.473	64.409	64.356	64.245	64.304	64.24	64.204	64.219	64.192	64.128	64.057	63.992	63.889	63.915	63.87	63.833	63.762	63.745	63.74	63.745	63.755	63.675	63.612	63.5	63.56	63.715
69.235	69.121	69.071	69.076	68.905	68.796	68.692	68.658	68.75	68.775	68.77	68.541	68.531	68.309	68.189	68.287	68.305	68.147	68.09	68.078	68.01	67.992	67.957	67.788	67.786	67.712	67.825	67.923	68.013	67.886	67.825	67.773	67.676	67.448	67.332	67.226	67.12	67.035	66.943	66.884	66.783	66.773	66.745	66.73	66.707	66.711	66.816	66.875	66.983	67.052	67.095	67.026	66.869	66.776	66.677	66.58	66.523	66.466	66.552	66.466	66.279	66.098	65.89	65.901	65.807	65.797	65.828	65.841	65.854	65.818	65.803	65.916	65.8	65.729	65.625	65.521	65.508	65.484	65.468	65.446	65.464	65.334	65.276	65.274	65.239	65.09	64.95	65.022	65.069	65.088	65.064	65.034	65.02	64.931	64.985	64.917	64.839	64.757	64.688	64.625	64.65	64.657	64.603	64.523	64.537	64.526	64.539	64.539	64.631	64.568	64.488	64.402	64.446	64.302	64.216	64.208	64.242	64.109	64.142	64.074	64.164	64.196	64.136	64.033	63.998	63.918	63.893	63.903	63.829	63.817	63.715	63.678	63.601	63.546	63.549	63.541	63.672
69.554	69.472	69.312	69.235	69.205	69.025	68.869	68.804	68.86	68.782	68.638	68.712	68.649	68.507	68.359	68.283	68.292	68.272	68.163	68.033	68.08	68.092	68.026	67.893	67.859	67.87	67.978	68.002	67.99	67.876	67.813	67.728	67.55	67.407	67.231	67.12	67.066	66.964	66.87	66.86	66.87	66.827	66.886	66.865	66.875	66.825	66.87	66.882	67	67.103	67.042	67.058	66.929	66.805	66.742	66.716	66.615	66.529	66.507	66.43	66.185	65.995	65.855	65.805	65.659	65.784	65.861	65.82	65.795	65.774	65.802	65.842	65.771	65.74	65.729	65.643	65.615	65.547	65.46	65.439	65.424	65.297	65.251	65.194	65.14	65.07	64.952	65.046	65.065	65.037	64.983	65.026	64.933	64.914	64.918	64.822	64.772	64.693	64.719	64.661	64.603	64.618	64.612	64.621	64.622	64.599	64.563	64.522	64.551	64.515	64.37	64.408	64.365	64.273	64.217	64.205	64.081	64.058	64.083	64.025	64.076	64.174	64.106	64.063	64.027	63.969	63.924	63.929	63.87	63.729	63.598	63.613	63.524	63.566	63.561	63.583	63.657
69.668	69.761	69.645	69.624	69.46	69.285	69.034	68.911	68.757	68.772	68.794	68.699	68.605	68.513	68.463	68.305	68.227	68.193	68.205	68.162	68.221	68.206	68.049	67.952	67.969	67.944	67.994	67.955	67.931	67.838	67.71	67.667	67.518	67.292	67.149	67.039	66.923	66.918	66.915	66.941	66.924	66.952	66.974	67.004	66.999	67.025	67.02	66.956	67.009	67.021	67.025	66.935	66.942	66.848	66.677	66.775	66.699	66.544	66.437	66.256	66.103	65.995	65.886	65.767	65.722	65.865	65.968	65.92	65.777	65.777	65.829	65.888	65.795	65.774	65.747	65.709	65.691	65.659	65.601	65.491	65.427	65.371	65.37	65.288	65.201	65.125	65.079	65.078	65.007	64.97	64.937	64.946	64.886	64.95	64.91	64.78	64.702	64.661	64.655	64.655	64.527	64.574	64.54	64.585	64.632	64.666	64.626	64.52	64.572	64.446	64.323	64.278	64.248	64.181	64.112	64.053	63.989	64.073	64.112	64.043	64.015	64.108	64.067	64.063	64.028	64.01	63.883	63.744	63.721	63.667	63.637	63.57	63.524	63.574	63.595	63.571	63.58
69.888	70.022	69.83	69.762	69.667	69.509	69.298	69.038	68.918	68.857	68.786	68.703	68.655	68.528	68.451	68.313	68.289	68.227	68.298	68.171	68.1	68.06	67.929	67.82	67.882	67.879	67.908	67.833	67.813	67.758	67.633	67.546	67.399	67.223	67.098	67.025	66.949	66.947	67.008	66.988	67	67.001	67.075	67.02	67.02	67.065	66.991	66.921	66.84	66.818	66.854	66.803	66.711	66.724	66.738	66.765	66.672	66.463	66.351	66.263	66.113	66.032	65.938	65.836	65.824	65.951	66.003	65.919	65.767	65.749	65.786	65.84	65.861	65.806	65.684	65.68	65.671	65.614	65.646	65.559	65.497	65.43	65.437	65.417	65.33	65.259	65.234	65.106	64.964	64.987	64.985	64.975	64.95	64.962	64.903	64.814	64.757	64.643	64.64	64.608	64.506	64.472	64.447	64.415	64.541	64.502	64.515	64.482	64.438	64.293	64.241	64.197	64.149	64.071	63.976	63.887	63.775	63.819	63.86	63.952	63.973	64.005	63.965	64.023	64.019	63.943	63.812	63.713	63.69	63.582	63.547	63.558	63.533	63.52	63.506	63.465	63.551
69.935	70.245	70.099	70.007	69.812	69.514	69.239	69.154	69.013	68.928	68.793	68.733	68.66	68.493	68.454	68.523	68.493	68.384	68.422	68.314	68.032	67.862	67.763	67.737	67.761	67.771	67.802	67.843	67.744	67.558	67.558	67.483	67.285	67.133	67.119	67.085	67.064	67.193	67.101	67.07	66.983	66.923	66.96	67.004	67.026	66.946	67.032	66.895	66.736	66.702	66.724	66.702	66.72	66.756	66.754	66.643	66.5	66.428	66.411	66.413	66.265	66.141	66.071	65.99	65.979	65.971	65.893	65.754	65.615	65.68	65.707	65.809	65.753	65.798	65.716	65.608	65.579	65.551	65.575	65.59	65.51	65.433	65.388	65.419	65.397	65.313	65.203	65.134	65	64.938	65	64.994	64.941	64.93	64.793	64.772	64.718	64.637	64.571	64.473	64.529	64.453	64.335	64.36	64.309	64.289	64.272	64.188	64.215	64.193	64.057	64.042	63.994	63.871	63.785	63.677	63.617	63.707	63.729	63.776	63.815	63.824	63.855	63.882	63.872	63.787	63.696	63.5	63.372	63.399	63.443	63.391	63.351	63.374	63.386	63.432	63.421
70.071	70.2	70.022	69.901	69.714	69.548	69.343	69.117	68.941	68.757	68.778	68.665	68.666	68.547	68.505	68.603	68.688	68.617	68.456	68.261	67.925	67.777	67.692	67.74	67.788	67.824	67.899	67.824	67.754	67.629	67.485	67.494	67.242	67.122	67.109	67.152	67.151	67.238	67.164	66.973	66.923	66.946	66.961	66.91	66.953	66.949	67.007	66.948	66.861	66.699	66.644	66.607	66.628	66.764	66.735	66.602	66.546	66.42	66.362	66.334	66.203	66.192	65.986	65.927	65.949	65.846	65.762	65.637	65.631	65.616	65.572	65.65	65.581	65.689	65.67	65.48	65.455	65.444	65.599	65.609	65.518	65.534	65.469	65.333	65.296	65.219	65.183	65.173	65.113	65.024	64.916	64.922	64.883	64.833	64.709	64.669	64.607	64.482	64.456	64.438	64.469	64.307	64.29	64.282	64.192	64.158	64.138	64.135	64.093	64.123	64.118	64.035	63.879	63.69	63.596	63.567	63.53	63.536	63.588	63.595	63.631	63.652	63.599	63.559	63.571	63.595	63.551	63.442	63.345	63.387	63.438	63.376	63.273	63.199	63.249	63.323	63.288
70.168	70.206	70.049	69.888	69.809	69.429	69.335	69.123	68.991	68.9	68.836	68.756	68.784	68.75	68.669	68.786	68.698	68.575	68.362	68.158	67.899	67.795	67.718	67.774	67.865	67.93	67.853	67.734	67.704	67.709	67.652	67.584	67.392	67.224	67.125	67.083	67.091	67.113	67.04	66.91	66.906	66.898	66.848	66.848	66.831	66.863	66.881	66.83	66.807	66.755	66.671	66.568	66.547	66.629	66.622	66.534	66.404	66.362	66.265	66.244	66.238	66.236	66.123	65.91	65.963	65.853	65.785	65.689	65.696	65.553	65.462	65.47	65.487	65.499	65.599	65.534	65.424	65.567	65.664	65.617	65.634	65.631	65.503	65.263	65.202	65.171	65.128	65.06	65.116	65.032	64.783	64.72	64.711	64.673	64.609	64.552	64.461	64.426	64.354	64.411	64.42	64.429	64.337	64.342	64.234	64.202	64.202	64.173	64.102	64.126	64.107	64.003	63.785	63.583	63.459	63.481	63.394	63.432	63.456	63.449	63.47	63.479	63.495	63.484	63.474	63.471	63.384	63.421	63.432	63.451	63.272	63.195	63.135	63.094	63.136	63.174	63.167
70.149	70.173	69.955	69.784	69.688	69.476	69.35	69.226	69.148	69.019	68.951	68.905	68.852	68.816	68.76	68.809	68.733	68.515	68.375	68.246	67.977	67.869	67.829	67.934	68.013	67.914	67.763	67.7	67.689	67.693	67.68	67.682	67.587	67.444	67.324	67.188	67.096	67.122	67.099	66.948	66.919	66.94	66.935	66.899	66.836	66.869	66.864	66.829	66.741	66.654	66.576	66.508	66.542	66.563	66.423	66.357	66.288	66.287	66.259	66.226	66.326	66.322	66.184	65.944	65.837	65.709	65.714	65.674	65.728	65.518	65.483	65.541	65.586	65.528	65.613	65.577	65.483	65.567	65.625	65.571	65.586	65.585	65.543	65.313	65.257	65.18	65.11	65.136	64.993	64.876	64.707	64.614	64.461	64.439	64.523	64.457	64.381	64.411	64.331	64.443	64.512	64.488	64.477	64.389	64.375	64.302	64.258	64.237	64.185	64.14	64.007	63.914	63.696	63.492	63.375	63.309	63.322	63.415	63.409	63.379	63.322	63.375	63.327	63.361	63.312	63.333	63.349	63.411	63.463	63.342	63.206	63.029	62.982	63.001	63.044	63.002	63.077
69.955	69.892	69.745	69.599	69.512	69.435	69.375	69.249	69.184	69.137	69.088	69.015	69.041	68.881	68.75	68.646	68.563	68.417	68.318	68.221	68.006	67.914	67.803	67.958	68.01	67.854	67.753	67.643	67.791	67.773	67.715	67.698	67.678	67.584	67.493	67.336	67.321	67.213	67.163	67.065	66.957	66.966	66.96	66.949	66.92	66.949	66.885	66.757	66.702	66.713	66.601	66.474	66.458	66.336	66.25	66.156	66.209	66.227	66.228	66.211	66.186	66.204	66.12	65.871	65.787	65.71	65.637	65.695	65.712	65.642	65.567	65.592	65.608	65.558	65.557	65.557	65.528	65.532	65.58	65.603	65.527	65.568	65.484	65.382	65.24	65.127	65.132	65.042	64.966	64.869	64.644	64.484	64.264	64.286	64.348	64.319	64.311	64.314	64.367	64.466	64.497	64.445	64.399	64.415	64.481	64.398	64.304	64.129	64.114	63.974	63.852	63.719	63.542	63.358	63.252	63.145	63.178	63.378	63.507	63.421	63.349	63.38	63.331	63.244	63.262	63.288	63.39	63.357	63.327	63.229	63.052	62.927	62.856	62.867	62.912	62.914	62.93
69.817	69.67	69.562	69.472	69.405	69.35	69.268	69.251	69.251	69.205	69.195	69.01	68.912	68.758	68.727	68.59	68.473	68.424	68.268	68.138	68.066	67.972	68.01	67.891	67.861	67.881	67.759	67.657	67.746	67.813	67.813	67.828	67.717	67.671	67.606	67.405	67.245	67.188	67.221	67.07	67.02	67.026	67.017	66.995	66.91	66.905	66.799	66.67	66.686	66.682	66.557	66.469	66.343	66.195	66.167	66.116	66.088	66.196	66.17	66.192	66.163	66.191	66.107	65.97	65.853	65.683	65.715	65.737	65.7	65.625	65.566	65.631	65.72	65.625	65.595	65.55	65.493	65.537	65.625	65.544	65.559	65.465	65.329	65.288	65.215	65.274	65.171	65.046	64.954	64.854	64.595	64.362	64.228	64.227	64.232	64.236	64.249	64.27	64.305	64.314	64.382	64.314	64.417	64.453	64.407	64.353	64.178	64.041	63.941	63.839	63.64	63.51	63.376	63.238	63.171	63.1	63.159	63.311	63.408	63.427	63.42	63.337	63.251	63.257	63.228	63.256	63.295	63.287	63.163	63.002	62.955	62.813	62.685	62.725	62.866	62.826	62.741
69.869	69.715	69.621	69.509	69.37	69.443	69.352	69.368	69.388	69.306	69.077	68.925	68.781	68.704	68.655	68.565	68.456	68.328	68.28	68.218	68.253	68.213	68.148	68.011	67.926	67.87	67.836	67.787	67.83	67.876	67.8	67.8	67.84	67.655	67.628	67.486	67.337	67.275	67.289	67.132	67.072	66.999	67.004	66.909	66.939	66.862	66.72	66.68	66.568	66.588	66.477	66.387	66.194	66.099	66.156	66.141	66.137	66.245	66.227	66.243	66.29	66.28	66.229	66.071	65.867	65.767	65.814	65.764	65.806	65.738	65.596	65.608	65.685	65.727	65.582	65.508	65.491	65.576	65.517	65.53	65.517	65.452	65.505	65.355	65.381	65.362	65.35	65.169	65.043	64.869	64.652	64.431	64.323	64.312	64.184	64.19	64.232	64.263	64.196	64.194	64.317	64.235	64.382	64.359	64.283	64.196	64.074	63.896	63.791	63.63	63.43	63.347	63.242	63.178	63.152	63.092	63.097	63.208	63.318	63.377	63.325	63.222	63.166	63.106	63.031	63.077	63.149	63.087	62.938	62.855	62.753	62.676	62.646	62.697	62.756	62.729	62.616
69.842	69.765	69.641	69.576	69.457	69.485	69.514	69.5	69.44	69.415	69.095	68.853	68.778	68.627	68.646	68.602	68.483	68.349	68.353	68.354	68.443	68.438	68.224	68.064	67.964	67.799	67.828	67.869	67.818	67.938	67.899	67.864	67.748	67.664	67.591	67.474	67.318	67.231	67.264	67.17	67.096	67.11	67.015	66.937	66.782	66.811	66.786	66.571	66.468	66.518	66.405	66.189	66.047	66.118	66.161	66.188	66.25	66.355	66.29	66.3	66.309	66.341	66.214	66.193	66.06	65.968	65.908	65.832	65.851	65.697	65.606	65.537	65.595	65.619	65.625	65.508	65.557	65.558	65.55	65.505	65.532	65.535	65.587	65.554	65.596	65.536	65.418	65.216	65.008	64.769	64.556	64.408	64.357	64.406	64.285	64.272	64.244	64.209	64.167	64.153	64.188	64.166	64.172	64.147	64.036	63.986	63.897	63.742	63.584	63.421	63.32	63.2	63.033	63.002	62.963	62.921	62.962	62.975	63.076	63.208	63.165	63.038	62.96	62.926	62.875	62.944	62.924	62.998	62.887	62.774	62.712	62.681	62.659	62.625	62.536	62.557	62.46
69.812	69.783	69.743	69.626	69.507	69.445	69.445	69.508	69.461	69.317	69.146	68.959	68.793	68.732	68.591	68.6	68.539	68.406	68.398	68.57	68.525	68.513	68.288	68.131	68.051	67.979	68.02	67.997	67.944	67.882	67.916	67.893	67.825	67.633	67.547	67.446	67.356	67.448	67.441	67.363	67.309	67.125	67.031	67.032	66.936	66.848	66.702	66.495	66.45	66.519	66.378	66.224	66.142	66.139	66.286	66.33	66.429	66.441	66.367	66.25	66.256	66.224	66.228	66.235	66.135	66.009	65.868	65.849	65.783	65.675	65.605	65.573	65.642	65.599	65.591	65.568	65.561	65.577	65.592	65.477	65.555	65.632	65.611	65.536	65.47	65.52	65.47	65.306	65	64.74	64.583	64.757	64.679	64.662	64.506	64.366	64.385	64.322	64.18	64.189	64.166	64.03	64.026	63.945	63.86	63.799	63.63	63.537	63.359	63.289	63.138	63.034	62.895	62.834	62.803	62.822	62.916	62.965	63.014	63.055	63.091	63.022	62.913	62.834	62.782	62.879	62.914	62.94	62.854	62.637	62.527	62.571	62.53	62.536	62.467	62.385	62.297
70	69.845	69.799	69.655	69.533	69.477	69.491	69.474	69.362	69.202	69.128	68.928	68.845	68.84	68.72	68.577	68.531	68.49	68.49	68.524	68.523	68.308	68.199	68.022	68.021	68.008	67.958	67.993	67.937	67.982	67.883	67.826	67.72	67.591	67.5	67.481	67.508	67.52	67.392	67.299	67.318	67.158	67.053	66.945	66.782	66.776	66.714	66.65	66.548	66.461	66.303	66.299	66.312	66.322	66.406	66.533	66.672	66.615	66.45	66.337	66.269	66.123	66.109	66.266	66.187	66.11	65.909	65.772	65.682	65.679	65.654	65.595	65.58	65.443	65.506	65.539	65.538	65.51	65.524	65.538	65.49	65.496	65.485	65.51	65.468	65.432	65.473	65.35	65.116	64.873	64.875	64.826	64.868	64.757	64.708	64.564	64.402	64.375	64.169	64.153	64.102	63.925	63.94	63.838	63.702	63.558	63.462	63.281	63.092	63.008	62.997	62.924	62.806	62.768	62.78	62.757	62.813	62.799	62.805	62.842	62.827	62.796	62.71	62.609	62.624	62.671	62.566	62.616	62.649	62.48	62.39	62.397	62.317	62.357	62.327	62.284	62.155
70.132	70.08	69.945	69.797	69.668	69.539	69.486	69.398	69.34	69.142	69.074	68.896	68.896	68.822	68.733	68.651	68.554	68.573	68.58	68.488	68.465	68.149	68.125	67.925	67.91	67.875	67.777	67.888	68.022	68.095	68.008	68.057	67.865	67.764	67.677	67.643	67.543	67.493	67.512	67.45	67.29	67.224	67.126	66.916	66.829	66.767	66.684	66.575	66.529	66.414	66.287	66.319	66.374	66.445	66.475	66.678	66.785	66.772	66.618	66.411	66.212	65.938	65.924	66.054	66.016	65.966	65.891	65.853	65.67	65.67	65.63	65.535	65.476	65.441	65.49	65.619	65.574	65.652	65.532	65.528	65.431	65.397	65.305	65.336	65.313	65.274	65.339	65.273	65.068	64.849	64.772	64.798	64.817	64.688	64.542	64.408	64.335	64.215	64.141	64.132	63.995	63.83	63.778	63.556	63.414	63.358	63.233	63.141	63.004	62.952	62.918	62.892	62.791	62.715	62.752	62.628	62.587	62.657	62.685	62.667	62.631	62.59	62.535	62.504	62.556	62.452	62.363	62.369	62.31	62.236	62.188	62.188	62.17	62.086	62.106	62.056	62.008
70.119	70.2	70.129	69.913	69.732	69.559	69.48	69.435	69.313	69.219	69.132	68.972	68.876	68.803	68.744	68.857	68.801	68.678	68.571	68.531	68.43	68.308	68.132	68.024	68.027	68.038	67.864	67.928	68.079	68.091	68.058	68.052	67.955	67.801	67.745	67.603	67.564	67.513	67.487	67.445	67.37	67.227	67.133	67.011	66.969	66.863	66.752	66.673	66.542	66.419	66.348	66.374	66.462	66.586	66.679	66.767	66.892	66.901	66.779	66.413	66.207	66.061	66.001	66.026	66.014	65.967	65.99	65.955	65.798	65.651	65.592	65.51	65.432	65.43	65.606	65.66	65.651	65.683	65.586	65.432	65.433	65.368	65.387	65.304	65.313	65.226	65.233	65.209	65.084	64.938	64.931	64.741	64.747	64.651	64.482	64.301	64.359	64.141	64.107	63.97	63.731	63.635	63.561	63.461	63.414	63.203	63.131	62.998	62.918	62.873	62.824	62.82	62.793	62.715	62.687	62.544	62.5	62.557	62.493	62.485	62.429	62.388	62.296	62.314	62.304	62.231	62.147	62.149	62.21	62.053	62.018	61.961	61.866	61.812	61.834	61.835	61.929
70.109	70.244	70.186	69.945	69.631	69.604	69.54	69.467	69.337	69.236	69.172	69.128	68.954	68.857	68.886	68.967	68.911	68.721	68.516	68.461	68.302	68.175	68.125	68.131	68.119	68.142	68.073	68.002	68.037	67.966	68	67.922	67.89	67.898	67.726	67.616	67.491	67.446	67.475	67.517	67.458	67.334	67.275	67.152	67.052	66.988	66.846	66.778	66.61	66.517	66.439	66.513	66.542	66.716	66.8	66.854	66.959	66.911	66.783	66.576	66.347	66.219	66.041	66.145	66.189	66.051	66.037	65.938	65.833	65.75	65.656	65.474	65.51	65.438	65.477	65.496	65.545	65.503	65.44	65.339	65.365	65.321	65.423	65.359	65.191	65.204	65.143	65.03	65.026	64.892	64.882	64.856	64.75	64.58	64.436	64.301	64.27	64.163	64.095	63.838	63.59	63.471	63.438	63.372	63.285	63.156	62.988	62.908	62.825	62.766	62.734	62.756	62.646	62.587	62.462	62.411	62.347	62.383	62.434	62.327	62.182	62.188	62.173	62.109	62.065	62.114	62.076	61.989	61.907	61.813	61.761	61.732	61.668	61.543	61.58	61.669	61.663
70.187	70.301	70.165	70.03	69.79	69.605	69.522	69.37	69.266	69.224	69.208	69.212	69.13	69.069	69.032	69.054	68.985	68.781	68.504	68.284	68.204	68.226	68.23	68.264	68.361	68.333	68.227	68.022	67.918	67.978	67.955	67.877	67.83	67.842	67.71	67.519	67.492	67.411	67.422	67.419	67.5	67.418	67.334	67.18	67.107	67.017	66.959	66.814	66.652	66.499	66.573	66.6	66.626	66.733	66.765	66.918	67.048	66.999	66.926	66.644	66.464	66.258	66.122	66.066	66.131	66.042	65.985	65.97	65.854	65.782	65.638	65.579	65.617	65.517	65.374	65.503	65.549	65.431	65.434	65.339	65.336	65.387	65.413	65.412	65.231	65.19	65.147	64.916	64.86	64.753	64.606	64.657	64.594	64.396	64.303	64.305	64.354	64.293	64.092	63.8	63.579	63.46	63.408	63.246	63.084	63.032	62.906	62.838	62.743	62.693	62.664	62.634	62.583	62.473	62.407	62.36	62.306	62.257	62.245	62.151	62.029	61.994	62.009	62.056	61.942	61.902	61.866	61.829	61.713	61.549	61.554	61.526	61.375	61.292	61.361	61.389	61.475
70.278	70.455	70.252	70.155	69.919	69.73	69.541	69.443	69.359	69.351	69.332	69.342	69.193	69.167	69.122	69.09	68.99	68.679	68.498	68.323	68.339	68.41	68.388	68.446	68.512	68.514	68.341	68.171	68.117	68.108	67.919	67.772	67.702	67.706	67.6	67.507	67.394	67.372	67.388	67.482	67.446	67.456	67.317	67.326	67.293	67.122	66.971	66.798	66.64	66.512	66.568	66.661	66.724	66.84	66.821	66.962	66.998	66.966	66.949	66.9	66.595	66.407	66.193	66.117	66.161	66.073	66.023	65.976	65.938	65.902	65.775	65.706	65.637	65.506	65.34	65.504	65.564	65.536	65.49	65.485	65.359	65.569	65.459	65.518	65.264	65.245	64.975	64.968	64.741	64.543	64.456	64.404	64.527	64.396	64.272	64.35	64.3	64.327	64.094	63.934	63.667	63.519	63.299	63.087	63.063	62.963	62.843	62.743	62.639	62.66	62.61	62.549	62.493	62.369	62.281	62.215	62.245	62.229	62.085	62.026	61.982	61.927	61.901	61.887	61.838	61.821	61.738	61.644	61.639	61.529	61.455	61.375	61.25	61.165	61.219	61.39	61.375
70.349	70.519	70.364	70.293	70.08	69.88	69.703	69.555	69.537	69.523	69.494	69.453	69.285	69.202	69.281	69.225	69.076	68.831	68.722	68.599	68.539	68.537	68.595	68.62	68.575	68.561	68.384	68.299	68.222	68.224	67.968	67.795	67.722	67.699	67.597	67.477	67.456	67.42	67.466	67.589	67.574	67.527	67.425	67.361	67.394	67.289	67.014	66.744	66.587	66.543	66.686	66.806	66.841	66.845	66.916	66.997	67.029	66.958	66.87	66.868	66.734	66.519	66.37	66.296	66.214	66.06	65.911	65.931	65.989	65.99	65.885	65.776	65.67	65.538	65.268	65.329	65.424	65.422	65.376	65.419	65.393	65.575	65.504	65.485	65.363	65.221	65.04	64.809	64.607	64.425	64.375	64.354	64.413	64.401	64.269	64.156	64.236	64.267	64.07	63.835	63.518	63.373	63.079	62.968	62.992	62.866	62.69	62.612	62.582	62.562	62.566	62.568	62.426	62.198	62.139	62.052	62.107	62.063	62.073	61.931	61.875	61.82	61.764	61.734	61.713	61.627	61.502	61.491	61.516	61.494	61.383	61.293	61.186	61.118	61.061	61.142	61.166
70.482	70.564	70.514	70.39	70.183	70.106	69.871	69.667	69.573	69.543	69.551	69.575	69.518	69.456	69.388	69.312	69.11	68.924	68.909	68.803	68.724	68.77	68.776	68.823	68.811	68.7	68.445	68.365	68.315	68.103	67.962	67.773	67.716	67.708	67.636	67.616	67.581	67.633	67.777	67.73	67.613	67.5	67.477	67.46	67.412	67.358	67.007	66.696	66.673	66.776	66.823	66.795	66.85	66.824	66.867	66.988	67.014	66.966	67.006	66.886	66.709	66.555	66.441	66.348	66.273	65.977	65.882	65.868	65.892	65.997	65.958	65.803	65.642	65.487	65.367	65.336	65.469	65.403	65.409	65.305	65.352	65.413	65.578	65.48	65.34	65.11	64.834	64.579	64.366	64.309	64.307	64.294	64.273	64.342	64.268	64.28	64.196	64.154	63.966	63.73	63.375	63.202	63.059	62.929	62.851	62.705	62.643	62.587	62.534	62.5	62.604	62.54	62.264	62.094	62.02	61.845	61.829	61.774	61.827	61.899	61.816	61.722	61.64	61.573	61.499	61.423	61.379	61.521	61.44	61.304	61.237	61.178	61.064	61.056	60.951	61.003	60.984
70.541	70.611	70.559	70.531	70.338	70.177	69.965	69.753	69.688	69.727	69.757	69.727	69.647	69.572	69.45	69.288	69.22	69.057	69.019	68.943	68.855	68.889	68.918	68.919	68.918	68.82	68.509	68.372	68.438	68.238	67.951	67.825	67.758	67.729	67.731	67.793	67.798	67.936	67.868	67.882	67.665	67.568	67.568	67.466	67.392	67.254	66.973	66.702	66.792	66.888	66.859	66.846	66.881	66.793	66.948	66.92	66.92	66.895	66.909	66.837	66.668	66.569	66.405	66.256	66.163	65.931	65.952	65.875	65.823	65.957	65.938	65.802	65.656	65.503	65.436	65.402	65.433	65.464	65.463	65.429	65.37	65.357	65.409	65.378	65.15	65	64.771	64.529	64.368	64.359	64.384	64.342	64.392	64.385	64.331	64.282	64.272	64.163	63.907	63.692	63.351	63.094	62.955	62.766	62.744	62.698	62.627	62.608	62.508	62.542	62.56	62.431	62.225	62.075	61.906	61.777	61.745	61.775	61.849	61.781	61.667	61.533	61.48	61.486	61.445	61.357	61.397	61.358	61.367	61.24	61.16	61.124	61.032	61.039	61.033	61.002	60.991
70.649	70.596	70.538	70.495	70.451	70.258	70.112	69.897	69.878	69.865	69.887	69.827	69.759	69.583	69.382	69.252	69.137	69.129	69.194	69.205	69.027	68.974	68.885	68.857	68.875	68.821	68.571	68.456	68.344	68.149	67.965	67.762	67.743	67.756	67.715	67.734	67.893	68.04	67.902	67.705	67.581	67.407	67.482	67.509	67.326	67.086	66.89	66.709	66.809	66.8	66.735	66.783	66.783	66.805	66.885	66.977	66.848	66.797	66.81	66.73	66.631	66.608	66.349	66.116	66.041	66.031	65.866	65.839	65.787	65.89	65.838	65.794	65.741	65.567	65.525	65.468	65.414	65.498	65.535	65.475	65.381	65.281	65.157	65.056	65.009	64.863	64.696	64.527	64.418	64.443	64.359	64.336	64.328	64.323	64.297	64.153	64.156	64.028	63.767	63.543	63.234	62.958	62.711	62.612	62.605	62.648	62.602	62.606	62.433	62.444	62.352	62.228	62.008	61.902	61.8	61.793	61.753	61.765	61.687	61.473	61.417	61.298	61.27	61.311	61.289	61.232	61.245	61.272	61.181	61.158	61.136	61.098	61.046	61.048	61.042	61.067	60.997
70.859	70.806	70.649	70.455	70.334	70.227	70.078	70.018	70.023	69.974	70.053	70.007	69.939	69.68	69.486	69.381	69.324	69.332	69.35	69.298	69.239	69.012	68.978	68.926	68.869	68.804	68.612	68.473	68.284	68.104	68.043	67.894	67.788	67.754	67.714	67.695	67.784	68.062	67.853	67.567	67.568	67.396	67.339	67.38	67.146	67.034	66.888	66.775	66.755	66.721	66.702	66.687	66.745	66.821	66.801	66.892	66.741	66.749	66.752	66.648	66.572	66.535	66.373	66.204	66.009	65.938	65.929	65.879	65.82	65.804	65.784	65.86	65.744	65.791	65.692	65.618	65.635	65.691	65.608	65.518	65.443	65.174	64.961	64.922	64.888	64.801	64.681	64.549	64.567	64.536	64.358	64.32	64.281	64.221	64.091	63.929	63.803	63.783	63.598	63.405	63.145	62.843	62.643	62.547	62.537	62.493	62.485	62.424	62.334	62.283	62.097	61.946	61.838	61.783	61.829	61.762	61.705	61.582	61.522	61.334	61.18	61.029	61.052	60.989	61.101	61.105	61.12	61.106	61.048	61.039	60.959	60.963	61.001	61.033	60.976	61.021	60.977
70.984	70.917	70.697	70.578	70.48	70.361	70.212	70.099	70.035	69.993	70.146	70.079	69.986	69.836	69.606	69.511	69.359	69.411	69.369	69.355	69.301	69.306	69.116	68.964	68.879	68.77	68.623	68.416	68.313	68.14	68.054	68.07	67.948	67.795	67.758	67.762	67.843	67.882	67.681	67.456	67.442	67.264	67.241	67.106	66.983	66.951	66.857	66.817	66.727	66.771	66.764	66.684	66.663	66.652	66.609	66.73	66.746	66.682	66.606	66.515	66.563	66.392	66.344	66.172	66.034	65.91	65.916	65.877	65.866	65.702	65.8	65.838	65.797	65.79	65.813	65.735	65.777	65.823	65.721	65.506	65.335	65.046	64.863	64.732	64.801	64.802	64.703	64.568	64.589	64.429	64.416	64.288	64.172	64.063	63.927	63.79	63.716	63.627	63.453	63.292	63.088	62.833	62.563	62.404	62.45	62.383	62.31	62.256	62.116	62.128	62.007	61.858	61.781	61.704	61.723	61.666	61.563	61.364	61.267	61.113	60.965	60.846	60.884	60.899	60.944	60.973	60.985	61.052	61.035	60.943	60.992	60.919	60.891	60.953	60.973	60.994	61.015
71.103	71.006	70.811	70.691	70.563	70.455	70.302	70.197	70.099	70.126	70.264	70.13	70.019	69.777	69.675	69.596	69.581	69.514	69.434	69.363	69.411	69.475	69.265	68.943	68.769	68.594	68.429	68.303	68.388	68.302	68.276	68.199	68.063	67.94	67.836	67.813	67.798	67.799	67.672	67.378	67.33	67.243	67.212	66.865	66.868	66.875	66.856	66.744	66.768	66.889	66.898	66.748	66.624	66.672	66.596	66.616	66.597	66.563	66.531	66.581	66.53	66.411	66.182	66.106	65.985	65.965	66.035	65.923	65.822	65.692	65.777	65.762	65.793	65.818	65.805	65.904	65.851	65.804	65.718	65.577	65.321	65.054	64.93	64.83	64.819	64.781	64.713	64.577	64.429	64.323	64.298	64.208	64.124	63.92	63.783	63.722	63.633	63.474	63.268	63.076	62.936	62.784	62.632	62.5	62.376	62.272	62.188	62.116	62.018	62.012	61.979	61.85	61.717	61.649	61.679	61.602	61.452	61.298	61.173	61.013	60.986	60.886	60.815	60.912	60.972	61.024	61.012	61.106	61.019	60.969	61.025	60.954	60.973	60.967	61.022	61.072	60.967
71.21	71.065	70.922	70.811	70.571	70.457	70.462	70.341	70.26	70.313	70.236	70.178	70.045	69.892	69.791	69.777	69.72	69.643	69.502	69.453	69.471	69.417	69.201	69.012	68.773	68.567	68.466	68.444	68.46	68.385	68.337	68.176	68.118	68.098	67.897	67.884	67.882	67.813	67.556	67.315	67.303	67.275	67.212	66.934	66.793	66.821	66.813	66.696	66.787	66.938	66.875	66.866	66.693	66.656	66.656	66.698	66.623	66.641	66.528	66.553	66.425	66.386	66.233	66.052	65.98	65.938	65.885	65.93	65.68	65.83	65.825	65.928	65.85	65.795	65.835	65.887	65.823	65.885	65.772	65.633	65.294	65.056	65.047	64.974	64.958	64.847	64.725	64.588	64.491	64.354	64.334	64.243	64.037	63.831	63.732	63.642	63.503	63.438	63.183	62.994	62.793	62.768	62.564	62.413	62.316	62.257	62.145	62.04	61.935	61.894	61.903	61.879	61.732	61.666	61.594	61.567	61.4	61.229	61.16	60.999	61.06	61.008	60.907	60.993	61.043	61.01	61.043	61.115	61.086	61.046	61.023	60.958	60.903	60.933	61.005	61.011	60.92
71.313	71.157	71	70.842	70.727	70.58	70.563	70.483	70.391	70.419	70.326	70.239	70.21	70.059	69.939	69.885	69.871	69.787	69.703	69.713	69.597	69.477	69.218	68.988	68.736	68.657	68.507	68.416	68.476	68.5	68.381	68.283	68.241	68.207	68.075	67.991	67.868	67.745	67.515	67.38	67.313	67.252	67.154	67.056	66.947	66.951	66.882	66.774	66.858	66.854	66.931	66.991	66.937	66.901	66.771	66.852	66.805	66.755	66.682	66.656	66.478	66.32	66.15	66.141	65.985	65.938	65.842	65.791	65.734	65.962	65.949	65.928	65.859	65.915	65.834	65.905	65.815	65.842	65.762	65.554	65.281	65.087	65.113	65.057	65.073	64.927	64.861	64.714	64.535	64.388	64.337	64.213	64.101	63.879	63.807	63.617	63.503	63.315	63.148	62.921	62.772	62.63	62.5	62.337	62.26	62.136	62.011	61.937	61.881	61.823	61.829	61.791	61.778	61.824	61.661	61.553	61.47	61.303	61.273	61.196	61.144	61.02	60.987	60.973	60.988	61.059	61.014	61.119	61.151	61.097	61.068	60.995	60.854	60.879	60.914	61.007	60.949
71.303	71.175	71.077	70.998	70.763	70.644	70.741	70.719	70.648	70.496	70.427	70.288	70.352	70.23	70.068	70.032	69.988	69.989	69.935	69.76	69.605	69.364	69.096	68.892	68.813	68.688	68.637	68.652	68.54	68.496	68.32	68.243	68.125	68.151	68.141	67.988	67.842	67.731	67.631	67.562	67.372	67.188	67.037	67.06	67.032	66.936	66.895	66.854	66.745	66.758	66.941	66.956	66.977	66.953	66.827	66.704	66.752	66.875	66.777	66.667	66.603	66.361	66.188	66.25	66.012	65.952	65.776	65.756	65.849	65.97	66.073	65.873	65.786	65.823	65.808	65.785	65.794	65.668	65.556	65.313	65.108	65.031	65.064	65.109	65	64.893	64.904	64.704	64.532	64.402	64.303	64.184	64.063	63.912	63.798	63.621	63.319	63.144	63.029	62.783	62.57	62.522	62.349	62.202	62.078	62.035	61.881	61.829	61.691	61.755	61.776	61.682	61.705	61.755	61.725	61.59	61.464	61.351	61.29	61.262	61.16	61.102	60.967	61.017	61.024	61.002	61.041	61.186	61.243	61.221	61.046	60.996	60.938	60.878	60.926	60.85	60.785
71.331	71.283	71.16	71.025	70.811	70.756	70.849	70.902	70.816	70.58	70.434	70.358	70.424	70.324	70.226	70.102	70.068	70.137	70.046	69.8	69.518	69.313	69.044	68.943	68.865	68.85	68.849	68.762	68.587	68.495	68.412	68.347	68.173	68.149	68.086	67.959	67.919	67.813	67.805	67.628	67.327	67.24	67.129	67.125	67.076	66.966	66.831	66.736	66.563	66.715	66.875	66.919	66.907	66.841	66.655	66.51	66.636	66.824	67.048	66.863	66.798	66.458	66.25	66.35	66.142	65.974	66	65.979	66.047	66.029	65.971	65.872	65.78	65.797	65.716	65.677	65.727	65.543	65.322	65.214	65.044	65.078	65.135	65.059	64.885	64.851	64.751	64.564	64.375	64.348	64.299	64.102	63.978	63.936	63.719	63.43	63.348	63.216	63.03	62.882	62.607	62.436	62.346	62.126	61.972	61.911	61.78	61.686	61.664	61.637	61.63	61.606	61.684	61.795	61.819	61.755	61.584	61.483	61.351	61.257	61.273	61.103	61.043	61.003	61.029	61.077	61.087	61.264	61.376	61.207	60.984	60.8	60.777	60.754	60.675	60.679	60.661
71.528	71.407	71.21	71.154	70.996	70.881	70.964	70.966	70.839	70.671	70.488	70.436	70.471	70.325	70.207	70.201	70.133	70.235	70.12	69.808	69.635	69.375	69.106	69.047	69.095	69.084	68.91	68.672	68.605	68.512	68.58	68.438	68.374	68.253	68.133	68.031	68.034	68.021	67.971	67.733	67.395	67.319	67.206	67.224	67.17	66.963	66.785	66.674	66.531	66.625	66.686	66.744	66.63	66.695	66.673	66.649	66.763	66.835	67.017	66.864	66.752	66.552	66.434	66.429	66.126	66.025	66.002	66.034	66.006	66.028	65.918	65.896	65.931	65.833	65.798	65.716	65.656	65.569	65.334	65.191	64.988	65.079	65.022	64.925	64.82	64.789	64.715	64.565	64.393	64.349	64.194	63.996	63.963	63.907	63.654	63.445	63.311	63.173	63.052	62.846	62.74	62.575	62.436	62.119	61.997	61.891	61.687	61.599	61.505	61.425	61.563	61.628	61.823	61.875	61.895	61.846	61.735	61.656	61.555	61.457	61.393	61.261	61.11	61.047	61.159	61.149	61.167	61.235	61.272	61.15	60.868	60.614	60.577	60.502	60.54	60.614	60.636
71.571	71.536	71.4	71.292	71.156	71.133	71.007	70.892	70.881	70.691	70.534	70.538	70.497	70.448	70.37	70.302	70.246	70.21	70.038	69.808	69.579	69.46	69.28	69.131	69.055	69.02	68.909	68.716	68.565	68.523	68.457	68.56	68.55	68.444	68.294	68.181	68.108	68.118	68.029	67.802	67.5	67.442	67.381	67.188	67.281	67.136	66.931	66.827	66.69	66.685	66.497	66.433	66.305	66.484	66.55	66.516	66.615	66.611	66.67	66.599	66.656	66.503	66.388	66.218	66.092	65.93	65.976	65.919	65.889	65.87	65.816	65.815	65.84	65.756	65.741	65.685	65.618	65.493	65.35	65.156	65.089	65.052	65.007	64.883	64.83	64.772	64.605	64.509	64.339	64.181	64.044	64.005	63.948	63.816	63.57	63.379	63.163	63.113	63.09	62.895	62.741	62.49	62.338	62.012	61.821	61.702	61.635	61.615	61.511	61.442	61.474	61.55	61.772	61.89	61.939	62.021	61.94	61.758	61.701	61.593	61.537	61.383	61.25	61.267	61.23	61.292	61.261	61.135	60.987	60.827	60.585	60.429	60.307	60.339	60.42	60.551	60.469
71.615	71.595	71.535	71.333	71.243	71.235	71.028	70.845	70.801	70.721	70.668	70.617	70.615	70.488	70.433	70.364	70.362	70.274	70.056	69.816	69.656	69.506	69.339	69.118	69.092	68.954	68.864	68.76	68.666	68.567	68.626	68.604	68.611	68.5	68.455	68.328	68.08	67.977	67.916	67.715	67.637	67.527	67.529	67.385	67.284	67.083	67.037	66.859	66.77	66.697	66.462	66.228	66.202	66.26	66.303	66.29	66.391	66.42	66.57	66.563	66.58	66.457	66.461	66.301	66.023	65.98	65.862	65.814	65.752	65.65	65.719	65.755	65.601	65.572	65.675	65.72	65.616	65.362	65.076	65.173	65.117	65.007	64.911	64.885	64.944	64.757	64.579	64.471	64.223	64.141	64.092	63.937	63.743	63.674	63.503	63.292	63.195	63.003	62.973	62.885	62.733	62.558	62.346	62.021	61.768	61.726	61.64	61.558	61.509	61.466	61.427	61.568	61.775	61.842	61.887	62.018	61.959	61.803	61.727	61.733	61.649	61.495	61.393	61.318	61.384	61.238	61.06	60.771	60.655	60.512	60.346	60.15	60.067	60.197	60.248	60.336	60.274
71.547	71.579	71.451	71.259	71.184	71.07	71.049	70.964	70.765	70.823	70.764	70.783	70.551	70.47	70.552	70.477	70.404	70.259	70.087	69.906	69.734	69.641	69.352	69.197	69.167	69.075	69.02	68.799	68.649	68.484	68.657	68.571	68.584	68.523	68.364	68.259	68.132	67.929	67.72	67.596	67.493	67.449	67.344	67.293	67.298	67.227	67.057	66.875	66.694	66.586	66.437	66.322	66.153	66.192	66.07	66.153	66.229	66.25	66.361	66.199	66.154	66.21	66.275	66.146	65.872	65.764	65.922	65.783	65.698	65.562	65.573	65.567	65.508	65.502	65.56	65.606	65.451	65.209	65.057	65.038	64.941	64.922	64.844	64.733	64.763	64.717	64.435	64.233	64.139	64.034	63.935	63.783	63.646	63.61	63.384	63.315	63.182	63.021	62.97	62.92	62.72	62.468	62.263	61.934	61.788	61.761	61.728	61.552	61.552	61.497	61.492	61.568	61.737	61.774	61.846	61.969	61.979	61.788	61.71	61.679	61.709	61.636	61.476	61.279	61.279	61.187	61.077	60.737	60.462	60.287	60.049	59.911	59.9	60.091	60.251	60.303	60.191
71.586	71.563	71.501	71.274	71.299	71.189	71.144	71.052	70.896	70.909	70.911	70.831	70.591	70.604	70.589	70.402	70.413	70.378	70.395	69.988	69.854	69.666	69.383	69.375	69.386	69.132	68.947	68.838	68.697	68.575	68.477	68.475	68.554	68.46	68.331	68.162	68.045	67.891	67.707	67.536	67.512	67.483	67.416	67.382	67.355	67.284	67.072	66.847	66.686	66.52	66.476	66.369	66.163	66.089	65.996	65.967	66.08	66.126	66.166	65.992	65.897	66	66.126	66.25	66.004	65.991	66.007	65.763	65.557	65.53	65.496	65.381	65.361	65.391	65.47	65.482	65.313	65.154	65.029	64.938	64.843	64.772	64.688	64.591	64.54	64.468	64.267	64.05	64.001	63.937	63.833	63.794	63.666	63.466	63.353	63.272	63.052	62.882	62.865	62.726	62.555	62.488	62.323	62.032	61.87	61.732	61.617	61.508	61.475	61.474	61.52	61.666	61.769	61.742	61.721	61.851	61.904	61.854	61.732	61.73	61.728	61.628	61.456	61.366	61.223	61.154	61.049	60.805	60.536	60.3	60.033	59.875	59.858	60.087	60.161	60.046	59.966
71.638	71.615	71.474	71.272	71.367	71.29	71.296	71.187	71.183	71.077	71.096	71.005	70.708	70.588	70.598	70.476	70.355	70.454	70.506	70.169	69.959	69.8	69.464	69.558	69.375	69.054	68.916	68.92	68.766	68.655	68.447	68.468	68.574	68.463	68.45	68.318	68.197	67.939	67.704	67.58	67.558	67.641	67.472	67.314	67.299	67.298	67.147	67.017	66.791	66.515	66.451	66.33	66.221	66.071	65.983	66.002	66.016	65.902	65.95	65.901	65.849	65.967	66.002	66.111	66.119	66.039	65.911	65.727	65.569	65.519	65.508	65.333	65.214	65.267	65.347	65.382	65.192	65.072	65.006	64.881	64.702	64.599	64.524	64.518	64.426	64.375	64.245	64.009	63.924	63.849	63.889	63.75	63.696	63.572	63.399	63.245	62.994	62.897	62.646	62.521	62.45	62.364	62.272	62.08	61.901	61.702	61.523	61.357	61.378	61.391	61.489	61.672	61.705	61.612	61.573	61.754	61.842	61.797	61.746	61.75	61.677	61.607	61.638	61.442	61.392	61.305	61.189	60.886	60.735	60.56	60.218	60.091	59.91	59.965	59.974	59.943	59.802
71.704	71.526	71.47	71.4	71.343	71.389	71.375	71.336	71.25	71.207	71.219	71.109	70.837	70.701	70.49	70.505	70.481	70.7	70.635	70.293	70.1	69.929	69.612	69.458	69.268	69.12	69.002	68.817	68.667	68.56	68.438	68.445	68.572	68.466	68.503	68.409	68.194	67.891	67.667	67.677	67.79	67.813	67.594	67.317	67.34	67.372	67.248	67.026	66.844	66.705	66.533	66.51	66.3	66.189	65.992	65.979	66.005	65.946	65.965	65.831	65.836	65.796	65.87	65.932	66.097	65.957	65.909	65.699	65.551	65.468	65.434	65.239	65.158	65.181	65.163	65.273	65.187	65.118	64.901	64.854	64.645	64.498	64.375	64.396	64.365	64.315	64.209	64.012	63.948	63.951	63.881	63.888	63.818	63.692	63.46	63.161	62.952	62.813	62.647	62.422	62.352	62.237	62.101	62.021	61.875	61.712	61.548	61.352	61.226	61.306	61.405	61.428	61.58	61.531	61.468	61.629	61.696	61.766	61.776	61.717	61.746	61.748	61.573	61.47	61.46	61.322	61.163	60.938	60.76	60.464	60.313	60.153	59.945	59.869	59.863	59.86	59.804
71.599	71.686	71.59	71.563	71.362	71.392	71.49	71.405	71.421	71.281	71.167	71.061	70.82	70.722	70.549	70.635	70.451	70.651	70.725	70.441	70.368	70.011	69.743	69.414	69.186	69.13	68.961	68.808	68.604	68.484	68.323	68.339	68.499	68.617	68.596	68.338	68.186	67.953	67.713	67.656	67.867	67.915	67.755	67.512	67.375	67.279	67.159	67.042	66.927	66.866	66.827	66.799	66.517	66.396	66.152	66.042	66	66.043	65.907	65.836	65.762	65.711	65.735	65.845	65.86	65.74	65.814	65.678	65.603	65.459	65.313	65.071	65.022	64.968	65.076	65.247	65.329	65.119	64.978	64.833	64.665	64.564	64.368	64.314	64.302	64.269	64.137	63.986	63.959	63.887	63.846	63.855	63.857	63.592	63.412	63.19	63.002	62.95	62.757	62.481	62.457	62.245	62.091	61.987	61.854	61.754	61.567	61.387	61.293	61.405	61.406	61.367	61.407	61.447	61.535	61.643	61.552	61.821	61.875	61.808	61.842	61.753	61.694	61.563	61.459	61.381	61.147	60.912	60.647	60.513	60.453	60.212	60.034	59.836	59.862	59.887	59.809
71.759	71.902	71.796	71.771	71.635	71.606	71.554	71.448	71.369	71.268	71.135	71.08	70.947	70.772	70.625	70.528	70.555	70.593	70.679	70.563	70.353	69.984	69.658	69.375	69.299	69.14	69.025	68.733	68.584	68.465	68.408	68.438	68.45	68.571	68.683	68.334	68.114	67.952	67.86	67.755	67.909	67.897	67.813	67.641	67.489	67.34	67.199	67.09	67.036	66.976	66.875	66.925	66.779	66.563	66.416	66.102	65.975	66.019	65.975	65.817	65.625	65.669	65.618	65.625	65.602	65.604	65.649	65.682	65.616	65.35	65.231	65	64.993	64.913	65.072	65.172	65.295	65.231	65.018	64.877	64.721	64.542	64.339	64.238	64.153	64.127	64.005	63.99	64.096	63.964	63.907	63.962	63.821	63.554	63.453	63.328	63.197	63.071	62.949	62.801	62.643	62.385	62.156	61.989	61.932	61.756	61.608	61.411	61.411	61.511	61.441	61.408	61.343	61.344	61.492	61.563	61.709	61.79	61.867	61.801	61.788	61.779	61.697	61.662	61.545	61.392	61.182	60.946	60.754	60.596	60.433	60.169	60.03	59.847	59.793	59.939	59.803
71.846	72.149	72.041	72.009	71.85	71.785	71.61	71.58	71.512	71.377	71.066	71.049	70.998	70.847	70.682	70.625	70.616	70.518	70.579	70.494	70.191	69.978	69.654	69.45	69.268	69.291	69.096	68.847	68.689	68.602	68.676	68.599	68.567	68.643	68.591	68.36	68.157	67.944	67.875	67.779	67.813	67.852	67.787	67.723	67.681	67.581	67.469	67.319	67.167	67.235	67.064	67.045	66.817	66.68	66.401	66.148	65.992	65.938	65.915	65.801	65.691	65.668	65.672	65.67	65.603	65.503	65.544	65.664	65.571	65.394	65.232	65.013	64.954	65.022	65.032	65.072	65.164	65.091	64.915	64.805	64.696	64.629	64.563	64.413	64.266	64.126	63.985	63.922	63.951	63.927	63.886	63.848	63.812	63.685	63.567	63.528	63.32	63.195	63.021	62.867	62.752	62.474	62.256	62.037	61.937	61.775	61.612	61.442	61.453	61.471	61.431	61.37	61.415	61.445	61.494	61.533	61.68	61.77	61.867	61.758	61.763	61.806	61.756	61.702	61.656	61.461	61.25	61.048	60.851	60.67	60.582	60.313	60.103	59.902	59.808	59.936	59.867
72.041	72.095	72.12	72.015	71.888	71.846	71.721	71.649	71.55	71.318	71.194	70.975	71.019	71.02	70.788	70.759	70.686	70.564	70.533	70.37	70.126	69.904	69.444	69.475	69.247	69.198	68.982	68.779	68.721	68.733	68.673	68.565	68.507	68.452	68.506	68.294	68.194	68.006	67.971	67.846	67.906	67.763	67.729	67.701	67.766	67.684	67.538	67.429	67.351	67.274	67.136	66.997	66.91	66.669	66.361	66.087	65.926	65.775	65.792	65.683	65.767	65.757	65.625	65.611	65.491	65.435	65.497	65.514	65.406	65.304	65.074	64.912	65	64.981	64.885	64.911	65.037	64.93	64.773	64.656	64.606	64.484	64.455	64.375	64.246	64.025	63.89	63.809	63.814	63.798	63.776	63.948	63.896	63.828	63.804	63.647	63.349	63.225	63.081	62.955	62.755	62.538	62.309	62.205	62.024	61.87	61.75	61.534	61.383	61.364	61.451	61.365	61.491	61.536	61.604	61.468	61.602	61.709	61.858	61.834	61.825	61.794	61.667	61.563	61.572	61.495	61.206	60.98	60.851	60.733	60.589	60.402	60.072	59.901	59.819	59.83	59.766
72.01	71.938	72.203	72.137	71.933	71.899	71.765	71.688	71.483	71.357	71.155	71.028	71.093	70.851	70.892	70.835	70.786	70.66	70.472	70.293	69.991	69.885	69.515	69.327	69.094	69.011	68.863	68.669	68.634	68.663	68.569	68.493	68.304	68.155	68.141	68.161	68.001	67.942	68.001	67.813	68.031	67.772	67.768	67.712	67.701	67.572	67.579	67.447	67.292	67.226	67.167	67.064	66.852	66.632	66.414	66.118	65.879	65.739	65.731	65.714	65.638	65.671	65.599	65.508	65.452	65.506	65.487	65.508	65.36	65.27	65.032	65.006	64.957	64.938	64.829	64.804	64.93	64.792	64.664	64.573	64.368	64.338	64.198	64.134	64.004	63.903	63.776	63.712	63.821	63.757	63.81	63.868	63.904	63.79	63.685	63.531	63.357	63.166	63.063	63.013	62.843	62.579	62.413	62.334	62.193	61.994	61.846	61.642	61.479	61.333	61.351	61.358	61.418	61.505	61.493	61.404	61.502	61.656	61.788	61.786	61.801	61.697	61.54	61.431	61.418	61.304	61.154	60.894	60.843	60.733	60.529	60.357	60.07	59.8	59.8	59.797	59.73
71.773	72.103	72.215	72.137	72.129	71.875	71.774	71.648	71.432	71.243	71.227	71.265	71.144	70.962	71.034	70.979	70.903	70.755	70.508	70.249	69.984	69.669	69.528	69.276	69.063	68.856	68.797	68.55	68.449	68.479	68.451	68.368	68.116	68.013	67.873	67.787	67.88	67.951	67.829	67.88	67.971	67.882	67.763	67.627	67.563	67.634	67.518	67.423	67.293	67.17	67.212	67.042	66.849	66.709	66.433	66.164	65.925	65.758	65.546	65.59	65.618	65.555	65.557	65.484	65.455	65.489	65.447	65.487	65.381	65.19	65.048	64.982	65	64.888	64.82	64.861	64.834	64.68	64.544	64.368	64.31	64.032	63.936	63.931	63.914	63.862	63.693	63.58	63.614	63.721	63.711	63.811	63.921	63.881	63.681	63.52	63.389	63.259	63.149	63.02	62.881	62.624	62.521	62.446	62.298	62.188	61.989	61.773	61.65	61.447	61.363	61.411	61.517	61.443	61.396	61.436	61.47	61.594	61.713	61.749	61.693	61.581	61.489	61.258	61.286	61.171	61.077	61.031	60.851	60.801	60.547	60.352	60.157	59.814	59.801	59.823	59.649
72.002	72.219	72.369	72.233	72.11	71.941	71.763	71.649	71.306	71.32	71.322	71.3	71.343	71.18	71.263	71.227	71.16	70.873	70.507	70.291	70	69.646	69.461	69.314	69.159	69.041	68.877	68.638	68.472	68.52	68.359	68.312	68.178	67.971	67.965	67.852	67.734	67.914	67.998	67.971	67.959	67.902	67.704	67.647	67.491	67.5	67.356	67.315	67.257	67.226	67.179	67.013	66.804	66.548	66.297	66.054	65.826	65.646	65.597	65.582	65.519	65.387	65.33	65.321	65.406	65.353	65.398	65.462	65.377	65.142	65	64.913	64.89	64.834	64.852	64.834	64.749	64.541	64.383	64.287	64.14	63.947	63.847	63.821	63.857	63.811	63.66	63.54	63.523	63.75	63.831	63.892	63.935	63.874	63.81	63.647	63.474	63.414	63.224	63.055	62.847	62.613	62.453	62.397	62.338	62.155	62.031	61.961	61.782	61.621	61.604	61.506	61.638	61.472	61.418	61.401	61.587	61.654	61.665	61.621	61.54	61.563	61.381	61.281	61.284	61.17	61.194	61.231	61.194	60.986	60.817	60.528	60.201	59.963	59.865	59.816	59.61
72.188	72.402	72.485	72.388	72.038	71.934	71.727	71.417	71.397	71.525	71.397	71.31	71.351	71.291	71.447	71.465	71.279	70.839	70.498	70.201	70	69.648	69.548	69.375	69.315	69.032	68.836	68.709	68.617	68.383	68.264	68.186	68.034	68.032	68.11	67.971	67.849	67.964	67.936	67.865	67.92	67.966	67.723	67.476	67.477	67.379	67.372	67.27	67.288	67.188	67.113	66.974	66.745	66.495	66.26	66.087	65.938	65.779	65.69	65.561	65.446	65.396	65.44	65.393	65.29	65.264	65.293	65.337	65.246	65.202	64.985	64.9	64.821	64.784	64.766	64.681	64.597	64.368	64.238	64.249	64.036	63.849	63.795	63.673	63.652	63.693	63.626	63.57	63.444	63.537	63.679	63.851	63.88	63.981	63.985	63.833	63.613	63.408	63.258	63.078	62.803	62.566	62.315	62.218	62.235	62.145	62.043	61.994	61.963	61.818	61.654	61.573	61.552	61.563	61.569	61.438	61.563	61.597	61.55	61.423	61.456	61.348	61.378	61.317	61.29	61.344	61.304	61.368	61.308	61.084	60.951	60.644	60.352	60.17	59.86	59.673	59.548
72.164	72.5	72.356	72.388	72.073	72.026	71.791	71.597	71.591	71.574	71.315	71.166	71.293	71.563	71.697	71.604	71.3	70.872	70.37	70.287	70	69.91	69.778	69.463	69.283	69.163	68.833	68.574	68.42	68.343	68.254	68.173	68.161	68.135	68.222	68.051	67.951	67.844	67.875	67.933	67.987	68.02	67.711	67.531	67.424	67.288	67.235	67.101	67.16	67.245	67.111	67.014	66.748	66.52	66.366	66.276	66.083	65.837	65.722	65.619	65.517	65.662	65.536	65.398	65.334	65.183	65.231	65.18	65.218	65.094	64.992	64.863	64.967	64.759	64.668	64.599	64.48	64.349	64.369	64.235	64.086	63.86	63.804	63.601	63.488	63.408	63.537	63.555	63.401	63.368	63.47	63.591	63.82	64.092	64.092	63.945	63.682	63.49	63.264	63.081	62.851	62.523	62.329	62.255	62.266	62.181	62.126	62.074	62.052	61.882	61.738	61.55	61.612	61.555	61.563	61.588	61.549	61.457	61.326	61.285	61.261	61.372	61.392	61.359	61.371	61.356	61.436	61.533	61.375	61.206	60.922	60.722	60.532	60.141	59.83	59.644	59.511
72.372	72.523	72.488	72.5	72.231	72.028	71.841	71.563	71.647	71.548	71.208	71.109	71.335	71.6	71.482	71.546	71.373	70.648	70.394	70.382	70.264	70.069	69.962	69.594	69.348	69.126	68.937	68.654	68.45	68.395	68.438	68.326	68.208	68.178	68.292	68.132	67.996	67.849	67.878	67.768	67.95	67.855	67.723	67.493	67.301	67.275	67.168	66.992	67.026	67.062	67.098	67.064	66.863	66.661	66.464	66.385	66.228	66.004	65.816	65.714	65.81	65.779	65.685	65.466	65.281	65.177	65.265	65.254	65.231	65.142	65.037	64.908	65.037	64.895	64.743	64.615	64.394	64.335	64.361	64.319	64.11	63.973	63.856	63.589	63.489	63.375	63.33	63.43	63.298	63.285	63.318	63.449	63.629	63.75	63.903	63.897	63.683	63.445	63.264	63.035	62.838	62.466	62.356	62.339	62.33	62.243	62.227	61.972	61.901	61.75	61.645	61.563	61.549	61.418	61.463	61.46	61.288	61.17	61.101	61.113	61.306	61.346	61.375	61.403	61.423	61.374	61.396	61.424	61.431	61.163	60.958	60.638	60.34	60.117	59.872	59.657	59.45
72.452	72.684	72.609	72.605	72.464	72.236	71.919	71.625	71.511	71.487	71.369	71.333	71.466	71.504	71.509	71.54	71.269	70.747	70.55	70.327	70.182	70.252	69.913	69.701	69.24	69.105	68.97	68.803	68.633	68.491	68.416	68.278	68.155	68.169	68.115	68.005	67.865	67.897	67.998	67.87	67.919	67.872	67.583	67.434	67.298	67.194	67.053	66.908	66.981	66.963	66.976	66.927	66.825	66.73	66.547	66.51	66.324	66.14	66.004	65.849	65.914	65.82	65.735	65.505	65.37	65.319	65.393	65.363	65.325	65.169	65.061	65.015	65.078	64.921	64.751	64.597	64.368	64.223	64.185	64.183	64.137	63.899	63.744	63.587	63.5	63.461	63.349	63.379	63.255	63.24	63.339	63.424	63.58	63.667	63.642	63.587	63.42	63.271	63.125	63.033	62.891	62.6	62.522	62.372	62.309	62.162	62.16	61.875	61.685	61.695	61.595	61.501	61.499	61.327	61.294	61.207	61.154	61.018	61.049	61.093	61.228	61.324	61.427	61.416	61.397	61.355	61.41	61.393	61.267	61.172	60.885	60.649	60.397	60.156	59.894	59.716	59.514
72.583	72.748	72.572	72.59	72.316	72.098	71.935	71.695	71.696	71.602	71.417	71.548	71.593	71.613	71.547	71.628	71.17	70.713	70.544	70.225	69.888	69.958	69.745	69.514	69.342	69.209	69.132	68.894	68.68	68.484	68.464	68.363	68.24	68.125	68.087	67.945	67.891	67.885	68	68.052	68.065	67.865	67.628	67.434	67.359	67.204	67.196	66.968	67.022	66.972	66.931	66.885	66.849	66.701	66.627	66.526	66.373	66.389	66.21	66.037	65.873	65.804	65.756	65.537	65.436	65.392	65.48	65.44	65.409	65.239	65.173	65.201	65.058	64.915	64.73	64.622	64.425	64.154	63.958	63.88	63.918	63.841	63.638	63.471	63.41	63.404	63.323	63.191	63.178	63.149	63.186	63.347	63.559	63.603	63.518	63.396	63.272	63.108	62.968	62.892	62.926	62.67	62.541	62.396	62.272	62.069	61.913	61.815	61.709	61.683	61.551	61.419	61.318	61.226	61.198	61.084	61.042	61.026	61.083	61.084	61.059	61.133	61.222	61.313	61.434	61.358	61.295	61.308	61.209	61.215	60.977	60.73	60.607	60.293	60	59.68	59.6
72.756	72.732	72.735	72.536	72.188	71.817	71.75	71.606	71.819	71.647	71.534	71.628	71.502	71.423	71.773	71.696	71.298	70.814	70.599	70.212	69.643	69.489	69.189	69.201	68.991	69.063	69.029	68.866	68.737	68.359	68.306	68.296	68.254	68.276	68.178	67.981	67.916	68.002	68.085	68.142	68.125	67.909	67.62	67.467	67.479	67.369	67.288	67.096	66.952	67.008	66.952	66.831	66.656	66.666	66.585	66.483	66.357	66.352	66.359	66.07	65.851	65.837	65.731	65.538	65.508	65.548	65.579	65.539	65.354	65.295	65.238	65.15	64.967	64.804	64.655	64.418	64.312	64.071	63.915	63.699	63.784	63.78	63.617	63.356	63.309	63.16	63.186	63.178	63.025	63.111	63.206	63.278	63.521	63.521	63.421	63.177	62.959	62.851	62.89	62.822	62.802	62.695	62.491	62.242	62.12	61.936	61.875	61.793	61.714	61.589	61.548	61.338	61.232	61.116	61.064	61.015	60.997	61.138	61.09	61.282	61.242	61.241	61.077	61.2	61.344	61.287	61.216	61.205	61.111	61.007	60.928	60.74	60.617	60.435	60.147	59.854	59.658
72.728	72.631	72.44	72.188	71.86	71.524	71.707	71.644	72.014	71.916	71.672	71.322	71.326	71.388	71.775	71.492	71.144	70.938	70.579	70.199	69.634	69.222	69.114	68.921	68.724	68.869	68.841	68.694	68.661	68.381	68.394	68.326	68.267	68.302	68.318	68.141	68.088	68.157	68.234	68.224	68.138	67.929	67.58	67.444	67.334	67.249	67.3	67.269	67.076	66.893	66.807	66.709	66.64	66.51	66.58	66.455	66.431	66.392	66.382	66.153	65.868	65.804	65.745	65.617	65.599	65.639	65.577	65.361	65.331	65.261	65.272	65.084	64.944	64.766	64.625	64.439	64.271	64.048	63.955	63.695	63.584	63.604	63.601	63.385	63.109	63.066	63.027	63.074	63.088	63.089	63.171	63.322	63.497	63.529	63.272	62.941	62.621	62.579	62.616	62.634	62.685	62.557	62.397	62.21	61.977	61.719	61.801	61.685	61.515	61.587	61.517	61.418	61.365	61.155	61.068	61.082	61.158	61.32	61.458	61.501	61.467	61.229	61.178	61.175	61.269	61.239	61.152	61.135	61.084	60.829	60.819	60.564	60.382	60.357	60.147	59.94	59.748
72.524	72.42	72.346	72.057	71.707	71.488	71.514	71.613	71.719	71.518	71.403	71.25	71.128	71.406	71.544	71.128	70.707	70.727	70.45	70.239	69.748	69.319	69.094	68.99	68.883	68.631	68.722	68.538	68.524	68.351	68.173	68.446	68.468	68.448	68.419	68.381	68.366	68.181	68.317	68.163	68.225	67.938	67.633	67.391	67.188	67.226	67.218	67.161	67.06	66.81	66.735	66.597	66.621	66.608	66.513	66.478	66.397	66.283	66.214	66.143	65.968	65.767	65.708	65.669	65.609	65.516	65.505	65.333	65.294	65.233	65.158	65.009	64.834	64.614	64.488	64.292	64.222	64.134	63.97	63.75	63.566	63.567	63.547	63.48	63.33	63.17	63.068	63.038	63.04	63.024	63.06	63.095	63.278	63.351	63.097	62.756	62.432	62.299	62.308	62.221	62.334	62.221	62.164	62.113	61.909	61.602	61.708	61.641	61.605	61.588	61.592	61.582	61.429	61.279	61.123	61.111	61.145	61.317	61.456	61.331	61.37	61.333	61.25	61.174	61.292	61.166	60.961	61.049	61.019	61.005	60.881	60.51	60.295	60.142	60.215	59.943	59.865
72.462	72.275	72.127	71.891	71.676	71.501	71.347	71.147	71.295	71.206	71.194	71.281	71.092	71.092	71.119	70.878	70.524	70.479	70.365	69.935	69.707	69.215	68.851	68.854	68.726	68.455	68.506	68.428	68.176	68.115	68.125	68.201	68.26	68.259	68.257	68.296	68.181	68.163	68.169	68.111	67.991	67.877	67.731	67.453	67.178	67.114	67.205	67.135	67.009	66.875	66.791	66.646	66.527	66.499	66.513	66.303	66.235	66.018	65.907	65.714	65.647	65.675	65.594	65.448	65.473	65.513	65.403	65.331	65.313	65.172	65.146	65.074	64.845	64.53	64.396	64.29	64.165	64.063	64.008	63.698	63.561	63.47	63.505	63.534	63.384	63.312	63.148	63.074	63.051	63.053	62.958	62.904	62.932	62.86	62.762	62.425	62.297	62.211	62.063	62.118	62.097	61.988	62.054	61.928	61.857	61.701	61.812	61.902	61.89	61.812	61.865	61.648	61.563	61.449	61.312	61.167	61.256	61.293	61.274	61.25	61.199	61.32	61.256	61.191	61.173	61.119	61.07	61.023	61.026	60.979	60.908	60.574	60.323	60.289	60.056	60.035	59.941
