66.5	66.616	66.685	66.642	66.592	66.533	66.532	66.51	66.53	66.574	66.609	66.583	66.547	66.478	66.4	66.374	66.378	66.398	66.366	66.323	66.311	66.33	66.335	66.339	66.376	66.377	66.403	66.398	66.447	66.408	66.47	66.419	66.385	66.443	66.449	66.407	66.365	66.338	66.295	66.308	66.355	66.311	66.265	66.313	66.35	66.398	66.503	66.52	66.488	66.524	66.59	66.717	66.674	66.651	66.621	66.619	66.586	66.522	66.518	66.522	66.434	66.26	66.171	66.128	66.103	66.019	66.011	66.019	66.052	66.06	66.071	66.086	66.021	66.049	66.057	66.002	65.958	65.915	65.894	65.933	65.879	65.879	65.889	65.919	65.882	65.958	65.986	65.993	65.972	66.013	65.911	65.856	65.771	65.738	65.765	65.784	65.799	65.782	65.793	65.862	65.832	65.851	65.789	65.778	65.771	65.758	65.778	65.782	65.812	65.788	65.724	65.708	65.684	65.703	65.764	65.777	65.789	65.802	65.782	65.718	65.627	65.639	65.636	65.619	65.608	65.655	65.647	65.645	65.587	65.572	65.581	65.576	65.627	65.647	65.67	65.741	65.756
66.447	66.546	66.61	66.586	66.554	66.479	66.422	66.444	66.485	66.569	66.643	66.574	66.534	66.506	66.398	66.379	66.341	66.35	66.287	66.282	66.296	66.322	66.317	66.304	66.315	66.326	66.27	66.305	66.343	66.295	66.348	66.3	66.334	66.333	66.365	66.385	66.411	66.393	66.301	66.27	66.291	66.275	66.188	66.182	66.256	66.318	66.436	66.437	66.493	66.477	66.542	66.561	66.592	66.576	66.542	66.504	66.458	66.366	66.335	66.321	66.18	66.098	66.006	65.965	65.929	65.853	65.85	65.868	65.887	65.922	65.858	65.838	65.875	65.901	65.915	65.826	65.786	65.722	65.714	65.705	65.693	65.652	65.684	65.733	65.761	65.8	65.831	65.799	65.816	65.815	65.756	65.623	65.578	65.541	65.509	65.599	65.559	65.627	65.637	65.681	65.745	65.739	65.657	65.62	65.634	65.613	65.577	65.596	65.506	65.488	65.462	65.513	65.489	65.508	65.538	65.522	65.506	65.484	65.501	65.459	65.44	65.448	65.489	65.509	65.493	65.476	65.462	65.444	65.368	65.316	65.289	65.377	65.395	65.45	65.469	65.49	65.498
66.454	66.485	66.571	66.557	66.553	66.436	66.488	66.473	66.51	66.579	66.612	66.569	66.59	66.553	66.524	66.424	66.414	66.378	66.287	66.277	66.283	66.263	66.231	66.278	66.292	66.258	66.223	66.213	66.234	66.259	66.259	66.246	66.272	66.346	66.413	66.454	66.408	66.409	66.27	66.2	66.178	66.164	66.108	66.073	66.194	66.25	66.302	66.339	66.437	66.466	66.453	66.478	66.475	66.441	66.413	66.295	66.244	66.244	66.179	66.082	66.02	65.922	65.852	65.838	65.822	65.751	65.761	65.762	65.775	65.784	65.76	65.752	65.743	65.707	65.732	65.69	65.651	65.561	65.572	65.591	65.625	65.603	65.641	65.672	65.668	65.702	65.676	65.654	65.641	65.589	65.515	65.5	65.457	65.408	65.417	65.401	65.426	65.454	65.474	65.605	65.618	65.686	65.609	65.528	65.497	65.45	65.434	65.354	65.323	65.278	65.268	65.293	65.342	65.313	65.313	65.287	65.226	65.201	65.281	65.258	65.246	65.293	65.298	65.304	65.292	65.262	65.264	65.227	65.184	65.183	65.161	65.13	65.183	65.173	65.18	65.164	65.156
66.535	66.584	66.577	66.642	66.524	66.479	66.497	66.539	66.593	66.607	66.619	66.597	66.569	66.572	66.549	66.502	66.425	66.375	66.322	66.289	66.296	66.237	66.22	66.239	66.221	66.232	66.225	66.252	66.231	66.252	66.221	66.195	66.243	66.32	66.363	66.406	66.34	66.313	66.236	66.156	66.101	66.081	66.046	66.07	66.141	66.219	66.243	66.264	66.341	66.342	66.397	66.389	66.36	66.315	66.183	66.089	66.07	66.106	65.983	65.919	65.895	65.821	65.744	65.727	65.697	65.674	65.69	65.699	65.753	65.691	65.705	65.697	65.605	65.563	65.6	65.543	65.444	65.433	65.475	65.56	65.572	65.555	65.63	65.63	65.595	65.551	65.531	65.47	65.425	65.382	65.343	65.324	65.292	65.281	65.287	65.258	65.28	65.366	65.379	65.418	65.467	65.505	65.494	65.385	65.258	65.208	65.209	65.237	65.169	65.101	65.128	65.11	65.119	65.093	65.059	65.028	64.975	65.012	65.1	65.058	65.057	65.016	65.054	65.069	65.054	65.029	64.998	65.025	65.004	64.997	64.977	64.931	64.882	64.859	64.83	64.841	64.914
66.544	66.597	66.55	66.539	66.589	66.574	66.604	66.622	66.604	66.687	66.706	66.626	66.563	66.544	66.526	66.444	66.396	66.341	66.303	66.272	66.296	66.24	66.177	66.188	66.207	66.266	66.279	66.224	66.233	66.231	66.209	66.157	66.213	66.267	66.335	66.368	66.257	66.166	66.1	66.066	66.059	66.064	66.074	66.101	66.201	66.22	66.202	66.257	66.239	66.27	66.289	66.284	66.222	66.138	66.051	66	65.974	65.971	65.92	65.889	65.857	65.787	65.661	65.62	65.652	65.701	65.633	65.577	65.582	65.552	65.532	65.495	65.461	65.429	65.407	65.353	65.318	65.337	65.413	65.433	65.391	65.386	65.454	65.424	65.382	65.341	65.341	65.319	65.255	65.248	65.273	65.197	65.159	65.198	65.139	65.142	65.156	65.16	65.168	65.233	65.278	65.336	65.364	65.21	65.073	65.029	65.055	65.035	64.952	64.966	64.987	64.967	64.974	64.935	64.863	64.796	64.808	64.832	64.903	64.919	64.897	64.877	64.875	64.881	64.813	64.807	64.843	64.9	64.846	64.849	64.86	64.811	64.747	64.727	64.68	64.673	64.702
66.63	66.634	66.665	66.628	66.574	66.555	66.59	66.619	66.601	66.632	66.641	66.573	66.556	66.496	66.488	66.442	66.387	66.277	66.252	66.211	66.233	66.214	66.178	66.181	66.254	66.259	66.233	66.17	66.102	66.098	66.089	66.145	66.283	66.345	66.283	66.274	66.152	66.113	66.034	66.023	66.059	66.079	66.128	66.175	66.14	66.124	66.177	66.078	66.154	66.178	66.146	66.054	65.969	65.935	65.899	65.908	65.856	65.836	65.816	65.799	65.788	65.735	65.628	65.551	65.522	65.518	65.497	65.506	65.462	65.427	65.378	65.304	65.298	65.288	65.233	65.179	65.25	65.278	65.238	65.28	65.259	65.207	65.139	65.148	65.068	65.089	65.113	65.118	65.127	65.081	65.04	65.044	65.028	64.96	64.968	65.016	65.032	64.995	65.015	65.084	65.18	65.216	65.145	65.018	64.877	64.851	64.853	64.816	64.832	64.834	64.851	64.829	64.842	64.758	64.661	64.654	64.661	64.689	64.725	64.709	64.7	64.67	64.673	64.634	64.619	64.609	64.652	64.661	64.659	64.665	64.643	64.586	64.494	64.48	64.465	64.458	64.463
66.612	66.642	66.547	66.498	66.522	66.572	66.541	66.524	66.487	66.534	66.553	66.517	66.497	66.387	66.32	66.275	66.234	66.28	66.234	66.255	66.174	66.177	66.152	66.149	66.188	66.155	66.115	66.053	66.067	66.063	66.056	66.071	66.161	66.15	66.116	66.055	66.066	66.002	65.953	65.94	65.927	65.954	65.975	66.016	65.984	65.903	65.931	65.913	66.002	65.97	65.947	65.934	65.868	65.786	65.754	65.779	65.807	65.754	65.746	65.676	65.645	65.612	65.489	65.448	65.427	65.388	65.36	65.348	65.276	65.241	65.205	65.115	65.131	65.111	65.076	65.061	64.993	64.993	64.99	65.002	64.964	64.921	64.873	64.871	64.837	64.821	64.843	64.835	64.827	64.796	64.79	64.757	64.753	64.766	64.739	64.776	64.804	64.863	64.816	64.854	64.916	64.889	64.819	64.77	64.706	64.725	64.709	64.652	64.668	64.675	64.631	64.599	64.57	64.497	64.458	64.46	64.415	64.469	64.454	64.404	64.381	64.36	64.378	64.375	64.316	64.312	64.327	64.412	64.398	64.405	64.43	64.339	64.243	64.222	64.196	64.191	64.195
66.47	66.519	66.444	66.437	66.484	66.467	66.414	66.361	66.416	66.471	66.48	66.408	66.36	66.306	66.209	66.17	66.143	66.199	66.297	66.298	66.211	66.182	66.134	66.08	66.11	66.089	66.029	66.053	66.056	65.991	66.014	66.05	66.025	66.044	65.958	65.942	65.926	65.912	65.85	65.824	65.814	65.821	65.854	65.864	65.847	65.848	65.901	65.887	65.88	65.895	65.824	65.787	65.766	65.677	65.645	65.673	65.69	65.688	65.661	65.574	65.545	65.477	65.404	65.352	65.326	65.299	65.267	65.171	65.154	65.115	65.039	64.968	64.965	64.923	64.904	64.825	64.778	64.76	64.742	64.767	64.776	64.743	64.735	64.693	64.668	64.681	64.688	64.625	64.614	64.575	64.555	64.558	64.497	64.592	64.631	64.589	64.616	64.634	64.592	64.612	64.596	64.613	64.584	64.574	64.547	64.518	64.466	64.442	64.438	64.437	64.389	64.34	64.284	64.242	64.277	64.29	64.315	64.242	64.171	64.099	64.041	64.064	64.056	64.044	64.096	64.103	64.126	64.188	64.198	64.189	64.139	64.053	63.982	63.945	63.878	63.863	63.892
66.297	66.348	66.337	66.391	66.405	66.348	66.318	66.308	66.323	66.359	66.369	66.347	66.282	66.281	66.237	66.207	66.155	66.173	66.263	66.182	66.19	66.136	66.069	66.024	66.027	66.054	66.045	66.027	66.006	66.007	66.009	65.993	65.989	65.962	65.928	65.875	65.847	65.863	65.839	65.766	65.762	65.771	65.75	65.777	65.742	65.755	65.799	65.793	65.78	65.786	65.709	65.678	65.67	65.621	65.581	65.618	65.574	65.647	65.588	65.432	65.425	65.421	65.357	65.284	65.236	65.212	65.131	65.059	65.023	64.973	64.929	64.846	64.82	64.778	64.735	64.656	64.62	64.591	64.585	64.619	64.595	64.608	64.564	64.541	64.517	64.563	64.526	64.511	64.475	64.43	64.437	64.394	64.383	64.398	64.404	64.401	64.325	64.313	64.334	64.379	64.312	64.386	64.365	64.402	64.335	64.296	64.266	64.257	64.237	64.16	64.094	64.051	64.09	64.063	64.037	64.044	64.06	64.004	63.966	63.912	63.883	63.844	63.87	63.85	63.865	63.901	63.911	63.943	63.92	63.863	63.864	63.824	63.752	63.695	63.613	63.586	63.663
66.261	66.305	66.283	66.298	66.265	66.199	66.196	66.185	66.199	66.271	66.314	66.312	66.283	66.261	66.248	66.215	66.11	66.119	66.2	66.149	66.145	66.115	66.041	65.968	65.949	65.981	66.007	66.022	66.044	66.061	66.032	66.012	65.99	65.952	65.876	65.827	65.767	65.754	65.716	65.664	65.654	65.696	65.739	65.737	65.716	65.686	65.678	65.694	65.64	65.627	65.56	65.533	65.525	65.451	65.436	65.448	65.48	65.477	65.403	65.322	65.341	65.29	65.266	65.234	65.151	65.045	64.978	64.974	64.925	64.899	64.817	64.743	64.703	64.676	64.6	64.55	64.484	64.449	64.467	64.471	64.465	64.435	64.491	64.458	64.444	64.421	64.406	64.363	64.373	64.346	64.303	64.223	64.245	64.246	64.285	64.235	64.186	64.176	64.159	64.147	64.161	64.164	64.142	64.144	64.151	64.127	64.105	64.063	64.047	63.979	63.939	63.854	63.822	63.814	63.779	63.801	63.833	63.804	63.781	63.699	63.705	63.669	63.654	63.65	63.647	63.695	63.645	63.683	63.653	63.65	63.625	63.669	63.578	63.46	63.401	63.384	63.467
66.261	66.306	66.272	66.292	66.206	66.084	66.075	66.098	66.155	66.272	66.311	66.237	66.246	66.25	66.227	66.193	66.096	66.054	66.117	66.115	66.137	66.114	66.052	65.99	65.954	65.923	65.997	66.061	66.134	66.098	66.069	66.011	65.967	65.864	65.805	65.777	65.751	65.716	65.658	65.655	65.693	65.688	65.617	65.636	65.562	65.59	65.619	65.613	65.562	65.489	65.457	65.401	65.366	65.343	65.333	65.309	65.302	65.277	65.233	65.159	65.185	65.16	65.078	65.105	65.095	65.022	64.956	64.907	64.826	64.811	64.763	64.763	64.707	64.717	64.601	64.594	64.498	64.442	64.38	64.385	64.362	64.363	64.404	64.375	64.366	64.369	64.336	64.275	64.249	64.195	64.151	64.162	64.129	64.15	64.178	64.145	64.122	64.127	64.101	64.037	64.114	64.057	64.059	64.016	64.056	64.056	64.001	63.942	63.922	63.85	63.797	63.686	63.699	63.649	63.648	63.669	63.627	63.619	63.576	63.53	63.513	63.461	63.46	63.451	63.445	63.422	63.421	63.474	63.488	63.461	63.407	63.43	63.407	63.316	63.285	63.27	63.325
66.24	66.318	66.25	66.21	66.157	66.061	66.052	66.076	66.147	66.213	66.266	66.185	66.189	66.243	66.225	66.224	66.149	66.038	66.029	66.069	66.143	66.107	66.021	65.965	65.911	65.969	66.06	66.111	66.111	66.074	65.986	65.899	65.832	65.792	65.751	65.67	65.662	65.645	65.613	65.555	65.599	65.571	65.55	65.528	65.511	65.542	65.573	65.474	65.419	65.368	65.354	65.276	65.291	65.258	65.212	65.154	65.143	65.145	65.08	65.022	65.047	64.998	64.97	65.002	64.996	64.919	64.842	64.762	64.743	64.706	64.709	64.702	64.649	64.664	64.61	64.585	64.507	64.422	64.37	64.317	64.313	64.297	64.347	64.331	64.271	64.258	64.239	64.181	64.109	64.091	64.014	64.093	64.09	64.073	64.107	64.049	64.064	64.083	64.058	63.973	63.955	63.969	63.955	63.939	63.93	63.945	63.925	63.858	63.851	63.771	63.714	63.6	63.572	63.548	63.527	63.498	63.508	63.472	63.479	63.442	63.414	63.359	63.306	63.284	63.248	63.239	63.262	63.332	63.343	63.318	63.279	63.246	63.211	63.173	63.137	63.187	63.22
66.295	66.334	66.262	66.252	66.179	66.159	66.115	66.137	66.142	66.25	66.26	66.197	66.18	66.22	66.225	66.243	66.12	66.036	65.986	66.074	66.09	66.084	66.035	66.03	66.023	66.043	66.078	66.047	66.047	65.991	65.906	65.796	65.732	65.68	65.633	65.587	65.582	65.518	65.474	65.443	65.442	65.425	65.424	65.455	65.451	65.436	65.441	65.383	65.349	65.28	65.219	65.191	65.222	65.209	65.093	65.108	65.045	64.993	64.944	64.954	64.925	64.907	64.931	64.919	64.873	64.804	64.7	64.634	64.609	64.618	64.582	64.568	64.525	64.547	64.534	64.489	64.45	64.402	64.334	64.29	64.261	64.24	64.285	64.219	64.203	64.111	64.067	64.038	63.994	63.973	63.979	63.983	63.949	63.97	63.944	63.919	63.937	63.948	63.942	63.889	63.882	63.9	63.9	63.888	63.86	63.85	63.798	63.78	63.762	63.712	63.608	63.502	63.48	63.404	63.362	63.363	63.381	63.365	63.308	63.319	63.264	63.21	63.177	63.11	63.101	63.153	63.148	63.208	63.153	63.129	63.069	63.106	63.073	63.048	63.014	63.064	63.082
66.378	66.416	66.356	66.318	66.236	66.233	66.215	66.202	66.224	66.321	66.273	66.281	66.23	66.264	66.185	66.15	66.097	66.055	66.074	66.124	66.052	66.088	66.056	66.052	66.088	66.061	66.095	66.069	66.042	66.008	65.84	65.81	65.73	65.701	65.667	65.64	65.541	65.452	65.411	65.352	65.367	65.369	65.384	65.425	65.417	65.409	65.415	65.338	65.283	65.247	65.205	65.182	65.156	65.138	65.107	65.086	65.021	64.976	64.935	64.841	64.804	64.808	64.812	64.84	64.802	64.703	64.616	64.585	64.561	64.537	64.459	64.465	64.468	64.465	64.437	64.412	64.351	64.298	64.29	64.231	64.24	64.235	64.258	64.135	64.065	64.021	63.963	63.951	63.91	63.907	63.883	63.87	63.878	63.872	63.845	63.776	63.754	63.771	63.768	63.78	63.765	63.827	63.755	63.793	63.766	63.733	63.699	63.649	63.623	63.576	63.465	63.43	63.403	63.372	63.311	63.3	63.281	63.25	63.251	63.2	63.161	63.109	63.1	62.988	63.047	63.094	63.087	63.119	63.076	63.007	62.995	62.981	62.998	62.969	62.949	62.926	62.955
66.433	66.492	66.457	66.413	66.405	66.374	66.368	66.34	66.366	66.378	66.341	66.301	66.23	66.183	66.149	66.097	66.084	66.037	66.052	66.078	66.07	66.085	66.085	66.108	66.092	66.123	66.107	66.043	66.011	65.996	65.884	65.85	65.766	65.692	65.661	65.546	65.478	65.442	65.39	65.295	65.359	65.377	65.39	65.43	65.497	65.49	65.453	65.319	65.259	65.22	65.186	65.142	65.145	65.109	65.033	64.982	64.904	64.837	64.76	64.725	64.723	64.698	64.717	64.713	64.701	64.572	64.51	64.489	64.491	64.42	64.39	64.342	64.353	64.338	64.301	64.303	64.234	64.174	64.208	64.196	64.183	64.17	64.197	64.057	64.017	63.964	63.924	63.884	63.864	63.829	63.784	63.808	63.776	63.73	63.687	63.647	63.641	63.661	63.66	63.709	63.692	63.703	63.696	63.699	63.644	63.61	63.533	63.488	63.493	63.42	63.433	63.352	63.324	63.318	63.238	63.16	63.156	63.13	63.142	63.114	63.074	63.075	63.05	62.961	62.96	63.011	63.025	62.931	62.931	62.874	62.892	62.948	62.957	62.902	62.884	62.828	62.903
66.553	66.588	66.537	66.496	66.451	66.437	66.437	66.416	66.411	66.406	66.338	66.296	66.238	66.193	66.095	66.023	66.027	66.001	66.032	66.045	66.087	66.06	66.062	66.038	65.991	65.999	66.017	65.995	66	65.938	65.883	65.818	65.727	65.663	65.546	65.505	65.467	65.403	65.39	65.316	65.366	65.42	65.411	65.441	65.438	65.448	65.389	65.286	65.234	65.215	65.16	65.106	65.092	64.971	64.919	64.878	64.812	64.732	64.709	64.714	64.698	64.66	64.596	64.543	64.499	64.422	64.431	64.422	64.411	64.38	64.322	64.286	64.232	64.259	64.212	64.189	64.184	64.177	64.152	64.151	64.138	64.162	64.146	64.003	63.94	63.887	63.805	63.748	63.793	63.811	63.752	63.708	63.646	63.606	63.55	63.518	63.543	63.584	63.601	63.588	63.554	63.564	63.628	63.597	63.501	63.374	63.346	63.383	63.399	63.287	63.289	63.265	63.242	63.185	63.143	63.027	63.018	63.026	63.033	63.043	62.983	62.961	62.882	62.822	62.841	62.84	62.833	62.809	62.791	62.719	62.733	62.755	62.736	62.738	62.74	62.696	62.716
66.68	66.641	66.619	66.611	66.541	66.544	66.52	66.466	66.447	66.421	66.361	66.32	66.244	66.214	66.117	66.105	66.092	66.036	66.05	66.067	66.094	66.053	66.043	66.012	65.954	65.89	65.917	65.95	65.887	65.87	65.869	65.804	65.729	65.65	65.551	65.488	65.452	65.389	65.368	65.333	65.365	65.376	65.374	65.399	65.405	65.367	65.308	65.197	65.167	65.159	65.073	65.039	64.974	64.913	64.826	64.77	64.729	64.702	64.678	64.661	64.636	64.624	64.524	64.443	64.415	64.352	64.383	64.388	64.388	64.365	64.287	64.268	64.177	64.139	64.093	64.078	64.08	64.08	64.113	64.1	64.115	64.054	63.986	63.912	63.818	63.728	63.674	63.674	63.716	63.682	63.689	63.599	63.596	63.563	63.478	63.461	63.459	63.505	63.569	63.547	63.502	63.423	63.419	63.401	63.295	63.248	63.199	63.247	63.23	63.231	63.185	63.162	63.097	63.075	63.046	62.971	62.933	62.916	62.904	62.935	62.899	62.817	62.708	62.677	62.693	62.688	62.703	62.688	62.658	62.611	62.6	62.582	62.55	62.581	62.543	62.576	62.612
66.737	66.767	66.746	66.722	66.7	66.647	66.608	66.522	66.495	66.471	66.403	66.347	66.281	66.229	66.2	66.241	66.192	66.13	66.156	66.174	66.135	66.086	66.003	65.957	65.908	65.836	65.827	65.852	65.88	65.86	65.82	65.796	65.746	65.694	65.599	65.447	65.401	65.357	65.319	65.339	65.362	65.348	65.309	65.346	65.282	65.272	65.188	65.137	65.091	65.016	64.992	65.004	64.952	64.909	64.855	64.751	64.7	64.657	64.626	64.625	64.568	64.564	64.471	64.403	64.375	64.285	64.292	64.301	64.315	64.284	64.261	64.203	64.123	64.018	64.004	63.991	64.002	64.028	64.032	64.086	64.016	63.947	63.882	63.83	63.718	63.646	63.588	63.579	63.578	63.592	63.599	63.552	63.48	63.467	63.427	63.37	63.353	63.394	63.435	63.391	63.353	63.306	63.287	63.245	63.179	63.174	63.166	63.145	63.169	63.154	63.079	63.054	63.016	63.018	62.961	62.917	62.87	62.845	62.805	62.801	62.72	62.662	62.621	62.606	62.605	62.6	62.565	62.536	62.483	62.438	62.468	62.417	62.377	62.401	62.424	62.451	62.463
66.897	66.864	66.843	66.851	66.834	66.787	66.746	66.621	66.529	66.517	66.422	66.39	66.411	66.287	66.273	66.35	66.3	66.232	66.272	66.327	66.287	66.219	66.087	65.963	65.919	65.839	65.867	65.935	65.91	65.89	65.824	65.795	65.772	65.714	65.596	65.46	65.396	65.366	65.32	65.331	65.358	65.338	65.308	65.284	65.227	65.169	65.121	65.049	65.01	64.982	64.988	64.956	64.945	64.929	64.877	64.799	64.754	64.674	64.66	64.642	64.616	64.563	64.445	64.386	64.381	64.3	64.266	64.266	64.274	64.235	64.16	64.114	64.043	63.966	63.92	63.947	63.953	63.965	63.99	63.96	63.921	63.835	63.767	63.729	63.6	63.562	63.508	63.479	63.511	63.492	63.516	63.432	63.392	63.304	63.289	63.306	63.284	63.253	63.244	63.219	63.26	63.244	63.231	63.207	63.137	63.104	63.068	63.044	62.977	62.959	62.946	62.976	62.992	62.926	62.883	62.839	62.775	62.733	62.689	62.637	62.587	62.585	62.541	62.496	62.442	62.41	62.396	62.35	62.317	62.298	62.305	62.323	62.285	62.258	62.276	62.305	62.282
67.042	67.017	67.004	66.997	66.958	66.928	66.801	66.742	66.615	66.536	66.522	66.501	66.511	66.445	66.397	66.39	66.386	66.357	66.386	66.396	66.354	66.259	66.15	66.103	66.006	66	65.999	66.019	66.027	65.972	65.886	65.808	65.808	65.689	65.572	65.485	65.385	65.326	65.291	65.335	65.321	65.282	65.244	65.207	65.197	65.142	65.089	65.012	65.015	65.011	64.964	64.908	64.899	64.946	64.879	64.815	64.77	64.708	64.673	64.654	64.585	64.489	64.423	64.383	64.349	64.277	64.252	64.229	64.191	64.171	64.152	64.053	63.992	63.915	63.848	63.869	63.871	63.873	63.825	63.841	63.823	63.735	63.721	63.651	63.532	63.45	63.399	63.438	63.439	63.433	63.433	63.363	63.285	63.272	63.254	63.284	63.252	63.248	63.21	63.204	63.178	63.153	63.131	63.066	63.022	62.947	62.923	62.918	62.876	62.841	62.892	62.93	62.912	62.901	62.842	62.759	62.68	62.613	62.55	62.522	62.493	62.517	62.511	62.433	62.405	62.353	62.332	62.274	62.203	62.111	62.131	62.159	62.139	62.096	62.111	62.103	62.167
67.155	67.15	67.148	67.125	67.111	66.972	66.885	66.79	66.687	66.605	66.614	66.584	66.549	66.544	66.491	66.481	66.468	66.419	66.417	66.427	66.367	66.328	66.203	66.146	66.112	66.092	66.02	66.083	66.063	65.995	65.888	65.888	65.829	65.69	65.609	65.496	65.378	65.341	65.334	65.293	65.303	65.223	65.227	65.21	65.2	65.169	65.118	65.046	65.045	65.02	64.984	64.962	64.898	64.874	64.889	64.863	64.766	64.684	64.643	64.569	64.501	64.418	64.361	64.296	64.261	64.243	64.206	64.209	64.126	64.14	64.1	63.993	63.869	63.804	63.731	63.743	63.731	63.739	63.754	63.796	63.744	63.703	63.672	63.587	63.454	63.409	63.35	63.41	63.406	63.438	63.36	63.339	63.305	63.229	63.234	63.26	63.259	63.243	63.169	63.151	63.109	63.068	63.029	62.977	62.888	62.882	62.876	62.879	62.862	62.857	62.874	62.867	62.864	62.792	62.692	62.641	62.593	62.534	62.52	62.455	62.4	62.441	62.449	62.415	62.33	62.281	62.244	62.16	62.102	62.007	61.99	61.961	61.951	61.964	61.948	61.977	62.037
67.272	67.319	67.26	67.235	67.139	67.056	66.919	66.828	66.76	66.686	66.628	66.561	66.607	66.542	66.493	66.45	66.372	66.354	66.379	66.353	66.417	66.362	66.264	66.213	66.123	66.09	66.081	66.085	66.104	66.035	65.897	65.847	65.778	65.639	65.529	65.457	65.382	65.38	65.313	65.351	65.318	65.221	65.217	65.22	65.248	65.248	65.189	65.113	65.052	65.023	64.985	64.949	64.881	64.878	64.894	64.844	64.773	64.703	64.641	64.576	64.461	64.389	64.274	64.251	64.199	64.203	64.196	64.168	64.167	64.092	63.998	63.946	63.821	63.756	63.748	63.748	63.734	63.761	63.723	63.688	63.678	63.671	63.63	63.498	63.453	63.405	63.363	63.384	63.354	63.376	63.392	63.389	63.309	63.302	63.299	63.267	63.178	63.103	63.101	63.078	63.038	63.038	62.963	62.907	62.843	62.811	62.827	62.798	62.853	62.813	62.756	62.751	62.681	62.595	62.498	62.453	62.444	62.395	62.368	62.331	62.322	62.353	62.372	62.31	62.26	62.202	62.188	62.097	62.025	61.934	61.877	61.907	61.877	61.885	61.875	61.863	61.935
67.42	67.475	67.455	67.379	67.248	67.13	66.992	66.859	66.823	66.763	66.685	66.567	66.604	66.572	66.487	66.447	66.358	66.284	66.279	66.309	66.37	66.308	66.281	66.223	66.114	66.072	66.045	66.113	66.092	65.992	65.871	65.788	65.733	65.579	65.442	65.404	65.338	65.305	65.336	65.321	65.288	65.239	65.246	65.282	65.254	65.229	65.163	65.104	65.05	64.998	64.98	64.945	64.916	64.892	64.848	64.81	64.76	64.665	64.637	64.542	64.484	64.395	64.319	64.266	64.218	64.157	64.118	64.126	64.04	63.996	63.937	63.883	63.824	63.727	63.759	63.728	63.72	63.734	63.674	63.691	63.637	63.58	63.586	63.529	63.492	63.447	63.383	63.355	63.35	63.357	63.365	63.426	63.423	63.358	63.293	63.188	63.149	63.048	63.045	63.019	62.982	62.942	62.916	62.841	62.79	62.732	62.74	62.764	62.744	62.679	62.592	62.496	62.468	62.413	62.345	62.32	62.3	62.282	62.22	62.151	62.168	62.258	62.311	62.263	62.205	62.158	62.162	62.062	62.003	61.914	61.868	61.877	61.84	61.808	61.835	61.885	61.84
67.604	67.644	67.553	67.507	67.357	67.213	67.024	66.884	66.795	66.72	66.64	66.627	66.608	66.555	66.538	66.467	66.416	66.33	66.294	66.263	66.286	66.211	66.13	66.11	66.078	66.042	66.019	66.084	66.023	65.952	65.808	65.719	65.666	65.53	65.457	65.415	65.351	65.368	65.337	65.3	65.294	65.248	65.221	65.226	65.218	65.194	65.143	65.104	65.012	64.952	64.907	64.923	64.888	64.801	64.791	64.733	64.742	64.69	64.588	64.549	64.5	64.379	64.288	64.24	64.167	64.051	64.035	64.044	64.004	63.93	63.89	63.876	63.794	63.726	63.734	63.708	63.687	63.687	63.638	63.605	63.647	63.618	63.615	63.605	63.522	63.508	63.473	63.39	63.366	63.394	63.395	63.387	63.306	63.203	63.192	63.113	63.086	63.016	63.009	62.937	62.81	62.765	62.755	62.695	62.616	62.616	62.645	62.701	62.633	62.536	62.447	62.362	62.284	62.251	62.222	62.241	62.229	62.165	62.124	62.069	62.107	62.192	62.241	62.204	62.198	62.148	62.082	61.998	61.947	61.933	61.879	61.844	61.778	61.764	61.777	61.789	61.738
67.566	67.653	67.539	67.535	67.398	67.301	67.11	66.942	66.847	66.731	66.649	66.571	66.569	66.589	66.539	66.523	66.418	66.294	66.263	66.263	66.213	66.156	66.092	66.008	65.995	66.027	66.054	66.081	66.015	65.882	65.809	65.705	65.651	65.576	65.504	65.452	65.341	65.354	65.31	65.301	65.178	65.153	65.132	65.134	65.168	65.125	65.066	65	64.948	64.917	64.849	64.859	64.821	64.783	64.757	64.721	64.752	64.67	64.633	64.583	64.525	64.399	64.331	64.231	64.113	64.034	63.988	63.994	63.931	63.866	63.762	63.795	63.768	63.696	63.666	63.724	63.677	63.65	63.584	63.575	63.613	63.618	63.603	63.525	63.499	63.463	63.382	63.421	63.435	63.33	63.328	63.233	63.125	63.136	63.127	63.048	62.984	62.928	62.836	62.773	62.679	62.594	62.6	62.528	62.491	62.472	62.453	62.486	62.45	62.378	62.31	62.21	62.126	62.095	62.123	62.122	62.073	62.033	62.003	61.986	62.043	62.059	62.045	62.065	62.022	61.973	61.917	61.888	61.79	61.792	61.827	61.75	61.729	61.712	61.726	61.681	61.64
67.571	67.678	67.586	67.507	67.383	67.275	67.165	67.041	66.931	66.833	66.751	66.623	66.613	66.578	66.611	66.551	66.476	66.398	66.361	66.285	66.199	66.109	66.055	66.033	66.03	66.068	66.06	66.026	65.978	65.868	65.775	65.727	65.646	65.569	65.449	65.451	65.395	65.374	65.274	65.197	65.101	65.12	65.118	65.135	65.121	65.067	65.041	64.923	64.918	64.894	64.793	64.75	64.704	64.725	64.671	64.639	64.699	64.648	64.61	64.547	64.483	64.392	64.265	64.152	64.073	63.956	63.976	63.971	63.901	63.828	63.75	63.703	63.69	63.637	63.626	63.665	63.611	63.543	63.501	63.525	63.554	63.536	63.528	63.472	63.453	63.389	63.347	63.334	63.306	63.228	63.157	63.068	62.984	62.973	62.942	62.864	62.777	62.724	62.658	62.591	62.542	62.482	62.45	62.402	62.368	62.313	62.33	62.324	62.245	62.218	62.198	62.13	62.049	61.982	61.952	61.893	61.875	61.877	61.885	61.853	61.927	61.98	61.945	61.933	61.854	61.827	61.808	61.801	61.745	61.688	61.698	61.683	61.627	61.623	61.597	61.494	61.453
67.701	67.667	67.571	67.536	67.461	67.33	67.193	67.042	67.018	66.921	66.857	66.693	66.643	66.655	66.606	66.573	66.504	66.462	66.418	66.327	66.258	66.153	66.078	66.026	66.048	66.054	66.057	66	65.909	65.821	65.779	65.757	65.674	65.572	65.477	65.411	65.384	65.349	65.25	65.167	65.157	65.143	65.126	65.106	65.02	64.993	64.967	64.893	64.856	64.828	64.735	64.719	64.662	64.673	64.641	64.654	64.734	64.62	64.532	64.488	64.463	64.379	64.242	64.163	64.033	63.928	63.95	63.918	63.89	63.813	63.731	63.659	63.62	63.62	63.598	63.586	63.578	63.522	63.479	63.489	63.53	63.495	63.449	63.402	63.379	63.347	63.25	63.177	63.107	63.056	63.033	62.907	62.848	62.803	62.757	62.665	62.61	62.547	62.491	62.418	62.41	62.376	62.342	62.348	62.301	62.257	62.296	62.231	62.144	62.103	62.036	61.998	61.931	61.868	61.801	61.777	61.761	61.761	61.749	61.8	61.814	61.885	61.825	61.786	61.703	61.704	61.725	61.721	61.646	61.587	61.545	61.522	61.454	61.462	61.388	61.319	61.278
67.813	67.699	67.616	67.554	67.423	67.433	67.291	67.169	67.135	67.013	66.953	66.795	66.788	66.721	66.681	66.635	66.563	66.538	66.444	66.373	66.274	66.174	66.1	66.052	66.062	66.099	66.082	66.006	65.913	65.821	65.744	65.751	65.663	65.555	65.482	65.414	65.359	65.268	65.265	65.21	65.211	65.157	65.079	65.082	65.066	65.071	64.991	64.957	64.864	64.811	64.757	64.71	64.651	64.626	64.633	64.624	64.614	64.59	64.521	64.466	64.489	64.392	64.22	64.155	64.046	63.951	63.926	63.88	63.844	63.766	63.699	63.621	63.65	63.642	63.597	63.619	63.554	63.503	63.459	63.449	63.427	63.419	63.37	63.368	63.329	63.276	63.15	63.054	62.974	62.923	62.881	62.833	62.796	62.732	62.629	62.562	62.511	62.411	62.37	62.344	62.298	62.292	62.321	62.285	62.292	62.247	62.202	62.115	62.057	61.986	61.925	61.868	61.765	61.734	61.673	61.641	61.656	61.642	61.699	61.723	61.724	61.725	61.681	61.63	61.592	61.536	61.58	61.585	61.52	61.446	61.401	61.339	61.322	61.27	61.241	61.172	61.143
67.722	67.635	67.591	67.488	67.436	67.363	67.322	67.266	67.21	67.115	67.046	66.902	66.873	66.739	66.668	66.627	66.571	66.502	66.417	66.36	66.301	66.193	66.123	66.12	66.101	66.068	66.028	65.915	65.861	65.816	65.793	65.71	65.649	65.538	65.501	65.461	65.372	65.268	65.306	65.249	65.215	65.18	65.064	65.069	65.092	65.065	65.034	64.959	64.916	64.884	64.804	64.728	64.594	64.568	64.561	64.5	64.511	64.505	64.467	64.474	64.443	64.379	64.283	64.161	64.065	63.992	63.943	63.876	63.825	63.752	63.686	63.606	63.625	63.62	63.597	63.624	63.568	63.513	63.479	63.457	63.475	63.395	63.394	63.347	63.298	63.24	63.068	62.937	62.882	62.845	62.764	62.747	62.655	62.612	62.564	62.465	62.401	62.321	62.295	62.274	62.227	62.216	62.268	62.178	62.116	62.09	62.053	62.023	61.936	61.873	61.822	61.734	61.665	61.634	61.571	61.538	61.591	61.574	61.661	61.66	61.621	61.651	61.547	61.529	61.484	61.454	61.422	61.437	61.428	61.373	61.353	61.263	61.203	61.157	61.095	61.028	60.94
67.667	67.69	67.534	67.451	67.438	67.416	67.352	67.356	67.309	67.207	67.12	66.997	66.892	66.783	66.702	66.64	66.552	66.491	66.408	66.387	66.338	66.238	66.177	66.116	66.123	66.082	65.985	65.927	65.852	65.861	65.796	65.755	65.647	65.577	65.563	65.54	65.48	65.394	65.396	65.297	65.279	65.141	65.096	65.099	65.107	65.057	65.002	64.947	64.913	64.903	64.859	64.778	64.64	64.565	64.469	64.461	64.465	64.5	64.465	64.41	64.327	64.316	64.23	64.183	64.072	64.002	63.914	63.902	63.801	63.716	63.664	63.602	63.577	63.582	63.585	63.602	63.562	63.483	63.485	63.425	63.442	63.469	63.463	63.391	63.3	63.199	63.065	62.936	62.876	62.768	62.688	62.637	62.613	62.521	62.437	62.392	62.298	62.265	62.219	62.15	62.16	62.096	62.055	62.02	61.909	61.872	61.875	61.875	61.78	61.708	61.664	61.623	61.558	61.567	61.504	61.476	61.478	61.488	61.552	61.552	61.572	61.539	61.48	61.448	61.374	61.329	61.339	61.341	61.341	61.314	61.223	61.15	61.116	61.038	61.011	60.953	60.86
67.717	67.71	67.613	67.571	67.5	67.458	67.413	67.412	67.376	67.277	67.183	67.087	67.023	66.856	66.793	66.678	66.558	66.491	66.431	66.456	66.397	66.287	66.229	66.177	66.123	66.054	66.027	65.976	65.985	65.909	65.825	65.758	65.653	65.604	65.574	65.528	65.46	65.455	65.475	65.394	65.31	65.149	65.138	65.169	65.139	65.085	64.921	64.863	64.844	64.872	64.848	64.782	64.645	64.537	64.422	64.437	64.466	64.529	64.469	64.371	64.355	64.317	64.24	64.224	64.106	64.018	63.933	63.848	63.772	63.695	63.644	63.584	63.556	63.576	63.619	63.649	63.6	63.468	63.416	63.464	63.473	63.515	63.513	63.432	63.281	63.155	63.025	62.921	62.85	62.727	62.641	62.591	62.561	62.454	62.404	62.323	62.228	62.209	62.149	62.061	61.991	61.931	61.921	61.807	61.774	61.705	61.667	61.668	61.585	61.501	61.44	61.432	61.39	61.409	61.369	61.321	61.303	61.277	61.354	61.395	61.443	61.387	61.346	61.309	61.187	61.226	61.242	61.244	61.266	61.231	61.18	61.087	61.047	61.001	60.972	60.906	60.805
67.756	67.743	67.723	67.685	67.612	67.527	67.47	67.443	67.386	67.36	67.295	67.16	67.074	66.962	66.84	66.744	66.626	66.533	66.532	66.519	66.464	66.358	66.273	66.146	66.079	66.056	66.027	65.998	65.99	65.924	65.849	65.765	65.661	65.603	65.553	65.484	65.461	65.458	65.45	65.373	65.296	65.166	65.149	65.197	65.145	65.058	64.965	64.837	64.852	64.815	64.801	64.716	64.608	64.482	64.457	64.55	64.559	64.543	64.522	64.463	64.349	64.288	64.21	64.186	64.094	63.963	63.872	63.802	63.748	63.643	63.595	63.578	63.614	63.597	63.656	63.667	63.584	63.507	63.438	63.451	63.544	63.479	63.461	63.308	63.22	63.128	62.98	62.844	62.775	62.695	62.607	62.583	62.507	62.427	62.378	62.293	62.153	62.086	62.013	61.936	61.858	61.85	61.775	61.713	61.608	61.49	61.428	61.413	61.422	61.341	61.304	61.281	61.257	61.186	61.167	61.169	61.127	61.103	61.216	61.244	61.257	61.198	61.152	61.056	61.066	61.091	61.106	61.075	61.062	61.054	61.023	60.938	60.898	60.902	60.862	60.774	60.671
67.881	67.821	67.823	67.784	67.725	67.652	67.539	67.51	67.465	67.379	67.323	67.188	67.116	66.995	66.862	66.82	66.646	66.613	66.566	66.526	66.462	66.378	66.233	66.127	66.079	66.067	66.07	66.035	66.026	65.981	65.873	65.826	65.745	65.675	65.563	65.483	65.486	65.475	65.485	65.355	65.244	65.13	65.142	65.143	65.131	65.059	64.958	64.833	64.847	64.763	64.738	64.719	64.603	64.548	64.547	64.672	64.589	64.519	64.471	64.41	64.343	64.291	64.229	64.137	64.018	63.864	63.79	63.705	63.653	63.589	63.571	63.587	63.552	63.654	63.66	63.655	63.599	63.541	63.525	63.504	63.488	63.448	63.376	63.265	63.188	63.164	63.024	62.873	62.786	62.666	62.599	62.554	62.452	62.384	62.325	62.222	62.09	61.937	61.794	61.786	61.776	61.785	61.724	61.588	61.478	61.341	61.28	61.272	61.244	61.228	61.165	61.098	61.061	61.043	61.011	61.021	60.992	61.008	61.035	60.99	61.04	61.029	60.968	60.898	60.915	60.956	60.978	60.883	60.841	60.801	60.776	60.732	60.794	60.815	60.718	60.676	60.609
67.882	67.899	67.881	67.84	67.773	67.735	67.65	67.569	67.498	67.42	67.346	67.232	67.15	67.005	66.865	66.829	66.719	66.585	66.572	66.48	66.41	66.312	66.217	66.147	66.062	66.044	66.03	66.009	66.002	65.928	65.871	65.833	65.737	65.656	65.543	65.443	65.457	65.451	65.393	65.262	65.167	65.101	65.141	65.134	65.083	65.022	64.97	64.895	64.812	64.708	64.698	64.644	64.636	64.628	64.647	64.723	64.653	64.575	64.468	64.318	64.309	64.284	64.199	64.093	63.974	63.836	63.754	63.713	63.674	63.602	63.593	63.57	63.531	63.608	63.611	63.574	63.562	63.512	63.454	63.383	63.351	63.338	63.279	63.22	63.13	63.053	62.95	62.815	62.721	62.629	62.58	62.504	62.368	62.246	62.15	62.068	61.928	61.817	61.717	61.742	61.732	61.672	61.594	61.455	61.303	61.227	61.173	61.179	61.121	61	60.964	60.884	60.864	60.897	60.911	60.874	60.836	60.815	60.83	60.811	60.805	60.753	60.709	60.715	60.703	60.712	60.755	60.677	60.634	60.556	60.544	60.557	60.691	60.668	60.67	60.616	60.532
68.036	68.031	67.917	67.923	67.821	67.797	67.714	67.666	67.615	67.517	67.378	67.206	67.129	67.033	66.945	66.879	66.793	66.674	66.55	66.459	66.377	66.279	66.197	66.119	66.067	66.05	66.03	65.983	65.954	65.914	65.821	65.719	65.616	65.496	65.424	65.43	65.444	65.485	65.391	65.278	65.156	65.103	65.136	65.113	65.088	65.043	65	64.867	64.756	64.722	64.679	64.634	64.659	64.699	64.666	64.654	64.624	64.566	64.432	64.33	64.226	64.117	64.104	64.06	63.932	63.789	63.753	63.748	63.748	63.726	63.635	63.567	63.498	63.505	63.459	63.422	63.384	63.359	63.354	63.286	63.218	63.212	63.153	63.096	63.077	63.018	62.928	62.799	62.664	62.561	62.523	62.471	62.353	62.243	62.09	61.983	61.895	61.783	61.649	61.665	61.626	61.541	61.469	61.355	61.208	61.126	61.115	61.043	60.996	60.903	60.811	60.748	60.751	60.789	60.77	60.704	60.608	60.553	60.563	60.577	60.597	60.577	60.542	60.506	60.516	60.553	60.602	60.53	60.43	60.369	60.396	60.465	60.496	60.497	60.476	60.396	60.356
68.086	68.08	67.978	67.919	67.897	67.83	67.805	67.744	67.624	67.5	67.38	67.235	67.103	67.047	66.996	66.828	66.756	66.665	66.527	66.434	66.319	66.24	66.17	66.133	66.044	66.031	65.999	66.019	65.982	65.938	65.783	65.642	65.553	65.472	65.42	65.413	65.39	65.344	65.298	65.196	65.186	65.123	65.183	65.198	65.147	65.08	64.967	64.857	64.81	64.742	64.692	64.66	64.633	64.66	64.639	64.659	64.621	64.538	64.442	64.294	64.168	64.083	64.027	63.999	63.908	63.806	63.733	63.816	63.806	63.724	63.654	63.557	63.435	63.408	63.362	63.314	63.232	63.226	63.194	63.231	63.173	63.117	63.092	63.021	62.998	62.98	62.857	62.706	62.602	62.561	62.52	62.439	62.324	62.243	62.073	61.928	61.854	61.753	61.66	61.631	61.555	61.53	61.394	61.267	61.145	61.047	61.027	60.97	60.878	60.831	60.745	60.647	60.636	60.628	60.615	60.595	60.514	60.382	60.355	60.394	60.374	60.396	60.404	60.4	60.41	60.426	60.423	60.429	60.35	60.225	60.25	60.324	60.374	60.333	60.232	60.199	60.136
68.063	68.109	68.017	67.971	67.892	67.826	67.785	67.709	67.598	67.516	67.377	67.246	67.15	67.029	66.95	66.833	66.768	66.642	66.474	66.412	66.297	66.296	66.207	66.222	66.136	66.123	66.059	66.004	66.003	65.935	65.84	65.725	65.61	65.533	65.404	65.388	65.338	65.297	65.255	65.168	65.147	65.184	65.213	65.227	65.192	65.088	65.017	64.875	64.822	64.742	64.685	64.598	64.604	64.609	64.622	64.589	64.559	64.541	64.382	64.257	64.151	64.129	64.049	64.04	63.967	63.866	63.821	63.838	63.84	63.736	63.604	63.532	63.433	63.331	63.303	63.268	63.187	63.211	63.167	63.188	63.132	63.03	63.032	62.975	62.947	62.869	62.799	62.645	62.582	62.516	62.477	62.405	62.293	62.173	62.015	61.931	61.846	61.761	61.658	61.569	61.467	61.396	61.293	61.182	61.06	60.99	60.913	60.879	60.812	60.755	60.711	60.616	60.556	60.561	60.531	60.475	60.391	60.344	60.296	60.221	60.184	60.189	60.295	60.315	60.287	60.292	60.328	60.287	60.159	60.101	60.091	60.125	60.155	60.139	60.096	60.033	59.962
68.153	68.198	68.082	68.021	67.951	67.865	67.802	67.712	67.601	67.498	67.374	67.3	67.167	67.086	67.01	66.917	66.816	66.626	66.471	66.405	66.317	66.261	66.253	66.212	66.2	66.141	66.102	66.04	66.005	65.894	65.831	65.726	65.638	65.529	65.451	65.405	65.348	65.272	65.247	65.178	65.218	65.235	65.249	65.229	65.212	65.144	65.09	64.965	64.846	64.785	64.669	64.655	64.609	64.638	64.661	64.589	64.546	64.523	64.447	64.307	64.243	64.154	64.103	64.06	64.028	63.922	63.865	63.816	63.784	63.739	63.564	63.448	63.35	63.281	63.218	63.211	63.169	63.151	63.178	63.211	63.176	63.122	63.025	62.986	62.91	62.793	62.711	62.603	62.518	62.423	62.4	62.363	62.268	62.15	62.037	61.946	61.879	61.783	61.658	61.552	61.405	61.279	61.173	61.009	60.901	60.819	60.792	60.738	60.709	60.679	60.675	60.578	60.524	60.445	60.373	60.303	60.263	60.234	60.232	60.154	60.079	60.086	60.118	60.165	60.162	60.126	60.136	60.118	60.032	60.022	60.018	59.991	59.936	59.928	59.893	59.884	59.889
68.231	68.331	68.177	68.142	68.055	67.907	67.845	67.724	67.6	67.481	67.392	67.324	67.345	67.24	67.076	66.953	66.865	66.715	66.568	66.401	66.33	66.305	66.265	66.276	66.264	66.167	66.16	66.06	66.015	65.914	65.925	65.837	65.723	65.554	65.497	65.416	65.373	65.322	65.317	65.279	65.313	65.28	65.228	65.208	65.187	65.182	65.102	64.963	64.898	64.774	64.673	64.707	64.677	64.644	64.608	64.642	64.621	64.641	64.535	64.437	64.326	64.197	64.15	64.06	64.013	63.944	63.812	63.79	63.768	63.682	63.581	63.468	63.319	63.213	63.189	63.146	63.17	63.145	63.116	63.18	63.186	63.047	62.98	62.921	62.824	62.775	62.645	62.528	62.416	62.354	62.311	62.286	62.194	62.073	61.966	61.888	61.833	61.709	61.624	61.526	61.363	61.203	61.081	60.843	60.737	60.67	60.651	60.664	60.6	60.544	60.501	60.474	60.43	60.31	60.222	60.146	60.107	60.087	60.125	60.035	59.992	60.005	60.024	60.076	60.021	59.967	59.948	59.943	59.935	59.953	59.935	59.856	59.8	59.755	59.729	59.748	59.739
68.247	68.393	68.254	68.165	68.036	67.909	67.788	67.686	67.611	67.506	67.447	67.405	67.47	67.409	67.199	67.064	66.93	66.809	66.605	66.441	66.391	66.349	66.318	66.304	66.227	66.168	66.109	66.072	66.027	65.923	65.917	65.911	65.791	65.642	65.561	65.501	65.462	65.432	65.426	65.33	65.261	65.265	65.189	65.158	65.177	65.18	65.133	64.99	64.839	64.746	64.699	64.68	64.693	64.614	64.582	64.684	64.66	64.65	64.556	64.461	64.409	64.357	64.234	64.057	64.003	63.911	63.79	63.753	63.67	63.676	63.569	63.448	63.339	63.271	63.2	63.184	63.141	63.119	63.145	63.108	63.141	63.031	62.924	62.874	62.821	62.703	62.571	62.507	62.356	62.24	62.251	62.203	62.121	62.01	61.899	61.861	61.757	61.679	61.513	61.471	61.344	61.127	60.927	60.753	60.587	60.559	60.549	60.51	60.51	60.404	60.342	60.305	60.256	60.146	60.02	59.974	59.987	60.015	60.066	59.97	59.919	59.886	59.956	60.037	59.955	59.885	59.858	59.831	59.818	59.834	59.795	59.721	59.631	59.549	59.57	59.644	59.632
68.313	68.417	68.305	68.209	68.053	67.888	67.757	67.651	67.601	67.54	67.478	67.495	67.52	67.508	67.333	67.164	67.004	66.889	66.651	66.585	66.488	66.412	66.358	66.309	66.282	66.241	66.192	66.119	66	65.922	65.903	65.843	65.807	65.66	65.584	65.476	65.525	65.539	65.468	65.363	65.254	65.16	65.177	65.126	65.154	65.122	65.099	64.878	64.771	64.725	64.675	64.64	64.651	64.599	64.641	64.666	64.658	64.593	64.489	64.418	64.368	64.284	64.159	64.08	64.001	63.895	63.813	63.661	63.57	63.548	63.504	63.453	63.429	63.319	63.243	63.149	63.088	63.062	63.041	63.056	63.03	62.964	62.924	62.844	62.807	62.73	62.581	62.393	62.224	62.188	62.188	62.168	62.069	61.974	61.902	61.844	61.743	61.599	61.451	61.322	61.267	61.076	60.799	60.689	60.587	60.521	60.44	60.367	60.366	60.344	60.268	60.197	60.153	60.076	59.909	59.833	59.866	59.891	59.909	59.868	59.838	59.82	59.835	59.875	59.842	59.79	59.773	59.746	59.729	59.787	59.746	59.66	59.6	59.588	59.523	59.519	59.473
68.392	68.42	68.382	68.296	68.1	67.939	67.79	67.668	67.58	67.56	67.599	67.564	67.6	67.582	67.426	67.22	67.105	66.914	66.777	66.688	66.594	66.522	66.438	66.366	66.341	66.3	66.285	66.212	65.942	65.866	65.844	65.756	65.727	65.639	65.526	65.534	65.56	65.556	65.511	65.383	65.285	65.181	65.131	65.129	65.075	64.984	64.918	64.829	64.685	64.582	64.543	64.525	64.589	64.58	64.67	64.638	64.597	64.454	64.385	64.344	64.256	64.169	64.09	64.036	63.99	63.873	63.755	63.663	63.614	63.546	63.446	63.419	63.428	63.338	63.288	63.182	63.146	63.07	63.037	62.999	62.964	62.882	62.862	62.821	62.749	62.687	62.552	62.369	62.228	62.211	62.175	62.11	62.002	61.987	61.92	61.861	61.737	61.557	61.392	61.282	61.173	61.018	60.818	60.669	60.594	60.515	60.417	60.368	60.318	60.297	60.201	60.106	60.042	59.934	59.799	59.749	59.794	59.813	59.835	59.753	59.782	59.744	59.743	59.72	59.702	59.705	59.654	59.636	59.661	59.665	59.655	59.578	59.582	59.533	59.488	59.453	59.353
68.359	68.348	68.307	68.273	68.141	67.969	67.815	67.649	67.541	67.566	67.581	67.517	67.574	67.547	67.35	67.237	67.11	66.985	66.859	66.741	66.684	66.617	66.522	66.393	66.311	66.303	66.256	66.174	65.973	65.881	65.73	65.664	65.553	65.489	65.496	65.48	65.502	65.577	65.491	65.341	65.239	65.179	65.121	65.017	65.008	64.882	64.907	64.668	64.581	64.48	64.43	64.463	64.481	64.492	64.544	64.504	64.442	64.272	64.206	64.148	64.111	64.068	64.041	63.998	63.935	63.817	63.67	63.623	63.583	63.507	63.458	63.459	63.461	63.361	63.238	63.203	63.112	63.041	63.018	62.958	62.837	62.783	62.756	62.659	62.59	62.603	62.585	62.432	62.312	62.251	62.15	62.053	61.929	61.887	61.86	61.747	61.652	61.468	61.33	61.256	61.03	60.886	60.817	60.672	60.51	60.459	60.383	60.383	60.346	60.298	60.155	60.061	59.977	59.886	59.746	59.661	59.65	59.655	59.641	59.569	59.587	59.582	59.598	59.536	59.519	59.542	59.535	59.473	59.476	59.492	59.477	59.487	59.447	59.421	59.385	59.351	59.173
68.421	68.409	68.368	68.273	68.183	68.01	67.804	67.689	67.59	67.609	67.599	67.564	67.581	67.55	67.385	67.266	67.171	67.015	66.851	66.8	66.684	66.617	66.526	66.439	66.36	66.27	66.187	66.181	66.007	65.931	65.777	65.662	65.516	65.442	65.427	65.427	65.463	65.474	65.393	65.296	65.146	65.124	65.05	64.899	64.89	64.864	64.863	64.652	64.527	64.419	64.389	64.378	64.439	64.453	64.409	64.365	64.294	64.073	64.002	63.98	64.005	63.994	63.929	63.934	63.863	63.804	63.697	63.564	63.538	63.453	63.471	63.46	63.443	63.311	63.27	63.248	63.128	63.086	63.033	62.937	62.844	62.681	62.678	62.537	62.487	62.481	62.514	62.438	62.279	62.144	62.076	61.934	61.812	61.774	61.687	61.614	61.527	61.386	61.289	61.171	61.019	60.888	60.724	60.664	60.56	60.416	60.317	60.31	60.318	60.217	60.11	59.997	59.927	59.843	59.742	59.608	59.549	59.501	59.472	59.402	59.412	59.438	59.46	59.461	59.417	59.485	59.45	59.411	59.333	59.389	59.388	59.316	59.279	59.335	59.298	59.179	59.088
68.536	68.481	68.426	68.325	68.221	68.03	67.887	67.704	67.644	67.569	67.634	67.581	67.57	67.522	67.429	67.316	67.172	67.052	66.902	66.847	66.742	66.643	66.612	66.508	66.318	66.2	66.19	66.109	66.04	65.97	65.799	65.667	65.609	65.467	65.427	65.361	65.373	65.407	65.291	65.172	65.076	65.045	64.969	64.866	64.837	64.769	64.736	64.642	64.493	64.4	64.313	64.31	64.339	64.304	64.199	64.175	64.096	64.024	63.959	63.913	63.926	63.925	63.867	63.864	63.846	63.747	63.692	63.519	63.444	63.462	63.427	63.43	63.465	63.329	63.332	63.318	63.236	63.116	62.983	62.936	62.873	62.735	62.616	62.441	62.422	62.37	62.334	62.286	62.154	62.072	61.994	61.859	61.761	61.638	61.551	61.433	61.334	61.262	61.191	61.061	60.956	60.852	60.72	60.618	60.494	60.358	60.267	60.21	60.202	60.114	59.965	59.888	59.865	59.745	59.705	59.591	59.487	59.389	59.311	59.288	59.295	59.306	59.32	59.303	59.305	59.321	59.295	59.248	59.224	59.217	59.237	59.224	59.232	59.248	59.22	59.163	59.111
68.588	68.539	68.444	68.366	68.25	68.096	67.954	67.78	67.715	67.683	67.674	67.625	67.635	67.532	67.408	67.294	67.13	67.023	66.853	66.8	66.763	66.669	66.626	66.499	66.33	66.216	66.205	66.157	66.086	66.047	65.883	65.773	65.681	65.561	65.482	65.364	65.334	65.31	65.259	65.114	65.047	65.037	64.958	64.902	64.762	64.712	64.68	64.591	64.479	64.355	64.245	64.224	64.205	64.174	64.069	64.025	63.995	63.937	63.881	63.778	63.742	63.772	63.814	63.835	63.812	63.753	63.673	63.512	63.406	63.374	63.387	63.383	63.434	63.356	63.31	63.285	63.239	63.145	63.02	62.941	62.84	62.695	62.608	62.522	62.432	62.324	62.279	62.244	62.106	62.012	61.963	61.812	61.684	61.574	61.471	61.346	61.248	61.097	61.007	60.909	60.824	60.71	60.605	60.524	60.473	60.358	60.279	60.202	60.109	59.98	59.876	59.839	59.792	59.733	59.614	59.588	59.486	59.367	59.245	59.209	59.181	59.163	59.182	59.221	59.211	59.192	59.151	59.094	59.1	59.154	59.19	59.147	59.162	59.168	59.146	59.076	59.065
68.664	68.651	68.564	68.435	68.277	68.131	68.045	67.904	67.826	67.77	67.75	67.719	67.676	67.629	67.493	67.311	67.109	67.027	66.878	66.875	66.814	66.731	66.64	66.462	66.325	66.204	66.202	66.182	66.089	66.036	65.919	65.84	65.717	65.628	65.537	65.379	65.298	65.3	65.289	65.17	65.09	65.059	64.987	64.88	64.778	64.683	64.641	64.567	64.49	64.34	64.129	64.068	64.146	64.164	64.031	64.016	63.936	63.821	63.792	63.754	63.776	63.742	63.725	63.734	63.789	63.666	63.661	63.524	63.414	63.367	63.322	63.351	63.356	63.352	63.274	63.307	63.222	63.11	62.961	62.881	62.833	62.66	62.642	62.546	62.45	62.351	62.265	62.226	62.153	62.034	61.967	61.827	61.672	61.581	61.341	61.225	61.106	60.968	60.856	60.805	60.67	60.563	60.498	60.462	60.427	60.374	60.321	60.17	60.064	59.904	59.805	59.743	59.732	59.697	59.676	59.627	59.528	59.38	59.286	59.216	59.174	59.152	59.138	59.152	59.166	59.108	59.063	59.063	59.097	59.141	59.13	59.096	59.07	59.07	59.053	58.935	58.943
68.73	68.73	68.646	68.514	68.268	68.203	68.112	67.985	67.948	67.829	67.75	67.712	67.68	67.643	67.579	67.365	67.153	67.057	66.976	66.946	66.872	66.72	66.621	66.509	66.303	66.157	66.125	66.161	66.14	66.093	65.958	65.862	65.762	65.719	65.578	65.404	65.331	65.336	65.246	65.212	65.185	65.06	64.991	64.86	64.784	64.591	64.541	64.512	64.498	64.336	64.124	64.042	64.053	64.056	63.982	63.95	63.897	63.772	63.791	63.819	63.788	63.791	63.804	63.815	63.728	63.684	63.72	63.616	63.504	63.395	63.348	63.358	63.332	63.311	63.325	63.334	63.272	63.103	62.952	62.786	62.731	62.69	62.728	62.547	62.425	62.379	62.367	62.24	62.167	62.068	61.992	61.8	61.65	61.524	61.336	61.236	61.07	60.9	60.795	60.701	60.553	60.48	60.369	60.362	60.324	60.319	60.233	60.163	60.014	59.864	59.737	59.693	59.71	59.713	59.744	59.683	59.632	59.49	59.409	59.295	59.218	59.179	59.117	59.116	59.093	59.055	59.096	59.069	59.113	59.137	59.065	59.065	58.988	58.969	58.932	58.884	58.816
68.768	68.692	68.649	68.442	68.304	68.263	68.042	68.032	67.954	67.849	67.762	67.693	67.7	67.663	67.611	67.452	67.236	67.154	67.03	66.924	66.821	66.726	66.611	66.494	66.346	66.194	66.117	66.115	66.168	66.134	66.111	66.005	65.956	65.798	65.561	65.396	65.356	65.315	65.269	65.218	65.189	65.118	65.024	64.818	64.708	64.582	64.511	64.472	64.402	64.307	64.142	64.035	63.956	63.948	63.885	63.781	63.768	63.794	63.803	63.858	63.832	63.848	63.767	63.785	63.799	63.736	63.708	63.688	63.598	63.425	63.322	63.282	63.232	63.263	63.306	63.351	63.25	63.095	62.883	62.781	62.686	62.657	62.661	62.576	62.447	62.392	62.32	62.299	62.194	62.012	61.875	61.676	61.49	61.427	61.303	61.171	61.027	60.828	60.689	60.597	60.454	60.395	60.282	60.24	60.238	60.213	60.178	60.125	59.956	59.81	59.74	59.665	59.72	59.79	59.781	59.673	59.667	59.565	59.466	59.463	59.329	59.218	59.154	59.072	59.063	59.041	59.099	59.111	59.053	59.081	59.023	58.908	58.87	58.861	58.846	58.809	58.731
68.717	68.806	68.699	68.505	68.357	68.275	68.169	68.072	68.01	67.908	67.76	67.794	67.79	67.746	67.719	67.638	67.406	67.202	67.15	66.989	66.886	66.742	66.664	66.579	66.413	66.296	66.196	66.16	66.209	66.214	66.143	66.153	66.065	65.848	65.686	65.471	65.417	65.325	65.203	65.136	65.118	65.08	64.988	64.804	64.673	64.576	64.527	64.461	64.329	64.272	64.149	63.986	63.913	63.871	63.811	63.762	63.752	63.733	63.755	63.785	63.79	63.82	63.805	63.809	63.786	63.796	63.766	63.692	63.662	63.477	63.313	63.259	63.198	63.202	63.309	63.366	63.259	63.128	62.961	62.815	62.723	62.665	62.657	62.632	62.461	62.328	62.309	62.212	62.146	61.948	61.752	61.549	61.374	61.316	61.187	61.105	60.945	60.759	60.604	60.456	60.357	60.371	60.28	60.219	60.152	60.114	60.04	59.977	59.851	59.762	59.78	59.741	59.781	59.837	59.815	59.724	59.697	59.624	59.557	59.549	59.44	59.276	59.149	59.028	59.048	59.105	59.057	59.004	58.983	58.987	58.908	58.774	58.745	58.782	58.781	58.718	58.577
68.736	68.787	68.756	68.514	68.377	68.312	68.258	68.176	68.088	67.938	67.876	67.853	67.865	67.851	67.907	67.773	67.559	67.375	67.196	67.036	66.886	66.796	66.718	66.613	66.433	66.306	66.227	66.187	66.155	66.161	66.15	66.155	66.015	65.944	65.769	65.612	65.489	65.33	65.232	65.196	65.146	65.073	64.947	64.806	64.681	64.557	64.506	64.45	64.361	64.34	64.196	64.016	63.895	63.825	63.75	63.784	63.758	63.717	63.667	63.703	63.719	63.774	63.733	63.831	63.761	63.723	63.708	63.643	63.607	63.524	63.314	63.223	63.228	63.269	63.289	63.322	63.259	63.097	62.935	62.848	62.777	62.668	62.692	62.567	62.492	62.35	62.227	62.185	62.027	61.847	61.666	61.463	61.321	61.223	61.087	61.009	60.869	60.656	60.548	60.422	60.375	60.364	60.34	60.213	60.124	59.991	59.973	59.865	59.762	59.733	59.785	59.884	59.884	59.889	59.936	59.824	59.688	59.608	59.602	59.574	59.488	59.332	59.191	59.115	59.065	59.065	59.003	58.894	58.857	58.837	58.774	58.665	58.666	58.67	58.561	58.464	58.339
68.718	68.742	68.678	68.548	68.368	68.334	68.255	68.167	68.093	68.015	67.888	67.888	67.931	67.946	67.909	67.771	67.676	67.572	67.336	67.108	66.968	66.807	66.77	66.599	66.439	66.289	66.244	66.146	66.07	66.102	66.137	66.101	66.02	65.969	65.885	65.709	65.543	65.449	65.307	65.229	65.184	65.059	64.978	64.761	64.679	64.581	64.496	64.448	64.377	64.323	64.202	63.935	63.802	63.795	63.722	63.72	63.763	63.727	63.694	63.693	63.696	63.673	63.703	63.689	63.718	63.7	63.706	63.637	63.557	63.478	63.205	63.184	63.172	63.172	63.254	63.232	63.223	63.096	62.945	62.793	62.706	62.655	62.612	62.543	62.479	62.387	62.244	62.19	62.023	61.755	61.589	61.39	61.278	61.147	61.013	60.938	60.77	60.599	60.463	60.319	60.288	60.305	60.266	60.084	59.958	59.856	59.761	59.698	59.678	59.73	59.828	59.856	59.872	59.897	59.864	59.834	59.657	59.55	59.543	59.532	59.497	59.4	59.253	59.178	59.132	59.038	58.913	58.795	58.744	58.702	58.66	58.509	58.491	58.492	58.359	58.287	58.175
68.634	68.667	68.611	68.529	68.379	68.279	68.219	68.166	68.11	67.959	67.938	67.958	67.893	67.968	67.853	67.774	67.707	67.559	67.395	67.177	66.977	66.819	66.786	66.609	66.452	66.363	66.196	66.138	66.074	66.08	66.091	66.053	66.047	65.952	65.824	65.672	65.574	65.468	65.345	65.28	65.216	65.114	64.963	64.854	64.74	64.661	64.528	64.428	64.392	64.375	64.124	63.948	63.872	63.794	63.703	63.679	63.764	63.681	63.705	63.68	63.699	63.682	63.703	63.686	63.659	63.612	63.557	63.561	63.444	63.358	63.175	63.119	63.14	63.138	63.176	63.207	63.054	63.056	62.915	62.782	62.647	62.595	62.495	62.402	62.375	62.318	62.169	62.053	61.918	61.72	61.59	61.359	61.195	61.091	60.99	60.803	60.655	60.514	60.39	60.271	60.227	60.24	60.189	60.038	59.827	59.713	59.594	59.667	59.701	59.752	59.768	59.822	59.808	59.859	59.85	59.753	59.646	59.531	59.527	59.543	59.523	59.484	59.318	59.241	59.159	59.118	58.959	58.813	58.702	58.562	58.415	58.31	58.288	58.276	58.237	58.089	58.003
68.592	68.643	68.602	68.519	68.4	68.37	68.239	68.202	68.155	68.057	67.963	68.009	68.005	68.013	67.907	67.819	67.724	67.661	67.542	67.289	67.049	66.935	66.786	66.595	66.452	66.328	66.163	66.094	66.091	66.029	66.037	65.982	66.024	65.919	65.798	65.701	65.585	65.499	65.318	65.254	65.204	65.077	64.956	64.88	64.786	64.644	64.57	64.435	64.392	64.266	64.091	63.903	63.807	63.734	63.647	63.67	63.715	63.727	63.716	63.753	63.736	63.705	63.688	63.672	63.633	63.542	63.505	63.429	63.371	63.256	63.156	63.15	63.079	63.068	63.07	63.106	62.999	62.86	62.784	62.612	62.556	62.462	62.362	62.294	62.209	62.143	62.011	61.897	61.804	61.669	61.49	61.315	61.206	61.024	60.889	60.715	60.602	60.433	60.304	60.279	60.226	60.155	60.08	59.968	59.74	59.625	59.568	59.62	59.629	59.682	59.752	59.797	59.757	59.808	59.887	59.717	59.637	59.591	59.571	59.542	59.539	59.507	59.441	59.353	59.199	59.063	58.887	58.744	58.546	58.37	58.277	58.145	58.111	58.157	58.037	57.974	57.911
68.547	68.632	68.608	68.549	68.445	68.41	68.498	68.345	68.24	68.184	68.133	68.132	68.103	68.031	67.968	67.902	67.83	67.716	67.664	67.393	67.12	66.936	66.724	66.572	66.423	66.319	66.171	66.112	66.059	66.018	66.016	66	66.056	65.932	65.783	65.691	65.634	65.507	65.332	65.24	65.167	65.108	64.958	64.91	64.799	64.685	64.564	64.427	64.31	64.197	64.026	63.865	63.791	63.71	63.667	63.663	63.676	63.645	63.658	63.72	63.794	63.754	63.675	63.67	63.627	63.53	63.389	63.37	63.366	63.258	63.132	63.075	63.029	63.048	63.028	63.032	62.9	62.752	62.623	62.558	62.446	62.334	62.265	62.217	62.097	61.927	61.84	61.739	61.699	61.554	61.387	61.321	61.208	61.037	60.856	60.738	60.658	60.459	60.349	60.251	60.152	60.101	59.966	59.837	59.707	59.606	59.602	59.621	59.629	59.639	59.746	59.758	59.783	59.854	59.827	59.708	59.685	59.649	59.588	59.542	59.561	59.438	59.444	59.31	59.218	59.029	58.75	58.631	58.47	58.298	58.164	58.099	58.031	57.986	57.87	57.813	57.813
68.61	68.674	68.637	68.588	68.43	68.467	68.467	68.365	68.3	68.249	68.293	68.229	68.171	68.078	68.067	68.043	67.952	67.863	67.662	67.461	67.194	66.903	66.705	66.615	66.393	66.25	66.159	66.087	66.114	66.047	65.996	65.992	65.927	65.923	65.812	65.69	65.598	65.478	65.389	65.305	65.202	65.106	64.985	64.915	64.802	64.66	64.565	64.515	64.398	64.255	64.105	63.885	63.829	63.802	63.684	63.702	63.69	63.678	63.677	63.752	63.795	63.794	63.744	63.677	63.64	63.499	63.456	63.396	63.333	63.177	63.045	63.044	63.093	63.104	63.094	63.028	62.922	62.72	62.595	62.465	62.331	62.234	62.213	62.113	61.989	61.858	61.763	61.63	61.597	61.491	61.379	61.314	61.218	61.07	60.938	60.785	60.665	60.487	60.342	60.212	60.137	60.045	60.028	59.884	59.782	59.707	59.695	59.636	59.599	59.63	59.69	59.756	59.814	59.86	59.774	59.709	59.632	59.596	59.563	59.566	59.502	59.416	59.401	59.284	59.205	59.066	58.805	58.568	58.4	58.217	58.141	58.041	57.968	57.861	57.767	57.732	57.658
68.631	68.677	68.617	68.522	68.43	68.354	68.322	68.325	68.333	68.286	68.319	68.244	68.191	68.079	68.062	68.066	67.987	67.823	67.653	67.467	67.234	66.953	66.793	66.593	66.426	66.254	66.198	66.084	66.126	66.09	66.01	65.941	65.978	65.892	65.832	65.705	65.571	65.474	65.369	65.293	65.2	65.087	64.972	64.888	64.853	64.77	64.728	64.599	64.486	64.418	64.212	64.045	63.948	63.905	63.823	63.748	63.735	63.646	63.656	63.702	63.737	63.766	63.778	63.71	63.637	63.473	63.449	63.378	63.294	63.1	63.044	62.982	63.039	63.003	62.98	62.94	62.827	62.661	62.541	62.435	62.305	62.225	62.113	62.023	61.898	61.78	61.668	61.577	61.56	61.406	61.427	61.328	61.247	61.115	61.001	60.869	60.74	60.525	60.348	60.223	60.104	60.008	59.921	59.883	59.826	59.682	59.712	59.622	59.602	59.624	59.665	59.728	59.757	59.778	59.734	59.639	59.623	59.524	59.523	59.516	59.444	59.403	59.39	59.228	59.069	58.907	58.758	58.516	58.353	58.147	58.137	58.008	57.9	57.837	57.693	57.627	57.598
68.603	68.605	68.595	68.544	68.442	68.326	68.321	68.293	68.333	68.317	68.342	68.224	68.071	68.075	68.125	68.035	68.035	67.794	67.688	67.551	67.288	67.018	66.847	66.657	66.498	66.363	66.233	66.143	66.163	66.099	65.981	65.985	65.935	65.856	65.781	65.681	65.552	65.428	65.315	65.289	65.21	65.055	64.965	64.942	64.962	64.905	64.835	64.674	64.602	64.517	64.402	64.268	64.152	64.053	63.946	63.866	63.784	63.71	63.607	63.628	63.707	63.717	63.737	63.696	63.669	63.547	63.4	63.329	63.174	63.088	63.045	62.944	62.852	62.862	62.86	62.881	62.836	62.676	62.504	62.442	62.306	62.215	62.139	61.984	61.869	61.769	61.643	61.563	61.433	61.417	61.452	61.391	61.264	61.201	61.045	60.969	60.746	60.566	60.43	60.313	60.171	60.032	59.907	59.823	59.762	59.717	59.685	59.693	59.701	59.688	59.616	59.621	59.674	59.646	59.65	59.642	59.599	59.538	59.537	59.514	59.44	59.356	59.298	59.183	59.049	58.872	58.673	58.473	58.288	58.141	58.057	57.926	57.876	57.748	57.661	57.505	57.491
68.57	68.54	68.527	68.494	68.325	68.323	68.319	68.314	68.336	68.355	68.318	68.254	68.106	68.114	68.131	68.028	67.959	67.801	67.738	67.543	67.291	67.097	66.94	66.629	66.528	66.41	66.262	66.154	66.133	66.105	66.028	65.979	65.938	65.895	65.797	65.643	65.516	65.422	65.299	65.217	65.18	65.036	64.925	64.953	64.959	64.929	64.931	64.794	64.682	64.57	64.507	64.405	64.294	64.167	64.071	63.983	63.883	63.762	63.715	63.644	63.654	63.682	63.701	63.735	63.682	63.537	63.45	63.292	63.122	63.077	62.963	62.907	62.788	62.771	62.777	62.787	62.769	62.637	62.504	62.399	62.316	62.171	62.14	62.004	61.931	61.802	61.648	61.476	61.456	61.465	61.457	61.361	61.317	61.224	61.152	60.944	60.855	60.696	60.585	60.47	60.277	60.105	60.035	59.868	59.711	59.63	59.759	59.736	59.692	59.597	59.607	59.628	59.603	59.613	59.591	59.571	59.565	59.569	59.561	59.491	59.393	59.321	59.227	59.095	59	58.838	58.669	58.488	58.267	58.132	58.03	57.901	57.84	57.782	57.662	57.477	57.382
68.559	68.485	68.432	68.4	68.388	68.442	68.475	68.336	68.332	68.402	68.314	68.166	68.027	68.086	68.11	68.065	67.941	67.805	67.737	67.488	67.323	67.095	66.852	66.569	66.472	66.315	66.212	66.135	66.097	66.073	66.016	65.97	65.892	65.797	65.783	65.658	65.462	65.342	65.318	65.271	65.156	65.074	64.965	64.969	65.016	65.003	64.973	64.866	64.726	64.547	64.516	64.467	64.415	64.287	64.143	64.071	63.961	63.929	63.79	63.678	63.572	63.588	63.606	63.637	63.688	63.594	63.464	63.252	63.139	63.025	62.902	62.85	62.708	62.616	62.626	62.674	62.671	62.585	62.441	62.326	62.233	62.188	62.065	61.94	61.906	61.767	61.65	61.515	61.426	61.422	61.384	61.322	61.301	61.174	61.086	60.927	60.87	60.754	60.649	60.484	60.391	60.195	60.009	59.908	59.694	59.661	59.79	59.803	59.667	59.591	59.591	59.616	59.592	59.577	59.535	59.526	59.467	59.46	59.521	59.429	59.404	59.287	59.101	59.01	58.964	58.875	58.753	58.482	58.24	58.105	58.032	57.919	57.838	57.789	57.683	57.492	57.331
68.546	68.46	68.427	68.427	68.428	68.442	68.412	68.363	68.346	68.307	68.286	68.114	68.006	67.978	68.075	68.079	67.918	67.853	67.738	67.542	67.308	67.037	66.744	66.476	66.374	66.212	66.131	66.025	66.023	65.945	65.897	65.794	65.774	65.687	65.664	65.565	65.451	65.297	65.218	65.192	65.127	65.105	65.035	64.997	65.024	64.997	65.012	64.894	64.692	64.583	64.602	64.467	64.386	64.271	64.169	64.039	63.93	63.895	63.819	63.766	63.643	63.569	63.564	63.535	63.592	63.539	63.431	63.279	63.144	63.038	62.955	62.823	62.721	62.618	62.574	62.544	62.551	62.48	62.341	62.262	62.195	62.124	61.988	61.879	61.795	61.694	61.61	61.499	61.371	61.335	61.32	61.279	61.216	61.191	61.101	60.988	60.838	60.685	60.585	60.472	60.303	60.184	60.066	59.925	59.806	59.714	59.709	59.749	59.67	59.574	59.558	59.532	59.521	59.482	59.399	59.372	59.318	59.36	59.402	59.398	59.363	59.226	59.081	58.969	59.001	58.863	58.716	58.471	58.184	58.008	58.002	57.892	57.827	57.745	57.59	57.472	57.35
68.503	68.495	68.517	68.51	68.496	68.424	68.373	68.266	68.226	68.262	68.238	68.11	67.999	67.986	67.999	67.983	67.82	67.701	67.639	67.461	67.232	66.976	66.683	66.355	66.229	66.065	65.989	65.942	65.968	65.828	65.746	65.633	65.592	65.458	65.456	65.423	65.371	65.264	65.199	65.298	65.252	65.155	65.058	65.019	64.994	64.955	64.879	64.831	64.653	64.585	64.522	64.514	64.384	64.181	64.052	63.998	63.912	63.843	63.815	63.772	63.677	63.526	63.508	63.483	63.52	63.496	63.457	63.336	63.18	63.022	62.914	62.755	62.662	62.62	62.593	62.517	62.405	62.306	62.259	62.135	62.056	61.964	61.892	61.78	61.657	61.579	61.533	61.446	61.34	61.248	61.268	61.262	61.168	61.156	61.17	61.065	60.869	60.68	60.497	60.407	60.245	60.183	60.081	59.954	59.835	59.834	59.791	59.749	59.658	59.582	59.507	59.455	59.415	59.397	59.372	59.257	59.302	59.33	59.429	59.345	59.234	59.18	59.105	59.021	58.847	58.75	58.579	58.357	58.162	57.996	57.969	57.864	57.765	57.637	57.489	57.337	57.245
68.469	68.45	68.469	68.473	68.466	68.404	68.352	68.287	68.234	68.198	68.199	68.081	68.027	67.955	67.936	67.867	67.843	67.601	67.409	67.233	67.044	66.882	66.607	66.339	66.132	66.05	65.911	65.893	65.819	65.764	65.652	65.519	65.432	65.293	65.271	65.255	65.272	65.303	65.335	65.364	65.304	65.211	65.108	64.988	64.922	64.883	64.824	64.735	64.577	64.491	64.449	64.389	64.331	64.152	64.016	63.979	63.881	63.801	63.757	63.744	63.67	63.537	63.48	63.438	63.419	63.423	63.422	63.356	63.209	63.071	62.94	62.794	62.706	62.626	62.581	62.527	62.437	62.269	62.147	62.05	61.875	61.823	61.773	61.685	61.611	61.49	61.456	61.424	61.351	61.266	61.279	61.283	61.187	61.174	61.099	60.983	60.885	60.654	60.487	60.402	60.193	60.126	60.034	60	59.89	59.9	59.821	59.732	59.676	59.527	59.378	59.293	59.345	59.364	59.323	59.335	59.235	59.272	59.372	59.267	59.2	59.098	59.035	58.919	58.843	58.638	58.506	58.373	58.19	58.091	57.954	57.835	57.744	57.543	57.432	57.28	57.209
68.365	68.37	68.446	68.506	68.438	68.401	68.364	68.348	68.323	68.261	68.196	68.067	67.957	67.914	67.887	67.839	67.696	67.488	67.261	67.17	67.002	66.829	66.595	66.398	66.219	66.063	65.982	65.898	65.767	65.674	65.56	65.437	65.353	65.208	65.206	65.217	65.237	65.313	65.353	65.384	65.399	65.305	65.193	65.068	64.879	64.816	64.792	64.688	64.496	64.514	64.436	64.399	64.333	64.169	64.063	63.933	63.821	63.714	63.575	63.559	63.488	63.418	63.344	63.333	63.305	63.316	63.344	63.29	63.273	63.128	62.966	62.836	62.705	62.612	62.587	62.56	62.458	62.298	62.068	61.936	61.815	61.711	61.655	61.61	61.548	61.433	61.407	61.397	61.354	61.304	61.337	61.298	61.269	61.169	61.126	60.978	60.842	60.664	60.491	60.379	60.246	60.123	59.992	59.902	59.849	59.859	59.8	59.664	59.533	59.476	59.34	59.355	59.339	59.337	59.369	59.293	59.254	59.22	59.246	59.257	59.121	59.139	58.989	59.004	58.864	58.635	58.493	58.3	58.164	58.065	57.896	57.768	57.653	57.5	57.353	57.281	57.131
68.375	68.383	68.477	68.57	68.477	68.414	68.32	68.325	68.28	68.208	68.076	67.976	67.907	67.895	67.789	67.728	67.639	67.565	67.347	67.099	67.012	66.772	66.583	66.397	66.254	66.127	65.982	65.872	65.732	65.65	65.531	65.421	65.268	65.204	65.154	65.197	65.226	65.292	65.319	65.335	65.361	65.241	65.115	65.03	64.869	64.847	64.773	64.61	64.523	64.444	64.452	64.366	64.352	64.167	64.009	63.861	63.75	63.644	63.52	63.473	63.408	63.203	63.205	63.193	63.203	63.27	63.262	63.222	63.177	63.089	62.976	62.861	62.702	62.6	62.598	62.555	62.514	62.342	62.119	61.938	61.809	61.746	61.651	61.577	61.51	61.453	61.368	61.306	61.343	61.237	61.261	61.321	61.243	61.123	61.102	60.991	60.799	60.532	60.43	60.279	60.106	59.978	59.952	59.911	59.849	59.801	59.714	59.602	59.466	59.395	59.386	59.369	59.353	59.349	59.284	59.262	59.206	59.214	59.162	59.19	59.166	59.037	59.063	58.944	58.901	58.734	58.536	58.371	58.166	58.003	57.829	57.722	57.615	57.457	57.368	57.207	57.085
68.362	68.369	68.486	68.56	68.547	68.422	68.345	68.297	68.326	68.154	67.967	67.908	67.832	67.743	67.641	67.571	67.44	67.38	67.243	67.079	66.846	66.68	66.454	66.346	66.283	66.094	65.844	65.687	65.609	65.555	65.532	65.42	65.337	65.214	65.2	65.131	65.156	65.242	65.23	65.278	65.293	65.155	65.062	64.965	64.839	64.78	64.765	64.666	64.55	64.464	64.401	64.354	64.321	64.157	63.989	63.9	63.737	63.594	63.507	63.386	63.25	63.168	63.151	63.15	63.17	63.151	63.194	63.155	63.144	63.029	62.926	62.859	62.71	62.678	62.575	62.507	62.414	62.293	62.151	61.973	61.886	61.786	61.693	61.558	61.468	61.437	61.362	61.327	61.299	61.214	61.191	61.264	61.25	61.076	60.968	60.927	60.79	60.49	60.286	60.182	60.022	59.965	59.906	59.881	59.799	59.705	59.621	59.511	59.432	59.39	59.36	59.397	59.314	59.306	59.233	59.143	59.139	59.074	59.084	59.084	59.087	59.099	59.015	58.914	58.831	58.678	58.614	58.459	58.29	58.034	57.806	57.689	57.482	57.431	57.307	57.23	57.134
68.173	68.319	68.472	68.489	68.557	68.378	68.304	68.265	68.195	68.104	67.963	67.832	67.648	67.541	67.467	67.444	67.345	67.223	67.135	66.887	66.705	66.436	66.25	66.167	66.113	65.917	65.77	65.641	65.543	65.453	65.405	65.387	65.281	65.195	65.169	65.156	65.114	65.135	65.121	65.139	65.177	65.116	65.01	64.914	64.818	64.644	64.67	64.567	64.53	64.435	64.415	64.302	64.237	64.204	64.042	63.922	63.746	63.654	63.541	63.363	63.202	63.096	63.019	63.046	63.042	63.088	63.093	63.073	63.078	63.027	62.882	62.771	62.688	62.629	62.567	62.449	62.318	62.172	62.082	61.971	61.849	61.763	61.675	61.501	61.388	61.361	61.328	61.269	61.188	61.062	61.01	61.047	61.039	60.971	60.843	60.779	60.629	60.379	60.181	60.058	59.966	59.94	59.9	59.818	59.733	59.64	59.572	59.539	59.468	59.39	59.394	59.388	59.38	59.322	59.232	59.093	59.029	59.008	58.913	58.986	59.081	59.027	58.985	58.888	58.801	58.695	58.632	58.569	58.334	58.11	57.857	57.684	57.543	57.34	57.288	57.236	57.124
68.194	68.294	68.415	68.47	68.548	68.283	68.151	68.091	68.079	67.993	67.874	67.771	67.509	67.435	67.279	67.289	67.198	67.072	66.934	66.68	66.444	66.271	66.133	65.963	65.831	65.722	65.651	65.608	65.539	65.394	65.359	65.316	65.291	65.234	65.172	65.126	65.138	65.074	65.063	65.112	65.12	65.029	64.887	64.81	64.739	64.622	64.506	64.419	64.39	64.395	64.386	64.378	64.288	64.13	64.07	63.92	63.819	63.716	63.587	63.394	63.171	63.015	62.987	62.938	63.015	63.058	63.025	63.054	63.078	62.976	62.895	62.823	62.688	62.577	62.469	62.405	62.326	62.204	62.113	61.976	61.847	61.673	61.615	61.392	61.265	61.23	61.194	61.139	61.042	60.973	60.931	60.907	60.891	60.863	60.779	60.729	60.592	60.428	60.153	59.947	59.93	59.889	59.86	59.781	59.723	59.59	59.489	59.493	59.449	59.397	59.389	59.382	59.389	59.361	59.22	59.036	58.973	58.92	58.833	58.764	58.924	58.978	58.941	58.934	58.852	58.695	58.656	58.489	58.326	58.091	57.829	57.635	57.479	57.387	57.278	57.274	57.168
68.229	68.316	68.448	68.482	68.466	68.246	67.894	67.908	67.902	67.897	67.764	67.646	67.445	67.232	67.134	67.119	67.047	66.914	66.843	66.606	66.412	66.259	66.012	65.857	65.721	65.559	65.606	65.581	65.52	65.408	65.347	65.348	65.334	65.331	65.227	65.193	65.114	65.096	65.022	65.06	64.986	64.896	64.821	64.781	64.738	64.661	64.466	64.415	64.375	64.35	64.402	64.375	64.288	64.151	64.03	63.881	63.757	63.65	63.588	63.431	63.211	62.963	62.939	62.95	63.048	63.043	62.977	63.005	63.03	63.024	62.902	62.738	62.633	62.526	62.411	62.285	62.196	62.123	62.021	61.939	61.819	61.682	61.501	61.368	61.206	61.097	61.097	61.077	60.974	60.865	60.836	60.871	60.825	60.75	60.694	60.628	60.479	60.297	60.084	59.917	59.944	59.882	59.794	59.67	59.676	59.594	59.5	59.452	59.436	59.372	59.317	59.349	59.319	59.285	59.177	59.019	58.949	58.868	58.739	58.688	58.777	58.883	58.955	58.909	58.838	58.694	58.577	58.449	58.285	58.058	57.846	57.703	57.549	57.468	57.306	57.2	57.175
68.308	68.34	68.387	68.443	68.366	68.141	67.897	67.779	67.671	67.648	67.632	67.476	67.276	67.121	67.011	66.938	66.969	66.735	66.546	66.419	66.27	66.093	65.929	65.792	65.676	65.609	65.538	65.512	65.43	65.391	65.322	65.296	65.26	65.25	65.21	65.158	65.064	65.036	64.965	64.944	64.92	64.811	64.744	64.743	64.71	64.631	64.494	64.461	64.474	64.375	64.341	64.338	64.286	64.143	64.095	63.898	63.759	63.601	63.512	63.351	63.166	63.007	62.946	62.956	62.952	62.953	62.957	62.934	62.981	62.924	62.872	62.731	62.615	62.525	62.387	62.248	62.135	62.004	61.849	61.836	61.7	61.605	61.461	61.385	61.247	61.08	61	60.961	60.919	60.89	60.758	60.768	60.723	60.69	60.625	60.491	60.341	60.171	59.973	59.847	59.784	59.723	59.608	59.483	59.476	59.426	59.428	59.335	59.353	59.266	59.249	59.227	59.213	59.171	59.043	59.005	58.949	58.842	58.718	58.668	58.67	58.738	58.779	58.7	58.648	58.661	58.473	58.351	58.205	58.073	57.879	57.672	57.61	57.479	57.401	57.296	57.252
68.352	68.349	68.382	68.329	68.125	68.007	67.813	67.598	67.539	67.423	67.5	67.368	67.21	67.134	66.956	66.837	66.812	66.534	66.438	66.254	66.154	66.051	65.865	65.776	65.694	65.573	65.466	65.405	65.364	65.361	65.322	65.209	65.097	65.047	65.1	65.091	65.04	64.946	64.87	64.841	64.787	64.688	64.653	64.639	64.619	64.569	64.516	64.511	64.467	64.443	64.312	64.241	64.222	64.174	64.039	63.897	63.767	63.571	63.475	63.365	63.18	63.062	62.976	62.899	62.923	62.973	62.933	62.869	62.922	62.844	62.797	62.656	62.576	62.46	62.321	62.235	62.064	61.886	61.742	61.697	61.69	61.584	61.547	61.408	61.25	61.112	60.947	60.876	60.891	60.817	60.689	60.619	60.681	60.597	60.569	60.429	60.28	60.082	59.878	59.778	59.697	59.537	59.399	59.348	59.378	59.391	59.356	59.262	59.239	59.232	59.172	59.17	59.197	59.176	59.063	58.948	58.978	58.872	58.831	58.776	58.723	58.641	58.637	58.617	58.624	58.61	58.524	58.387	58.309	58.135	57.95	57.769	57.667	57.552	57.433	57.346	57.248
68.389	68.38	68.331	68.151	68.013	67.854	67.604	67.483	67.355	67.292	67.287	67.17	67.03	66.977	66.816	66.733	66.62	66.427	66.288	66.194	66.068	65.953	65.849	65.713	65.574	65.53	65.428	65.306	65.223	65.216	65.185	65.098	65.026	65.027	64.986	64.958	64.972	64.956	64.802	64.727	64.593	64.543	64.525	64.527	64.519	64.528	64.52	64.517	64.51	64.441	64.312	64.187	64.17	64.15	64.006	63.895	63.708	63.579	63.445	63.4	63.327	63.096	63.073	62.93	62.938	62.906	62.848	62.907	62.838	62.872	62.793	62.653	62.512	62.399	62.198	62.159	62.023	61.838	61.72	61.604	61.563	61.538	61.507	61.385	61.293	61.094	60.96	60.803	60.79	60.733	60.659	60.599	60.564	60.514	60.494	60.355	60.138	59.931	59.795	59.696	59.583	59.493	59.327	59.244	59.285	59.224	59.172	59.179	59.188	59.192	59.17	59.165	59.175	59.167	59.114	59.052	58.933	58.902	58.829	58.797	58.754	58.642	58.575	58.575	58.637	58.624	58.534	58.46	58.323	58.198	57.99	57.801	57.71	57.571	57.527	57.329	57.145
68.317	68.352	68.297	68.096	67.97	67.719	67.481	67.327	67.176	67.159	67.074	66.939	66.922	66.78	66.629	66.567	66.413	66.275	66.121	66.031	65.934	65.877	65.803	65.653	65.497	65.413	65.291	65.18	65.131	65.079	65.046	64.934	64.941	64.892	64.923	64.945	64.892	64.875	64.78	64.7	64.527	64.453	64.413	64.402	64.391	64.423	64.483	64.472	64.404	64.346	64.288	64.2	64.117	64.079	63.986	63.813	63.729	63.504	63.409	63.414	63.329	63.256	63.101	62.988	62.903	62.869	62.768	62.769	62.79	62.736	62.628	62.583	62.494	62.309	62.163	62.041	61.942	61.837	61.687	61.579	61.528	61.479	61.402	61.303	61.141	61.1	60.991	60.832	60.739	60.686	60.68	60.588	60.474	60.405	60.361	60.208	60.035	59.926	59.69	59.609	59.535	59.417	59.336	59.2	59.17	59.12	59.076	59.125	59.127	59.216	59.14	59.181	59.201	59.193	59.219	59.151	59.043	58.897	58.801	58.733	58.607	58.575	58.501	58.563	58.548	58.557	58.451	58.343	58.31	58.18	58.105	57.781	57.618	57.601	57.454	57.327	57.13
