60.333	60.334	60.326	60.309	60.309	60.281	60.262	60.256	60.247	60.242	60.235	60.22	60.226	60.203	60.184	60.167	60.168	60.165	60.166	60.166	60.142	60.128	60.118	60.111	60.088	60.069	60.07	60.034	60.016	59.992	59.969	59.94	59.927	59.925	59.912	59.89	59.88	59.866	59.847	59.828	59.816	59.796	59.793	59.785	59.767	59.75	59.752	59.736	59.72	59.711	59.685	59.683	59.675	59.652	59.639	59.632	59.607	59.594	59.589	59.591	59.587	59.574	59.559	59.541	59.51	59.469	59.453	59.434	59.418	59.395	59.377	59.381	59.357	59.359	59.331	59.308	59.279	59.257	59.243	59.229	59.219	59.21	59.187	59.165	59.142	59.121	59.108	59.094	59.076	59.064	59.062	59.053	59.031	59.012	58.99	58.983	58.97	58.962	58.938	58.933	58.935	58.938	58.952	58.949	58.945	58.941	58.93	58.929	58.917	58.916	58.908	58.902	58.901	58.901	58.901	58.905	58.892	58.888	58.882	58.863	58.848	58.839	58.836	58.827	58.817	58.822	58.813	58.802	58.795	58.787	58.787	58.803	58.812	58.813	58.809	58.803	58.798
60.267	60.264	60.248	60.233	60.228	60.198	60.188	60.178	60.162	60.16	60.145	60.15	60.135	60.12	60.105	60.078	60.08	60.074	60.075	60.057	60.046	60.044	60.025	60.007	59.988	59.981	59.97	59.926	59.914	59.871	59.862	59.832	59.799	59.792	59.778	59.767	59.757	59.749	59.706	59.696	59.675	59.663	59.65	59.647	59.628	59.621	59.612	59.597	59.579	59.552	59.541	59.524	59.508	59.5	59.497	59.48	59.481	59.457	59.448	59.454	59.434	59.418	59.391	59.36	59.34	59.304	59.29	59.27	59.255	59.233	59.226	59.209	59.192	59.169	59.143	59.112	59.081	59.058	59.041	59.037	59.021	59.013	58.992	58.975	58.951	58.929	58.907	58.891	58.872	58.871	58.867	58.849	58.833	58.816	58.801	58.792	58.773	58.759	58.747	58.737	58.732	58.739	58.733	58.722	58.712	58.699	58.682	58.686	58.668	58.677	58.654	58.647	58.648	58.641	58.635	58.633	58.637	58.623	58.639	58.622	58.612	58.6	58.588	58.584	58.568	58.566	58.57	58.558	58.543	58.546	58.55	58.56	58.569	58.566	58.577	58.569	58.569
60.19	60.179	60.157	60.165	60.159	60.134	60.12	60.104	60.092	60.086	60.071	60.061	60.048	60.048	60.014	59.989	59.974	59.968	59.964	59.962	59.959	59.938	59.91	59.892	59.882	59.869	59.848	59.819	59.804	59.769	59.751	59.705	59.686	59.685	59.661	59.642	59.607	59.615	59.579	59.57	59.543	59.531	59.524	59.507	59.479	59.473	59.465	59.452	59.416	59.403	59.381	59.372	59.358	59.354	59.367	59.333	59.331	59.316	59.31	59.295	59.269	59.241	59.22	59.188	59.175	59.149	59.129	59.117	59.101	59.074	59.053	59.03	59.017	58.985	58.969	58.934	58.901	58.879	58.851	58.833	58.838	58.82	58.797	58.772	58.744	58.731	58.704	58.687	58.663	58.662	58.658	58.647	58.628	58.605	58.592	58.579	58.555	58.546	58.538	58.534	58.527	58.519	58.492	58.472	58.458	58.447	58.441	58.432	58.417	58.425	58.396	58.4	58.395	58.393	58.386	58.372	58.374	58.374	58.384	58.37	58.363	58.351	58.329	58.314	58.311	58.311	58.318	58.315	58.305	58.318	58.313	58.318	58.319	58.322	58.33	58.336	58.326
60.117	60.131	60.114	60.1	60.08	60.044	60.025	60.014	60.008	59.98	59.97	59.96	59.944	59.919	59.899	59.88	59.875	59.856	59.864	59.874	59.849	59.831	59.807	59.789	59.774	59.761	59.752	59.705	59.661	59.635	59.63	59.594	59.585	59.554	59.524	59.512	59.49	59.471	59.437	59.418	59.398	59.398	59.387	59.367	59.348	59.333	59.315	59.291	59.269	59.253	59.225	59.207	59.201	59.176	59.182	59.177	59.163	59.151	59.137	59.12	59.105	59.077	59.041	59.025	58.988	58.983	58.965	58.937	58.914	58.898	58.879	58.842	58.819	58.797	58.78	58.734	58.715	58.68	58.656	58.646	58.624	58.598	58.586	58.566	58.548	58.525	58.501	58.482	58.462	58.437	58.431	58.433	58.397	58.38	58.364	58.35	58.335	58.314	58.31	58.303	58.305	58.273	58.254	58.226	58.206	58.199	58.191	58.194	58.189	58.173	58.152	58.16	58.142	58.149	58.143	58.122	58.126	58.128	58.132	58.124	58.11	58.115	58.091	58.073	58.072	58.078	58.061	58.079	58.057	58.063	58.069	58.073	58.066	58.068	58.078	58.065	58.065
60.032	60.025	59.993	59.988	59.977	59.967	59.944	59.916	59.905	59.886	59.901	59.861	59.859	59.84	59.816	59.792	59.776	59.767	59.762	59.749	59.74	59.726	59.693	59.68	59.667	59.652	59.617	59.573	59.583	59.529	59.508	59.468	59.435	59.414	59.396	59.387	59.35	59.326	59.314	59.299	59.287	59.261	59.238	59.218	59.214	59.177	59.153	59.144	59.11	59.099	59.08	59.057	59.033	59.035	59.036	59.029	59.006	58.994	58.991	58.972	58.946	58.923	58.884	58.867	58.814	58.82	58.784	58.758	58.733	58.702	58.679	58.642	58.629	58.604	58.565	58.531	58.51	58.467	58.447	58.429	58.413	58.396	58.386	58.362	58.345	58.322	58.307	58.286	58.267	58.245	58.235	58.221	58.19	58.178	58.162	58.138	58.119	58.092	58.082	58.076	58.057	58.03	58.009	57.989	57.981	57.971	57.954	57.944	57.938	57.923	57.903	57.884	57.88	57.876	57.876	57.884	57.883	57.879	57.894	57.88	57.881	57.877	57.873	57.856	57.848	57.844	57.816	57.834	57.815	57.799	57.8	57.8	57.789	57.791	57.79	57.791	57.793
59.984	59.967	59.973	59.944	59.914	59.874	59.845	59.822	59.806	59.786	59.783	59.743	59.763	59.737	59.727	59.719	59.692	59.682	59.657	59.666	59.634	59.618	59.579	59.57	59.564	59.531	59.509	59.467	59.432	59.375	59.372	59.353	59.332	59.302	59.267	59.241	59.223	59.224	59.187	59.154	59.145	59.135	59.128	59.098	59.062	59.037	59.039	58.983	58.966	58.946	58.919	58.902	58.883	58.878	58.867	58.855	58.869	58.837	58.836	58.805	58.772	58.74	58.7	58.668	58.649	58.634	58.582	58.568	58.518	58.489	58.468	58.429	58.411	58.376	58.355	58.338	58.301	58.266	58.237	58.212	58.199	58.193	58.157	58.141	58.123	58.109	58.096	58.076	58.042	58.043	58.018	58.027	58.01	57.973	57.944	57.91	57.88	57.861	57.848	57.827	57.805	57.784	57.771	57.753	57.741	57.716	57.689	57.683	57.654	57.669	57.661	57.631	57.627	57.619	57.622	57.626	57.62	57.611	57.616	57.596	57.607	57.596	57.61	57.6	57.585	57.583	57.565	57.548	57.53	57.535	57.517	57.516	57.509	57.498	57.499	57.492	57.491
59.91	59.862	59.827	59.799	59.784	59.763	59.745	59.721	59.706	59.693	59.689	59.684	59.677	59.638	59.628	59.617	59.593	59.582	59.559	59.561	59.516	59.501	59.464	59.446	59.418	59.399	59.378	59.344	59.31	59.306	59.274	59.227	59.198	59.156	59.132	59.125	59.116	59.076	59.063	59.048	59.037	58.995	58.955	58.941	58.925	58.906	58.866	58.825	58.814	58.782	58.759	58.749	58.745	58.727	58.726	58.701	58.693	58.67	58.66	58.627	58.592	58.553	58.507	58.494	58.471	58.435	58.393	58.352	58.319	58.29	58.259	58.219	58.197	58.167	58.151	58.115	58.088	58.059	58.036	58.02	57.997	57.97	57.944	57.913	57.888	57.872	57.86	57.836	57.815	57.805	57.791	57.79	57.76	57.748	57.732	57.695	57.667	57.642	57.61	57.589	57.583	57.555	57.536	57.513	57.483	57.452	57.44	57.421	57.404	57.394	57.378	57.369	57.356	57.338	57.334	57.332	57.32	57.312	57.317	57.315	57.326	57.326	57.329	57.326	57.305	57.297	57.287	57.279	57.257	57.247	57.238	57.217	57.201	57.188	57.185	57.195	57.178
59.823	59.798	59.762	59.736	59.699	59.655	59.64	59.626	59.61	59.603	59.586	59.564	59.551	59.535	59.523	59.503	59.489	59.481	59.459	59.457	59.429	59.412	59.369	59.331	59.316	59.295	59.269	59.251	59.231	59.175	59.148	59.124	59.097	59.062	59.032	59.013	58.993	58.962	58.943	58.889	58.866	58.86	58.829	58.81	58.786	58.761	58.739	58.711	58.66	58.644	58.622	58.604	58.585	58.565	58.568	58.545	58.52	58.509	58.478	58.44	58.406	58.373	58.34	58.316	58.283	58.242	58.208	58.158	58.119	58.078	58.038	58.009	57.984	57.949	57.928	57.9	57.879	57.85	57.828	57.823	57.808	57.775	57.749	57.696	57.668	57.635	57.612	57.585	57.575	57.553	57.567	57.55	57.52	57.515	57.492	57.452	57.427	57.401	57.381	57.363	57.349	57.32	57.307	57.268	57.239	57.217	57.19	57.168	57.153	57.148	57.125	57.129	57.1	57.095	57.071	57.061	57.048	57.027	57.034	57.045	57.041	57.051	57.048	57.042	57.039	57.029	57.002	56.997	56.971	56.961	56.944	56.924	56.914	56.905	56.894	56.882	56.89
59.724	59.703	59.647	59.617	59.591	59.558	59.552	59.539	59.505	59.487	59.473	59.471	59.452	59.422	59.411	59.397	59.38	59.349	59.343	59.321	59.304	59.271	59.257	59.221	59.203	59.175	59.166	59.137	59.118	59.079	59.042	58.99	58.966	58.928	58.905	58.887	58.872	58.833	58.803	58.763	58.716	58.702	58.672	58.657	58.654	58.639	58.59	58.579	58.538	58.525	58.49	58.447	58.421	58.405	58.39	58.379	58.354	58.329	58.301	58.273	58.235	58.195	58.173	58.138	58.112	58.052	58.008	57.968	57.921	57.889	57.85	57.829	57.792	57.771	57.742	57.715	57.68	57.653	57.639	57.618	57.591	57.561	57.537	57.509	57.454	57.416	57.379	57.358	57.338	57.329	57.317	57.29	57.271	57.257	57.233	57.203	57.164	57.141	57.141	57.124	57.109	57.091	57.061	57.04	57.005	56.967	56.93	56.908	56.896	56.881	56.858	56.845	56.835	56.827	56.809	56.798	56.787	56.775	56.776	56.782	56.774	56.776	56.776	56.772	56.757	56.745	56.739	56.709	56.688	56.661	56.652	56.62	56.612	56.608	56.589	56.584	56.586
59.645	59.623	59.56	59.536	59.506	59.469	59.462	59.434	59.407	59.386	59.377	59.36	59.339	59.309	59.295	59.275	59.255	59.215	59.207	59.178	59.18	59.148	59.12	59.09	59.066	59.061	59.05	59.017	59	58.957	58.912	58.871	58.856	58.824	58.775	58.747	58.715	58.689	58.66	58.614	58.582	58.561	58.538	58.52	58.51	58.504	58.446	58.425	58.399	58.38	58.341	58.3	58.258	58.22	58.212	58.199	58.168	58.142	58.118	58.101	58.065	58.038	58.007	57.955	57.915	57.862	57.825	57.788	57.744	57.695	57.662	57.647	57.627	57.616	57.579	57.546	57.502	57.463	57.435	57.418	57.379	57.35	57.315	57.288	57.236	57.196	57.163	57.132	57.119	57.099	57.076	57.064	57.03	56.996	56.975	56.943	56.919	56.914	56.907	56.883	56.874	56.845	56.815	56.779	56.759	56.729	56.693	56.678	56.633	56.616	56.59	56.571	56.556	56.534	56.517	56.501	56.499	56.518	56.51	56.493	56.485	56.482	56.484	56.486	56.473	56.445	56.44	56.404	56.396	56.362	56.338	56.326	56.317	56.307	56.287	56.269	56.272
59.564	59.549	59.495	59.462	59.427	59.385	59.356	59.324	59.301	59.277	59.269	59.246	59.229	59.216	59.189	59.164	59.132	59.088	59.078	59.051	59.055	59.017	58.997	58.972	58.963	58.958	58.921	58.9	58.87	58.839	58.783	58.757	58.745	58.692	58.639	58.603	58.57	58.547	58.524	58.477	58.449	58.43	58.4	58.387	58.355	58.341	58.308	58.275	58.227	58.194	58.161	58.13	58.077	58.053	58.042	58.017	58.006	57.979	57.953	57.927	57.914	57.875	57.841	57.797	57.765	57.697	57.665	57.61	57.559	57.528	57.498	57.479	57.478	57.468	57.416	57.374	57.319	57.281	57.244	57.218	57.183	57.153	57.123	57.087	57.033	57.001	56.965	56.936	56.901	56.872	56.845	56.817	56.789	56.759	56.745	56.708	56.68	56.671	56.652	56.635	56.612	56.574	56.567	56.541	56.523	56.498	56.45	56.423	56.394	56.366	56.34	56.304	56.284	56.258	56.241	56.23	56.225	56.222	56.227	56.214	56.207	56.193	56.197	56.192	56.173	56.169	56.146	56.128	56.103	56.084	56.052	56.03	56.04	56.019	55.993	55.977	55.961
59.48	59.454	59.402	59.368	59.328	59.291	59.263	59.228	59.193	59.163	59.151	59.143	59.132	59.109	59.084	59.053	59.016	58.99	58.983	58.95	58.93	58.905	58.888	58.866	58.851	58.832	58.801	58.796	58.751	58.716	58.668	58.632	58.593	58.546	58.492	58.475	58.439	58.405	58.383	58.342	58.327	58.287	58.248	58.232	58.206	58.171	58.148	58.104	58.07	58.033	57.995	57.964	57.922	57.891	57.879	57.872	57.854	57.828	57.802	57.779	57.758	57.711	57.666	57.635	57.601	57.554	57.509	57.436	57.402	57.369	57.345	57.332	57.309	57.287	57.249	57.192	57.122	57.09	57.057	57.021	56.978	56.942	56.926	56.879	56.85	56.811	56.76	56.722	56.691	56.656	56.626	56.594	56.56	56.534	56.504	56.483	56.464	56.434	56.392	56.384	56.358	56.33	56.322	56.296	56.276	56.248	56.214	56.177	56.165	56.116	56.092	56.053	56.009	55.981	55.963	55.95	55.925	55.923	55.922	55.902	55.88	55.88	55.886	55.873	55.869	55.864	55.828	55.837	55.799	55.798	55.768	55.75	55.731	55.699	55.686	55.67	55.652
59.397	59.374	59.329	59.29	59.259	59.216	59.175	59.125	59.085	59.059	59.045	59.022	59.01	59.002	58.989	58.952	58.922	58.895	58.875	58.861	58.825	58.806	58.8	58.77	58.76	58.739	58.706	58.678	58.626	58.619	58.543	58.504	58.471	58.437	58.406	58.358	58.337	58.257	58.24	58.215	58.173	58.143	58.101	58.079	58.077	58.016	57.977	57.937	57.904	57.867	57.831	57.793	57.755	57.736	57.715	57.722	57.684	57.662	57.648	57.62	57.582	57.535	57.494	57.454	57.418	57.372	57.321	57.29	57.257	57.223	57.194	57.157	57.122	57.095	57.04	56.978	56.94	56.911	56.859	56.817	56.787	56.743	56.73	56.683	56.65	56.589	56.538	56.502	56.454	56.424	56.401	56.361	56.342	56.32	56.287	56.262	56.24	56.204	56.182	56.151	56.113	56.096	56.059	56.042	56.021	55.985	55.951	55.917	55.886	55.849	55.83	55.781	55.75	55.737	55.711	55.691	55.659	55.642	55.625	55.606	55.574	55.566	55.557	55.559	55.539	55.546	55.516	55.525	55.482	55.465	55.438	55.415	55.391	55.364	55.335	55.332	55.318
59.315	59.291	59.244	59.201	59.158	59.121	59.08	59.044	58.999	58.966	58.942	58.924	58.923	58.912	58.894	58.861	58.835	58.824	58.792	58.747	58.722	58.702	58.687	58.667	58.651	58.634	58.588	58.567	58.529	58.516	58.44	58.415	58.355	58.304	58.281	58.243	58.223	58.17	58.129	58.07	58.029	58.023	57.997	57.941	57.901	57.868	57.838	57.801	57.757	57.71	57.683	57.658	57.62	57.589	57.577	57.576	57.53	57.506	57.465	57.432	57.392	57.357	57.317	57.278	57.242	57.196	57.155	57.121	57.087	57.065	57.032	56.988	56.944	56.902	56.838	56.803	56.76	56.714	56.667	56.633	56.598	56.547	56.517	56.486	56.448	56.393	56.341	56.284	56.244	56.213	56.173	56.15	56.116	56.089	56.065	56.036	56.013	55.993	55.94	55.913	55.874	55.857	55.805	55.792	55.756	55.725	55.696	55.667	55.62	55.585	55.542	55.521	55.502	55.47	55.437	55.414	55.381	55.354	55.332	55.284	55.271	55.253	55.245	55.231	55.212	55.195	55.191	55.183	55.153	55.128	55.087	55.067	55.054	55.037	55.014	54.989	54.968
59.29	59.253	59.194	59.156	59.119	59.063	59.003	58.952	58.911	58.878	58.86	58.841	58.818	58.791	58.77	58.753	58.731	58.699	58.692	58.675	58.647	58.611	58.586	58.56	58.536	58.517	58.501	58.482	58.419	58.386	58.328	58.294	58.24	58.211	58.202	58.164	58.1	58.052	58.008	57.955	57.918	57.873	57.84	57.801	57.768	57.719	57.683	57.659	57.626	57.583	57.533	57.495	57.472	57.45	57.419	57.402	57.358	57.322	57.264	57.23	57.2	57.154	57.124	57.087	57.053	57.005	56.965	56.921	56.893	56.873	56.839	56.796	56.758	56.71	56.645	56.597	56.542	56.518	56.479	56.432	56.379	56.345	56.318	56.27	56.24	56.192	56.136	56.081	56.025	55.996	55.956	55.925	55.881	55.851	55.824	55.781	55.779	55.751	55.703	55.692	55.642	55.609	55.573	55.523	55.481	55.453	55.429	55.392	55.363	55.342	55.298	55.257	55.221	55.184	55.158	55.127	55.084	55.053	55.038	55.002	54.961	54.92	54.917	54.901	54.884	54.862	54.864	54.818	54.804	54.777	54.764	54.737	54.694	54.667	54.644	54.624	54.615
59.247	59.179	59.119	59.064	59.006	58.97	58.921	58.884	58.849	58.816	58.787	58.748	58.717	58.691	58.648	58.622	58.599	58.584	58.579	58.544	58.524	58.491	58.475	58.44	58.424	58.41	58.375	58.344	58.283	58.244	58.199	58.151	58.125	58.08	58.037	58.004	57.969	57.919	57.878	57.802	57.755	57.722	57.69	57.661	57.609	57.572	57.552	57.5	57.453	57.426	57.381	57.349	57.325	57.295	57.25	57.246	57.169	57.118	57.088	57.043	57.003	56.961	56.945	56.903	56.891	56.837	56.785	56.742	56.71	56.674	56.631	56.585	56.524	56.474	56.427	56.372	56.347	56.306	56.248	56.204	56.172	56.116	56.09	56.058	56.023	55.963	55.909	55.84	55.804	55.752	55.708	55.665	55.621	55.6	55.574	55.526	55.488	55.458	55.419	55.383	55.361	55.333	55.296	55.247	55.203	55.173	55.133	55.102	55.075	55.023	54.989	54.937	54.896	54.87	54.846	54.825	54.795	54.749	54.718	54.688	54.631	54.609	54.562	54.537	54.522	54.513	54.503	54.484	54.446	54.403	54.391	54.371	54.325	54.291	54.265	54.253	54.23
59.217	59.139	59.074	59.025	58.97	58.92	58.874	58.821	58.783	58.744	58.707	58.663	58.602	58.573	58.531	58.508	58.486	58.456	58.446	58.413	58.423	58.389	58.35	58.325	58.295	58.28	58.246	58.218	58.167	58.103	58.066	58.01	57.964	57.929	57.903	57.883	57.83	57.765	57.73	57.677	57.63	57.593	57.561	57.526	57.472	57.435	57.382	57.347	57.319	57.272	57.216	57.174	57.127	57.087	57.081	57.042	56.975	56.935	56.894	56.859	56.822	56.783	56.748	56.718	56.7	56.648	56.612	56.55	56.514	56.477	56.428	56.39	56.333	56.281	56.237	56.17	56.118	56.071	56.024	55.984	55.93	55.885	55.857	55.829	55.79	55.747	55.683	55.615	55.565	55.52	55.488	55.436	55.397	55.337	55.289	55.25	55.208	55.174	55.137	55.092	55.082	55.034	55.008	54.961	54.919	54.874	54.819	54.771	54.729	54.678	54.64	54.609	54.577	54.538	54.507	54.475	54.438	54.402	54.345	54.313	54.247	54.216	54.194	54.178	54.164	54.146	54.131	54.083	54.042	54.026	53.992	53.963	53.924	53.885	53.857	53.846	53.834
59.146	59.078	58.993	58.945	58.905	58.843	58.799	58.758	58.708	58.67	58.616	58.568	58.514	58.474	58.432	58.401	58.378	58.348	58.338	58.314	58.299	58.263	58.226	58.202	58.172	58.156	58.129	58.092	58.06	57.997	57.937	57.901	57.849	57.795	57.762	57.721	57.689	57.651	57.607	57.561	57.519	57.477	57.432	57.383	57.335	57.289	57.243	57.216	57.17	57.116	57.069	57.032	56.979	56.932	56.915	56.881	56.835	56.781	56.74	56.718	56.69	56.644	56.608	56.565	56.542	56.459	56.429	56.389	56.342	56.285	56.23	56.2	56.128	56.087	56.006	55.958	55.907	55.86	55.8	55.76	55.703	55.667	55.63	55.596	55.553	55.51	55.444	55.384	55.329	55.282	55.256	55.21	55.159	55.086	55.027	54.992	54.924	54.875	54.836	54.798	54.782	54.73	54.703	54.645	54.594	54.54	54.489	54.443	54.378	54.365	54.315	54.273	54.244	54.198	54.171	54.134	54.08	54.057	53.988	53.935	53.861	53.84	53.821	53.814	53.802	53.775	53.767	53.718	53.679	53.632	53.604	53.574	53.538	53.482	53.458	53.436	53.423
59.076	58.99	58.923	58.865	58.82	58.765	58.711	58.664	58.612	58.574	58.523	58.488	58.439	58.399	58.331	58.3	58.295	58.265	58.25	58.228	58.183	58.163	58.117	58.076	58.061	58.035	58.016	57.978	57.941	57.898	57.835	57.79	57.742	57.674	57.639	57.598	57.564	57.547	57.501	57.475	57.408	57.348	57.306	57.248	57.184	57.145	57.122	57.071	57.011	56.97	56.926	56.896	56.854	56.797	56.783	56.737	56.697	56.655	56.619	56.591	56.544	56.512	56.466	56.41	56.371	56.292	56.241	56.2	56.167	56.102	56.06	56.015	55.939	55.886	55.81	55.761	55.689	55.631	55.57	55.526	55.481	55.422	55.394	55.365	55.318	55.262	55.208	55.139	55.096	55.039	54.988	54.95	54.891	54.857	54.783	54.709	54.646	54.57	54.53	54.494	54.464	54.412	54.373	54.322	54.271	54.217	54.168	54.106	54.071	54.036	53.991	53.942	53.912	53.873	53.835	53.775	53.728	53.682	53.606	53.557	53.514	53.477	53.473	53.453	53.434	53.39	53.358	53.325	53.294	53.246	53.197	53.176	53.138	53.092	53.052	53.032	52.998
59.034	58.937	58.874	58.807	58.742	58.696	58.641	58.583	58.54	58.499	58.461	58.429	58.376	58.324	58.258	58.223	58.214	58.206	58.17	58.147	58.072	58.049	58.007	57.968	57.954	57.937	57.906	57.878	57.828	57.793	57.732	57.688	57.637	57.583	57.532	57.491	57.45	57.422	57.384	57.34	57.278	57.226	57.178	57.107	57.057	57.024	56.984	56.946	56.885	56.843	56.801	56.771	56.731	56.7	56.691	56.638	56.581	56.546	56.508	56.458	56.416	56.37	56.321	56.264	56.198	56.136	56.072	56.029	55.986	55.935	55.877	55.821	55.738	55.678	55.612	55.556	55.494	55.426	55.35	55.311	55.249	55.194	55.169	55.138	55.085	55.032	54.98	54.913	54.855	54.818	54.742	54.702	54.618	54.593	54.521	54.435	54.377	54.318	54.262	54.215	54.168	54.12	54.068	54.017	53.968	53.928	53.859	53.819	53.774	53.741	53.709	53.655	53.617	53.568	53.523	53.474	53.415	53.347	53.278	53.209	53.148	53.115	53.081	53.071	53.022	52.983	52.947	52.911	52.901	52.855	52.836	52.795	52.744	52.686	52.647	52.625	52.582
58.964	58.876	58.824	58.746	58.675	58.624	58.573	58.521	58.484	58.426	58.393	58.351	58.301	58.253	58.216	58.186	58.154	58.134	58.091	58.062	57.986	57.939	57.9	57.884	57.867	57.836	57.795	57.779	57.72	57.678	57.635	57.585	57.544	57.475	57.43	57.383	57.351	57.327	57.288	57.223	57.161	57.098	57.054	57.005	56.962	56.917	56.864	56.83	56.778	56.721	56.683	56.648	56.622	56.598	56.562	56.514	56.476	56.423	56.371	56.327	56.277	56.224	56.162	56.106	56.037	55.963	55.903	55.851	55.801	55.759	55.711	55.635	55.549	55.491	55.428	55.357	55.276	55.232	55.158	55.103	55.039	54.983	54.969	54.901	54.871	54.794	54.737	54.68	54.619	54.561	54.478	54.435	54.376	54.321	54.251	54.184	54.116	54.055	53.99	53.944	53.887	53.833	53.764	53.733	53.668	53.607	53.575	53.52	53.483	53.453	53.4	53.366	53.327	53.296	53.24	53.178	53.114	53.037	52.971	52.896	52.829	52.764	52.719	52.675	52.635	52.588	52.553	52.516	52.491	52.447	52.419	52.382	52.335	52.291	52.229	52.203	52.159
58.882	58.799	58.733	58.664	58.619	58.573	58.518	58.449	58.392	58.326	58.302	58.257	58.233	58.172	58.137	58.115	58.084	58.07	58.02	57.965	57.915	57.868	57.844	57.801	57.756	57.726	57.688	57.652	57.62	57.565	57.514	57.472	57.425	57.379	57.338	57.287	57.263	57.226	57.158	57.095	57.05	57.003	56.964	56.921	56.865	56.83	56.775	56.7	56.624	56.573	56.547	56.506	56.463	56.444	56.404	56.365	56.325	56.275	56.23	56.156	56.114	56.061	55.989	55.928	55.841	55.787	55.725	55.676	55.619	55.561	55.516	55.458	55.391	55.309	55.238	55.159	55.089	55.015	54.965	54.902	54.838	54.785	54.753	54.662	54.632	54.551	54.485	54.436	54.369	54.322	54.231	54.158	54.085	54.041	53.979	53.923	53.875	53.807	53.756	53.692	53.629	53.582	53.49	53.435	53.372	53.334	53.291	53.232	53.199	53.149	53.099	53.084	53.044	52.987	52.927	52.864	52.788	52.715	52.651	52.587	52.511	52.43	52.358	52.3	52.246	52.204	52.151	52.105	52.079	52.044	52.011	51.975	51.933	51.89	51.829	51.791	51.752
58.747	58.683	58.636	58.581	58.513	58.457	58.413	58.345	58.291	58.25	58.229	58.162	58.134	58.094	58.075	58.042	58.014	57.963	57.924	57.866	57.821	57.767	57.716	57.691	57.657	57.609	57.576	57.536	57.513	57.45	57.414	57.372	57.319	57.259	57.207	57.177	57.132	57.096	57.059	56.994	56.946	56.883	56.834	56.807	56.748	56.702	56.644	56.574	56.5	56.449	56.388	56.347	56.324	56.299	56.273	56.216	56.161	56.115	56.06	55.983	55.943	55.888	55.812	55.745	55.681	55.621	55.549	55.503	55.442	55.389	55.316	55.25	55.198	55.134	55.049	54.969	54.892	54.829	54.768	54.703	54.648	54.561	54.529	54.443	54.392	54.311	54.257	54.197	54.12	54.029	53.962	53.903	53.83	53.758	53.709	53.668	53.607	53.558	53.503	53.443	53.365	53.306	53.22	53.16	53.102	53.039	52.983	52.921	52.879	52.813	52.772	52.723	52.685	52.654	52.608	52.544	52.463	52.401	52.336	52.271	52.184	52.102	52.025	51.962	51.901	51.836	51.792	51.724	51.686	51.636	51.597	51.552	51.512	51.47	51.434	51.376	51.34
58.691	58.654	58.552	58.495	58.446	58.384	58.321	58.251	58.214	58.15	58.129	58.094	58.037	58.005	57.965	57.941	57.926	57.896	57.863	57.792	57.718	57.688	57.638	57.606	57.563	57.509	57.476	57.444	57.402	57.37	57.33	57.282	57.227	57.165	57.126	57.075	57.038	56.997	56.933	56.864	56.824	56.78	56.718	56.66	56.614	56.573	56.523	56.485	56.398	56.341	56.286	56.252	56.219	56.151	56.117	56.062	56.021	55.966	55.894	55.827	55.77	55.71	55.644	55.588	55.504	55.465	55.392	55.339	55.283	55.212	55.131	55.059	55.003	54.919	54.839	54.771	54.694	54.622	54.546	54.494	54.451	54.36	54.308	54.241	54.17	54.096	54.021	53.942	53.888	53.808	53.714	53.652	53.569	53.503	53.452	53.415	53.356	53.292	53.219	53.174	53.09	53.031	52.953	52.887	52.804	52.745	52.676	52.626	52.557	52.502	52.45	52.387	52.36	52.323	52.279	52.227	52.148	52.072	51.992	51.929	51.845	51.795	51.713	51.626	51.565	51.481	51.426	51.384	51.336	51.283	51.222	51.168	51.132	51.074	51.024	50.984	50.963
58.482	58.528	58.46	58.424	58.344	58.275	58.213	58.16	58.116	58.095	58.041	57.989	57.943	57.916	57.881	57.858	57.851	57.802	57.741	57.697	57.617	57.579	57.53	57.477	57.452	57.413	57.384	57.336	57.297	57.269	57.236	57.191	57.12	57.055	57.012	56.968	56.911	56.855	56.79	56.74	56.681	56.627	56.568	56.503	56.453	56.402	56.352	56.316	56.281	56.254	56.198	56.131	56.089	56.044	56.006	55.918	55.851	55.791	55.747	55.685	55.627	55.569	55.505	55.452	55.378	55.318	55.241	55.165	55.103	55.035	54.947	54.872	54.795	54.719	54.615	54.564	54.494	54.422	54.354	54.284	54.226	54.171	54.116	54.035	53.957	53.873	53.795	53.726	53.64	53.563	53.497	53.419	53.337	53.278	53.212	53.14	53.064	52.996	52.925	52.867	52.818	52.739	52.646	52.601	52.536	52.48	52.393	52.319	52.253	52.204	52.131	52.069	52.015	51.969	51.945	51.89	51.81	51.743	51.662	51.58	51.499	51.428	51.352	51.282	51.219	51.14	51.082	51.045	50.985	50.945	50.866	50.8	50.762	50.693	50.647	50.62	50.575
58.421	58.431	58.357	58.317	58.263	58.205	58.144	58.084	58.033	58.012	57.96	57.91	57.886	57.832	57.809	57.766	57.719	57.677	57.628	57.587	57.515	57.474	57.429	57.398	57.354	57.31	57.267	57.239	57.204	57.164	57.124	57.07	57.02	56.97	56.92	56.855	56.775	56.73	56.662	56.589	56.538	56.477	56.419	56.35	56.291	56.261	56.221	56.185	56.134	56.1	56.037	55.998	55.975	55.913	55.852	55.766	55.709	55.652	55.603	55.534	55.475	55.42	55.36	55.285	55.22	55.119	55.061	54.991	54.935	54.852	54.768	54.713	54.615	54.551	54.454	54.369	54.303	54.239	54.166	54.089	54.021	53.968	53.918	53.845	53.764	53.684	53.612	53.52	53.455	53.367	53.306	53.215	53.136	53.055	52.978	52.917	52.823	52.738	52.665	52.593	52.55	52.471	52.412	52.342	52.267	52.209	52.138	52.067	51.994	51.94	51.872	51.804	51.755	51.698	51.63	51.58	51.51	51.439	51.334	51.255	51.178	51.097	51.041	50.968	50.9	50.829	50.81	50.769	50.71	50.626	50.546	50.479	50.407	50.354	50.317	50.27	50.233
58.336	58.321	58.274	58.229	58.182	58.128	58.059	57.995	57.971	57.932	57.887	57.855	57.821	57.765	57.712	57.672	57.611	57.563	57.517	57.453	57.408	57.359	57.308	57.264	57.224	57.186	57.146	57.111	57.09	57.049	57.01	56.951	56.903	56.864	56.784	56.709	56.625	56.579	56.504	56.447	56.399	56.336	56.268	56.199	56.149	56.111	56.059	56.027	55.969	55.931	55.876	55.846	55.803	55.753	55.705	55.648	55.587	55.489	55.445	55.388	55.321	55.264	55.206	55.143	55.066	54.967	54.911	54.837	54.782	54.698	54.618	54.547	54.466	54.404	54.31	54.228	54.129	54.048	53.994	53.92	53.843	53.78	53.715	53.645	53.558	53.497	53.424	53.343	53.27	53.177	53.088	53.002	52.924	52.851	52.78	52.695	52.622	52.525	52.461	52.383	52.309	52.238	52.168	52.093	52.017	51.924	51.855	51.784	51.723	51.67	51.611	51.538	51.478	51.422	51.379	51.3	51.225	51.158	51.071	50.976	50.888	50.835	50.764	50.693	50.613	50.549	50.508	50.453	50.401	50.324	50.258	50.173	50.101	50.049	50.004	49.943	49.905
58.281	58.226	58.199	58.142	58.087	58.043	57.983	57.932	57.886	57.843	57.83	57.783	57.75	57.688	57.634	57.587	57.516	57.447	57.405	57.345	57.294	57.255	57.187	57.15	57.109	57.08	57.045	56.991	56.959	56.923	56.881	56.821	56.765	56.703	56.641	56.56	56.494	56.416	56.349	56.286	56.236	56.186	56.115	56.079	56.019	55.971	55.914	55.856	55.799	55.761	55.725	55.68	55.645	55.587	55.536	55.47	55.414	55.351	55.275	55.222	55.161	55.104	55.051	54.988	54.926	54.849	54.807	54.731	54.655	54.572	54.476	54.389	54.32	54.25	54.154	54.079	53.983	53.9	53.826	53.744	53.658	53.589	53.52	53.446	53.364	53.303	53.238	53.142	53.077	52.978	52.897	52.81	52.721	52.665	52.592	52.512	52.4	52.325	52.247	52.18	52.072	51.985	51.912	51.825	51.762	51.658	51.575	51.501	51.438	51.376	51.32	51.276	51.206	51.174	51.11	51.056	50.98	50.885	50.811	50.718	50.643	50.578	50.506	50.442	50.373	50.302	50.244	50.178	50.107	50.032	49.967	49.879	49.796	49.743	49.678	49.63	49.583
58.214	58.15	58.122	58.046	57.981	57.935	57.893	57.84	57.82	57.768	57.755	57.699	57.671	57.614	57.559	57.49	57.412	57.345	57.279	57.242	57.18	57.138	57.086	57.039	57.012	56.974	56.933	56.88	56.837	56.78	56.741	56.69	56.625	56.57	56.489	56.414	56.34	56.26	56.209	56.136	56.09	56.032	55.978	55.932	55.864	55.824	55.774	55.734	55.657	55.61	55.57	55.538	55.49	55.429	55.357	55.313	55.238	55.174	55.09	55.032	55.004	54.954	54.907	54.836	54.782	54.709	54.662	54.595	54.506	54.433	54.345	54.256	54.202	54.12	54.016	53.941	53.842	53.753	53.668	53.579	53.508	53.417	53.333	53.261	53.175	53.088	53.027	52.943	52.869	52.803	52.721	52.634	52.531	52.464	52.404	52.311	52.236	52.126	52.051	51.965	51.862	51.777	51.691	51.623	51.525	51.448	51.352	51.268	51.188	51.137	51.073	51.004	50.938	50.905	50.85	50.782	50.715	50.637	50.569	50.475	50.399	50.334	50.243	50.181	50.105	50.052	50.007	49.929	49.853	49.745	49.671	49.602	49.549	49.471	49.417	49.369	49.316
58.101	58.09	58.025	57.972	57.9	57.843	57.798	57.753	57.738	57.695	57.674	57.621	57.59	57.527	57.464	57.382	57.307	57.251	57.176	57.148	57.076	57.044	56.989	56.934	56.884	56.857	56.808	56.76	56.713	56.656	56.602	56.552	56.486	56.421	56.376	56.298	56.238	56.149	56.08	56.009	55.95	55.899	55.836	55.799	55.732	55.698	55.655	55.603	55.544	55.496	55.455	55.401	55.358	55.285	55.212	55.181	55.079	55.021	54.944	54.9	54.861	54.803	54.765	54.702	54.643	54.573	54.502	54.441	54.346	54.271	54.208	54.124	54.067	53.999	53.894	53.796	53.698	53.602	53.513	53.432	53.349	53.275	53.197	53.094	53.015	52.929	52.853	52.767	52.701	52.628	52.536	52.449	52.371	52.288	52.222	52.153	52.052	51.962	51.872	51.784	51.686	51.595	51.518	51.446	51.374	51.264	51.183	51.087	50.995	50.933	50.843	50.777	50.7	50.657	50.594	50.538	50.474	50.415	50.327	50.237	50.169	50.079	50.005	49.93	49.864	49.793	49.748	49.691	49.601	49.526	49.435	49.364	49.297	49.259	49.202	49.16	49.095
58.018	58.033	57.938	57.889	57.82	57.765	57.728	57.682	57.65	57.616	57.582	57.549	57.508	57.436	57.372	57.282	57.204	57.167	57.1	57.054	56.989	56.946	56.886	56.829	56.773	56.709	56.684	56.642	56.587	56.54	56.474	56.443	56.359	56.3	56.257	56.201	56.149	56.058	55.995	55.898	55.842	55.77	55.726	55.696	55.646	55.594	55.538	55.482	55.429	55.377	55.328	55.264	55.224	55.186	55.111	55.051	54.962	54.911	54.835	54.776	54.729	54.673	54.62	54.555	54.479	54.422	54.34	54.271	54.199	54.135	54.054	53.986	53.925	53.853	53.751	53.644	53.546	53.457	53.354	53.279	53.206	53.143	53.081	52.97	52.87	52.79	52.7	52.626	52.527	52.457	52.38	52.292	52.225	52.121	52.052	51.988	51.912	51.811	51.715	51.62	51.528	51.442	51.35	51.278	51.192	51.113	51.008	50.935	50.84	50.762	50.659	50.592	50.504	50.444	50.384	50.314	50.261	50.17	50.085	50.012	49.933	49.861	49.785	49.723	49.627	49.564	49.483	49.436	49.361	49.262	49.204	49.129	49.074	49.032	48.988	48.946	48.877
57.922	57.915	57.835	57.783	57.714	57.67	57.635	57.597	57.554	57.508	57.503	57.463	57.419	57.353	57.277	57.203	57.129	57.068	56.99	56.938	56.857	56.831	56.774	56.728	56.655	56.597	56.564	56.521	56.474	56.425	56.347	56.296	56.237	56.176	56.13	56.062	56.028	55.94	55.875	55.803	55.747	55.692	55.628	55.607	55.547	55.502	55.453	55.383	55.333	55.264	55.21	55.155	55.106	55.071	55.004	54.955	54.883	54.8	54.721	54.664	54.607	54.544	54.468	54.401	54.341	54.26	54.196	54.121	54.065	53.985	53.915	53.848	53.793	53.709	53.628	53.511	53.395	53.293	53.201	53.12	53.064	53.002	52.929	52.822	52.748	52.662	52.575	52.492	52.411	52.319	52.239	52.157	52.071	52.001	51.919	51.829	51.744	51.664	51.576	51.499	51.396	51.295	51.203	51.108	51.026	50.959	50.886	50.796	50.696	50.622	50.533	50.447	50.358	50.278	50.204	50.145	50.06	49.968	49.892	49.805	49.727	49.649	49.584	49.529	49.465	49.379	49.294	49.238	49.138	49.05	48.985	48.935	48.893	48.837	48.78	48.755	48.699
57.905	57.82	57.755	57.681	57.597	57.557	57.523	57.503	57.487	57.42	57.396	57.339	57.3	57.226	57.182	57.113	57.016	56.94	56.878	56.833	56.764	56.734	56.677	56.633	56.579	56.529	56.461	56.419	56.35	56.309	56.236	56.16	56.106	56.062	56.012	55.94	55.908	55.839	55.794	55.726	55.673	55.62	55.559	55.527	55.501	55.435	55.355	55.261	55.232	55.17	55.109	55.063	55.01	54.955	54.894	54.834	54.749	54.687	54.64	54.562	54.491	54.425	54.361	54.266	54.206	54.113	54.056	53.973	53.906	53.832	53.773	53.701	53.635	53.556	53.47	53.347	53.233	53.15	53.081	53.001	52.916	52.86	52.798	52.726	52.622	52.548	52.463	52.381	52.298	52.228	52.134	52.044	51.959	51.879	51.79	51.699	51.609	51.498	51.412	51.334	51.247	51.137	51.022	50.932	50.859	50.804	50.722	50.628	50.553	50.491	50.408	50.284	50.201	50.128	50.056	49.984	49.904	49.813	49.735	49.63	49.575	49.486	49.419	49.356	49.282	49.219	49.152	49.063	48.972	48.879	48.813	48.759	48.704	48.646	48.588	48.553	48.514
57.69	57.657	57.628	57.562	57.48	57.447	57.419	57.383	57.354	57.284	57.283	57.228	57.174	57.092	57.045	56.987	56.894	56.841	56.788	56.71	56.65	56.582	56.551	56.514	56.455	56.392	56.344	56.313	56.235	56.155	56.086	56.05	55.994	55.95	55.884	55.813	55.764	55.702	55.658	55.621	55.588	55.537	55.498	55.447	55.379	55.302	55.26	55.173	55.107	55.056	55	54.95	54.885	54.829	54.795	54.728	54.682	54.608	54.523	54.451	54.387	54.304	54.219	54.128	54.067	53.989	53.914	53.851	53.784	53.701	53.617	53.532	53.46	53.401	53.275	53.172	53.082	53	52.943	52.869	52.792	52.711	52.639	52.598	52.497	52.427	52.34	52.239	52.146	52.09	52.012	51.924	51.824	51.725	51.657	51.558	51.447	51.348	51.261	51.156	51.063	50.952	50.85	50.765	50.697	50.616	50.535	50.455	50.38	50.31	50.239	50.142	50.056	49.978	49.914	49.836	49.756	49.696	49.632	49.535	49.46	49.361	49.296	49.228	49.16	49.095	49.013	48.901	48.828	48.716	48.66	48.604	48.522	48.451	48.396	48.349	48.307
57.605	57.557	57.48	57.457	57.382	57.314	57.281	57.258	57.224	57.172	57.143	57.064	57.031	56.959	56.924	56.873	56.803	56.741	56.677	56.587	56.551	56.479	56.439	56.402	56.35	56.32	56.269	56.197	56.13	56.071	56.008	55.947	55.891	55.829	55.756	55.702	55.645	55.612	55.562	55.523	55.478	55.439	55.395	55.341	55.266	55.231	55.151	55.071	54.991	54.94	54.879	54.82	54.775	54.724	54.691	54.625	54.559	54.482	54.394	54.341	54.276	54.184	54.094	54.008	53.93	53.843	53.783	53.709	53.633	53.554	53.472	53.396	53.324	53.253	53.142	53.053	52.96	52.889	52.831	52.75	52.656	52.601	52.522	52.459	52.385	52.282	52.201	52.123	52.047	51.949	51.874	51.775	51.67	51.575	51.49	51.4	51.285	51.177	51.077	50.989	50.91	50.793	50.704	50.616	50.543	50.46	50.379	50.299	50.243	50.173	50.07	50.016	49.945	49.884	49.789	49.706	49.63	49.557	49.483	49.421	49.354	49.269	49.174	49.087	49.033	48.951	48.899	48.818	48.74	48.645	48.562	48.496	48.406	48.316	48.255	48.206	48.142
57.453	57.449	57.362	57.303	57.252	57.206	57.162	57.132	57.094	57.052	57.002	56.932	56.885	56.869	56.819	56.776	56.703	56.638	56.584	56.504	56.427	56.37	56.343	56.312	56.273	56.213	56.154	56.112	56.058	55.994	55.91	55.849	55.779	55.713	55.639	55.591	55.529	55.5	55.453	55.417	55.366	55.303	55.275	55.223	55.158	55.098	55.036	54.975	54.882	54.826	54.754	54.71	54.663	54.617	54.557	54.506	54.425	54.357	54.29	54.224	54.155	54.074	53.987	53.908	53.838	53.738	53.656	53.563	53.482	53.418	53.338	53.263	53.188	53.105	53.021	52.934	52.873	52.809	52.727	52.632	52.565	52.5	52.426	52.347	52.264	52.183	52.09	51.996	51.913	51.834	51.738	51.635	51.542	51.439	51.344	51.24	51.119	51.007	50.919	50.818	50.746	50.644	50.567	50.485	50.407	50.325	50.24	50.165	50.079	50.039	49.936	49.865	49.8	49.736	49.688	49.612	49.544	49.457	49.371	49.32	49.237	49.181	49.086	49.004	48.941	48.857	48.801	48.731	48.636	48.561	48.482	48.403	48.306	48.204	48.137	48.056	48.001
57.369	57.368	57.279	57.208	57.14	57.101	57.061	57.022	56.996	56.96	56.9	56.833	56.751	56.723	56.695	56.656	56.611	56.544	56.489	56.43	56.363	56.305	56.259	56.226	56.182	56.122	56.048	56.002	55.947	55.873	55.815	55.741	55.672	55.583	55.525	55.481	55.444	55.412	55.357	55.297	55.235	55.189	55.136	55.105	55.033	54.982	54.904	54.848	54.782	54.712	54.65	54.578	54.537	54.473	54.414	54.376	54.294	54.22	54.142	54.116	54.043	53.966	53.888	53.794	53.736	53.621	53.53	53.443	53.362	53.291	53.217	53.144	53.063	52.975	52.889	52.811	52.744	52.672	52.604	52.548	52.469	52.393	52.336	52.253	52.165	52.084	51.985	51.897	51.809	51.727	51.64	51.54	51.435	51.317	51.202	51.094	50.982	50.863	50.767	50.682	50.607	50.504	50.416	50.328	50.273	50.201	50.117	50.04	49.962	49.89	49.811	49.755	49.697	49.633	49.571	49.517	49.448	49.393	49.313	49.245	49.162	49.088	49.017	48.938	48.871	48.789	48.709	48.637	48.559	48.487	48.397	48.324	48.231	48.114	48.036	47.96	47.892
57.291	57.296	57.194	57.133	57.078	57.007	56.964	56.928	56.892	56.854	56.795	56.759	56.658	56.615	56.574	56.537	56.49	56.444	56.388	56.336	56.285	56.22	56.166	56.122	56.066	56.001	55.954	55.877	55.841	55.762	55.708	55.623	55.551	55.49	55.413	55.372	55.326	55.287	55.255	55.187	55.137	55.062	55.017	54.973	54.91	54.85	54.786	54.71	54.642	54.596	54.531	54.482	54.395	54.339	54.276	54.207	54.143	54.055	53.997	53.955	53.902	53.831	53.766	53.69	53.609	53.509	53.41	53.326	53.255	53.171	53.087	53.011	52.941	52.869	52.799	52.732	52.643	52.565	52.486	52.432	52.356	52.281	52.219	52.143	52.069	51.992	51.893	51.799	51.704	51.609	51.517	51.417	51.313	51.188	51.07	50.952	50.851	50.747	50.657	50.556	50.469	50.375	50.287	50.205	50.152	50.085	49.999	49.936	49.86	49.784	49.717	49.639	49.585	49.516	49.459	49.389	49.331	49.274	49.204	49.156	49.063	48.99	48.908	48.844	48.785	48.711	48.628	48.547	48.464	48.384	48.3	48.234	48.146	48.03	47.939	47.859	47.784
57.183	57.196	57.07	57.05	56.983	56.925	56.875	56.825	56.78	56.743	56.692	56.67	56.579	56.533	56.485	56.412	56.379	56.324	56.285	56.208	56.162	56.116	56.056	56.013	55.948	55.891	55.849	55.775	55.722	55.656	55.609	55.511	55.43	55.353	55.301	55.244	55.218	55.166	55.143	55.075	55.001	54.955	54.882	54.841	54.788	54.728	54.66	54.603	54.53	54.466	54.411	54.344	54.273	54.19	54.132	54.062	54.007	53.939	53.872	53.804	53.742	53.683	53.63	53.564	53.479	53.385	53.28	53.186	53.118	53.039	52.967	52.9	52.816	52.766	52.693	52.612	52.524	52.443	52.364	52.309	52.236	52.192	52.095	52.011	51.94	51.854	51.767	51.685	51.58	51.472	51.391	51.3	51.188	51.06	50.925	50.82	50.729	50.651	50.548	50.444	50.356	50.232	50.152	50.057	50.013	49.946	49.898	49.824	49.762	49.683	49.613	49.551	49.476	49.403	49.315	49.262	49.192	49.155	49.083	49.018	48.97	48.874	48.81	48.746	48.678	48.599	48.531	48.445	48.369	48.276	48.199	48.117	48.036	47.936	47.845	47.761	47.679
57.072	57.116	56.996	56.941	56.892	56.829	56.796	56.75	56.707	56.67	56.605	56.549	56.465	56.413	56.375	56.323	56.258	56.201	56.163	56.088	56.041	55.997	55.941	55.878	55.824	55.759	55.709	55.633	55.599	55.505	55.464	55.403	55.314	55.251	55.188	55.13	55.104	55.045	55.006	54.949	54.874	54.807	54.759	54.711	54.673	54.623	54.562	54.472	54.391	54.343	54.297	54.234	54.151	54.073	53.99	53.925	53.844	53.778	53.702	53.624	53.589	53.537	53.474	53.395	53.318	53.243	53.137	53.06	52.976	52.886	52.822	52.765	52.7	52.63	52.536	52.459	52.374	52.308	52.224	52.16	52.089	52.031	51.948	51.852	51.765	51.68	51.598	51.514	51.413	51.319	51.231	51.14	51.04	50.912	50.79	50.68	50.607	50.51	50.433	50.323	50.232	50.123	50.034	49.972	49.891	49.839	49.779	49.719	49.662	49.593	49.536	49.462	49.385	49.294	49.22	49.155	49.107	49.032	48.967	48.893	48.832	48.755	48.704	48.642	48.576	48.493	48.413	48.348	48.258	48.196	48.111	48.024	47.938	47.835	47.745	47.678	47.597
57.007	56.99	56.881	56.837	56.79	56.761	56.715	56.661	56.616	56.572	56.519	56.465	56.401	56.33	56.285	56.203	56.14	56.079	56.031	55.97	55.927	55.868	55.802	55.744	55.688	55.619	55.557	55.471	55.432	55.353	55.311	55.258	55.198	55.154	55.109	55.039	55	54.936	54.892	54.832	54.759	54.708	54.646	54.601	54.539	54.5	54.437	54.336	54.273	54.23	54.181	54.098	54.028	53.976	53.865	53.797	53.692	53.624	53.558	53.465	53.402	53.353	53.285	53.235	53.162	53.097	53.017	52.93	52.847	52.766	52.695	52.632	52.536	52.468	52.373	52.276	52.205	52.137	52.066	52	51.927	51.855	51.779	51.687	51.587	51.493	51.402	51.327	51.252	51.164	51.081	50.99	50.881	50.768	50.636	50.531	50.444	50.366	50.286	50.208	50.112	50.032	49.916	49.855	49.798	49.7	49.644	49.576	49.545	49.472	49.423	49.359	49.291	49.202	49.122	49.066	49.004	48.92	48.883	48.79	48.724	48.66	48.6	48.531	48.471	48.406	48.333	48.27	48.183	48.104	48.016	47.938	47.865	47.777	47.693	47.629	47.55
56.951	56.868	56.821	56.767	56.717	56.676	56.635	56.598	56.564	56.507	56.476	56.393	56.299	56.218	56.167	56.107	56.034	55.982	55.914	55.89	55.795	55.757	55.714	55.658	55.587	55.521	55.435	55.382	55.292	55.247	55.184	55.144	55.101	55.042	54.986	54.949	54.896	54.865	54.795	54.727	54.676	54.624	54.555	54.503	54.443	54.39	54.308	54.237	54.174	54.097	54.043	53.978	53.912	53.827	53.739	53.669	53.577	53.484	53.415	53.343	53.252	53.194	53.13	53.068	53.014	52.952	52.868	52.78	52.696	52.63	52.545	52.472	52.385	52.304	52.222	52.128	52.051	51.98	51.927	51.857	51.795	51.714	51.621	51.528	51.447	51.333	51.243	51.151	51.072	50.99	50.907	50.831	50.716	50.606	50.482	50.382	50.294	50.223	50.144	50.085	50.007	49.934	49.826	49.746	49.688	49.616	49.535	49.455	49.394	49.331	49.289	49.238	49.175	49.11	49.043	48.947	48.891	48.818	48.785	48.7	48.631	48.56	48.51	48.446	48.359	48.29	48.211	48.116	48.042	47.964	47.879	47.827	47.765	47.699	47.629	47.546	47.463
56.759	56.717	56.696	56.651	56.63	56.583	56.545	56.494	56.465	56.443	56.38	56.311	56.248	56.157	56.084	56.031	55.963	55.901	55.833	55.784	55.712	55.641	55.593	55.515	55.475	55.411	55.335	55.279	55.175	55.133	55.051	55.014	54.968	54.912	54.87	54.835	54.783	54.762	54.687	54.627	54.549	54.489	54.434	54.363	54.308	54.233	54.181	54.109	54.053	53.978	53.906	53.832	53.749	53.65	53.582	53.494	53.433	53.334	53.264	53.201	53.12	53.039	52.975	52.896	52.867	52.815	52.724	52.658	52.584	52.508	52.42	52.324	52.26	52.171	52.085	52.001	51.921	51.855	51.793	51.718	51.646	51.576	51.499	51.379	51.291	51.154	51.063	50.978	50.886	50.82	50.732	50.644	50.524	50.446	50.349	50.247	50.164	50.099	50.013	49.948	49.877	49.822	49.743	49.663	49.583	49.498	49.417	49.333	49.271	49.205	49.127	49.086	49.018	48.954	48.901	48.85	48.775	48.707	48.661	48.594	48.536	48.461	48.398	48.324	48.235	48.159	48.069	47.971	47.886	47.807	47.739	47.683	47.625	47.556	47.479	47.429	47.314
56.652	56.618	56.58	56.54	56.512	56.464	56.406	56.396	56.379	56.342	56.306	56.229	56.15	56.051	55.977	55.926	55.875	55.816	55.742	55.674	55.608	55.558	55.485	55.411	55.347	55.288	55.196	55.142	55.055	55.016	54.955	54.893	54.828	54.76	54.718	54.68	54.663	54.634	54.547	54.516	54.434	54.372	54.284	54.219	54.165	54.102	54.038	53.965	53.892	53.809	53.733	53.652	53.586	53.498	53.428	53.363	53.29	53.201	53.126	53.046	52.96	52.911	52.836	52.761	52.683	52.635	52.586	52.519	52.421	52.335	52.279	52.175	52.093	52.029	51.941	51.851	51.768	51.713	51.657	51.594	51.49	51.4	51.313	51.199	51.113	50.988	50.881	50.784	50.705	50.628	50.525	50.442	50.345	50.238	50.164	50.086	50.007	49.953	49.858	49.805	49.732	49.678	49.576	49.509	49.461	49.372	49.31	49.224	49.157	49.075	49.004	48.941	48.872	48.807	48.759	48.715	48.652	48.602	48.558	48.475	48.433	48.342	48.286	48.195	48.1	48.009	47.906	47.821	47.718	47.64	47.574	47.509	47.452	47.402	47.323	47.256	47.18
56.523	56.478	56.449	56.401	56.397	56.347	56.323	56.277	56.257	56.189	56.193	56.117	56.06	55.99	55.918	55.855	55.775	55.718	55.646	55.592	55.519	55.447	55.399	55.289	55.213	55.128	55.061	54.99	54.935	54.907	54.851	54.81	54.729	54.667	54.608	54.544	54.514	54.462	54.399	54.356	54.29	54.227	54.16	54.078	54.046	53.953	53.899	53.805	53.737	53.656	53.569	53.499	53.407	53.336	53.281	53.231	53.13	53.054	52.995	52.903	52.839	52.773	52.713	52.643	52.571	52.526	52.441	52.361	52.265	52.197	52.103	52.027	51.952	51.87	51.78	51.693	51.604	51.546	51.465	51.362	51.298	51.206	51.138	51.016	50.927	50.809	50.699	50.613	50.52	50.415	50.31	50.215	50.142	50.048	50.012	49.932	49.866	49.788	49.713	49.642	49.559	49.5	49.43	49.35	49.284	49.217	49.15	49.093	48.997	48.928	48.866	48.788	48.721	48.654	48.613	48.557	48.538	48.473	48.416	48.36	48.3	48.239	48.137	48.053	47.951	47.864	47.748	47.664	47.574	47.472	47.417	47.335	47.286	47.236	47.184	47.11	47.045
56.426	56.39	56.347	56.305	56.271	56.269	56.212	56.186	56.156	56.086	56.081	56.016	55.988	55.92	55.848	55.753	55.696	55.632	55.567	55.498	55.432	55.372	55.292	55.214	55.117	55.043	54.948	54.881	54.836	54.79	54.731	54.674	54.611	54.532	54.475	54.398	54.366	54.296	54.249	54.193	54.114	54.069	54.022	53.964	53.911	53.829	53.756	53.664	53.596	53.502	53.425	53.338	53.258	53.192	53.129	53.066	52.974	52.915	52.847	52.785	52.71	52.651	52.582	52.525	52.436	52.389	52.307	52.227	52.156	52.048	51.981	51.895	51.827	51.737	51.646	51.564	51.463	51.389	51.281	51.201	51.125	51.04	50.971	50.849	50.756	50.663	50.568	50.456	50.35	50.23	50.126	50.033	49.941	49.877	49.82	49.783	49.705	49.642	49.544	49.487	49.423	49.336	49.255	49.177	49.112	49.032	48.977	48.91	48.868	48.799	48.72	48.671	48.583	48.521	48.453	48.416	48.38	48.352	48.275	48.225	48.147	48.049	47.989	47.874	47.813	47.709	47.617	47.522	47.445	47.35	47.265	47.202	47.137	47.099	47.032	46.977	46.913
56.348	56.307	56.246	56.215	56.166	56.138	56.145	56.092	56.074	56.003	55.973	55.926	55.886	55.846	55.765	55.694	55.6	55.53	55.451	55.403	55.353	55.29	55.218	55.107	55.023	54.941	54.89	54.819	54.733	54.683	54.623	54.575	54.483	54.399	54.331	54.28	54.233	54.164	54.117	54.04	53.98	53.923	53.894	53.824	53.776	53.699	53.622	53.508	53.447	53.366	53.257	53.211	53.107	53.065	52.991	52.941	52.879	52.797	52.747	52.672	52.621	52.574	52.491	52.425	52.34	52.276	52.197	52.128	52.043	51.982	51.895	51.808	51.723	51.657	51.536	51.45	51.337	51.259	51.163	51.077	50.994	50.893	50.837	50.731	50.608	50.512	50.408	50.337	50.209	50.089	49.983	49.879	49.794	49.718	49.658	49.579	49.508	49.435	49.377	49.316	49.255	49.176	49.078	49.01	48.938	48.879	48.796	48.749	48.71	48.647	48.577	48.522	48.461	48.399	48.357	48.292	48.251	48.215	48.177	48.088	48.012	47.937	47.833	47.782	47.686	47.585	47.5	47.397	47.319	47.218	47.142	47.073	47.033	46.96	46.915	46.85	46.779
56.274	56.234	56.171	56.146	56.099	56.074	56.041	56.008	55.97	55.926	55.87	55.83	55.782	55.753	55.719	55.626	55.526	55.449	55.371	55.327	55.262	55.213	55.138	55.043	54.954	54.877	54.821	54.764	54.653	54.595	54.529	54.474	54.397	54.293	54.22	54.159	54.121	54.068	53.977	53.888	53.843	53.787	53.744	53.702	53.634	53.556	53.505	53.381	53.317	53.225	53.173	53.1	53.022	52.966	52.895	52.841	52.799	52.712	52.66	52.587	52.526	52.483	52.383	52.316	52.253	52.198	52.108	52.028	51.955	51.861	51.808	51.716	51.637	51.57	51.443	51.356	51.234	51.153	51.057	50.944	50.867	50.757	50.68	50.579	50.456	50.333	50.233	50.158	50.067	49.961	49.849	49.725	49.653	49.568	49.5	49.409	49.327	49.259	49.204	49.137	49.078	49.017	48.936	48.851	48.773	48.712	48.665	48.618	48.573	48.508	48.425	48.367	48.319	48.286	48.243	48.192	48.146	48.1	48.055	47.977	47.899	47.81	47.719	47.651	47.574	47.474	47.404	47.314	47.225	47.137	47.053	46.988	46.925	46.874	46.789	46.742	46.674
56.201	56.153	56.117	56.063	56.042	55.998	55.924	55.917	55.878	55.842	55.785	55.73	55.707	55.639	55.595	55.519	55.451	55.385	55.295	55.228	55.149	55.099	55.054	54.993	54.913	54.829	54.752	54.652	54.586	54.522	54.454	54.382	54.284	54.209	54.125	54.06	54.002	53.941	53.876	53.804	53.734	53.679	53.626	53.586	53.492	53.43	53.348	53.281	53.181	53.126	53.055	52.98	52.912	52.862	52.809	52.737	52.677	52.599	52.558	52.485	52.401	52.336	52.258	52.193	52.125	52.064	51.986	51.915	51.88	51.753	51.685	51.595	51.498	51.433	51.32	51.237	51.116	51.021	50.919	50.797	50.718	50.63	50.538	50.427	50.295	50.189	50.097	50.027	49.922	49.802	49.71	49.609	49.525	49.421	49.338	49.254	49.15	49.094	49.035	48.979	48.909	48.853	48.8	48.75	48.677	48.605	48.556	48.51	48.436	48.377	48.31	48.252	48.197	48.161	48.105	48.052	48.002	47.967	47.922	47.882	47.804	47.727	47.614	47.539	47.461	47.379	47.281	47.218	47.136	47.05	46.969	46.919	46.83	46.762	46.661	46.611	46.559
56.086	56.056	56.012	56.005	55.969	55.92	55.882	55.833	55.798	55.745	55.693	55.62	55.6	55.523	55.464	55.412	55.344	55.3	55.234	55.152	55.071	55.01	54.96	54.886	54.823	54.751	54.679	54.587	54.506	54.433	54.363	54.276	54.205	54.143	54.061	53.97	53.921	53.848	53.792	53.714	53.615	53.551	53.509	53.456	53.411	53.309	53.237	53.163	53.084	53.02	52.954	52.892	52.82	52.775	52.692	52.643	52.584	52.52	52.446	52.372	52.287	52.216	52.124	52.068	51.977	51.932	51.874	51.785	51.712	51.632	51.552	51.453	51.358	51.26	51.157	51.077	50.96	50.869	50.777	50.678	50.569	50.487	50.383	50.268	50.159	50.061	49.97	49.879	49.79	49.689	49.581	49.489	49.391	49.308	49.211	49.104	49.046	48.991	48.924	48.855	48.803	48.726	48.652	48.592	48.536	48.478	48.431	48.398	48.321	48.256	48.193	48.126	48.067	48.013	47.967	47.896	47.846	47.797	47.762	47.734	47.692	47.616	47.545	47.438	47.347	47.271	47.187	47.097	47.044	46.957	46.864	46.803	46.723	46.638	46.553	46.481	46.426
56.042	56.004	55.979	55.946	55.91	55.86	55.81	55.759	55.7	55.643	55.597	55.523	55.48	55.38	55.34	55.322	55.275	55.221	55.158	55.066	54.977	54.911	54.867	54.826	54.765	54.671	54.61	54.54	54.463	54.373	54.288	54.215	54.129	54.067	54	53.926	53.859	53.793	53.69	53.619	53.55	53.477	53.449	53.367	53.302	53.197	53.133	53.074	53.013	52.955	52.867	52.796	52.712	52.655	52.593	52.538	52.477	52.394	52.328	52.257	52.163	52.081	51.98	51.931	51.858	51.774	51.702	51.639	51.557	51.496	51.393	51.296	51.192	51.089	51.006	50.91	50.835	50.747	50.647	50.553	50.463	50.364	50.276	50.136	50.027	49.937	49.838	49.76	49.666	49.568	49.467	49.376	49.265	49.178	49.109	49.025	48.961	48.895	48.842	48.771	48.69	48.606	48.545	48.47	48.403	48.342	48.307	48.266	48.188	48.135	48.056	48.003	47.943	47.862	47.827	47.751	47.684	47.638	47.597	47.556	47.542	47.462	47.406	47.33	47.255	47.158	47.099	47.005	46.924	46.843	46.757	46.661	46.559	46.481	46.41	46.357	46.282
55.992	55.923	55.889	55.856	55.82	55.787	55.7	55.651	55.597	55.54	55.476	55.414	55.364	55.288	55.223	55.185	55.162	55.112	55.045	54.976	54.893	54.834	54.769	54.718	54.651	54.564	54.508	54.439	54.358	54.272	54.199	54.123	54.045	53.96	53.874	53.821	53.74	53.689	53.576	53.484	53.408	53.335	53.31	53.247	53.185	53.103	53.027	52.977	52.929	52.884	52.783	52.69	52.607	52.543	52.49	52.411	52.367	52.272	52.204	52.116	52.038	51.966	51.872	51.757	51.71	51.621	51.538	51.474	51.415	51.36	51.271	51.18	51.063	50.959	50.865	50.807	50.723	50.624	50.532	50.44	50.352	50.25	50.147	50.018	49.901	49.806	49.711	49.629	49.538	49.439	49.335	49.237	49.149	49.047	49.009	48.944	48.871	48.808	48.749	48.686	48.603	48.517	48.419	48.334	48.261	48.211	48.147	48.102	48.026	47.978	47.922	47.862	47.817	47.746	47.68	47.605	47.528	47.476	47.437	47.398	47.374	47.333	47.274	47.218	47.158	47.076	46.983	46.915	46.851	46.752	46.653	46.538	46.447	46.365	46.295	46.238	46.171
55.932	55.888	55.838	55.81	55.748	55.724	55.648	55.561	55.512	55.445	55.395	55.316	55.233	55.178	55.101	55.052	54.999	54.967	54.918	54.845	54.76	54.686	54.652	54.591	54.553	54.468	54.369	54.325	54.26	54.182	54.085	53.99	53.929	53.845	53.779	53.698	53.611	53.559	53.455	53.383	53.318	53.276	53.207	53.143	53.075	52.998	52.952	52.9	52.875	52.811	52.695	52.618	52.509	52.431	52.372	52.311	52.269	52.163	52.1	52.013	51.93	51.854	51.789	51.677	51.587	51.477	51.378	51.32	51.245	51.227	51.13	51.03	50.939	50.855	50.766	50.673	50.58	50.515	50.43	50.353	50.249	50.135	50.042	49.914	49.836	49.734	49.634	49.543	49.455	49.374	49.252	49.151	49.045	48.977	48.925	48.87	48.79	48.715	48.658	48.572	48.486	48.399	48.301	48.21	48.14	48.077	48.011	47.958	47.888	47.842	47.794	47.738	47.679	47.624	47.555	47.49	47.43	47.367	47.306	47.262	47.207	47.179	47.132	47.084	47.024	46.95	46.901	46.828	46.738	46.634	46.534	46.455	46.356	46.288	46.215	46.15	46.092
55.84	55.781	55.748	55.697	55.65	55.6	55.535	55.51	55.428	55.379	55.307	55.226	55.159	55.057	54.995	54.918	54.884	54.83	54.772	54.705	54.626	54.59	54.541	54.484	54.431	54.352	54.288	54.206	54.165	54.062	53.993	53.905	53.831	53.764	53.699	53.628	53.532	53.478	53.388	53.295	53.222	53.142	53.092	53.014	52.965	52.912	52.858	52.81	52.769	52.722	52.627	52.538	52.453	52.358	52.287	52.216	52.175	52.12	52.021	51.947	51.837	51.768	51.686	51.579	51.489	51.351	51.273	51.196	51.143	51.095	50.996	50.908	50.823	50.749	50.665	50.58	50.485	50.398	50.346	50.267	50.163	50.041	49.94	49.849	49.758	49.677	49.559	49.479	49.398	49.295	49.204	49.073	48.995	48.921	48.877	48.809	48.731	48.652	48.551	48.482	48.379	48.298	48.217	48.133	48.083	48.002	47.947	47.865	47.8	47.737	47.672	47.634	47.574	47.538	47.484	47.407	47.347	47.268	47.219	47.155	47.108	47.068	47.003	46.968	46.894	46.84	46.801	46.726	46.663	46.542	46.464	46.368	46.29	46.232	46.134	46.065	45.965
55.742	55.717	55.647	55.64	55.572	55.501	55.448	55.398	55.36	55.268	55.228	55.145	55.084	54.994	54.9	54.837	54.739	54.704	54.645	54.563	54.519	54.47	54.443	54.382	54.322	54.263	54.172	54.134	54.035	53.984	53.92	53.821	53.758	53.677	53.619	53.519	53.469	53.385	53.297	53.215	53.122	53.061	52.982	52.915	52.859	52.789	52.76	52.702	52.672	52.627	52.558	52.452	52.34	52.262	52.176	52.12	52.07	52.011	51.949	51.852	51.781	51.689	51.595	51.496	51.381	51.295	51.188	51.12	51.062	50.972	50.914	50.818	50.731	50.635	50.547	50.455	50.375	50.295	50.208	50.16	50.051	49.95	49.859	49.758	49.658	49.553	49.498	49.403	49.34	49.221	49.1	49.023	48.921	48.863	48.8	48.721	48.646	48.523	48.452	48.383	48.319	48.222	48.109	48.067	47.984	47.928	47.864	47.787	47.743	47.664	47.627	47.559	47.519	47.441	47.401	47.334	47.264	47.223	47.148	47.08	47.035	46.974	46.921	46.856	46.797	46.724	46.687	46.62	46.555	46.458	46.368	46.288	46.199	46.146	46.063	45.981	45.911
55.659	55.599	55.572	55.547	55.487	55.419	55.341	55.276	55.226	55.176	55.16	55.079	55.004	54.902	54.798	54.727	54.656	54.587	54.507	54.432	54.369	54.326	54.29	54.277	54.194	54.138	54.069	54.001	53.944	53.882	53.824	53.749	53.673	53.616	53.536	53.46	53.36	53.265	53.195	53.081	53.006	52.922	52.855	52.778	52.72	52.682	52.647	52.616	52.564	52.514	52.453	52.336	52.244	52.179	52.105	52.034	51.953	51.903	51.823	51.743	51.673	51.588	51.498	51.392	51.269	51.194	51.111	51.024	50.977	50.893	50.834	50.735	50.65	50.539	50.439	50.348	50.262	50.179	50.125	50.045	49.95	49.863	49.755	49.661	49.536	49.447	49.371	49.285	49.22	49.12	49.024	48.934	48.859	48.776	48.721	48.625	48.543	48.442	48.367	48.291	48.209	48.137	48.026	47.951	47.898	47.817	47.763	47.693	47.639	47.571	47.524	47.486	47.451	47.383	47.313	47.253	47.207	47.14	47.1	47.03	46.961	46.891	46.822	46.759	46.706	46.655	46.599	46.534	46.479	46.392	46.312	46.228	46.154	46.082	46.01	45.943	45.875
55.549	55.508	55.458	55.445	55.382	55.302	55.234	55.177	55.142	55.071	55.043	54.963	54.869	54.797	54.7	54.633	54.543	54.453	54.402	54.313	54.284	54.227	54.186	54.144	54.063	54.035	53.968	53.919	53.846	53.77	53.728	53.649	53.607	53.528	53.457	53.358	53.222	53.144	53.047	52.968	52.891	52.773	52.73	52.633	52.586	52.544	52.518	52.478	52.409	52.36	52.279	52.207	52.136	52.063	51.989	51.921	51.885	51.784	51.719	51.633	51.535	51.472	51.372	51.307	51.194	51.11	51.048	50.953	50.886	50.8	50.738	50.635	50.537	50.436	50.3	50.231	50.162	50.078	50.007	49.913	49.868	49.794	49.677	49.578	49.45	49.357	49.247	49.183	49.111	49.028	48.944	48.853	48.805	48.7	48.613	48.537	48.458	48.389	48.286	48.223	48.11	48.04	47.953	47.871	47.827	47.741	47.696	47.622	47.546	47.499	47.451	47.424	47.385	47.292	47.215	47.141	47.111	47.059	47.043	46.955	46.878	46.812	46.742	46.694	46.643	46.587	46.525	46.463	46.411	46.333	46.28	46.194	46.095	46.029	45.936	45.907	45.848
55.462	55.402	55.368	55.344	55.277	55.237	55.132	55.088	55.037	54.99	54.931	54.831	54.766	54.69	54.607	54.503	54.436	54.354	54.279	54.228	54.156	54.131	54.069	54.018	53.991	53.956	53.919	53.86	53.778	53.706	53.627	53.555	53.481	53.444	53.342	53.234	53.138	53.043	52.967	52.845	52.776	52.675	52.595	52.538	52.465	52.423	52.384	52.323	52.268	52.213	52.178	52.086	52	51.96	51.86	51.815	51.74	51.677	51.599	51.5	51.409	51.316	51.255	51.172	51.093	51.007	50.932	50.878	50.795	50.742	50.652	50.533	50.451	50.332	50.224	50.135	50.056	49.984	49.898	49.834	49.75	49.713	49.628	49.495	49.372	49.243	49.149	49.07	49.004	48.928	48.848	48.795	48.718	48.648	48.542	48.453	48.4	48.293	48.224	48.137	48.066	47.977	47.881	47.809	47.725	47.691	47.626	47.556	47.503	47.416	47.373	47.337	47.279	47.227	47.142	47.086	47.025	46.993	46.942	46.875	46.817	46.722	46.671	46.62	46.59	46.523	46.454	46.409	46.333	46.287	46.228	46.123	46.039	45.954	45.892	45.813	45.782
55.365	55.325	55.264	55.243	55.17	55.124	55.069	54.999	54.938	54.856	54.824	54.744	54.635	54.565	54.494	54.42	54.36	54.258	54.195	54.116	54.066	54.023	53.992	53.938	53.885	53.853	53.795	53.742	53.682	53.604	53.532	53.442	53.353	53.297	53.22	53.132	53.022	52.941	52.848	52.762	52.69	52.559	52.494	52.426	52.37	52.325	52.285	52.201	52.128	52.053	52.003	51.971	51.92	51.851	51.788	51.718	51.638	51.568	51.491	51.413	51.292	51.199	51.125	51.051	50.996	50.893	50.851	50.79	50.74	50.656	50.579	50.481	50.384	50.277	50.154	50.064	49.988	49.893	49.838	49.778	49.718	49.621	49.554	49.423	49.314	49.196	49.1	49.027	48.963	48.872	48.806	48.728	48.652	48.572	48.499	48.358	48.278	48.215	48.13	48.065	47.99	47.891	47.826	47.763	47.694	47.623	47.572	47.484	47.413	47.367	47.31	47.281	47.21	47.157	47.094	47.035	46.984	46.934	46.892	46.842	46.798	46.734	46.665	46.605	46.539	46.488	46.434	46.367	46.311	46.266	46.207	46.105	45.998	45.917	45.826	45.772	45.712
55.272	55.23	55.184	55.156	55.123	55.048	54.971	54.878	54.833	54.779	54.711	54.648	54.571	54.49	54.412	54.319	54.267	54.195	54.108	54.03	53.983	53.945	53.914	53.848	53.8	53.767	53.721	53.656	53.605	53.516	53.421	53.327	53.24	53.151	53.056	52.982	52.897	52.833	52.745	52.668	52.584	52.508	52.416	52.333	52.266	52.21	52.164	52.07	51.991	51.946	51.892	51.846	51.801	51.725	51.643	51.587	51.527	51.44	51.35	51.29	51.175	51.102	51.023	50.921	50.864	50.802	50.769	50.701	50.627	50.557	50.488	50.422	50.327	50.204	50.104	50.02	49.927	49.849	49.757	49.697	49.632	49.543	49.467	49.377	49.287	49.19	49.092	49.035	48.968	48.856	48.762	48.683	48.597	48.514	48.435	48.333	48.218	48.127	48.062	47.988	47.938	47.851	47.799	47.734	47.657	47.592	47.544	47.438	47.373	47.32	47.279	47.212	47.17	47.088	47.046	46.996	46.946	46.89	46.858	46.785	46.746	46.697	46.655	46.609	46.551	46.46	46.382	46.333	46.28	46.214	46.156	46.057	45.972	45.867	45.81	45.758	45.678
55.121	55.099	55.048	54.972	54.929	54.867	54.795	54.728	54.662	54.653	54.605	54.543	54.476	54.41	54.342	54.263	54.184	54.145	54.051	53.959	53.892	53.848	53.816	53.788	53.744	53.658	53.594	53.523	53.494	53.399	53.317	53.224	53.115	53.029	52.954	52.84	52.773	52.664	52.58	52.495	52.431	52.381	52.272	52.206	52.138	52.065	52.021	51.937	51.866	51.794	51.758	51.684	51.638	51.57	51.5	51.429	51.35	51.309	51.217	51.134	51.051	50.963	50.889	50.807	50.74	50.694	50.642	50.587	50.508	50.465	50.395	50.32	50.237	50.131	50.045	49.965	49.868	49.773	49.666	49.593	49.53	49.449	49.38	49.277	49.205	49.123	49.055	48.982	48.883	48.818	48.712	48.619	48.519	48.423	48.322	48.244	48.153	48.051	47.986	47.912	47.839	47.783	47.728	47.683	47.617	47.542	47.461	47.384	47.302	47.24	47.199	47.147	47.107	47.033	46.961	46.924	46.871	46.815	46.755	46.702	46.644	46.592	46.548	46.505	46.468	46.394	46.293	46.232	46.189	46.14	46.094	45.993	45.903	45.805	45.732	45.665	45.611
54.993	54.949	54.874	54.833	54.786	54.707	54.664	54.582	54.541	54.482	54.46	54.416	54.353	54.306	54.224	54.182	54.115	54.04	53.994	53.888	53.824	53.769	53.718	53.674	53.641	53.625	53.559	53.494	53.416	53.293	53.201	53.121	53.041	52.937	52.872	52.737	52.641	52.566	52.477	52.434	52.345	52.266	52.199	52.112	52.042	51.952	51.869	51.798	51.718	51.672	51.586	51.537	51.505	51.381	51.329	51.241	51.187	51.133	51.067	50.988	50.881	50.816	50.734	50.661	50.596	50.517	50.5	50.436	50.38	50.322	50.286	50.211	50.113	50.041	49.94	49.876	49.79	49.705	49.628	49.523	49.434	49.37	49.327	49.211	49.129	49.063	48.971	48.918	48.837	48.736	48.646	48.542	48.447	48.352	48.271	48.194	48.113	48.014	47.901	47.846	47.762	47.701	47.654	47.586	47.545	47.464	47.372	47.332	47.245	47.161	47.115	47.066	47.013	46.934	46.885	46.823	46.778	46.708	46.635	46.601	46.524	46.471	46.425	46.396	46.34	46.26	46.209	46.136	46.073	46.008	45.975	45.901	45.807	45.74	45.652	45.594	45.532
54.888	54.814	54.757	54.674	54.664	54.581	54.511	54.465	54.396	54.375	54.339	54.257	54.227	54.15	54.112	54.056	54.016	53.948	53.879	53.824	53.738	53.733	53.695	53.623	53.6	53.554	53.509	53.435	53.375	53.296	53.174	53.104	52.995	52.904	52.796	52.672	52.579	52.484	52.41	52.322	52.263	52.179	52.081	52.014	51.907	51.862	51.768	51.669	51.594	51.505	51.465	51.41	51.372	51.277	51.183	51.139	51.041	50.99	50.931	50.852	50.781	50.682	50.614	50.543	50.498	50.431	50.356	50.314	50.248	50.22	50.195	50.089	50.012	49.928	49.858	49.776	49.74	49.67	49.565	49.502	49.391	49.318	49.248	49.148	49.066	48.976	48.913	48.834	48.776	48.693	48.573	48.509	48.391	48.305	48.249	48.154	48.118	47.97	47.879	47.773	47.71	47.618	47.558	47.507	47.435	47.391	47.311	47.242	47.195	47.098	47.05	46.972	46.938	46.863	46.796	46.74	46.661	46.61	46.543	46.467	46.412	46.353	46.33	46.281	46.236	46.175	46.094	46.061	45.986	45.962	45.891	45.832	45.768	45.665	45.602	45.538	45.475
54.704	54.689	54.613	54.559	54.51	54.457	54.418	54.322	54.296	54.231	54.194	54.157	54.083	54.042	53.958	53.902	53.871	53.797	53.767	53.686	53.675	53.641	53.648	53.595	53.548	53.542	53.438	53.43	53.335	53.26	53.169	53.044	52.972	52.86	52.778	52.658	52.552	52.503	52.384	52.292	52.202	52.089	52.034	51.917	51.841	51.758	51.668	51.584	51.459	51.412	51.331	51.296	51.232	51.136	51.078	50.973	50.928	50.848	50.795	50.719	50.633	50.585	50.507	50.471	50.411	50.322	50.279	50.183	50.154	50.108	50.073	49.996	49.92	49.866	49.746	49.709	49.65	49.56	49.5	49.4	49.348	49.254	49.197	49.12	49.013	48.936	48.844	48.795	48.72	48.645	48.557	48.467	48.407	48.297	48.252	48.176	48.089	48.018	47.882	47.813	47.713	47.592	47.517	47.442	47.397	47.311	47.274	47.189	47.094	47.073	46.978	46.924	46.873	46.789	46.727	46.639	46.609	46.527	46.454	46.407	46.328	46.302	46.254	46.199	46.144	46.064	46.016	45.941	45.931	45.896	45.858	45.811	45.715	45.667	45.562	45.507	45.446
54.586	54.529	54.503	54.446	54.413	54.344	54.275	54.232	54.148	54.11	54.055	54.026	53.971	53.877	53.848	53.777	53.726	53.689	53.636	53.614	53.579	53.56	53.58	53.54	53.542	53.484	53.454	53.39	53.325	53.236	53.122	53.059	52.925	52.876	52.787	52.669	52.576	52.492	52.419	52.293	52.182	52.06	51.957	51.906	51.765	51.707	51.596	51.489	51.387	51.275	51.244	51.173	51.123	51.051	50.95	50.893	50.799	50.729	50.672	50.59	50.538	50.448	50.424	50.374	50.327	50.25	50.147	50.107	50.033	50.01	49.983	49.921	49.842	49.759	49.704	49.611	49.544	49.481	49.394	49.34	49.248	49.219	49.15	49.045	48.986	48.876	48.816	48.734	48.665	48.592	48.494	48.458	48.38	48.32	48.267	48.177	48.113	47.997	47.947	47.846	47.733	47.642	47.524	47.458	47.37	47.32	47.253	47.155	47.085	47.005	46.974	46.885	46.811	46.736	46.641	46.59	46.496	46.452	46.36	46.3	46.247	46.207	46.212	46.136	46.104	46.018	45.954	45.922	45.89	45.866	45.818	45.75	45.701	45.608	45.546	45.464	45.402
54.48	54.457	54.396	54.375	54.323	54.229	54.184	54.11	54.062	54	53.948	53.896	53.818	53.784	53.714	53.71	53.645	53.614	53.572	53.515	53.532	53.487	53.511	53.494	53.456	53.458	53.389	53.363	53.303	53.205	53.138	53.045	52.983	52.877	52.777	52.687	52.568	52.507	52.391	52.305	52.21	52.076	51.977	51.844	51.761	51.669	51.566	51.455	51.334	51.255	51.148	51.107	51.06	50.959	50.889	50.787	50.746	50.63	50.574	50.491	50.408	50.372	50.301	50.277	50.227	50.135	50.091	50	49.982	49.94	49.886	49.84	49.727	49.677	49.597	49.555	49.482	49.382	49.306	49.224	49.207	49.147	49.116	49.035	48.919	48.863	48.767	48.716	48.631	48.531	48.47	48.397	48.356	48.276	48.224	48.153	48.065	48.023	47.949	47.879	47.769	47.664	47.547	47.445	47.402	47.312	47.263	47.179	47.057	47.003	46.916	46.869	46.789	46.702	46.631	46.516	46.455	46.371	46.293	46.222	46.146	46.135	46.11	46.081	46.061	45.967	45.922	45.86	45.832	45.809	45.773	45.713	45.634	45.578	45.497	45.445	45.379
54.421	54.384	54.344	54.281	54.236	54.166	54.095	54.054	53.957	53.909	53.872	53.78	53.741	53.673	53.644	53.617	53.573	53.512	53.469	53.469	53.442	53.435	53.429	53.397	53.398	53.363	53.357	53.31	53.287	53.19	53.103	53.053	52.952	52.894	52.785	52.678	52.587	52.47	52.418	52.307	52.226	52.11	51.985	51.888	51.736	51.641	51.513	51.399	51.326	51.218	51.164	51.055	50.986	50.904	50.811	50.745	50.638	50.56	50.484	50.389	50.331	50.264	50.219	50.145	50.126	50.061	49.98	49.946	49.882	49.845	49.79	49.718	49.665	49.586	49.54	49.454	49.401	49.307	49.225	49.169	49.127	49.09	49.068	48.954	48.899	48.794	48.734	48.679	48.612	48.512	48.432	48.372	48.296	48.262	48.179	48.093	48.047	47.975	47.932	47.864	47.768	47.663	47.531	47.451	47.354	47.286	47.215	47.117	47.058	46.929	46.88	46.803	46.738	46.65	46.545	46.465	46.385	46.321	46.211	46.133	46.069	46.026	46.013	45.974	45.929	45.896	45.825	45.788	45.739	45.735	45.682	45.619	45.545	45.482	45.442	45.373	45.32
54.346	54.312	54.263	54.211	54.16	54.097	54.032	53.969	53.921	53.845	53.818	53.709	53.662	53.616	53.557	53.535	53.501	53.449	53.407	53.4	53.393	53.377	53.343	53.321	53.279	53.266	53.24	53.244	53.218	53.139	53.098	53.033	52.965	52.872	52.797	52.687	52.572	52.48	52.403	52.319	52.236	52.114	52	51.876	51.78	51.636	51.512	51.399	51.284	51.19	51.099	51.041	50.928	50.848	50.75	50.684	50.602	50.504	50.402	50.338	50.24	50.176	50.108	50.073	50.018	49.961	49.916	49.842	49.799	49.744	49.698	49.646	49.575	49.516	49.484	49.425	49.347	49.264	49.182	49.118	49.073	49.023	48.996	48.903	48.831	48.78	48.691	48.621	48.566	48.466	48.398	48.322	48.276	48.222	48.183	48.099	48.033	47.974	47.879	47.812	47.742	47.628	47.535	47.448	47.359	47.27	47.189	47.089	47.022	46.931	46.829	46.767	46.677	46.603	46.515	46.412	46.34	46.277	46.212	46.115	46.03	45.974	45.926	45.895	45.853	45.814	45.778	45.719	45.679	45.638	45.575	45.513	45.446	45.406	45.359	45.293	45.241
54.305	54.251	54.203	54.142	54.106	54.105	54.01	53.959	53.891	53.82	53.783	53.683	53.628	53.576	53.504	53.481	53.448	53.4	53.365	53.349	53.329	53.313	53.284	53.274	53.233	53.191	53.187	53.162	53.161	53.09	53.041	52.981	52.919	52.858	52.784	52.666	52.564	52.465	52.385	52.286	52.221	52.143	52.027	51.917	51.79	51.682	51.534	51.392	51.307	51.19	51.088	51.015	50.945	50.839	50.726	50.648	50.574	50.498	50.39	50.304	50.219	50.136	50.08	50.027	49.964	49.905	49.83	49.761	49.701	49.657	49.608	49.566	49.507	49.467	49.434	49.389	49.301	49.235	49.149	49.079	49.047	48.998	48.925	48.867	48.782	48.723	48.656	48.58	48.534	48.46	48.377	48.3	48.25	48.201	48.173	48.115	48.036	47.956	47.869	47.792	47.718	47.611	47.518	47.436	47.351	47.277	47.204	47.11	47.022	46.935	46.839	46.755	46.667	46.584	46.511	46.426	46.351	46.286	46.255	46.131	46.038	45.953	45.901	45.853	45.816	45.769	45.729	45.664	45.624	45.574	45.501	45.429	45.341	45.299	45.276	45.199	45.169
54.217	54.17	54.133	54.092	54.008	54.031	53.953	53.897	53.825	53.785	53.768	53.656	53.592	53.514	53.458	53.409	53.404	53.367	53.342	53.312	53.265	53.253	53.213	53.172	53.13	53.093	53.076	53.047	53.033	52.991	52.945	52.9	52.834	52.781	52.718	52.607	52.528	52.423	52.317	52.229	52.129	52.067	51.975	51.878	51.749	51.639	51.553	51.406	51.315	51.209	51.097	51.014	50.929	50.825	50.711	50.619	50.524	50.445	50.367	50.257	50.193	50.102	50.039	49.962	49.922	49.821	49.739	49.666	49.608	49.574	49.533	49.469	49.429	49.366	49.329	49.3	49.268	49.204	49.108	49.037	48.961	48.925	48.848	48.783	48.702	48.617	48.563	48.51	48.453	48.415	48.358	48.273	48.216	48.188	48.159	48.1	48.027	47.926	47.839	47.748	47.652	47.582	47.487	47.397	47.321	47.247	47.152	47.076	46.995	46.901	46.831	46.729	46.638	46.57	46.474	46.428	46.349	46.285	46.228	46.151	46.061	45.959	45.884	45.817	45.769	45.717	45.65	45.586	45.529	45.501	45.423	45.341	45.261	45.195	45.169	45.124	45.067
54.173	54.127	54.061	54.077	53.999	53.972	53.915	53.828	53.79	53.733	53.71	53.644	53.557	53.503	53.401	53.392	53.392	53.328	53.316	53.253	53.225	53.193	53.162	53.124	53.058	53.034	52.997	52.991	52.975	52.928	52.902	52.812	52.761	52.687	52.653	52.594	52.495	52.396	52.29	52.208	52.122	52.022	51.957	51.848	51.768	51.643	51.549	51.454	51.321	51.219	51.101	51.013	50.911	50.793	50.69	50.577	50.498	50.404	50.325	50.246	50.13	50.075	49.979	49.93	49.872	49.785	49.717	49.631	49.563	49.493	49.472	49.406	49.319	49.283	49.237	49.227	49.188	49.11	49.07	48.975	48.909	48.822	48.801	48.71	48.621	48.541	48.462	48.421	48.388	48.338	48.307	48.227	48.191	48.138	48.091	48.043	47.963	47.919	47.802	47.695	47.598	47.519	47.452	47.348	47.299	47.231	47.15	47.074	46.977	46.899	46.808	46.735	46.63	46.554	46.493	46.423	46.365	46.27	46.207	46.14	46.064	46.001	45.891	45.814	45.752	45.703	45.638	45.55	45.473	45.401	45.364	45.291	45.182	45.131	45.063	45.036	45.006
54.151	54.067	54.038	54.01	53.972	53.935	53.837	53.778	53.68	53.651	53.628	53.589	53.553	53.47	53.431	53.357	53.349	53.308	53.26	53.249	53.194	53.196	53.123	53.052	53.022	52.96	52.942	52.912	52.913	52.874	52.804	52.77	52.68	52.63	52.56	52.48	52.438	52.324	52.256	52.167	52.074	51.989	51.884	51.821	51.725	51.642	51.518	51.43	51.352	51.213	51.111	50.988	50.902	50.801	50.674	50.588	50.452	50.356	50.278	50.185	50.119	50.001	49.955	49.855	49.803	49.743	49.651	49.622	49.531	49.463	49.406	49.337	49.268	49.186	49.167	49.102	49.101	49.035	48.95	48.903	48.815	48.75	48.718	48.615	48.552	48.47	48.407	48.331	48.314	48.249	48.205	48.182	48.101	48.057	48.011	47.947	47.905	47.826	47.754	47.635	47.531	47.465	47.367	47.322	47.239	47.182	47.12	47.021	46.948	46.846	46.795	46.707	46.633	46.562	46.478	46.43	46.332	46.288	46.202	46.113	46.062	45.962	45.895	45.801	45.751	45.683	45.605	45.557	45.446	45.379	45.305	45.203	45.121	45.014	45.001	44.945	44.919
54.04	54.023	53.952	53.944	53.902	53.852	53.799	53.706	53.662	53.588	53.551	53.541	53.485	53.473	53.387	53.341	53.285	53.242	53.204	53.14	53.148	53.113	53.075	53.024	52.955	52.93	52.843	52.84	52.821	52.79	52.756	52.652	52.607	52.54	52.486	52.431	52.334	52.249	52.14	52.09	51.998	51.92	51.873	51.749	51.676	51.558	51.487	51.406	51.281	51.202	51.048	50.973	50.894	50.774	50.682	50.544	50.451	50.301	50.211	50.122	50.012	49.983	49.88	49.829	49.745	49.68	49.633	49.536	49.499	49.419	49.351	49.284	49.174	49.127	49.039	49.012	48.981	48.909	48.863	48.77	48.735	48.637	48.573	48.508	48.417	48.386	48.324	48.283	48.231	48.176	48.14	48.07	48.051	47.965	47.915	47.885	47.79	47.747	47.641	47.567	47.468	47.383	47.329	47.216	47.192	47.117	47.079	46.971	46.878	46.849	46.741	46.703	46.622	46.527	46.471	46.383	46.337	46.262	46.189	46.13	46.022	45.955	45.84	45.752	45.671	45.629	45.564	45.484	45.418	45.325	45.251	45.164	45.043	44.982	44.902	44.874	44.834
