63.697	63.701	63.712	63.69	63.697	63.667	63.651	63.637	63.631	63.645	63.659	63.634	63.618	63.572	63.536	63.519	63.501	63.488	63.479	63.456	63.41	63.435	63.442	63.453	63.446	63.437	63.454	63.449	63.465	63.461	63.471	63.469	63.437	63.405	63.364	63.346	63.324	63.305	63.298	63.263	63.252	63.234	63.272	63.268	63.273	63.277	63.312	63.312	63.322	63.327	63.325	63.334	63.311	63.302	63.279	63.286	63.256	63.256	63.229	63.215	63.207	63.185	63.158	63.136	63.1	63.064	63.042	63.006	62.986	62.971	62.931	62.931	62.912	62.914	62.885	62.844	62.8	62.783	62.786	62.768	62.759	62.705	62.671	62.642	62.625	62.592	62.57	62.557	62.54	62.528	62.549	62.57	62.574	62.572	62.565	62.552	62.536	62.524	62.478	62.463	62.455	62.451	62.436	62.407	62.417	62.442	62.45	62.469	62.464	62.488	62.481	62.476	62.465	62.487	62.513	62.514	62.527	62.528	62.535	62.502	62.494	62.482	62.463	62.434	62.415	62.423	62.425	62.439	62.438	62.421	62.42	62.44	62.442	62.455	62.463	62.45	62.454
63.662	63.677	63.664	63.639	63.641	63.61	63.569	63.571	63.582	63.599	63.604	63.599	63.573	63.528	63.499	63.461	63.457	63.455	63.436	63.4	63.367	63.376	63.373	63.378	63.392	63.378	63.4	63.389	63.395	63.369	63.397	63.364	63.35	63.315	63.288	63.265	63.217	63.206	63.166	63.158	63.134	63.133	63.15	63.158	63.156	63.185	63.21	63.217	63.224	63.248	63.237	63.193	63.181	63.164	63.171	63.146	63.13	63.124	63.102	63.086	63.048	63.037	63.016	62.99	62.981	62.93	62.909	62.881	62.865	62.819	62.783	62.778	62.759	62.749	62.706	62.686	62.658	62.641	62.627	62.6	62.569	62.521	62.498	62.468	62.466	62.457	62.428	62.41	62.385	62.397	62.407	62.43	62.437	62.423	62.432	62.413	62.401	62.381	62.355	62.336	62.319	62.296	62.263	62.205	62.226	62.217	62.243	62.26	62.246	62.269	62.23	62.235	62.224	62.244	62.263	62.263	62.287	62.295	62.285	62.269	62.257	62.236	62.224	62.211	62.207	62.224	62.226	62.234	62.211	62.215	62.218	62.209	62.215	62.22	62.226	62.193	62.209
63.63	63.631	63.576	63.59	63.598	63.578	63.557	63.547	63.559	63.58	63.586	63.573	63.526	63.5	63.462	63.422	63.408	63.413	63.396	63.368	63.344	63.321	63.302	63.299	63.312	63.321	63.319	63.3	63.302	63.29	63.283	63.267	63.234	63.213	63.187	63.173	63.117	63.113	63.089	63.073	63.043	63.026	63.05	63.064	63.063	63.089	63.135	63.128	63.147	63.151	63.126	63.081	63.069	63.069	63.066	63.027	63.03	63.018	62.994	62.963	62.927	62.886	62.88	62.862	62.841	62.802	62.773	62.754	62.719	62.679	62.635	62.624	62.617	62.578	62.561	62.514	62.492	62.479	62.471	62.444	62.385	62.369	62.344	62.322	62.289	62.284	62.26	62.251	62.238	62.247	62.249	62.281	62.288	62.267	62.274	62.275	62.255	62.214	62.194	62.173	62.146	62.129	62.099	62.061	62.048	62.067	62.067	62.071	62.078	62.092	62.057	62.064	62.033	62.033	62.047	62.05	62.061	62.065	62.067	62.057	62.038	62.012	62.001	62.003	62.029	62.045	62.036	62.019	62.01	62	61.995	61.993	61.97	61.966	61.971	61.988	62.009
63.569	63.589	63.57	63.577	63.552	63.528	63.518	63.518	63.533	63.531	63.526	63.498	63.47	63.431	63.386	63.371	63.368	63.352	63.34	63.335	63.306	63.295	63.27	63.258	63.238	63.232	63.232	63.198	63.189	63.176	63.186	63.158	63.134	63.094	63.073	63.08	63.061	63.043	63.015	62.975	62.967	62.959	62.96	62.961	62.976	63.014	63.035	63.035	63.031	63.02	62.981	62.966	62.962	62.934	62.934	62.937	62.92	62.916	62.884	62.86	62.803	62.771	62.764	62.751	62.687	62.686	62.659	62.618	62.565	62.524	62.486	62.463	62.459	62.419	62.411	62.371	62.344	62.318	62.302	62.277	62.246	62.223	62.213	62.173	62.158	62.149	62.119	62.111	62.093	62.077	62.106	62.126	62.09	62.09	62.098	62.088	62.093	62.05	62.006	61.972	61.982	61.96	61.95	61.923	61.903	61.906	61.889	61.885	61.888	61.89	61.885	61.9	61.855	61.869	61.874	61.854	61.891	61.879	61.87	61.874	61.874	61.853	61.828	61.824	61.841	61.84	61.825	61.83	61.812	61.777	61.772	61.771	61.764	61.767	61.775	61.775	61.793
63.549	63.542	63.498	63.507	63.515	63.512	63.495	63.465	63.478	63.487	63.501	63.436	63.446	63.4	63.371	63.35	63.318	63.308	63.285	63.266	63.25	63.243	63.212	63.174	63.175	63.157	63.131	63.112	63.145	63.117	63.101	63.067	63.035	63.008	63.002	63.007	62.976	62.972	62.956	62.938	62.93	62.908	62.883	62.87	62.896	62.906	62.925	62.933	62.909	62.892	62.886	62.862	62.855	62.844	62.835	62.837	62.812	62.82	62.808	62.752	62.724	62.684	62.651	62.656	62.577	62.587	62.525	62.486	62.435	62.383	62.337	62.307	62.302	62.293	62.248	62.222	62.208	62.188	62.164	62.143	62.114	62.09	62.087	62.04	62.015	61.999	61.989	61.981	61.966	61.963	61.983	61.981	61.955	61.967	61.943	61.91	61.891	61.858	61.835	61.809	61.796	61.773	61.777	61.762	61.737	61.734	61.717	61.704	61.698	61.719	61.703	61.683	61.659	61.656	61.67	61.678	61.69	61.677	61.695	61.675	61.67	61.65	61.656	61.658	61.651	61.661	61.655	61.648	61.602	61.585	61.589	61.596	61.588	61.581	61.591	61.591	61.582
63.526	63.545	63.526	63.524	63.507	63.475	63.445	63.439	63.449	63.436	63.419	63.37	63.391	63.343	63.314	63.29	63.276	63.262	63.24	63.24	63.198	63.184	63.164	63.142	63.137	63.11	63.082	63.065	63.028	63.011	63.021	63.003	62.984	62.958	62.933	62.928	62.915	62.927	62.908	62.865	62.839	62.823	62.8	62.802	62.82	62.832	62.845	62.826	62.801	62.805	62.802	62.788	62.753	62.741	62.721	62.701	62.709	62.672	62.653	62.636	62.61	62.591	62.534	62.506	62.45	62.416	62.367	62.324	62.271	62.229	62.192	62.173	62.153	62.112	62.093	62.074	62.046	62.035	62.015	62.001	61.983	61.972	61.961	61.937	61.897	61.89	61.886	61.869	61.86	61.873	61.851	61.864	61.845	61.814	61.791	61.781	61.749	61.715	61.696	61.655	61.63	61.604	61.6	61.595	61.578	61.576	61.551	61.564	61.536	61.542	61.539	61.509	61.495	61.494	61.504	61.514	61.515	61.514	61.525	61.51	61.495	61.462	61.467	61.468	61.461	61.458	61.466	61.476	61.46	61.454	61.434	61.418	61.412	61.397	61.392	61.367	61.348
63.444	63.443	63.434	63.424	63.447	63.412	63.408	63.403	63.366	63.344	63.336	63.341	63.326	63.264	63.238	63.238	63.23	63.212	63.179	63.184	63.123	63.132	63.111	63.081	63.057	63.034	63.028	62.99	62.984	62.99	62.953	62.888	62.875	62.842	62.819	62.828	62.816	62.81	62.793	62.778	62.788	62.733	62.697	62.71	62.731	62.723	62.722	62.68	62.689	62.672	62.674	62.666	62.649	62.628	62.589	62.576	62.564	62.54	62.521	62.494	62.455	62.439	62.38	62.36	62.288	62.244	62.213	62.164	62.129	62.097	62.069	62.026	61.994	61.961	61.958	61.925	61.922	61.904	61.9	61.87	61.854	61.826	61.829	61.789	61.764	61.736	61.726	61.717	61.715	61.712	61.701	61.695	61.654	61.645	61.662	61.634	61.58	61.537	61.493	61.465	61.461	61.427	61.418	61.408	61.399	61.389	61.385	61.377	61.357	61.355	61.336	61.329	61.316	61.31	61.311	61.302	61.307	61.305	61.302	61.32	61.299	61.285	61.261	61.256	61.248	61.244	61.272	61.285	61.267	61.252	61.227	61.236	61.213	61.171	61.162	61.143	61.13
63.404	63.438	63.408	63.395	63.372	63.336	63.327	63.324	63.309	63.318	63.308	63.299	63.254	63.219	63.206	63.203	63.202	63.187	63.151	63.147	63.095	63.061	63.032	63.008	62.996	62.971	62.97	62.957	62.942	62.915	62.856	62.808	62.777	62.759	62.734	62.728	62.692	62.7	62.708	62.668	62.678	62.653	62.635	62.63	62.626	62.606	62.598	62.579	62.547	62.536	62.537	62.53	62.525	62.496	62.478	62.464	62.44	62.432	62.401	62.362	62.318	62.271	62.239	62.199	62.148	62.096	62.078	62.045	61.986	61.955	61.935	61.914	61.899	61.853	61.831	61.815	61.803	61.766	61.75	61.728	61.711	61.667	61.678	61.642	61.626	61.611	61.59	61.565	61.567	61.548	61.548	61.538	61.502	61.51	61.499	61.464	61.405	61.352	61.317	61.307	61.296	61.281	61.274	61.27	61.274	61.26	61.237	61.207	61.194	61.2	61.155	61.154	61.123	61.126	61.127	61.1	61.109	61.106	61.089	61.093	61.077	61.082	61.079	61.075	61.091	61.097	61.07	61.085	61.069	61.064	61.069	61.048	61.026	61.008	60.984	60.959	60.949
63.354	63.383	63.326	63.32	63.288	63.253	63.279	63.287	63.287	63.306	63.298	63.295	63.247	63.202	63.171	63.153	63.157	63.131	63.122	63.072	63.007	62.976	62.963	62.939	62.904	62.888	62.895	62.89	62.876	62.835	62.784	62.711	62.682	62.68	62.657	62.642	62.62	62.612	62.589	62.583	62.595	62.578	62.536	62.515	62.487	62.515	62.476	62.46	62.425	62.42	62.408	62.411	62.407	62.361	62.348	62.34	62.308	62.284	62.253	62.23	62.179	62.134	62.106	62.065	62.037	61.99	61.938	61.888	61.863	61.844	61.816	61.791	61.767	61.738	61.709	61.673	61.656	61.63	61.606	61.596	61.567	61.548	61.523	61.516	61.504	61.471	61.451	61.425	61.403	61.385	61.376	61.388	61.359	61.338	61.324	61.277	61.233	61.199	61.184	61.17	61.159	61.129	61.118	61.139	61.125	61.095	61.055	61.032	61.028	61.016	60.967	60.941	60.92	60.919	60.915	60.917	60.924	60.926	60.896	60.887	60.877	60.902	60.894	60.894	60.916	60.882	60.872	60.843	60.864	60.858	60.856	60.848	60.834	60.819	60.795	60.745	60.751
63.278	63.302	63.274	63.283	63.24	63.217	63.242	63.246	63.243	63.25	63.244	63.22	63.183	63.158	63.116	63.1	63.079	63.053	63.031	62.946	62.913	62.866	62.863	62.833	62.815	62.81	62.825	62.811	62.811	62.772	62.707	62.645	62.634	62.619	62.576	62.563	62.551	62.534	62.522	62.53	62.538	62.489	62.425	62.4	62.367	62.381	62.353	62.322	62.287	62.283	62.274	62.272	62.244	62.21	62.2	62.19	62.152	62.14	62.12	62.092	62.062	62.03	62	61.951	61.92	61.873	61.839	61.796	61.752	61.736	61.716	61.7	61.662	61.647	61.597	61.576	61.541	61.521	61.498	61.463	61.438	61.424	61.398	61.404	61.383	61.355	61.329	61.28	61.241	61.219	61.21	61.207	61.185	61.143	61.124	61.076	61.05	61.04	61.024	61.014	61.013	60.984	60.982	60.982	60.98	60.946	60.898	60.889	60.889	60.862	60.827	60.794	60.767	60.751	60.742	60.742	60.744	60.732	60.746	60.715	60.714	60.727	60.737	60.716	60.706	60.682	60.677	60.651	60.639	60.65	60.667	60.668	60.645	60.609	60.586	60.55	60.56
63.251	63.27	63.243	63.233	63.217	63.187	63.191	63.194	63.198	63.206	63.185	63.16	63.142	63.125	63.081	63.039	63.02	62.985	62.959	62.884	62.841	62.776	62.772	62.752	62.736	62.744	62.75	62.755	62.742	62.717	62.654	62.615	62.597	62.552	62.512	62.487	62.474	62.482	62.468	62.455	62.451	62.392	62.339	62.315	62.283	62.275	62.254	62.198	62.179	62.168	62.159	62.131	62.119	62.099	62.081	62.047	62.029	62.014	61.973	61.959	61.951	61.911	61.866	61.847	61.826	61.774	61.752	61.703	61.669	61.651	61.63	61.587	61.544	61.524	61.474	61.448	61.437	61.412	61.387	61.351	61.328	61.315	61.319	61.311	61.271	61.238	61.193	61.157	61.11	61.087	61.041	61.031	61.002	60.99	60.967	60.919	60.921	60.919	60.897	60.885	60.896	60.866	60.859	60.845	60.826	60.822	60.782	60.752	60.752	60.717	60.7	60.66	60.645	60.621	60.626	60.624	60.591	60.588	60.587	60.586	60.591	60.58	60.568	60.54	60.503	60.483	60.457	60.447	60.429	60.446	60.47	60.473	60.453	60.408	60.4	60.377	60.385
63.223	63.228	63.183	63.17	63.168	63.146	63.139	63.146	63.143	63.135	63.124	63.108	63.082	63.072	63.034	62.98	62.958	62.92	62.89	62.822	62.784	62.727	62.723	62.709	62.684	62.69	62.674	62.7	62.67	62.665	62.627	62.58	62.539	62.482	62.44	62.428	62.443	62.445	62.438	62.417	62.412	62.341	62.283	62.262	62.232	62.208	62.18	62.104	62.091	62.084	62.053	62.031	62.023	62.005	61.984	61.96	61.942	61.913	61.9	61.865	61.842	61.789	61.747	61.738	61.705	61.662	61.638	61.581	61.554	61.538	61.507	61.473	61.437	61.408	61.373	61.343	61.324	61.312	61.282	61.26	61.252	61.212	61.226	61.187	61.148	61.121	61.071	61.027	61.002	60.962	60.912	60.884	60.861	60.844	60.83	60.804	60.814	60.816	60.802	60.794	60.779	60.737	60.727	60.696	60.683	60.658	60.633	60.589	60.602	60.579	60.573	60.551	60.528	60.505	60.485	60.491	60.463	60.473	60.461	60.457	60.45	60.431	60.399	60.369	60.351	60.346	60.287	60.279	60.25	60.238	60.24	60.249	60.236	60.215	60.194	60.181	60.187
63.225	63.201	63.152	63.179	63.152	63.153	63.148	63.103	63.084	63.089	63.078	63.045	63.019	62.969	62.942	62.897	62.861	62.827	62.812	62.792	62.732	62.699	62.686	62.661	62.652	62.649	62.661	62.676	62.624	62.628	62.57	62.538	62.49	62.455	62.411	62.377	62.396	62.398	62.395	62.386	62.345	62.297	62.242	62.218	62.208	62.156	62.111	62.059	62.044	62.015	61.978	61.967	61.944	61.923	61.889	61.885	61.869	61.824	61.8	61.77	61.725	61.676	61.643	61.641	61.615	61.572	61.528	61.483	61.456	61.418	61.377	61.363	61.307	61.284	61.277	61.241	61.234	61.203	61.175	61.156	61.148	61.109	61.094	61.032	61.003	60.98	60.949	60.912	60.873	60.834	60.803	60.753	60.734	60.721	60.7	60.671	60.648	60.654	60.669	60.662	60.631	60.614	60.574	60.589	60.565	60.54	60.48	60.455	60.432	60.412	60.431	60.422	60.389	60.362	60.328	60.287	60.314	60.304	60.293	60.281	60.272	60.254	60.224	60.182	60.138	60.123	60.067	60.084	60.055	60.036	60.038	60.016	59.998	59.976	59.993	59.983	59.982
63.221	63.205	63.151	63.118	63.135	63.128	63.133	63.122	63.065	63.084	63.041	63.002	62.981	62.926	62.88	62.832	62.811	62.809	62.765	62.712	62.68	62.666	62.629	62.624	62.605	62.607	62.606	62.624	62.596	62.58	62.502	62.504	62.437	62.369	62.332	62.323	62.368	62.365	62.357	62.312	62.279	62.263	62.235	62.191	62.16	62.141	62.104	62.041	61.991	61.956	61.935	61.919	61.881	61.869	61.838	61.822	61.793	61.772	61.718	61.669	61.648	61.605	61.582	61.539	61.511	61.46	61.407	61.392	61.355	61.303	61.268	61.237	61.223	61.186	61.181	61.167	61.146	61.118	61.088	61.059	61.041	60.987	60.966	60.917	60.881	60.838	60.809	60.77	60.726	60.709	60.671	60.648	60.617	60.613	60.594	60.574	60.543	60.525	60.518	60.524	60.498	60.498	60.465	60.46	60.435	60.389	60.352	60.315	60.31	60.287	60.248	60.218	60.197	60.172	60.141	60.116	60.091	60.094	60.092	60.077	60.092	60.064	60.03	59.967	59.933	59.912	59.88	59.875	59.841	59.818	59.792	59.799	59.793	59.798	59.804	59.789	59.796
63.243	63.221	63.162	63.144	63.136	63.106	63.088	63.089	63.056	63.03	63.007	62.95	62.909	62.87	62.835	62.79	62.755	62.714	62.72	62.691	62.652	62.622	62.6	62.582	62.582	62.563	62.571	62.572	62.516	62.489	62.454	62.433	62.375	62.326	62.312	62.314	62.307	62.311	62.281	62.254	62.27	62.248	62.198	62.186	62.152	62.115	62.062	62.01	61.956	61.916	61.882	61.831	61.819	61.827	61.794	61.756	61.722	61.707	61.634	61.605	61.562	61.491	61.454	61.426	61.405	61.35	61.328	61.311	61.285	61.237	61.197	61.163	61.142	61.134	61.109	61.067	61.006	60.963	60.923	60.909	60.902	60.857	60.808	60.75	60.723	60.706	60.67	60.643	60.608	60.588	60.536	60.526	60.485	60.482	60.451	60.42	60.389	60.357	60.356	60.396	60.372	60.356	60.339	60.341	60.308	60.287	60.224	60.182	60.154	60.119	60.097	60.066	60.025	59.97	59.943	59.917	59.89	59.892	59.902	59.887	59.873	59.856	59.822	59.784	59.778	59.738	59.728	59.678	59.646	59.628	59.644	59.634	59.612	59.62	59.616	59.592	59.602
63.252	63.221	63.174	63.133	63.083	63.066	63.038	63.032	62.998	62.982	62.943	62.901	62.858	62.834	62.765	62.741	62.718	62.686	62.677	62.628	62.596	62.542	62.516	62.506	62.5	62.493	62.477	62.488	62.48	62.459	62.413	62.366	62.327	62.285	62.249	62.252	62.257	62.257	62.238	62.195	62.192	62.168	62.131	62.108	62.067	62.045	62.009	61.959	61.893	61.832	61.797	61.761	61.745	61.732	61.712	61.709	61.663	61.63	61.588	61.538	61.474	61.432	61.393	61.36	61.334	61.312	61.298	61.251	61.238	61.191	61.137	61.11	61.08	61.059	61.014	60.946	60.903	60.847	60.81	60.774	60.75	60.7	60.687	60.635	60.594	60.565	60.542	60.491	60.443	60.436	60.405	60.376	60.339	60.338	60.323	60.268	60.224	60.188	60.198	60.206	60.235	60.234	60.202	60.163	60.14	60.093	60.038	60.04	60	59.934	59.909	59.873	59.821	59.778	59.748	59.745	59.719	59.731	59.703	59.7	59.659	59.663	59.624	59.577	59.56	59.539	59.524	59.49	59.448	59.418	59.431	59.431	59.42	59.44	59.43	59.412	59.394
63.269	63.223	63.189	63.149	63.096	63.047	63.024	63.003	62.98	62.935	62.899	62.865	62.83	62.791	62.745	62.722	62.694	62.657	62.631	62.571	62.559	62.49	62.469	62.452	62.441	62.452	62.462	62.456	62.438	62.397	62.383	62.325	62.286	62.237	62.215	62.23	62.203	62.164	62.17	62.147	62.119	62.081	62.038	62.015	61.99	61.98	61.918	61.869	61.806	61.774	61.73	61.7	61.674	61.653	61.665	61.631	61.588	61.563	61.526	61.473	61.442	61.38	61.337	61.295	61.29	61.22	61.21	61.155	61.121	61.101	61.066	61.055	61.008	60.958	60.897	60.831	60.779	60.723	60.67	60.661	60.657	60.597	60.578	60.515	60.471	60.434	60.419	60.379	60.346	60.322	60.3	60.278	60.246	60.194	60.157	60.113	60.078	60.063	60.065	60.067	60.096	60.067	60.024	59.998	59.966	59.915	59.876	59.838	59.794	59.751	59.701	59.672	59.658	59.632	59.599	59.587	59.564	59.571	59.533	59.5	59.459	59.428	59.39	59.361	59.345	59.333	59.296	59.272	59.243	59.216	59.213	59.197	59.203	59.224	59.196	59.195	59.187
63.262	63.228	63.164	63.15	63.095	63.039	63.004	62.999	62.982	62.955	62.912	62.892	62.841	62.817	62.757	62.719	62.679	62.632	62.613	62.58	62.537	62.496	62.447	62.42	62.407	62.414	62.435	62.416	62.397	62.358	62.333	62.29	62.25	62.228	62.217	62.196	62.167	62.141	62.098	62.06	62.033	61.994	61.97	61.94	61.923	61.887	61.831	61.764	61.7	61.681	61.668	61.642	61.614	61.6	61.598	61.559	61.513	61.459	61.433	61.41	61.382	61.331	61.281	61.238	61.198	61.109	61.091	61.042	61.011	61.003	60.993	60.956	60.914	60.877	60.794	60.722	60.665	60.603	60.566	60.555	60.534	60.5	60.451	60.392	60.338	60.314	60.283	60.272	60.247	60.203	60.19	60.169	60.133	60.063	60.031	59.974	59.938	59.915	59.908	59.915	59.949	59.889	59.871	59.83	59.789	59.75	59.688	59.669	59.616	59.581	59.539	59.526	59.5	59.463	59.453	59.442	59.409	59.399	59.336	59.301	59.251	59.196	59.174	59.149	59.133	59.096	59.089	59.069	59.021	58.979	58.967	58.972	58.971	58.971	58.973	58.984	58.974
63.249	63.215	63.16	63.133	63.078	63.052	63.038	63.021	62.98	62.961	62.927	62.89	62.873	62.836	62.777	62.72	62.693	62.659	62.624	62.598	62.555	62.527	62.479	62.43	62.4	62.389	62.4	62.383	62.337	62.321	62.28	62.258	62.259	62.223	62.21	62.183	62.132	62.109	62.067	62.032	61.982	61.937	61.9	61.859	61.817	61.788	61.756	61.67	61.596	61.565	61.554	61.555	61.519	61.498	61.491	61.471	61.435	61.399	61.368	61.309	61.289	61.259	61.219	61.147	61.095	61.05	60.988	60.973	60.953	60.92	60.875	60.842	60.775	60.753	60.671	60.622	60.567	60.513	60.488	60.458	60.443	60.387	60.32	60.288	60.236	60.229	60.197	60.176	60.152	60.11	60.069	60.058	59.98	59.916	59.864	59.823	59.784	59.754	59.736	59.731	59.73	59.707	59.676	59.645	59.626	59.575	59.524	59.475	59.43	59.389	59.38	59.336	59.31	59.299	59.299	59.274	59.229	59.203	59.161	59.113	59.077	59.017	58.978	58.923	58.894	58.872	58.85	58.814	58.798	58.787	58.766	58.765	58.762	58.77	58.762	58.741	58.747
63.265	63.209	63.18	63.144	63.091	63.057	63.033	63.013	62.975	62.948	62.936	62.913	62.887	62.843	62.795	62.751	62.703	62.683	62.646	62.639	62.573	62.531	62.47	62.424	62.4	62.374	62.383	62.371	62.308	62.286	62.244	62.231	62.229	62.203	62.188	62.144	62.111	62.069	62.055	62.009	61.968	61.907	61.837	61.777	61.722	61.684	61.638	61.583	61.509	61.474	61.459	61.446	61.434	61.419	61.424	61.377	61.345	61.329	61.282	61.237	61.2	61.171	61.121	61.067	61.011	60.973	60.915	60.893	60.876	60.816	60.768	60.713	60.652	60.617	60.57	60.537	60.482	60.443	60.391	60.357	60.352	60.298	60.253	60.208	60.157	60.135	60.122	60.086	60.056	60.03	59.961	59.939	59.836	59.763	59.691	59.678	59.64	59.605	59.555	59.544	59.519	59.512	59.474	59.474	59.459	59.415	59.347	59.296	59.247	59.202	59.184	59.151	59.171	59.167	59.132	59.088	59.037	59.005	58.981	58.931	58.866	58.816	58.784	58.725	58.673	58.634	58.625	58.599	58.598	58.589	58.577	58.544	58.522	58.51	58.501	58.51	58.512
63.278	63.225	63.184	63.13	63.095	63.065	63.013	63.001	62.978	62.955	62.946	62.916	62.91	62.878	62.823	62.794	62.729	62.692	62.652	62.645	62.573	62.513	62.467	62.426	62.387	62.379	62.358	62.36	62.327	62.304	62.256	62.236	62.214	62.203	62.155	62.114	62.065	62.033	62.021	61.97	61.917	61.885	61.8	61.733	61.679	61.615	61.585	61.509	61.454	61.423	61.42	61.4	61.38	61.361	61.321	61.281	61.255	61.229	61.194	61.145	61.137	61.114	61.061	61.01	60.945	60.896	60.827	60.799	60.744	60.707	60.631	60.57	60.523	60.483	60.477	60.43	60.388	60.362	60.311	60.285	60.265	60.222	60.194	60.111	60.094	60.083	60.057	59.99	59.947	59.928	59.867	59.828	59.74	59.68	59.607	59.538	59.49	59.454	59.411	59.375	59.359	59.337	59.314	59.314	59.279	59.238	59.178	59.112	59.07	59.02	58.999	58.986	58.994	58.987	58.963	58.919	58.857	58.832	58.822	58.764	58.717	58.646	58.591	58.539	58.516	58.471	58.444	58.424	58.408	58.398	58.381	58.353	58.296	58.281	58.264	58.288	58.295
63.276	63.228	63.16	63.126	63.119	63.083	63.036	63.018	62.995	62.966	62.964	62.925	62.929	62.877	62.831	62.803	62.76	62.72	62.666	62.616	62.566	62.496	62.458	62.427	62.389	62.376	62.358	62.357	62.353	62.322	62.28	62.22	62.206	62.167	62.099	62.057	62.039	61.995	61.954	61.916	61.891	61.818	61.758	61.699	61.647	61.59	61.558	61.491	61.438	61.404	61.405	61.364	61.317	61.287	61.243	61.211	61.163	61.132	61.121	61.082	61.061	61.025	60.984	60.938	60.848	60.805	60.762	60.699	60.646	60.578	60.51	60.428	60.414	60.371	60.344	60.314	60.284	60.249	60.212	60.184	60.16	60.103	60.099	60.024	60.017	59.963	59.916	59.883	59.84	59.802	59.744	59.693	59.604	59.541	59.45	59.378	59.332	59.281	59.226	59.215	59.171	59.177	59.15	59.152	59.103	59.074	59.033	58.955	58.914	58.852	58.813	58.803	58.789	58.779	58.775	58.762	58.691	58.641	58.607	58.576	58.531	58.492	58.437	58.394	58.363	58.322	58.276	58.245	58.229	58.211	58.173	58.129	58.078	58.062	58.066	58.07	58.054
63.255	63.208	63.162	63.148	63.107	63.064	63.032	63.03	63.001	62.974	62.958	62.898	62.893	62.869	62.841	62.828	62.788	62.744	62.685	62.62	62.576	62.508	62.46	62.435	62.411	62.38	62.353	62.341	62.348	62.321	62.285	62.232	62.17	62.101	62.053	62.025	61.971	61.918	61.911	61.866	61.817	61.766	61.716	61.672	61.614	61.57	61.506	61.452	61.427	61.392	61.356	61.303	61.256	61.212	61.168	61.119	61.069	61.053	61.038	61.01	60.985	60.96	60.92	60.858	60.79	60.743	60.653	60.603	60.552	60.489	60.43	60.375	60.339	60.286	60.244	60.23	60.21	60.167	60.137	60.097	60.069	59.992	59.964	59.911	59.875	59.848	59.811	59.752	59.687	59.638	59.582	59.552	59.468	59.374	59.309	59.221	59.159	59.101	59.044	59.039	58.994	58.988	58.961	58.963	58.94	58.902	58.847	58.782	58.741	58.685	58.678	58.663	58.633	58.595	58.584	58.546	58.487	58.459	58.401	58.375	58.35	58.318	58.297	58.263	58.217	58.187	58.147	58.089	58.049	58.011	57.991	57.944	57.864	57.82	57.815	57.783	57.813
63.3	63.267	63.168	63.151	63.123	63.081	63.037	63.018	63.002	62.944	62.891	62.898	62.884	62.843	62.799	62.768	62.763	62.735	62.698	62.649	62.564	62.522	62.461	62.436	62.415	62.375	62.361	62.367	62.336	62.294	62.233	62.17	62.136	62.066	62.006	61.96	61.92	61.884	61.834	61.778	61.752	61.735	61.683	61.623	61.581	61.548	61.506	61.438	61.376	61.336	61.303	61.271	61.216	61.148	61.099	61.049	61.024	61.013	60.994	60.966	60.927	60.885	60.846	60.786	60.729	60.673	60.583	60.516	60.468	60.425	60.371	60.303	60.231	60.185	60.146	60.159	60.111	60.082	60.033	59.996	59.977	59.898	59.843	59.81	59.769	59.747	59.683	59.595	59.535	59.497	59.427	59.385	59.312	59.233	59.137	59.073	58.996	58.922	58.878	58.86	58.818	58.786	58.766	58.743	58.709	58.684	58.659	58.644	58.602	58.543	58.529	58.489	58.489	58.423	58.384	58.365	58.324	58.275	58.218	58.196	58.178	58.148	58.126	58.099	58.062	58.009	57.964	57.94	57.875	57.841	57.764	57.688	57.654	57.604	57.568	57.539	57.544
63.195	63.222	63.174	63.153	63.115	63.057	63.031	63.012	62.97	62.944	62.891	62.872	62.822	62.803	62.763	62.712	62.701	62.665	62.637	62.614	62.542	62.489	62.449	62.428	62.408	62.384	62.362	62.328	62.301	62.258	62.201	62.153	62.114	62.06	61.977	61.912	61.885	61.865	61.816	61.774	61.715	61.674	61.642	61.583	61.544	61.483	61.444	61.403	61.352	61.329	61.285	61.223	61.187	61.139	61.094	61.014	60.982	60.963	60.929	60.898	60.87	60.817	60.748	60.673	60.619	60.566	60.509	60.458	60.427	60.378	60.295	60.204	60.131	60.114	60.07	60.085	60.026	59.985	59.96	59.931	59.886	59.824	59.744	59.699	59.65	59.573	59.506	59.448	59.383	59.313	59.261	59.222	59.151	59.088	59.019	58.955	58.874	58.809	58.761	58.729	58.664	58.605	58.588	58.552	58.515	58.488	58.48	58.454	58.446	58.402	58.344	58.319	58.282	58.227	58.184	58.16	58.117	58.082	58.003	57.95	57.919	57.903	57.884	57.869	57.833	57.781	57.732	57.714	57.647	57.598	57.496	57.427	57.38	57.367	57.33	57.306	57.295
63.236	63.239	63.168	63.157	63.129	63.074	63.034	63.004	62.964	62.918	62.861	62.818	62.791	62.751	62.697	62.662	62.639	62.618	62.598	62.533	62.492	62.435	62.399	62.378	62.351	62.333	62.301	62.286	62.274	62.204	62.173	62.131	62.075	62.002	61.927	61.881	61.867	61.858	61.794	61.735	61.68	61.664	61.609	61.567	61.498	61.459	61.406	61.364	61.331	61.315	61.244	61.203	61.157	61.101	61.039	60.982	60.945	60.873	60.842	60.811	60.765	60.723	60.651	60.544	60.531	60.455	60.427	60.383	60.353	60.313	60.193	60.128	60.048	60.039	59.984	59.94	59.913	59.885	59.845	59.815	59.788	59.735	59.653	59.602	59.534	59.459	59.373	59.287	59.22	59.145	59.11	59.049	58.999	58.927	58.887	58.827	58.758	58.686	58.643	58.553	58.503	58.461	58.438	58.402	58.368	58.346	58.307	58.272	58.26	58.209	58.161	58.133	58.108	58.058	58.012	57.973	57.908	57.87	57.789	57.754	57.718	57.698	57.683	57.661	57.615	57.553	57.491	57.443	57.366	57.327	57.269	57.233	57.174	57.154	57.123	57.096	57.071
63.23	63.203	63.17	63.129	63.113	63.057	63.014	62.972	62.957	62.897	62.817	62.75	62.732	62.697	62.657	62.631	62.632	62.597	62.571	62.502	62.459	62.4	62.36	62.345	62.312	62.261	62.244	62.221	62.194	62.136	62.109	62.079	62.021	61.948	61.895	61.841	61.826	61.824	61.763	61.712	61.681	61.63	61.582	61.517	61.451	61.408	61.351	61.307	61.266	61.24	61.165	61.104	61.061	61.012	60.987	60.924	60.864	60.797	60.775	60.73	60.668	60.617	60.538	60.469	60.429	60.352	60.309	60.281	60.242	60.188	60.118	60.051	59.988	59.962	59.905	59.853	59.824	59.787	59.744	59.716	59.664	59.609	59.553	59.479	59.416	59.352	59.259	59.152	59.079	59.008	58.956	58.902	58.884	58.821	58.765	58.68	58.602	58.561	58.482	58.395	58.337	58.299	58.252	58.229	58.185	58.154	58.133	58.103	58.078	58.025	57.983	57.96	57.918	57.904	57.856	57.795	57.773	57.723	57.655	57.6	57.538	57.505	57.473	57.439	57.377	57.324	57.259	57.194	57.151	57.113	57.086	57.032	56.97	56.914	56.897	56.867	56.828
63.256	63.211	63.157	63.111	63.091	63.071	62.994	62.963	62.924	62.872	62.809	62.744	62.715	62.664	62.618	62.617	62.586	62.539	62.515	62.476	62.41	62.382	62.337	62.331	62.28	62.219	62.19	62.148	62.113	62.081	62.066	62.033	61.982	61.903	61.858	61.819	61.776	61.764	61.735	61.679	61.64	61.592	61.532	61.485	61.429	61.361	61.313	61.245	61.217	61.162	61.079	61.015	60.964	60.934	60.914	60.87	60.823	60.782	60.72	60.647	60.579	60.519	60.452	60.389	60.328	60.258	60.216	60.165	60.13	60.092	60.033	59.977	59.922	59.877	59.807	59.747	59.718	59.67	59.65	59.619	59.567	59.491	59.427	59.362	59.297	59.233	59.148	59.064	58.959	58.888	58.847	58.827	58.776	58.729	58.641	58.56	58.486	58.413	58.3	58.235	58.143	58.098	58.059	58.035	57.974	57.938	57.909	57.871	57.855	57.831	57.781	57.769	57.726	57.681	57.64	57.607	57.574	57.535	57.488	57.423	57.346	57.287	57.227	57.196	57.148	57.09	57.049	57	56.955	56.926	56.877	56.833	56.744	56.696	56.679	56.638	56.603
63.278	63.22	63.188	63.135	63.08	63.033	62.977	62.945	62.916	62.859	62.807	62.739	62.709	62.67	62.615	62.563	62.549	62.523	62.494	62.439	62.37	62.33	62.304	62.265	62.227	62.154	62.121	62.078	62.064	62.038	62.001	61.985	61.93	61.887	61.826	61.783	61.75	61.714	61.687	61.628	61.591	61.525	61.457	61.424	61.367	61.341	61.288	61.207	61.153	61.076	61.001	60.944	60.893	60.85	60.831	60.818	60.766	60.713	60.624	60.548	60.48	60.431	60.361	60.282	60.235	60.165	60.123	60.07	60.035	59.998	59.954	59.91	59.861	59.79	59.726	59.671	59.593	59.547	59.531	59.509	59.475	59.414	59.331	59.259	59.156	59.076	59.011	58.934	58.858	58.805	58.75	58.716	58.663	58.612	58.553	58.45	58.374	58.271	58.185	58.094	58.002	57.928	57.881	57.798	57.757	57.725	57.699	57.688	57.674	57.649	57.59	57.547	57.483	57.46	57.404	57.381	57.373	57.323	57.27	57.201	57.153	57.068	56.981	56.954	56.92	56.888	56.844	56.814	56.773	56.747	56.679	56.609	56.552	56.505	56.483	56.428	56.402
63.265	63.248	63.196	63.169	63.102	63.061	62.98	62.923	62.891	62.852	62.801	62.739	62.703	62.664	62.608	62.571	62.547	62.504	62.443	62.4	62.347	62.302	62.233	62.198	62.156	62.113	62.065	62.017	62.005	61.999	61.958	61.916	61.862	61.809	61.77	61.736	61.705	61.669	61.618	61.58	61.548	61.485	61.394	61.361	61.334	61.281	61.239	61.177	61.09	61.006	60.929	60.885	60.84	60.785	60.765	60.778	60.703	60.642	60.558	60.456	60.399	60.333	60.264	60.206	60.152	60.102	60.027	60.013	59.954	59.896	59.867	59.844	59.797	59.736	59.685	59.584	59.506	59.464	59.444	59.409	59.385	59.327	59.253	59.145	59.071	58.997	58.933	58.863	58.801	58.741	58.684	58.636	58.596	58.524	58.44	58.371	58.296	58.2	58.112	58.004	57.908	57.833	57.759	57.667	57.592	57.553	57.517	57.503	57.473	57.47	57.397	57.322	57.267	57.221	57.163	57.146	57.138	57.09	57.039	56.988	56.938	56.881	56.808	56.774	56.722	56.677	56.652	56.648	56.616	56.584	56.483	56.426	56.374	56.336	56.301	56.251	56.232
63.252	63.293	63.208	63.171	63.117	63.074	63.022	62.946	62.876	62.832	62.805	62.735	62.71	62.665	62.599	62.566	62.516	62.509	62.426	62.381	62.313	62.272	62.188	62.129	62.099	62.075	62.063	62.011	61.985	61.982	61.936	61.891	61.798	61.724	61.695	61.667	61.662	61.619	61.574	61.519	61.497	61.426	61.374	61.334	61.293	61.261	61.188	61.118	61.033	60.958	60.893	60.836	60.777	60.749	60.713	60.694	60.63	60.565	60.496	60.415	60.322	60.242	60.18	60.136	60.086	60.056	59.99	59.957	59.883	59.821	59.782	59.762	59.706	59.661	59.602	59.511	59.44	59.4	59.34	59.319	59.275	59.233	59.177	59.071	59.006	58.929	58.868	58.798	58.742	58.692	58.647	58.594	58.535	58.429	58.385	58.318	58.225	58.117	58.009	57.901	57.814	57.736	57.629	57.565	57.478	57.385	57.345	57.329	57.331	57.288	57.2	57.146	57.099	57.044	56.986	56.961	56.924	56.885	56.841	56.783	56.727	56.69	56.632	56.565	56.524	56.497	56.479	56.457	56.436	56.38	56.336	56.28	56.21	56.165	56.12	56.084	56.025
63.277	63.302	63.234	63.199	63.131	63.095	63.034	62.96	62.893	62.838	62.801	62.733	62.695	62.621	62.554	62.528	62.504	62.473	62.402	62.351	62.267	62.216	62.144	62.096	62.069	62.052	62.026	62.014	61.983	61.941	61.877	61.824	61.738	61.675	61.644	61.624	61.632	61.57	61.498	61.44	61.422	61.4	61.337	61.29	61.251	61.195	61.133	61.038	60.978	60.917	60.87	60.802	60.763	60.715	60.651	60.617	60.563	60.502	60.425	60.365	60.297	60.203	60.143	60.091	60.051	60.009	59.94	59.864	59.815	59.765	59.723	59.669	59.64	59.541	59.513	59.458	59.397	59.319	59.265	59.21	59.173	59.125	59.087	59.004	58.943	58.88	58.8	58.729	58.67	58.631	58.577	58.551	58.459	58.376	58.297	58.221	58.126	58.021	57.926	57.835	57.743	57.602	57.528	57.441	57.35	57.283	57.233	57.181	57.126	57.08	57.025	56.989	56.932	56.889	56.821	56.767	56.747	56.709	56.703	56.609	56.554	56.488	56.425	56.37	56.329	56.304	56.283	56.271	56.254	56.237	56.217	56.157	56.086	56.037	55.99	55.946	55.905
63.377	63.326	63.298	63.23	63.134	63.101	63.052	62.999	62.95	62.839	62.809	62.694	62.645	62.589	62.545	62.506	62.476	62.417	62.351	62.3	62.218	62.186	62.11	62.055	62.036	62.043	62.035	61.995	61.932	61.884	61.814	61.782	61.688	61.636	61.598	61.564	61.588	61.557	61.499	61.397	61.353	61.282	61.24	61.222	61.193	61.131	61.054	60.946	60.92	60.858	60.813	60.756	60.709	60.659	60.616	60.568	60.485	60.452	60.39	60.327	60.241	60.161	60.115	60.035	60.038	59.948	59.864	59.805	59.743	59.705	59.655	59.62	59.55	59.484	59.434	59.39	59.308	59.252	59.213	59.141	59.095	59.05	58.987	58.964	58.901	58.846	58.782	58.679	58.574	58.544	58.479	58.438	58.367	58.276	58.203	58.115	58.022	57.942	57.847	57.751	57.637	57.499	57.392	57.313	57.229	57.179	57.092	57.05	57.018	56.974	56.911	56.833	56.811	56.764	56.728	56.64	56.584	56.548	56.513	56.434	56.382	56.315	56.249	56.196	56.148	56.113	56.117	56.118	56.095	56.109	56.079	56.018	55.975	55.937	55.863	55.826	55.797
63.324	63.305	63.286	63.241	63.185	63.117	63.081	63.008	62.95	62.837	62.793	62.709	62.667	62.592	62.529	62.481	62.426	62.368	62.318	62.236	62.186	62.131	62.099	62.034	61.993	61.983	61.963	61.964	61.898	61.828	61.74	61.702	61.636	61.605	61.599	61.58	61.569	61.498	61.407	61.343	61.279	61.206	61.154	61.126	61.092	61.009	60.953	60.884	60.822	60.78	60.735	60.695	60.656	60.604	60.531	60.483	60.457	60.384	60.311	60.255	60.163	60.103	60.04	59.97	59.962	59.888	59.789	59.734	59.673	59.636	59.578	59.526	59.466	59.43	59.349	59.315	59.282	59.197	59.141	59.07	58.996	58.958	58.876	58.861	58.788	58.749	58.675	58.578	58.488	58.441	58.381	58.305	58.219	58.132	58.06	57.974	57.904	57.82	57.709	57.608	57.515	57.395	57.28	57.169	57.075	56.991	56.931	56.904	56.874	56.845	56.763	56.695	56.646	56.607	56.527	56.448	56.387	56.336	56.285	56.236	56.144	56.137	56.085	56.006	55.941	55.951	55.981	55.974	55.965	55.957	55.93	55.903	55.846	55.764	55.728	55.65	55.64
63.356	63.33	63.278	63.274	63.191	63.116	63.058	63.02	62.969	62.886	62.81	62.698	62.627	62.551	62.524	62.475	62.408	62.361	62.287	62.205	62.172	62.132	62.087	62.052	62.003	61.97	61.955	61.925	61.85	61.774	61.697	61.664	61.618	61.585	61.571	61.561	61.505	61.449	61.366	61.295	61.191	61.136	61.07	61.028	60.989	60.953	60.854	60.781	60.736	60.691	60.644	60.616	60.577	60.529	60.473	60.438	60.347	60.276	60.208	60.146	60.093	60.029	59.992	59.957	59.888	59.811	59.729	59.636	59.609	59.561	59.477	59.408	59.351	59.313	59.261	59.234	59.172	59.105	59.063	59.003	58.917	58.864	58.795	58.746	58.685	58.622	58.551	58.475	58.381	58.315	58.258	58.168	58.086	57.979	57.901	57.836	57.757	57.686	57.589	57.501	57.389	57.27	57.173	57.026	56.915	56.846	56.79	56.739	56.703	56.654	56.578	56.54	56.459	56.39	56.325	56.26	56.216	56.135	56.104	56.033	55.973	55.969	55.908	55.832	55.788	55.781	55.827	55.837	55.847	55.838	55.78	55.73	55.655	55.616	55.564	55.489	55.459
63.334	63.346	63.26	63.242	63.211	63.133	63.078	63.006	62.939	62.887	62.806	62.719	62.623	62.565	62.54	62.495	62.412	62.343	62.286	62.23	62.156	62.109	62.082	62.032	61.967	61.942	61.89	61.877	61.82	61.769	61.691	61.625	61.617	61.585	61.556	61.53	61.488	61.423	61.323	61.24	61.158	61.089	61.053	60.989	60.934	60.907	60.824	60.759	60.71	60.623	60.567	60.549	60.515	60.466	60.399	60.354	60.265	60.219	60.154	60.09	60.038	59.998	59.943	59.902	59.836	59.743	59.678	59.603	59.54	59.466	59.4	59.331	59.266	59.194	59.15	59.095	59.04	58.984	58.96	58.909	58.854	58.782	58.7	58.623	58.562	58.503	58.438	58.372	58.286	58.174	58.086	57.997	57.906	57.826	57.75	57.683	57.613	57.511	57.457	57.358	57.267	57.147	57.045	56.932	56.83	56.781	56.668	56.591	56.516	56.479	56.406	56.37	56.301	56.227	56.179	56.101	56.064	56.033	55.945	55.923	55.849	55.859	55.815	55.772	55.709	55.697	55.709	55.726	55.675	55.685	55.649	55.595	55.549	55.476	55.401	55.331	55.289
63.305	63.355	63.269	63.226	63.18	63.125	63.082	62.997	62.945	62.868	62.801	62.715	62.609	62.561	62.53	62.462	62.404	62.337	62.3	62.233	62.154	62.091	62.05	61.979	61.917	61.88	61.862	61.85	61.8	61.739	61.692	61.63	61.594	61.572	61.523	61.492	61.447	61.387	61.287	61.214	61.124	61.089	61.038	60.982	60.929	60.873	60.801	60.731	60.676	60.598	60.519	60.476	60.443	60.409	60.342	60.304	60.221	60.146	60.075	60.022	59.969	59.923	59.853	59.805	59.768	59.682	59.61	59.535	59.451	59.381	59.321	59.232	59.142	59.088	59.023	58.951	58.894	58.855	58.823	58.803	58.77	58.703	58.627	58.534	58.465	58.399	58.333	58.259	58.166	58.073	57.973	57.891	57.79	57.686	57.609	57.544	57.441	57.377	57.308	57.232	57.155	57.056	56.965	56.845	56.783	56.687	56.566	56.483	56.401	56.354	56.278	56.231	56.144	56.08	56.012	55.995	55.947	55.931	55.856	55.819	55.76	55.736	55.707	55.659	55.658	55.634	55.626	55.621	55.593	55.597	55.515	55.473	55.423	55.358	55.274	55.204	55.161
63.283	63.345	63.242	63.231	63.161	63.086	63.041	62.969	62.891	62.83	62.768	62.684	62.576	62.531	62.495	62.443	62.397	62.34	62.291	62.228	62.148	62.071	62.018	61.957	61.87	61.826	61.812	61.798	61.758	61.701	61.651	61.591	61.534	61.528	61.479	61.466	61.436	61.35	61.287	61.204	61.099	61.035	61.013	60.95	60.908	60.854	60.778	60.719	60.641	60.57	60.497	60.442	60.39	60.346	60.311	60.229	60.167	60.079	59.99	59.936	59.887	59.811	59.752	59.721	59.689	59.621	59.526	59.441	59.375	59.306	59.243	59.145	59.055	58.985	58.91	58.828	58.782	58.73	58.697	58.667	58.647	58.583	58.544	58.487	58.424	58.338	58.261	58.159	58.066	57.966	57.891	57.773	57.685	57.594	57.517	57.425	57.35	57.271	57.197	57.122	57.026	56.955	56.872	56.777	56.698	56.623	56.483	56.359	56.245	56.214	56.132	56.063	56.02	55.97	55.942	55.885	55.855	55.828	55.745	55.717	55.653	55.602	55.557	55.537	55.517	55.495	55.515	55.507	55.464	55.41	55.383	55.337	55.28	55.207	55.143	55.06	54.99
63.215	63.281	63.171	63.157	63.11	63.076	63.013	62.927	62.827	62.788	62.723	62.621	62.552	62.514	62.447	62.397	62.358	62.308	62.27	62.21	62.134	62.039	61.971	61.903	61.836	61.771	61.763	61.713	61.686	61.643	61.581	61.509	61.478	61.459	61.426	61.399	61.384	61.303	61.242	61.168	61.092	61.021	60.998	60.953	60.887	60.833	60.78	60.71	60.632	60.556	60.46	60.381	60.313	60.267	60.235	60.159	60.065	59.971	59.896	59.858	59.777	59.717	59.695	59.663	59.608	59.549	59.449	59.377	59.316	59.263	59.183	59.1	58.997	58.923	58.858	58.764	58.71	58.633	58.576	58.549	58.5	58.486	58.468	58.414	58.358	58.244	58.14	58.069	57.975	57.889	57.79	57.686	57.572	57.51	57.418	57.355	57.235	57.14	57.067	57.005	56.939	56.847	56.78	56.681	56.611	56.501	56.376	56.222	56.091	56.018	55.969	55.909	55.855	55.81	55.825	55.795	55.726	55.69	55.631	55.585	55.571	55.499	55.451	55.396	55.371	55.362	55.355	55.339	55.3	55.284	55.239	55.189	55.141	55.082	55.023	54.957	54.881
63.124	63.221	63.112	63.097	63.094	63.04	62.968	62.882	62.825	62.753	62.684	62.612	62.537	62.5	62.464	62.388	62.334	62.268	62.241	62.155	62.113	62.014	61.94	61.888	61.815	61.781	61.747	61.687	61.64	61.557	61.497	61.458	61.421	61.423	61.372	61.308	61.293	61.243	61.188	61.131	61.082	61.02	60.983	60.943	60.876	60.826	60.768	60.686	60.586	60.525	60.429	60.324	60.256	60.187	60.135	60.078	59.966	59.879	59.8	59.736	59.71	59.672	59.65	59.589	59.527	59.478	59.382	59.315	59.264	59.214	59.12	59.027	58.945	58.86	58.798	58.714	58.669	58.586	58.516	58.478	58.43	58.37	58.345	58.315	58.275	58.19	58.066	57.956	57.854	57.773	57.673	57.59	57.5	57.411	57.306	57.23	57.147	57.032	56.959	56.86	56.765	56.696	56.65	56.554	56.449	56.362	56.217	56.097	55.976	55.871	55.815	55.76	55.73	55.691	55.664	55.64	55.598	55.55	55.5	55.465	55.414	55.37	55.319	55.272	55.222	55.2	55.172	55.165	55.129	55.107	55.096	55.037	55.029	54.94	54.855	54.788	54.733
63.165	63.152	63.085	63.081	63.048	63.012	62.936	62.844	62.776	62.72	62.674	62.592	62.545	62.485	62.423	62.358	62.321	62.272	62.22	62.161	62.103	61.986	61.918	61.852	61.815	61.787	61.709	61.646	61.591	61.506	61.438	61.385	61.337	61.344	61.328	61.281	61.212	61.179	61.148	61.108	61.075	61.006	60.955	60.913	60.859	60.8	60.701	60.608	60.555	60.475	60.375	60.285	60.21	60.149	60.047	59.972	59.892	59.814	59.724	59.67	59.648	59.592	59.549	59.526	59.453	59.369	59.323	59.266	59.211	59.156	59.074	58.968	58.871	58.797	58.727	58.667	58.619	58.527	58.441	58.39	58.326	58.263	58.243	58.194	58.148	58.077	57.975	57.88	57.791	57.698	57.612	57.539	57.433	57.317	57.188	57.11	57.019	56.929	56.858	56.738	56.652	56.594	56.491	56.408	56.292	56.2	56.084	55.976	55.901	55.819	55.762	55.673	55.612	55.578	55.565	55.51	55.461	55.379	55.339	55.283	55.25	55.252	55.208	55.156	55.107	55.075	55.006	54.992	54.953	54.948	54.9	54.855	54.793	54.753	54.668	54.615	54.551
63.179	63.144	63.087	63.064	63.009	62.954	62.913	62.83	62.742	62.704	62.683	62.565	62.474	62.419	62.365	62.32	62.284	62.207	62.173	62.13	62.032	61.967	61.934	61.859	61.792	61.739	61.667	61.644	61.555	61.482	61.406	61.335	61.293	61.247	61.238	61.21	61.158	61.161	61.118	61.086	61.044	60.978	60.934	60.877	60.8	60.724	60.652	60.556	60.49	60.4	60.349	60.28	60.192	60.077	59.974	59.915	59.842	59.752	59.645	59.598	59.56	59.527	59.519	59.455	59.39	59.318	59.262	59.203	59.137	59.084	58.994	58.918	58.848	58.726	58.679	58.599	58.519	58.456	58.392	58.336	58.279	58.208	58.165	58.092	58.042	57.981	57.903	57.815	57.738	57.644	57.538	57.459	57.334	57.229	57.096	57.025	56.935	56.854	56.767	56.649	56.556	56.487	56.36	56.246	56.121	56.032	55.947	55.871	55.806	55.753	55.685	55.598	55.563	55.529	55.511	55.446	55.379	55.257	55.216	55.152	55.129	55.085	55.062	55.012	55.008	54.943	54.881	54.812	54.772	54.72	54.688	54.623	54.567	54.499	54.485	54.436	54.364
63.079	63.038	63.018	62.996	62.968	62.909	62.851	62.789	62.718	62.648	62.598	62.512	62.443	62.355	62.282	62.237	62.177	62.121	62.105	62.052	61.978	61.901	61.837	61.769	61.725	61.688	61.621	61.596	61.492	61.446	61.38	61.296	61.253	61.225	61.17	61.128	61.069	61.052	61.005	60.968	60.923	60.868	60.856	60.815	60.763	60.673	60.625	60.529	60.458	60.414	60.339	60.233	60.119	59.976	59.918	59.843	59.772	59.668	59.584	59.508	59.448	59.447	59.417	59.376	59.342	59.244	59.168	59.145	59.085	59.006	58.905	58.831	58.78	58.662	58.576	58.499	58.418	58.368	58.305	58.238	58.193	58.127	58.081	58.021	57.957	57.864	57.807	57.731	57.655	57.579	57.488	57.409	57.281	57.163	57.03	56.922	56.86	56.781	56.667	56.557	56.444	56.343	56.224	56.123	56.023	55.92	55.851	55.796	55.743	55.696	55.626	55.552	55.504	55.447	55.405	55.364	55.298	55.172	55.097	55.018	55.001	54.954	54.892	54.872	54.842	54.771	54.716	54.634	54.58	54.543	54.514	54.434	54.38	54.347	54.316	54.282	54.211
63.057	63.008	62.962	62.924	62.914	62.85	62.77	62.741	62.689	62.597	62.529	62.441	62.393	62.3	62.234	62.18	62.138	62.091	62.059	61.988	61.908	61.829	61.783	61.715	61.677	61.634	61.594	61.564	61.481	61.412	61.35	61.287	61.201	61.144	61.092	61.039	61.002	60.959	60.92	60.865	60.814	60.776	60.766	60.741	60.688	60.647	60.621	60.534	60.484	60.37	60.269	60.148	60.048	59.948	59.845	59.802	59.736	59.613	59.504	59.425	59.375	59.364	59.358	59.314	59.24	59.158	59.098	59.035	58.983	58.911	58.823	58.755	58.671	58.575	58.474	58.38	58.289	58.233	58.178	58.128	58.074	58.047	57.999	57.92	57.862	57.76	57.732	57.623	57.529	57.444	57.363	57.291	57.204	57.074	56.968	56.856	56.761	56.66	56.525	56.424	56.307	56.173	56.064	55.981	55.949	55.832	55.731	55.668	55.627	55.625	55.561	55.513	55.448	55.39	55.309	55.227	55.163	55.087	54.98	54.911	54.857	54.814	54.77	54.743	54.714	54.619	54.56	54.525	54.43	54.402	54.355	54.292	54.257	54.22	54.173	54.125	54.11
62.974	62.937	62.876	62.815	62.818	62.768	62.735	62.682	62.639	62.553	62.501	62.399	62.319	62.251	62.175	62.146	62.091	62.054	62.022	61.975	61.899	61.81	61.759	61.693	61.643	61.585	61.545	61.492	61.407	61.36	61.296	61.242	61.133	61.079	61.025	60.945	60.905	60.849	60.806	60.758	60.717	60.663	60.657	60.628	60.626	60.593	60.563	60.523	60.431	60.324	60.195	60.077	59.963	59.901	59.815	59.762	59.673	59.552	59.494	59.37	59.313	59.308	59.276	59.261	59.179	59.085	59.007	58.942	58.886	58.801	58.734	58.683	58.586	58.499	58.379	58.282	58.17	58.129	58.098	58.03	57.978	57.94	57.906	57.785	57.714	57.632	57.551	57.484	57.37	57.308	57.242	57.166	57.111	56.993	56.895	56.776	56.668	56.559	56.427	56.332	56.189	56.045	55.921	55.859	55.798	55.694	55.594	55.55	55.528	55.515	55.435	55.399	55.364	55.286	55.185	55.124	55.056	54.953	54.905	54.821	54.744	54.711	54.658	54.586	54.531	54.505	54.441	54.426	54.36	54.262	54.263	54.183	54.135	54.091	54.009	53.973	53.919
62.907	62.855	62.807	62.759	62.711	62.662	62.631	62.612	62.559	62.473	62.426	62.328	62.251	62.163	62.076	62.045	62.046	62.023	61.993	61.934	61.885	61.791	61.748	61.675	61.598	61.563	61.493	61.438	61.375	61.327	61.248	61.176	61.079	61.014	60.951	60.868	60.853	60.782	60.751	60.698	60.651	60.629	60.578	60.541	60.551	60.526	60.509	60.415	60.377	60.25	60.172	60.038	59.954	59.884	59.777	59.695	59.605	59.529	59.449	59.374	59.313	59.269	59.201	59.187	59.107	59.019	58.923	58.862	58.801	58.735	58.668	58.599	58.543	58.44	58.29	58.208	58.123	58.09	58.025	57.964	57.92	57.849	57.812	57.69	57.595	57.48	57.407	57.31	57.27	57.188	57.155	57.061	57	56.902	56.807	56.692	56.579	56.466	56.318	56.221	56.082	55.978	55.877	55.749	55.667	55.555	55.482	55.43	55.391	55.355	55.325	55.288	55.257	55.163	55.093	55.021	54.925	54.869	54.807	54.708	54.641	54.552	54.506	54.46	54.376	54.322	54.265	54.251	54.244	54.165	54.127	54.056	53.976	53.927	53.86	53.813	53.768
62.802	62.749	62.735	62.698	62.632	62.576	62.518	62.526	62.485	62.401	62.325	62.231	62.171	62.111	62.033	61.982	61.971	61.959	61.917	61.897	61.809	61.753	61.694	61.623	61.566	61.497	61.459	61.432	61.349	61.275	61.206	61.131	61.045	60.969	60.898	60.851	60.818	60.762	60.676	60.629	60.619	60.582	60.548	60.517	60.466	60.444	60.425	60.344	60.283	60.182	60.102	60.032	59.913	59.877	59.767	59.697	59.61	59.486	59.42	59.344	59.299	59.219	59.123	59.09	59.018	58.944	58.828	58.769	58.707	58.673	58.573	58.512	58.444	58.362	58.229	58.152	58.085	58.028	57.941	57.873	57.822	57.799	57.735	57.581	57.49	57.419	57.33	57.264	57.193	57.111	57.022	56.951	56.894	56.776	56.69	56.569	56.472	56.335	56.202	56.095	55.992	55.877	55.785	55.676	55.579	55.508	55.426	55.352	55.311	55.283	55.216	55.22	55.159	55.079	54.99	54.895	54.821	54.781	54.733	54.642	54.565	54.502	54.408	54.349	54.268	54.19	54.133	54.051	54.049	54.004	53.941	53.867	53.831	53.793	53.757	53.676	53.624
62.713	62.67	62.653	62.632	62.558	62.485	62.494	62.455	62.411	62.318	62.24	62.175	62.113	62.037	61.969	61.904	61.902	61.89	61.871	61.842	61.759	61.712	61.652	61.567	61.516	61.456	61.412	61.355	61.288	61.243	61.167	61.085	61.006	60.927	60.875	60.819	60.778	60.732	60.67	60.611	60.58	60.511	60.486	60.469	60.388	60.348	60.327	60.221	60.181	60.099	60.035	59.994	59.886	59.84	59.751	59.688	59.576	59.441	59.351	59.291	59.224	59.158	59.034	58.988	58.912	58.849	58.742	58.662	58.584	58.534	58.499	58.441	58.361	58.297	58.171	58.117	58.037	58.01	57.907	57.823	57.768	57.698	57.639	57.513	57.379	57.335	57.244	57.186	57.111	57.011	56.928	56.825	56.774	56.697	56.592	56.478	56.361	56.231	56.099	55.99	55.868	55.796	55.689	55.579	55.503	55.411	55.383	55.321	55.249	55.2	55.15	55.146	55.103	55.026	54.909	54.813	54.751	54.639	54.64	54.583	54.511	54.425	54.336	54.235	54.186	54.084	54.002	53.921	53.865	53.849	53.777	53.772	53.726	53.671	53.607	53.555	53.508
62.657	62.625	62.587	62.54	62.493	62.47	62.404	62.37	62.299	62.235	62.155	62.092	62.067	61.999	61.931	61.852	61.862	61.852	61.839	61.798	61.713	61.67	61.576	61.536	61.494	61.458	61.361	61.256	61.232	61.208	61.152	61.052	60.976	60.878	60.83	60.8	60.765	60.72	60.689	60.624	60.533	60.469	60.437	60.422	60.358	60.3	60.214	60.148	60.06	60.002	59.972	59.884	59.829	59.775	59.734	59.623	59.527	59.418	59.352	59.28	59.192	59.125	58.997	58.92	58.809	58.718	58.632	58.574	58.518	58.448	58.391	58.337	58.267	58.21	58.114	58.062	58.007	57.935	57.819	57.77	57.686	57.605	57.53	57.436	57.321	57.253	57.17	57.1	57.033	56.93	56.841	56.773	56.712	56.669	56.539	56.395	56.254	56.105	55.972	55.861	55.78	55.69	55.596	55.499	55.433	55.344	55.322	55.257	55.148	55.095	55.042	55.001	54.965	54.918	54.845	54.766	54.676	54.589	54.532	54.491	54.451	54.33	54.224	54.123	54.049	53.96	53.872	53.782	53.734	53.666	53.659	53.626	53.603	53.582	53.485	53.444	53.396
62.577	62.543	62.497	62.471	62.456	62.411	62.372	62.342	62.273	62.207	62.142	62.056	62.027	61.948	61.887	61.82	61.751	61.783	61.758	61.726	61.67	61.621	61.57	61.494	61.438	61.402	61.319	61.225	61.179	61.136	61.071	61.047	60.965	60.857	60.831	60.773	60.754	60.719	60.656	60.571	60.462	60.402	60.375	60.35	60.328	60.25	60.143	60.077	59.996	59.917	59.889	59.84	59.777	59.728	59.662	59.599	59.523	59.428	59.343	59.264	59.153	59.066	58.967	58.879	58.728	58.641	58.547	58.491	58.415	58.361	58.317	58.269	58.23	58.168	58.059	57.993	57.911	57.858	57.759	57.681	57.594	57.517	57.48	57.34	57.249	57.16	57.091	57.009	56.965	56.878	56.796	56.749	56.683	56.619	56.472	56.324	56.187	56.008	55.887	55.754	55.672	55.609	55.514	55.399	55.327	55.28	55.218	55.162	55.081	55.001	54.947	54.897	54.844	54.789	54.778	54.731	54.647	54.516	54.432	54.372	54.327	54.259	54.165	54.044	53.942	53.848	53.76	53.67	53.622	53.575	53.516	53.516	53.502	53.492	53.441	53.367	53.317
62.491	62.443	62.404	62.374	62.384	62.36	62.325	62.296	62.248	62.173	62.169	62.091	62.029	61.911	61.852	61.779	61.701	61.701	61.704	61.663	61.618	61.561	61.513	61.461	61.432	61.344	61.276	61.178	61.129	61.086	61.05	61.011	60.912	60.86	60.823	60.769	60.725	60.676	60.588	60.511	60.411	60.357	60.33	60.29	60.261	60.188	60.104	60.02	59.915	59.853	59.807	59.743	59.693	59.674	59.591	59.533	59.478	59.393	59.315	59.232	59.129	59.038	58.941	58.84	58.705	58.591	58.51	58.422	58.348	58.285	58.254	58.227	58.15	58.09	58.017	57.921	57.859	57.79	57.7	57.583	57.505	57.413	57.361	57.275	57.186	57.093	57.013	56.958	56.887	56.83	56.764	56.703	56.599	56.49	56.404	56.236	56.098	55.961	55.796	55.681	55.557	55.49	55.389	55.274	55.207	55.186	55.115	55.068	55.002	54.961	54.916	54.844	54.757	54.692	54.701	54.611	54.543	54.48	54.394	54.297	54.262	54.17	54.09	53.972	53.859	53.748	53.667	53.592	53.525	53.471	53.456	53.407	53.365	53.313	53.289	53.25	53.209
62.432	62.362	62.307	62.282	62.266	62.27	62.227	62.196	62.176	62.108	62.077	62.045	62.006	61.901	61.825	61.755	61.694	61.669	61.623	61.603	61.56	61.523	61.456	61.405	61.359	61.27	61.193	61.143	61.048	60.989	60.97	60.934	60.86	60.818	60.736	60.727	60.659	60.619	60.546	60.457	60.328	60.256	60.226	60.206	60.143	60.098	60.01	59.915	59.843	59.769	59.703	59.643	59.598	59.552	59.479	59.419	59.415	59.324	59.25	59.159	59.063	59.011	58.929	58.794	58.691	58.574	58.495	58.395	58.309	58.255	58.181	58.141	58.069	58.001	57.935	57.867	57.798	57.718	57.618	57.504	57.422	57.337	57.298	57.195	57.11	57.023	56.948	56.886	56.788	56.712	56.66	56.543	56.435	56.327	56.233	56.087	55.935	55.793	55.662	55.542	55.467	55.388	55.279	55.184	55.122	55.07	54.983	54.939	54.885	54.893	54.83	54.766	54.663	54.614	54.553	54.486	54.42	54.378	54.31	54.23	54.141	54.056	53.96	53.861	53.774	53.659	53.593	53.514	53.481	53.395	53.374	53.336	53.273	53.217	53.146	53.106	53.045
62.387	62.36	62.261	62.228	62.197	62.203	62.152	62.103	62.081	62.02	61.988	61.966	61.898	61.887	61.817	61.781	61.722	61.656	61.599	61.594	61.507	61.431	61.396	61.342	61.289	61.19	61.135	61.091	61.023	60.959	60.906	60.866	60.809	60.746	60.71	60.667	60.598	60.548	60.469	60.405	60.291	60.238	60.161	60.124	60.061	59.998	59.928	59.833	59.743	59.675	59.591	59.537	59.469	59.432	59.363	59.316	59.29	59.193	59.145	59.082	59.001	58.926	58.859	58.752	58.682	58.561	58.435	58.346	58.239	58.21	58.117	58.052	58.006	57.944	57.878	57.785	57.71	57.657	57.551	57.454	57.374	57.296	57.212	57.136	57.057	56.948	56.861	56.826	56.725	56.628	56.532	56.404	56.302	56.2	56.092	55.959	55.797	55.659	55.536	55.428	55.361	55.327	55.195	55.096	54.994	54.955	54.875	54.846	54.784	54.75	54.727	54.674	54.638	54.576	54.469	54.438	54.372	54.312	54.245	54.184	54.064	53.947	53.868	53.736	53.66	53.583	53.506	53.42	53.368	53.34	53.291	53.248	53.164	53.116	53.026	52.919	52.861
62.342	62.278	62.192	62.131	62.126	62.132	62.072	62.051	61.986	61.952	61.889	61.878	61.856	61.798	61.771	61.729	61.67	61.614	61.603	61.55	61.47	61.416	61.348	61.285	61.256	61.134	61.081	61.021	60.978	60.909	60.864	60.824	60.765	60.711	60.649	60.607	60.52	60.448	60.407	60.336	60.234	60.147	60.1	60.046	59.957	59.903	59.814	59.767	59.665	59.597	59.519	59.446	59.4	59.321	59.274	59.215	59.149	59.092	59.044	58.964	58.901	58.836	58.763	58.681	58.6	58.485	58.371	58.275	58.214	58.184	58.1	58.017	57.938	57.89	57.8	57.717	57.662	57.571	57.499	57.397	57.329	57.232	57.148	57.06	56.979	56.921	56.827	56.775	56.655	56.519	56.4	56.272	56.17	56.057	55.972	55.823	55.67	55.524	55.4	55.318	55.271	55.218	55.133	55.023	54.93	54.833	54.81	54.75	54.68	54.636	54.629	54.609	54.584	54.529	54.454	54.345	54.305	54.241	54.2	54.136	54.061	53.92	53.804	53.718	53.576	53.501	53.405	53.329	53.289	53.232	53.2	53.156	53.097	53.002	52.849	52.774	52.714
62.3	62.243	62.134	62.086	62.078	62.066	62.01	61.965	61.93	61.847	61.829	61.772	61.738	61.759	61.707	61.679	61.625	61.603	61.549	61.503	61.461	61.419	61.354	61.281	61.22	61.112	61.006	60.963	60.887	60.821	60.791	60.745	60.687	60.619	60.569	60.53	60.46	60.36	60.302	60.235	60.132	60.093	60.035	59.975	59.907	59.828	59.781	59.707	59.613	59.543	59.442	59.348	59.293	59.21	59.126	59.136	59.053	59.018	58.983	58.897	58.81	58.754	58.682	58.614	58.536	58.466	58.338	58.246	58.192	58.164	58.082	57.974	57.911	57.857	57.763	57.701	57.624	57.558	57.466	57.355	57.273	57.205	57.1	57.009	56.913	56.849	56.771	56.656	56.571	56.431	56.267	56.15	56.018	55.908	55.817	55.698	55.561	55.423	55.344	55.262	55.2	55.127	55.025	54.97	54.876	54.786	54.745	54.664	54.629	54.581	54.561	54.51	54.484	54.451	54.413	54.348	54.233	54.222	54.133	54.1	54.032	53.894	53.773	53.656	53.556	53.417	53.355	53.274	53.233	53.161	53.098	53.072	52.984	52.894	52.747	52.639	52.577
62.251	62.182	62.099	62.06	62.036	62.009	61.964	61.911	61.869	61.818	61.771	61.687	61.661	61.666	61.645	61.638	61.575	61.546	61.482	61.449	61.418	61.4	61.359	61.296	61.161	61.072	60.935	60.862	60.833	60.741	60.689	60.682	60.62	60.564	60.517	60.467	60.405	60.3	60.24	60.15	60.066	60.009	59.949	59.853	59.812	59.759	59.719	59.655	59.526	59.437	59.362	59.247	59.175	59.108	59.066	59.059	58.986	58.959	58.933	58.861	58.755	58.634	58.562	58.537	58.452	58.404	58.313	58.248	58.213	58.134	58.047	57.96	57.88	57.823	57.751	57.692	57.628	57.543	57.429	57.348	57.28	57.186	57.077	57.008	56.897	56.809	56.723	56.588	56.486	56.326	56.158	56.002	55.868	55.768	55.705	55.643	55.493	55.367	55.288	55.241	55.137	55.056	54.98	54.902	54.812	54.751	54.719	54.639	54.578	54.533	54.507	54.457	54.43	54.406	54.37	54.328	54.281	54.149	54.115	54.055	53.961	53.872	53.751	53.602	53.498	53.401	53.305	53.202	53.146	53.082	53.045	52.977	52.874	52.772	52.673	52.532	52.482
62.191	62.128	62.048	62.025	61.976	61.903	61.878	61.853	61.845	61.772	61.752	61.688	61.599	61.614	61.612	61.587	61.523	61.453	61.435	61.38	61.355	61.326	61.304	61.213	61.071	60.981	60.845	60.751	60.734	60.646	60.604	60.541	60.541	60.484	60.435	60.373	60.273	60.257	60.175	60.088	59.987	59.908	59.817	59.762	59.728	59.661	59.626	59.521	59.44	59.378	59.294	59.208	59.099	59.036	59.011	58.994	58.977	58.89	58.866	58.813	58.675	58.565	58.472	58.435	58.333	58.286	58.248	58.215	58.186	58.119	58.072	57.947	57.828	57.756	57.684	57.664	57.601	57.481	57.386	57.265	57.207	57.129	57.034	56.954	56.823	56.76	56.672	56.507	56.387	56.23	56.062	55.892	55.782	55.659	55.602	55.517	55.405	55.332	55.23	55.207	55.075	54.982	54.91	54.84	54.798	54.735	54.669	54.583	54.527	54.49	54.465	54.41	54.369	54.345	54.328	54.261	54.274	54.164	54.144	54.03	53.919	53.817	53.703	53.56	53.422	53.303	53.214	53.1	53.055	53.001	52.993	52.899	52.773	52.69	52.561	52.496	52.401
62.113	62.016	61.992	61.967	61.906	61.864	61.802	61.794	61.771	61.748	61.724	61.654	61.618	61.583	61.548	61.472	61.444	61.381	61.359	61.324	61.254	61.244	61.166	61.082	60.991	60.873	60.789	60.7	60.634	60.561	60.506	60.485	60.409	60.4	60.336	60.305	60.226	60.174	60.124	60.002	59.941	59.807	59.715	59.654	59.629	59.594	59.521	59.429	59.379	59.296	59.25	59.15	59.075	59.024	58.94	58.913	58.9	58.867	58.809	58.715	58.587	58.48	58.387	58.29	58.256	58.204	58.177	58.168	58.126	58.081	58.041	57.933	57.819	57.699	57.647	57.617	57.556	57.416	57.296	57.21	57.142	57.087	56.993	56.94	56.852	56.692	56.582	56.453	56.327	56.187	56.032	55.865	55.726	55.628	55.526	55.423	55.311	55.252	55.183	55.099	54.998	54.903	54.83	54.765	54.685	54.661	54.587	54.525	54.488	54.457	54.44	54.363	54.31	54.304	54.25	54.234	54.205	54.202	54.125	54.012	53.936	53.795	53.677	53.502	53.336	53.221	53.145	53.103	52.975	52.935	52.875	52.775	52.679	52.581	52.517	52.428	52.322
61.972	61.967	61.894	61.873	61.851	61.827	61.79	61.775	61.779	61.727	61.704	61.611	61.549	61.52	61.468	61.432	61.415	61.301	61.294	61.223	61.137	61.096	61.073	60.996	60.865	60.779	60.71	60.648	60.57	60.514	60.459	60.413	60.348	60.308	60.266	60.242	60.17	60.1	60.038	59.939	59.857	59.74	59.646	59.593	59.533	59.516	59.443	59.334	59.284	59.235	59.132	59.084	59.012	58.954	58.908	58.844	58.809	58.763	58.721	58.65	58.53	58.433	58.351	58.242	58.195	58.118	58.095	58.069	58.044	58.024	57.988	57.901	57.785	57.718	57.633	57.566	57.474	57.365	57.251	57.112	57.042	56.992	56.961	56.852	56.75	56.631	56.48	56.394	56.294	56.139	55.992	55.819	55.698	55.591	55.493	55.33	55.25	55.171	55.086	55.025	54.986	54.851	54.776	54.702	54.608	54.567	54.537	54.452	54.437	54.402	54.379	54.346	54.269	54.21	54.197	54.16	54.156	54.164	54.125	53.994	53.855	53.754	53.591	53.456	53.285	53.159	53.078	53.001	52.937	52.859	52.782	52.681	52.58	52.502	52.409	52.357	52.282
61.868	61.839	61.835	61.845	61.883	61.81	61.799	61.797	61.769	61.704	61.616	61.568	61.522	61.457	61.402	61.341	61.314	61.272	61.217	61.157	61.06	60.998	60.969	60.862	60.762	60.682	60.653	60.614	60.576	60.486	60.408	60.344	60.275	60.231	60.203	60.176	60.127	60.063	59.987	59.877	59.774	59.682	59.606	59.533	59.445	59.387	59.352	59.251	59.175	59.109	59.053	59	58.923	58.843	58.775	58.729	58.73	58.664	58.623	58.559	58.465	58.368	58.287	58.178	58.104	58.055	58.038	57.966	57.926	57.927	57.876	57.805	57.692	57.627	57.584	57.51	57.409	57.312	57.18	57.06	56.978	56.895	56.867	56.755	56.67	56.526	56.415	56.321	56.194	56.045	55.884	55.758	55.642	55.542	55.451	55.331	55.219	55.124	55.046	55.021	54.981	54.812	54.716	54.654	54.595	54.501	54.499	54.436	54.398	54.373	54.325	54.25	54.195	54.119	54.096	54.077	54.058	54.082	54.066	53.932	53.79	53.656	53.568	53.445	53.298	53.152	53.048	52.988	52.891	52.804	52.736	52.635	52.519	52.444	52.375	52.319	52.263
61.755	61.737	61.757	61.747	61.773	61.759	61.749	61.754	61.71	61.681	61.612	61.564	61.481	61.389	61.295	61.213	61.181	61.167	61.109	61.053	60.995	60.901	60.843	60.793	60.698	60.587	60.542	60.509	60.497	60.408	60.319	60.25	60.194	60.171	60.169	60.088	60.04	59.997	59.946	59.806	59.711	59.612	59.53	59.426	59.345	59.254	59.231	59.16	59.069	59.038	58.979	58.893	58.86	58.768	58.703	58.653	58.612	58.585	58.517	58.452	58.389	58.291	58.215	58.118	58.057	57.985	57.95	57.895	57.846	57.816	57.748	57.694	57.599	57.521	57.476	57.428	57.309	57.208	57.098	57.01	56.869	56.802	56.78	56.649	56.567	56.44	56.34	56.221	56.079	55.921	55.767	55.661	55.556	55.486	55.373	55.324	55.187	55.092	55.042	54.958	54.889	54.789	54.674	54.619	54.534	54.464	54.435	54.388	54.335	54.287	54.209	54.124	54.14	54.068	53.984	53.96	53.915	53.924	53.934	53.828	53.741	53.618	53.49	53.371	53.284	53.144	53.022	52.936	52.84	52.758	52.645	52.521	52.396	52.32	52.284	52.241	52.239
61.652	61.647	61.652	61.658	61.693	61.678	61.722	61.708	61.703	61.657	61.612	61.561	61.469	61.358	61.259	61.158	61.123	61.083	61.013	60.954	60.874	60.808	60.773	60.719	60.604	60.545	60.488	60.452	60.403	60.333	60.209	60.109	60.084	60.055	60.054	59.982	59.927	59.874	59.818	59.764	59.64	59.549	59.478	59.387	59.277	59.181	59.106	59.049	58.977	58.951	58.899	58.841	58.799	58.707	58.613	58.548	58.524	58.461	58.388	58.328	58.253	58.195	58.071	58	57.942	57.864	57.816	57.78	57.777	57.704	57.676	57.616	57.533	57.441	57.358	57.302	57.226	57.119	57.046	56.961	56.906	56.786	56.709	56.593	56.472	56.375	56.221	56.117	55.996	55.843	55.708	55.582	55.47	55.387	55.313	55.247	55.15	55.027	54.956	54.909	54.795	54.717	54.632	54.531	54.485	54.43	54.406	54.355	54.273	54.176	54.103	54.04	54.008	53.953	53.911	53.856	53.848	53.774	53.771	53.758	53.651	53.569	53.443	53.321	53.209	53.079	52.963	52.85	52.75	52.619	52.506	52.396	52.255	52.223	52.185	52.186	52.173
61.579	61.521	61.512	61.495	61.587	61.586	61.605	61.658	61.636	61.606	61.594	61.523	61.442	61.323	61.278	61.176	61.13	61.042	60.96	60.857	60.768	60.725	60.699	60.634	60.584	60.485	60.409	60.349	60.311	60.243	60.113	60.032	59.968	59.943	59.935	59.894	59.834	59.764	59.706	59.665	59.584	59.49	59.398	59.308	59.161	59.104	59.017	58.945	58.902	58.857	58.841	58.736	58.712	58.612	58.536	58.469	58.387	58.338	58.241	58.165	58.14	58.053	57.978	57.874	57.822	57.756	57.697	57.68	57.634	57.626	57.607	57.54	57.493	57.376	57.29	57.2	57.14	57.048	56.966	56.919	56.842	56.741	56.595	56.5	56.382	56.261	56.163	56.033	55.94	55.806	55.665	55.534	55.405	55.334	55.294	55.198	55.12	54.991	54.912	54.816	54.738	54.643	54.566	54.502	54.382	54.323	54.29	54.223	54.181	54.071	54.021	53.959	53.903	53.861	53.789	53.77	53.659	53.667	53.628	53.62	53.573	53.478	53.37	53.243	53.171	53.055	52.923	52.796	52.687	52.568	52.432	52.282	52.185	52.126	52.114	52.087	52.095
61.464	61.462	61.419	61.428	61.467	61.452	61.501	61.51	61.511	61.495	61.531	61.495	61.403	61.324	61.239	61.192	61.111	60.96	60.874	60.781	60.723	60.649	60.606	60.572	60.483	60.417	60.305	60.247	60.165	60.1	60.014	59.933	59.88	59.834	59.829	59.823	59.76	59.699	59.627	59.563	59.51	59.419	59.34	59.197	59.108	59.012	58.93	58.903	58.806	58.767	58.702	58.631	58.579	58.498	58.403	58.314	58.261	58.189	58.1	58.024	57.949	57.902	57.836	57.767	57.707	57.636	57.625	57.564	57.561	57.517	57.472	57.456	57.397	57.3	57.175	57.109	57.054	56.99	56.931	56.804	56.738	56.634	56.509	56.394	56.273	56.23	56.103	55.989	55.891	55.792	55.649	55.529	55.431	55.321	55.27	55.165	55.075	54.992	54.842	54.725	54.691	54.612	54.537	54.435	54.331	54.225	54.171	54.083	53.992	53.991	53.915	53.89	53.834	53.759	53.698	53.596	53.581	53.565	53.52	53.504	53.454	53.415	53.298	53.207	53.155	53.027	52.896	52.746	52.678	52.543	52.407	52.261	52.125	52.106	52.053	52.007	51.995
61.403	61.356	61.379	61.336	61.345	61.346	61.337	61.41	61.369	61.406	61.415	61.392	61.373	61.27	61.211	61.145	61.059	60.94	60.814	60.76	60.708	60.626	60.566	60.468	60.398	60.33	60.255	60.194	60.106	59.98	59.871	59.825	59.786	59.754	59.708	59.676	59.684	59.606	59.553	59.485	59.421	59.336	59.254	59.145	59.02	58.942	58.847	58.743	58.703	58.676	58.625	58.547	58.469	58.368	58.268	58.191	58.09	58.049	57.965	57.866	57.853	57.786	57.756	57.656	57.588	57.55	57.464	57.488	57.448	57.436	57.385	57.324	57.307	57.189	57.126	57.039	56.967	56.882	56.825	56.779	56.649	56.557	56.464	56.324	56.22	56.113	56.088	55.973	55.867	55.742	55.609	55.533	55.387	55.306	55.215	55.122	55.02	54.907	54.804	54.682	54.607	54.553	54.476	54.424	54.299	54.21	54.097	53.992	53.952	53.857	53.853	53.773	53.741	53.687	53.609	53.589	53.526	53.524	53.47	53.416	53.4	53.308	53.267	53.131	53.087	53.011	52.85	52.749	52.628	52.535	52.373	52.218	52.143	52.027	52.015	51.926	51.913
61.348	61.344	61.269	61.267	61.257	61.242	61.272	61.272	61.324	61.315	61.331	61.339	61.261	61.204	61.162	61.111	61.031	60.936	60.831	60.743	60.71	60.612	60.572	60.431	60.346	60.293	60.222	60.179	60.12	59.946	59.824	59.717	59.727	59.669	59.618	59.567	59.529	59.484	59.396	59.348	59.334	59.243	59.181	59.082	58.939	58.831	58.725	58.653	58.595	58.529	58.462	58.445	58.36	58.211	58.123	58.048	57.993	57.915	57.869	57.781	57.741	57.659	57.603	57.568	57.538	57.484	57.429	57.38	57.395	57.34	57.288	57.198	57.106	57.081	57.014	56.978	56.883	56.812	56.753	56.654	56.567	56.489	56.389	56.26	56.131	56.064	55.98	55.941	55.845	55.715	55.621	55.459	55.373	55.275	55.185	55.117	54.99	54.88	54.774	54.716	54.603	54.522	54.453	54.343	54.286	54.162	54.046	53.941	53.853	53.815	53.744	53.7	53.657	53.628	53.594	53.509	53.519	53.471	53.454	53.4	53.296	53.246	53.146	53.073	52.988	52.908	52.83	52.716	52.649	52.501	52.33	52.205	52.096	52.018	51.96	51.925	51.861
61.293	61.291	61.242	61.195	61.17	61.147	61.166	61.229	61.215	61.252	61.254	61.215	61.218	61.117	61.113	61.046	60.984	60.928	60.829	60.739	60.662	60.577	60.535	60.423	60.358	60.255	60.223	60.166	60.097	59.947	59.797	59.714	59.646	59.663	59.597	59.523	59.463	59.357	59.303	59.227	59.206	59.176	59.11	58.979	58.847	58.76	58.653	58.548	58.488	58.395	58.362	58.307	58.244	58.131	58.023	57.969	57.889	57.828	57.762	57.693	57.592	57.473	57.453	57.406	57.406	57.368	57.316	57.316	57.269	57.247	57.163	57.053	57.002	56.929	56.921	56.817	56.752	56.679	56.604	56.562	56.502	56.434	56.327	56.183	56.087	55.98	55.923	55.885	55.81	55.697	55.553	55.436	55.276	55.261	55.187	55.057	54.952	54.852	54.76	54.677	54.61	54.472	54.371	54.314	54.223	54.164	54.082	53.944	53.868	53.726	53.715	53.676	53.628	53.572	53.5	53.509	53.461	53.446	53.409	53.333	53.22	53.12	53.072	52.999	52.961	52.863	52.756	52.719	52.585	52.514	52.341	52.202	52.109	51.986	51.913	51.894	51.842
61.278	61.239	61.195	61.136	61.116	61.064	61.065	61.106	61.163	61.178	61.207	61.136	61.084	61.04	60.992	60.989	60.915	60.883	60.804	60.698	60.632	60.53	60.494	60.411	60.342	60.274	60.193	60.138	60.053	59.894	59.814	59.73	59.678	59.64	59.59	59.512	59.42	59.328	59.266	59.193	59.147	59.066	58.996	58.896	58.806	58.668	58.593	58.495	58.37	58.296	58.23	58.195	58.144	58.093	58.016	57.915	57.823	57.748	57.664	57.572	57.465	57.402	57.327	57.287	57.281	57.245	57.218	57.205	57.173	57.1	57.036	56.94	56.877	56.852	56.784	56.705	56.626	56.538	56.472	56.456	56.435	56.326	56.238	56.094	56.018	55.928	55.854	55.816	55.76	55.661	55.521	55.384	55.298	55.205	55.148	55.023	54.917	54.862	54.731	54.678	54.635	54.475	54.41	54.317	54.235	54.153	54.091	53.966	53.864	53.802	53.732	53.719	53.633	53.576	53.53	53.469	53.462	53.404	53.392	53.294	53.186	53.082	53.006	52.988	52.947	52.856	52.761	52.647	52.566	52.457	52.353	52.226	52.098	52.017	51.904	51.88	51.848
61.286	61.273	61.192	61.133	61.096	61.083	61.05	61.068	61.063	61.058	61.099	61.079	61.043	60.991	60.923	60.905	60.838	60.781	60.737	60.646	60.579	60.541	60.457	60.432	60.359	60.296	60.206	60.131	60.062	59.934	59.852	59.769	59.724	59.664	59.594	59.479	59.361	59.3	59.255	59.167	59.13	58.994	58.904	58.829	58.711	58.644	58.552	58.422	58.296	58.2	58.13	58.065	58.058	58.041	57.929	57.855	57.779	57.709	57.591	57.511	57.42	57.353	57.301	57.234	57.213	57.158	57.098	57.084	57.042	56.998	56.943	56.811	56.769	56.711	56.662	56.575	56.5	56.42	56.357	56.307	56.284	56.219	56.117	56.038	55.931	55.858	55.794	55.748	55.688	55.604	55.477	55.38	55.283	55.176	55.109	54.973	54.861	54.785	54.716	54.665	54.643	54.513	54.393	54.307	54.231	54.17	54.102	53.999	53.916	53.851	53.798	53.725	53.682	53.602	53.553	53.514	53.476	53.422	53.372	53.249	53.148	53.059	53.028	53.005	52.982	52.871	52.783	52.652	52.515	52.421	52.349	52.213	52.115	52.082	51.986	51.858	51.833
61.241	61.209	61.165	61.128	61.043	61.047	60.997	61.002	61.005	61	61.009	60.979	60.968	60.912	60.856	60.778	60.746	60.696	60.631	60.587	60.525	60.518	60.458	60.371	60.329	60.288	60.23	60.11	60.036	59.935	59.853	59.781	59.74	59.685	59.565	59.454	59.364	59.277	59.197	59.124	59.06	58.926	58.822	58.726	58.624	58.543	58.489	58.346	58.223	58.085	57.999	57.975	57.949	57.903	57.874	57.791	57.713	57.651	57.57	57.459	57.4	57.311	57.262	57.21	57.129	57.046	56.98	56.962	56.929	56.902	56.864	56.738	56.692	56.596	56.519	56.442	56.411	56.326	56.201	56.155	56.099	56.071	56	55.931	55.856	55.803	55.733	55.645	55.529	55.454	55.378	55.307	55.207	55.162	55.06	54.939	54.838	54.77	54.703	54.655	54.594	54.509	54.392	54.306	54.221	54.148	54.075	53.965	53.927	53.883	53.84	53.741	53.702	53.64	53.554	53.537	53.457	53.395	53.336	53.258	53.175	53.052	53.016	52.98	52.959	52.874	52.758	52.656	52.518	52.441	52.314	52.185	52.098	52.066	52.009	51.883	51.785
61.191	61.144	61.096	61.081	61.042	61.034	60.999	60.978	60.973	60.955	60.934	60.925	60.914	60.855	60.765	60.683	60.624	60.558	60.528	60.47	60.45	60.4	60.409	60.388	60.32	60.265	60.189	60.117	60.051	59.929	59.869	59.782	59.738	59.652	59.57	59.438	59.346	59.255	59.142	59.053	59.013	58.897	58.801	58.655	58.555	58.477	58.411	58.328	58.181	58.068	57.954	57.915	57.899	57.817	57.772	57.682	57.664	57.577	57.482	57.422	57.337	57.271	57.183	57.143	57.068	56.968	56.912	56.827	56.803	56.745	56.714	56.612	56.542	56.503	56.436	56.391	56.322	56.201	56.11	56.01	55.988	55.938	55.916	55.837	55.764	55.713	55.611	55.527	55.434	55.308	55.27	55.179	55.131	55.087	54.994	54.912	54.825	54.764	54.708	54.692	54.615	54.472	54.355	54.256	54.218	54.115	54.038	53.986	53.907	53.914	53.844	53.785	53.745	53.669	53.623	53.513	53.482	53.395	53.355	53.289	53.179	53.118	53.045	52.989	52.912	52.81	52.732	52.584	52.5	52.389	52.318	52.165	52.052	52.022	51.942	51.868	51.756
61.18	61.091	61.077	61.042	61.016	60.967	60.915	60.912	60.884	60.886	60.887	60.871	60.843	60.778	60.722	60.611	60.522	60.461	60.415	60.416	60.351	60.326	60.329	60.326	60.339	60.217	60.159	60.073	60.006	59.915	59.797	59.769	59.67	59.608	59.529	59.413	59.341	59.204	59.073	58.982	58.904	58.859	58.716	58.614	58.477	58.436	58.366	58.256	58.182	58.022	57.961	57.892	57.854	57.795	57.662	57.649	57.604	57.538	57.448	57.365	57.303	57.186	57.16	57.081	57.01	56.932	56.809	56.776	56.688	56.66	56.618	56.513	56.487	56.383	56.373	56.299	56.296	56.201	56.042	55.961	55.917	55.895	55.845	55.736	55.67	55.574	55.52	55.388	55.33	55.205	55.12	55.097	55.031	55.027	54.956	54.87	54.792	54.707	54.675	54.628	54.598	54.512	54.338	54.276	54.17	54.102	54.041	53.969	53.946	53.907	53.892	53.784	53.75	53.696	53.621	53.57	53.442	53.391	53.268	53.218	53.165	53.072	53.04	52.966	52.935	52.841	52.68	52.602	52.469	52.396	52.298	52.164	52.107	52.003	51.942	51.815	51.768
61.093	61.067	60.978	61.002	60.984	60.891	60.875	60.833	60.821	60.785	60.804	60.763	60.701	60.696	60.599	60.544	60.447	60.374	60.361	60.32	60.327	60.278	60.262	60.245	60.204	60.205	60.096	60.047	59.932	59.831	59.796	59.704	59.642	59.546	59.458	59.374	59.279	59.18	59.054	58.954	58.855	58.72	58.662	58.537	58.45	58.357	58.303	58.217	58.106	58.061	57.948	57.908	57.826	57.759	57.718	57.623	57.573	57.514	57.478	57.345	57.262	57.223	57.15	57.114	57.009	56.902	56.835	56.727	56.656	56.608	56.57	56.463	56.372	56.367	56.243	56.23	56.183	56.134	56.033	55.896	55.878	55.826	55.764	55.675	55.561	55.493	55.342	55.285	55.247	55.143	55.081	54.989	54.952	54.896	54.866	54.831	54.72	54.668	54.611	54.56	54.526	54.429	54.344	54.247	54.218	54.109	54.036	53.972	53.919	53.92	53.823	53.796	53.692	53.631	53.616	53.49	53.472	53.346	53.24	53.161	53.025	53.029	52.932	52.927	52.912	52.824	52.723	52.556	52.502	52.372	52.323	52.235	52.087	52.001	51.862	51.797	51.745
