62.981	62.972	62.955	62.927	62.943	62.927	62.921	62.924	62.924	62.911	62.915	62.886	62.87	62.845	62.828	62.81	62.794	62.769	62.758	62.756	62.732	62.726	62.725	62.714	62.708	62.703	62.716	62.694	62.694	62.694	62.683	62.684	62.671	62.646	62.608	62.57	62.553	62.539	62.534	62.519	62.505	62.504	62.511	62.521	62.52	62.525	62.526	62.526	62.518	62.514	62.533	62.52	62.498	62.496	62.48	62.461	62.436	62.43	62.425	62.409	62.407	62.381	62.361	62.343	62.314	62.271	62.245	62.226	62.208	62.181	62.158	62.16	62.153	62.15	62.115	62.096	62.062	62.03	61.999	61.99	61.973	61.926	61.897	61.876	61.85	61.836	61.812	61.824	61.797	61.779	61.795	61.799	61.79	61.773	61.765	61.753	61.735	61.707	61.683	61.678	61.682	61.661	61.67	61.645	61.648	61.668	61.666	61.667	61.679	61.691	61.692	61.687	61.688	61.69	61.688	61.704	61.707	61.725	61.732	61.714	61.703	61.678	61.663	61.636	61.628	61.631	61.645	61.663	61.667	61.652	61.653	61.668	61.665	61.668	61.661	61.675	61.658
62.936	62.933	62.903	62.89	62.889	62.876	62.863	62.872	62.855	62.844	62.844	62.829	62.813	62.784	62.778	62.736	62.728	62.722	62.714	62.696	62.673	62.673	62.646	62.638	62.646	62.641	62.638	62.632	62.635	62.609	62.604	62.581	62.559	62.53	62.5	62.464	62.428	62.417	62.396	62.398	62.387	62.389	62.4	62.41	62.421	62.422	62.425	62.424	62.403	62.421	62.439	62.417	62.406	62.386	62.361	62.327	62.331	62.318	62.309	62.298	62.284	62.268	62.245	62.224	62.199	62.16	62.124	62.095	62.072	62.041	62.017	62.008	62.012	61.992	61.958	61.92	61.897	61.869	61.856	61.836	61.792	61.778	61.747	61.727	61.696	61.682	61.667	61.641	61.617	61.622	61.627	61.632	61.629	61.616	61.615	61.595	61.562	61.547	61.529	61.532	61.526	61.507	61.485	61.452	61.461	61.458	61.458	61.469	61.474	61.477	61.449	61.447	61.439	61.446	61.453	61.463	61.471	61.481	61.501	61.502	61.486	61.464	61.433	61.425	61.412	61.425	61.434	61.446	61.446	61.426	61.43	61.419	61.407	61.396	61.42	61.414	61.434
62.884	62.888	62.852	62.85	62.869	62.846	62.83	62.811	62.813	62.799	62.803	62.785	62.755	62.741	62.712	62.684	62.681	62.666	62.664	62.636	62.611	62.605	62.563	62.562	62.561	62.568	62.56	62.539	62.543	62.528	62.505	62.464	62.46	62.437	62.404	62.385	62.335	62.345	62.319	62.313	62.304	62.297	62.304	62.306	62.308	62.322	62.338	62.333	62.313	62.318	62.296	62.292	62.287	62.257	62.244	62.227	62.222	62.215	62.216	62.187	62.165	62.135	62.106	62.084	62.068	62.02	61.987	61.972	61.929	61.891	61.87	61.854	61.853	61.825	61.799	61.751	61.731	61.718	61.694	61.668	61.647	61.631	61.615	61.58	61.543	61.523	61.492	61.458	61.448	61.464	61.483	61.496	61.475	61.471	61.467	61.429	61.41	61.4	61.386	61.369	61.349	61.322	61.294	61.27	61.255	61.254	61.26	61.268	61.272	61.273	61.242	61.246	61.241	61.244	61.269	61.272	61.29	61.295	61.283	61.286	61.26	61.244	61.232	61.211	61.208	61.218	61.221	61.233	61.224	61.223	61.201	61.199	61.179	61.172	61.191	61.203	61.214
62.832	62.852	62.834	62.834	62.811	62.792	62.77	62.748	62.768	62.747	62.743	62.712	62.692	62.669	62.653	62.645	62.64	62.617	62.612	62.594	62.564	62.554	62.522	62.503	62.494	62.477	62.473	62.434	62.425	62.402	62.401	62.373	62.371	62.341	62.293	62.286	62.259	62.278	62.233	62.232	62.211	62.221	62.217	62.214	62.227	62.235	62.249	62.224	62.222	62.208	62.177	62.167	62.163	62.149	62.136	62.136	62.117	62.117	62.097	62.07	62.048	62.005	61.975	61.969	61.902	61.896	61.87	61.818	61.77	61.725	61.694	61.674	61.676	61.65	61.642	61.599	61.59	61.575	61.54	61.531	61.507	61.466	61.45	61.402	61.385	61.371	61.35	61.325	61.32	61.329	61.324	61.351	61.334	61.341	61.307	61.287	61.266	61.255	61.233	61.201	61.19	61.151	61.138	61.105	61.085	61.077	61.081	61.072	61.101	61.104	61.081	61.092	61.054	61.061	61.072	61.083	61.09	61.105	61.098	61.077	61.044	61.045	61.023	61.011	61.015	61.02	61.011	61.024	61.004	61.007	60.985	60.988	60.973	60.98	60.973	60.974	60.972
62.769	62.778	62.749	62.755	62.767	62.757	62.734	62.706	62.698	62.688	62.714	62.664	62.646	62.625	62.61	62.591	62.567	62.554	62.541	62.521	62.498	62.488	62.436	62.421	62.415	62.403	62.377	62.359	62.385	62.339	62.32	62.296	62.256	62.24	62.243	62.228	62.192	62.2	62.184	62.181	62.145	62.141	62.127	62.117	62.135	62.124	62.117	62.128	62.105	62.101	62.087	62.068	62.065	62.071	62.064	62.046	62.007	61.997	61.998	61.963	61.925	61.899	61.846	61.837	61.775	61.766	61.718	61.685	61.635	61.601	61.577	61.524	61.519	61.525	61.499	61.467	61.447	61.436	61.409	61.386	61.357	61.331	61.324	61.291	61.266	61.237	61.228	61.226	61.215	61.206	61.204	61.214	61.173	61.175	61.144	61.127	61.102	61.084	61.071	61.056	61.024	60.991	60.98	60.952	60.945	60.925	60.908	60.901	60.931	60.938	60.919	60.901	60.888	60.858	60.848	60.867	60.874	60.884	60.905	60.89	60.87	60.847	60.841	60.829	60.821	60.839	60.822	60.836	60.811	60.804	60.794	60.76	60.758	60.766	60.769	60.756	60.757
62.726	62.751	62.788	62.772	62.754	62.721	62.689	62.661	62.658	62.646	62.638	62.579	62.593	62.575	62.56	62.535	62.519	62.497	62.471	62.477	62.457	62.423	62.399	62.385	62.375	62.333	62.323	62.319	62.31	62.273	62.256	62.222	62.2	62.181	62.168	62.142	62.13	62.135	62.111	62.074	62.047	62.048	62.048	62.035	62.022	62.028	62.045	62	61.997	61.993	61.986	61.977	61.945	61.951	61.928	61.914	61.922	61.888	61.869	61.827	61.796	61.771	61.711	61.684	61.642	61.629	61.56	61.537	61.499	61.444	61.418	61.391	61.358	61.346	61.318	61.304	61.283	61.274	61.26	61.23	61.215	61.192	61.178	61.158	61.124	61.102	61.107	61.115	61.111	61.089	61.066	61.061	61.05	61.022	61.004	60.981	60.969	60.941	60.921	60.892	60.869	60.828	60.82	60.792	60.757	60.738	60.726	60.74	60.737	60.737	60.753	60.74	60.73	60.704	60.678	60.69	60.705	60.692	60.706	60.681	60.675	60.66	60.653	60.648	60.64	60.648	60.624	60.622	60.611	60.621	60.59	60.573	60.574	60.569	60.548	60.527	60.521
62.682	62.665	62.654	62.649	62.649	62.645	62.638	62.619	62.599	62.585	62.58	62.568	62.55	62.516	62.498	62.467	62.442	62.443	62.41	62.419	62.369	62.353	62.338	62.322	62.29	62.276	62.262	62.241	62.237	62.256	62.192	62.124	62.086	62.061	62.041	62.039	62.033	62.006	62.006	61.997	61.991	61.973	61.939	61.926	61.93	61.933	61.919	61.89	61.892	61.85	61.844	61.849	61.845	61.822	61.813	61.793	61.796	61.77	61.726	61.68	61.642	61.602	61.566	61.533	61.501	61.457	61.407	61.37	61.341	61.298	61.268	61.239	61.229	61.196	61.182	61.153	61.156	61.132	61.108	61.087	61.063	61.046	61.028	61.001	60.955	60.945	60.952	60.94	60.926	60.926	60.912	60.904	60.864	60.846	60.839	60.822	60.79	60.763	60.724	60.677	60.695	60.648	60.649	60.642	60.627	60.607	60.594	60.583	60.571	60.561	60.549	60.545	60.507	60.486	60.47	60.479	60.496	60.488	60.478	60.467	60.465	60.45	60.441	60.437	60.428	60.438	60.428	60.448	60.433	60.413	60.394	60.373	60.376	60.376	60.347	60.331	60.293
62.635	62.636	62.608	62.604	62.596	62.565	62.557	62.539	62.522	62.523	62.528	62.507	62.484	62.461	62.433	62.414	62.407	62.388	62.363	62.351	62.312	62.296	62.275	62.252	62.239	62.212	62.2	62.182	62.17	62.136	62.081	62.02	62.004	61.987	61.96	61.94	61.912	61.925	61.916	61.907	61.902	61.887	61.869	61.831	61.822	61.811	61.807	61.761	61.723	61.727	61.715	61.703	61.704	61.686	61.675	61.672	61.662	61.639	61.586	61.539	61.501	61.47	61.427	61.396	61.346	61.305	61.268	61.219	61.206	61.167	61.134	61.113	61.1	61.056	61.042	61.012	61.009	60.962	60.929	60.915	60.891	60.878	60.865	60.841	60.844	60.836	60.813	60.781	60.766	60.754	60.75	60.744	60.708	60.69	60.66	60.631	60.579	60.561	60.529	60.524	60.515	60.493	60.492	60.486	60.472	60.455	60.433	60.41	60.401	60.392	60.357	60.355	60.304	60.298	60.287	60.292	60.321	60.283	60.279	60.293	60.253	60.243	60.238	60.239	60.249	60.264	60.245	60.256	60.25	60.229	60.217	60.198	60.189	60.17	60.144	60.113	60.095
62.558	62.559	62.516	62.521	62.518	62.491	62.498	62.496	62.49	62.487	62.487	62.499	62.463	62.396	62.362	62.352	62.342	62.33	62.294	62.248	62.209	62.173	62.179	62.152	62.121	62.102	62.107	62.096	62.08	62.057	62	61.935	61.911	61.89	61.864	61.825	61.815	61.809	61.794	61.788	61.806	61.804	61.747	61.722	61.711	61.697	61.658	61.632	61.589	61.601	61.592	61.58	61.583	61.544	61.533	61.541	61.525	61.5	61.452	61.394	61.353	61.328	61.288	61.242	61.188	61.148	61.119	61.091	61.069	61.041	61.014	61.014	60.977	60.959	60.926	60.901	60.861	60.808	60.759	60.746	60.727	60.728	60.73	60.721	60.709	60.681	60.645	60.621	60.598	60.583	60.576	60.576	60.552	60.516	60.487	60.451	60.412	60.368	60.354	60.355	60.354	60.351	60.33	60.334	60.324	60.277	60.258	60.25	60.225	60.199	60.166	60.153	60.123	60.098	60.1	60.099	60.098	60.069	60.078	60.083	60.054	60.061	60.046	60.043	60.047	60.045	60.035	60.027	60.027	60.015	60.019	60.008	59.978	59.947	59.917	59.888	59.9
62.511	62.517	62.473	62.462	62.459	62.439	62.444	62.454	62.441	62.454	62.465	62.443	62.397	62.354	62.315	62.288	62.268	62.231	62.226	62.176	62.134	62.078	62.075	62.059	62.035	62.03	62.012	62.002	61.995	61.977	61.932	61.861	61.847	61.808	61.765	61.752	61.729	61.721	61.708	61.702	61.706	61.681	61.642	61.604	61.584	61.57	61.531	61.517	61.489	61.485	61.463	61.464	61.437	61.412	61.402	61.395	61.382	61.378	61.338	61.286	61.25	61.209	61.168	61.109	61.093	61.039	61.019	60.994	60.969	60.947	60.929	60.915	60.865	60.841	60.804	60.765	60.729	60.694	60.634	60.613	60.616	60.602	60.589	60.593	60.568	60.542	60.5	60.473	60.438	60.411	60.396	60.394	60.352	60.328	60.31	60.276	60.224	60.21	60.195	60.186	60.188	60.178	60.183	60.186	60.173	60.139	60.108	60.1	60.065	60.047	59.997	59.979	59.951	59.936	59.906	59.915	59.914	59.892	59.892	59.896	59.901	59.87	59.872	59.864	59.854	59.834	59.807	59.789	59.79	59.796	59.786	59.775	59.756	59.721	59.69	59.682	59.697
62.457	62.462	62.43	62.429	62.405	62.384	62.389	62.382	62.387	62.375	62.367	62.331	62.315	62.299	62.265	62.233	62.184	62.164	62.163	62.085	62.053	62.002	61.991	61.98	61.975	61.958	61.942	61.947	61.935	61.898	61.866	61.81	61.787	61.725	61.683	61.681	61.636	61.637	61.646	61.629	61.621	61.579	61.53	61.506	61.474	61.467	61.447	61.409	61.377	61.35	61.348	61.332	61.311	61.296	61.284	61.277	61.26	61.258	61.211	61.169	61.128	61.097	61.052	61.015	60.994	60.941	60.917	60.874	60.86	60.838	60.819	60.79	60.753	60.722	60.675	60.645	60.586	60.568	60.537	60.512	60.494	60.486	60.459	60.445	60.431	60.412	60.367	60.32	60.274	60.236	60.21	60.201	60.177	60.16	60.149	60.108	60.079	60.07	60.057	60.043	60.035	60.029	60.033	60.013	60.006	59.986	59.965	59.951	59.919	59.886	59.852	59.833	59.82	59.79	59.77	59.756	59.74	59.735	59.733	59.726	59.717	59.703	59.694	59.648	59.649	59.637	59.592	59.578	59.566	59.554	59.554	59.567	59.559	59.532	59.516	59.49	59.505
62.426	62.424	62.382	62.385	62.371	62.335	62.332	62.328	62.307	62.292	62.28	62.255	62.246	62.222	62.175	62.143	62.121	62.09	62.084	62.04	61.982	61.942	61.923	61.908	61.9	61.896	61.87	61.889	61.847	61.843	61.801	61.747	61.699	61.65	61.61	61.596	61.593	61.597	61.585	61.565	61.562	61.519	61.45	61.43	61.41	61.39	61.382	61.317	61.271	61.26	61.223	61.215	61.207	61.202	61.19	61.174	61.157	61.112	61.076	61.036	60.998	60.976	60.929	60.919	60.897	60.837	60.798	60.767	60.743	60.72	60.708	60.679	60.625	60.577	60.529	60.484	60.452	60.437	60.428	60.423	60.417	60.375	60.373	60.328	60.314	60.272	60.218	60.184	60.133	60.105	60.084	60.048	60.019	60.011	59.997	59.967	59.937	59.927	59.922	59.91	59.891	59.878	59.881	59.862	59.844	59.818	59.782	59.74	59.715	59.699	59.691	59.666	59.63	59.608	59.599	59.602	59.584	59.573	59.555	59.571	59.569	59.547	59.522	59.471	59.432	59.427	59.394	59.389	59.337	59.323	59.334	59.343	59.343	59.322	59.314	59.289	59.256
62.406	62.381	62.367	62.357	62.343	62.315	62.294	62.276	62.257	62.237	62.226	62.198	62.181	62.128	62.11	62.069	62.036	62.021	62.013	61.984	61.94	61.891	61.866	61.862	61.849	61.836	61.815	61.811	61.766	61.774	61.719	61.688	61.657	61.616	61.57	61.535	61.569	61.555	61.548	61.531	61.506	61.464	61.418	61.385	61.368	61.326	61.297	61.241	61.232	61.183	61.139	61.1	61.091	61.094	61.084	61.074	61.046	61.003	60.982	60.926	60.892	60.847	60.82	60.786	60.751	60.708	60.674	60.632	60.606	60.587	60.562	60.544	60.495	60.466	60.413	60.359	60.349	60.335	60.318	60.305	60.313	60.276	60.265	60.196	60.173	60.122	60.085	60.041	59.995	59.971	59.925	59.906	59.89	59.864	59.836	59.807	59.785	59.773	59.784	59.767	59.75	59.736	59.705	59.708	59.682	59.646	59.598	59.548	59.528	59.503	59.503	59.486	59.469	59.447	59.435	59.426	59.405	59.388	59.373	59.386	59.359	59.334	59.326	59.268	59.246	59.229	59.187	59.18	59.125	59.123	59.105	59.098	59.094	59.091	59.061	59.053	59.021
62.385	62.371	62.338	62.326	62.299	62.277	62.271	62.257	62.206	62.199	62.166	62.15	62.145	62.095	62.055	62.017	61.985	61.975	61.944	61.908	61.879	61.839	61.82	61.79	61.804	61.783	61.767	61.762	61.724	61.714	61.663	61.671	61.61	61.548	61.511	61.484	61.506	61.512	61.493	61.456	61.432	61.424	61.394	61.338	61.303	61.272	61.247	61.184	61.139	61.093	61.068	61.024	61.016	61.014	61.006	60.987	60.941	60.923	60.885	60.843	60.792	60.743	60.712	60.678	60.629	60.584	60.559	60.516	60.495	60.484	60.443	60.406	60.384	60.349	60.309	60.296	60.272	60.242	60.211	60.185	60.188	60.166	60.133	60.084	60.052	60.004	59.953	59.903	59.864	59.852	59.802	59.762	59.718	59.704	59.688	59.65	59.633	59.612	59.604	59.607	59.608	59.615	59.57	59.573	59.545	59.51	59.457	59.411	59.379	59.363	59.329	59.311	59.295	59.272	59.249	59.222	59.197	59.197	59.19	59.176	59.172	59.158	59.129	59.095	59.052	59.027	58.983	58.963	58.937	58.896	58.869	58.863	58.865	58.884	58.873	58.854	58.834
62.408	62.385	62.328	62.316	62.291	62.252	62.246	62.219	62.16	62.118	62.112	62.09	62.061	62.037	62.01	61.987	61.95	61.913	61.888	61.87	61.832	61.8	61.779	61.746	61.723	61.725	61.724	61.728	61.671	61.643	61.605	61.574	61.518	61.474	61.462	61.438	61.432	61.453	61.426	61.416	61.412	61.375	61.333	61.308	61.27	61.236	61.168	61.118	61.082	61.024	60.958	60.927	60.932	60.93	60.895	60.891	60.861	60.83	60.773	60.749	60.699	60.627	60.575	60.544	60.515	60.477	60.439	60.414	60.389	60.359	60.325	60.305	60.288	60.261	60.202	60.174	60.133	60.102	60.077	60.052	60.043	60.034	60.006	59.951	59.912	59.845	59.801	59.748	59.714	59.7	59.662	59.638	59.591	59.561	59.527	59.486	59.46	59.442	59.419	59.446	59.43	59.416	59.406	59.375	59.357	59.326	59.282	59.225	59.195	59.179	59.161	59.139	59.105	59.069	59.055	59.005	58.999	58.989	58.982	58.941	58.951	58.944	58.917	58.879	58.842	58.807	58.796	58.751	58.712	58.664	58.663	58.684	58.658	58.655	58.64	58.617	58.632
62.391	62.364	62.327	62.279	62.246	62.214	62.19	62.152	62.127	62.076	62.046	62.017	62.006	61.982	61.969	61.949	61.928	61.875	61.862	61.803	61.755	61.716	61.695	61.68	61.649	61.641	61.654	61.64	61.608	61.584	61.548	61.509	61.472	61.42	61.367	61.359	61.389	61.402	61.399	61.344	61.34	61.294	61.261	61.241	61.174	61.15	61.107	61.045	60.968	60.942	60.896	60.857	60.852	60.828	60.803	60.811	60.76	60.727	60.677	60.649	60.589	60.521	60.495	60.456	60.443	60.408	60.38	60.334	60.292	60.263	60.221	60.184	60.169	60.131	60.09	60.024	60.003	59.964	59.918	59.897	59.901	59.877	59.855	59.804	59.756	59.707	59.648	59.58	59.538	59.509	59.49	59.46	59.422	59.385	59.353	59.319	59.279	59.27	59.271	59.265	59.271	59.265	59.235	59.183	59.158	59.111	59.065	59.042	59.023	58.977	58.952	58.914	58.884	58.84	58.822	58.797	58.805	58.788	58.74	58.725	58.703	58.696	58.669	58.624	58.601	58.574	58.546	58.526	58.502	58.443	58.444	58.437	58.44	58.442	58.434	58.406	58.403
62.392	62.338	62.324	62.28	62.242	62.187	62.15	62.108	62.068	62.02	62.014	61.984	61.96	61.953	61.92	61.914	61.895	61.84	61.813	61.743	61.714	61.662	61.637	61.61	61.606	61.6	61.616	61.592	61.551	61.499	61.483	61.457	61.419	61.387	61.352	61.342	61.333	61.316	61.32	61.285	61.247	61.226	61.182	61.148	61.102	61.076	61.007	60.951	60.896	60.866	60.828	60.793	60.757	60.736	60.724	60.71	60.651	60.615	60.576	60.516	60.487	60.447	60.413	60.38	60.373	60.311	60.291	60.225	60.197	60.168	60.13	60.104	60.063	60.036	59.987	59.915	59.871	59.842	59.801	59.779	59.767	59.736	59.702	59.652	59.592	59.542	59.495	59.449	59.41	59.359	59.335	59.302	59.252	59.207	59.169	59.144	59.116	59.094	59.106	59.108	59.112	59.093	59.056	59.017	58.987	58.922	58.886	58.867	58.837	58.794	58.756	58.722	58.673	58.646	58.625	58.601	58.6	58.575	58.528	58.525	58.469	58.449	58.429	58.391	58.36	58.332	58.304	58.281	58.241	58.247	58.221	58.189	58.19	58.197	58.184	58.157	58.142
62.377	62.326	62.277	62.238	62.203	62.154	62.133	62.087	62.075	62.037	61.992	61.948	61.93	61.914	61.895	61.86	61.845	61.806	61.765	61.725	61.687	61.632	61.591	61.58	61.573	61.569	61.563	61.525	61.5	61.47	61.444	61.44	61.391	61.353	61.344	61.286	61.27	61.266	61.23	61.197	61.168	61.126	61.078	61.038	60.993	60.965	60.902	60.854	60.802	60.775	60.74	60.712	60.688	60.648	60.631	60.613	60.572	60.539	60.482	60.444	60.397	60.347	60.325	60.294	60.276	60.217	60.188	60.127	60.095	60.069	60.042	59.997	59.951	59.912	59.848	59.805	59.761	59.727	59.694	59.651	59.639	59.615	59.554	59.498	59.435	59.411	59.365	59.336	59.288	59.254	59.224	59.167	59.108	59.08	59.005	58.976	58.955	58.938	58.936	58.91	58.899	58.872	58.858	58.848	58.813	58.78	58.732	58.682	58.639	58.61	58.529	58.497	58.489	58.447	58.429	58.393	58.368	58.359	58.336	58.333	58.292	58.243	58.198	58.145	58.111	58.07	58.054	58.018	58.014	57.985	57.969	57.942	57.917	57.907	57.926	57.917	57.916
62.388	62.312	62.262	62.239	62.193	62.13	62.103	62.078	62.055	62.03	61.978	61.96	61.923	61.914	61.866	61.836	61.802	61.762	61.734	61.719	61.674	61.634	61.589	61.559	61.544	61.534	61.521	61.497	61.472	61.442	61.395	61.387	61.36	61.332	61.327	61.289	61.234	61.209	61.173	61.16	61.114	61.071	61.027	60.958	60.892	60.869	60.817	60.772	60.713	60.681	60.655	60.613	60.59	60.565	60.56	60.541	60.496	60.448	60.399	60.359	60.313	60.253	60.236	60.2	60.172	60.128	60.077	60.022	59.989	59.962	59.914	59.903	59.823	59.784	59.731	59.691	59.634	59.607	59.557	59.523	59.505	59.469	59.405	59.36	59.306	59.283	59.256	59.211	59.176	59.125	59.077	59.064	58.965	58.909	58.838	58.8	58.781	58.761	58.741	58.698	58.675	58.659	58.669	58.633	58.626	58.589	58.539	58.482	58.442	58.403	58.346	58.324	58.286	58.266	58.241	58.215	58.188	58.157	58.137	58.128	58.09	58.031	57.98	57.93	57.868	57.808	57.791	57.757	57.773	57.75	57.713	57.677	57.647	57.63	57.641	57.649	57.66
62.388	62.31	62.266	62.23	62.191	62.136	62.118	62.076	62.045	62.014	61.977	61.953	61.939	61.906	61.859	61.832	61.788	61.751	61.72	61.702	61.656	61.638	61.582	61.538	61.523	61.513	61.504	61.482	61.433	61.411	61.372	61.356	61.348	61.329	61.295	61.265	61.218	61.164	61.13	61.114	61.066	61.029	60.961	60.892	60.828	60.779	60.742	60.686	60.629	60.612	60.583	60.538	60.511	60.491	60.492	60.455	60.414	60.368	60.315	60.259	60.23	60.187	60.151	60.119	60.083	60.033	59.966	59.913	59.88	59.827	59.801	59.771	59.721	59.686	59.618	59.581	59.546	59.489	59.462	59.409	59.397	59.34	59.28	59.238	59.194	59.178	59.157	59.104	59.049	59.003	58.955	58.925	58.839	58.781	58.734	58.669	58.626	58.592	58.545	58.52	58.497	58.492	58.474	58.451	58.431	58.385	58.32	58.284	58.241	58.182	58.175	58.132	58.088	58.06	58.038	57.996	57.967	57.937	57.917	57.91	57.849	57.796	57.751	57.708	57.649	57.6	57.563	57.528	57.505	57.493	57.478	57.445	57.412	57.364	57.375	57.386	57.385
62.38	62.314	62.262	62.201	62.151	62.138	62.102	62.067	62.047	62.009	61.979	61.969	61.947	61.907	61.877	61.833	61.78	61.759	61.717	61.704	61.669	61.609	61.537	61.498	61.474	61.464	61.472	61.47	61.424	61.412	61.387	61.347	61.322	61.296	61.256	61.203	61.181	61.138	61.11	61.067	61.03	60.974	60.926	60.847	60.777	60.736	60.664	60.632	60.578	60.542	60.539	60.515	60.465	60.447	60.404	60.346	60.318	60.266	60.23	60.201	60.178	60.128	60.067	60.047	59.971	59.9	59.84	59.806	59.77	59.704	59.666	59.624	59.59	59.558	59.512	59.485	59.443	59.397	59.355	59.308	59.276	59.221	59.182	59.13	59.114	59.085	59.046	59	58.933	58.884	58.813	58.756	58.699	58.641	58.578	58.545	58.49	58.427	58.377	58.344	58.302	58.286	58.276	58.267	58.223	58.182	58.152	58.086	58.037	57.99	57.953	57.924	57.901	57.871	57.848	57.813	57.754	57.746	57.716	57.674	57.608	57.571	57.53	57.51	57.464	57.401	57.387	57.334	57.28	57.249	57.212	57.179	57.144	57.123	57.121	57.125	57.136
62.387	62.329	62.26	62.205	62.166	62.12	62.1	62.058	62.014	61.972	61.974	61.972	61.977	61.903	61.853	61.804	61.775	61.741	61.718	61.692	61.634	61.582	61.538	61.497	61.449	61.437	61.452	61.434	61.417	61.403	61.355	61.31	61.278	61.261	61.224	61.167	61.136	61.091	61.045	61.006	60.975	60.939	60.871	60.801	60.74	60.686	60.643	60.59	60.526	60.509	60.502	60.469	60.408	60.367	60.297	60.241	60.195	60.174	60.158	60.13	60.109	60.065	60.004	59.978	59.876	59.798	59.748	59.692	59.659	59.593	59.549	59.505	59.468	59.419	59.379	59.342	59.314	59.274	59.254	59.221	59.159	59.11	59.076	59.014	59.017	58.95	58.907	58.853	58.782	58.719	58.669	58.613	58.52	58.463	58.405	58.353	58.301	58.226	58.177	58.128	58.097	58.094	58.084	58.087	58.039	57.996	57.954	57.882	57.83	57.795	57.773	57.749	57.693	57.673	57.656	57.611	57.571	57.537	57.477	57.43	57.404	57.365	57.331	57.305	57.26	57.207	57.173	57.123	57.074	57.004	56.973	56.929	56.904	56.843	56.814	56.805	56.843
62.327	62.289	62.252	62.208	62.141	62.091	62.073	62.024	61.985	61.977	61.969	61.949	61.949	61.91	61.876	61.818	61.777	61.717	61.695	61.664	61.614	61.539	61.491	61.462	61.44	61.418	61.417	61.381	61.384	61.348	61.334	61.291	61.245	61.218	61.155	61.098	61.049	61.005	60.996	60.953	60.901	60.835	60.791	60.746	60.708	60.676	60.607	60.549	60.525	60.486	60.438	60.384	60.327	60.278	60.211	60.173	60.129	60.123	60.102	60.071	60.022	59.98	59.916	59.869	59.783	59.703	59.648	59.609	59.562	59.512	59.482	59.4	59.351	59.316	59.267	59.237	59.21	59.202	59.166	59.113	59.061	58.969	58.95	58.891	58.856	58.799	58.746	58.698	58.609	58.547	58.476	58.431	58.34	58.29	58.207	58.152	58.081	58.027	57.963	57.928	57.883	57.877	57.847	57.854	57.835	57.787	57.746	57.676	57.627	57.579	57.578	57.539	57.483	57.456	57.435	57.411	57.387	57.351	57.291	57.253	57.188	57.157	57.126	57.08	57.047	57.012	56.975	56.917	56.866	56.779	56.727	56.682	56.648	56.607	56.57	56.559	56.586
62.363	62.328	62.236	62.18	62.153	62.134	62.071	62.004	61.966	61.936	61.936	61.926	61.896	61.863	61.799	61.749	61.736	61.686	61.662	61.613	61.56	61.521	61.487	61.457	61.423	61.395	61.396	61.367	61.362	61.331	61.288	61.233	61.192	61.164	61.087	61.025	60.989	60.978	60.939	60.873	60.84	60.801	60.734	60.693	60.657	60.631	60.588	60.541	60.485	60.435	60.396	60.342	60.246	60.172	60.14	60.099	60.081	60.068	60.031	60.012	59.967	59.884	59.818	59.762	59.686	59.608	59.55	59.533	59.478	59.431	59.389	59.316	59.246	59.212	59.171	59.152	59.117	59.082	59.046	58.977	58.939	58.856	58.823	58.749	58.708	58.649	58.589	58.519	58.446	58.384	58.308	58.283	58.2	58.116	58.048	57.966	57.921	57.848	57.775	57.745	57.687	57.674	57.662	57.622	57.612	57.589	57.544	57.492	57.448	57.397	57.375	57.329	57.281	57.257	57.211	57.183	57.158	57.109	57.069	57.02	56.952	56.913	56.895	56.901	56.883	56.826	56.763	56.733	56.645	56.557	56.511	56.453	56.387	56.341	56.327	56.314	56.306
62.257	62.295	62.212	62.175	62.111	62.066	62.031	61.976	61.932	61.918	61.899	61.881	61.844	61.804	61.752	61.718	61.691	61.649	61.631	61.581	61.512	61.487	61.44	61.395	61.377	61.371	61.355	61.317	61.295	61.278	61.236	61.19	61.145	61.094	61.034	60.98	60.94	60.916	60.862	60.845	60.799	60.735	60.667	60.653	60.619	60.551	60.513	60.455	60.414	60.403	60.355	60.271	60.188	60.128	60.105	60.047	60.023	59.987	59.965	59.922	59.872	59.81	59.746	59.684	59.591	59.516	59.464	59.434	59.388	59.358	59.286	59.232	59.158	59.119	59.071	59.065	59.026	58.972	58.935	58.872	58.815	58.745	58.69	58.619	58.549	58.468	58.405	58.324	58.246	58.18	58.143	58.095	58.02	57.963	57.886	57.823	57.764	57.699	57.646	57.589	57.535	57.492	57.455	57.435	57.413	57.369	57.319	57.277	57.258	57.231	57.195	57.125	57.081	57.02	56.975	56.937	56.895	56.87	56.817	56.749	56.697	56.683	56.654	56.622	56.59	56.553	56.509	56.466	56.366	56.323	56.261	56.207	56.168	56.096	56.083	56.072	56.064
62.277	62.286	62.2	62.157	62.105	62.046	62.011	61.966	61.922	61.893	61.845	61.818	61.797	61.739	61.702	61.684	61.629	61.593	61.549	61.523	61.432	61.392	61.375	61.362	61.336	61.299	61.271	61.246	61.214	61.181	61.161	61.136	61.105	61.047	60.997	60.952	60.895	60.86	60.801	60.757	60.729	60.699	60.637	60.577	60.525	60.496	60.439	60.386	60.359	60.333	60.259	60.198	60.154	60.104	60.054	59.984	59.94	59.893	59.858	59.804	59.754	59.708	59.627	59.565	59.494	59.413	59.36	59.309	59.264	59.232	59.186	59.138	59.072	59.03	58.981	58.948	58.913	58.871	58.823	58.771	58.693	58.629	58.569	58.5	58.416	58.309	58.205	58.134	58.086	58.046	58.004	57.957	57.897	57.813	57.743	57.685	57.62	57.536	57.503	57.42	57.361	57.302	57.262	57.211	57.173	57.133	57.121	57.091	57.061	57.028	56.986	56.913	56.855	56.84	56.793	56.75	56.697	56.645	56.573	56.524	56.488	56.439	56.403	56.36	56.312	56.266	56.237	56.182	56.111	56.052	55.998	55.943	55.89	55.849	55.84	55.813	55.799
62.266	62.253	62.187	62.13	62.102	62.044	61.979	61.923	61.89	61.856	61.813	61.765	61.746	61.696	61.659	61.626	61.598	61.57	61.509	61.439	61.389	61.347	61.313	61.312	61.28	61.231	61.215	61.187	61.158	61.143	61.111	61.069	61.043	61.016	60.947	60.89	60.834	60.812	60.755	60.703	60.683	60.652	60.58	60.506	60.457	60.424	60.376	60.333	60.3	60.252	60.2	60.129	60.076	60.03	59.996	59.93	59.872	59.814	59.759	59.714	59.656	59.573	59.503	59.448	59.397	59.316	59.265	59.2	59.153	59.113	59.075	59.056	58.994	58.966	58.898	58.842	58.809	58.773	58.725	58.657	58.59	58.498	58.464	58.387	58.286	58.185	58.089	58.006	57.964	57.912	57.859	57.823	57.769	57.689	57.605	57.531	57.459	57.374	57.331	57.257	57.187	57.109	57.062	57.016	56.964	56.937	56.915	56.875	56.849	56.812	56.766	56.711	56.64	56.591	56.55	56.531	56.488	56.447	56.362	56.326	56.256	56.239	56.182	56.136	56.063	56.004	55.956	55.889	55.855	55.801	55.767	55.711	55.656	55.595	55.587	55.561	55.543
62.268	62.211	62.156	62.106	62.067	62.03	61.96	61.902	61.874	61.837	61.822	61.763	61.722	61.664	61.628	61.605	61.548	61.502	61.461	61.413	61.368	61.327	61.269	61.27	61.227	61.19	61.157	61.124	61.11	61.077	61.044	61.01	60.99	60.946	60.875	60.829	60.788	60.737	60.702	60.647	60.615	60.564	60.496	60.447	60.396	60.373	60.33	60.295	60.241	60.196	60.11	60.048	59.991	59.938	59.907	59.852	59.812	59.753	59.696	59.611	59.534	59.461	59.404	59.348	59.297	59.23	59.185	59.117	59.058	59.03	58.995	58.959	58.907	58.847	58.776	58.728	58.698	58.642	58.595	58.547	58.483	58.41	58.341	58.265	58.167	58.058	57.968	57.903	57.837	57.773	57.711	57.677	57.621	57.563	57.478	57.374	57.294	57.228	57.166	57.096	56.997	56.937	56.886	56.821	56.779	56.729	56.719	56.69	56.643	56.588	56.529	56.463	56.415	56.388	56.357	56.332	56.288	56.229	56.162	56.1	56.046	55.99	55.951	55.889	55.835	55.764	55.703	55.671	55.636	55.619	55.544	55.488	55.408	55.371	55.331	55.297	55.289
62.241	62.193	62.129	62.091	62.035	61.999	61.933	61.882	61.857	61.827	61.819	61.744	61.706	61.661	61.606	61.564	61.519	61.479	61.433	61.403	61.314	61.276	61.222	61.201	61.189	61.13	61.1	61.073	61.027	60.998	60.984	60.946	60.919	60.893	60.823	60.765	60.713	60.659	60.626	60.576	60.538	60.486	60.417	60.38	60.34	60.317	60.281	60.232	60.179	60.113	60.036	59.968	59.909	59.854	59.815	59.79	59.727	59.668	59.583	59.5	59.401	59.332	59.296	59.235	59.197	59.17	59.111	59.034	58.993	58.944	58.884	58.847	58.808	58.751	58.679	58.612	58.547	58.502	58.449	58.425	58.39	58.313	58.229	58.121	58.017	57.916	57.849	57.785	57.703	57.629	57.576	57.531	57.476	57.404	57.344	57.252	57.178	57.096	57.015	56.947	56.841	56.779	56.691	56.628	56.568	56.523	56.489	56.478	56.418	56.362	56.299	56.245	56.205	56.16	56.122	56.078	56.029	55.971	55.938	55.851	55.807	55.767	55.703	55.657	55.607	55.556	55.509	55.486	55.446	55.393	55.322	55.25	55.22	55.142	55.082	55.053	55.029
62.214	62.203	62.119	62.099	62.04	61.963	61.912	61.855	61.821	61.8	61.756	61.723	61.689	61.641	61.597	61.542	61.479	61.449	61.386	61.358	61.267	61.228	61.178	61.143	61.107	61.083	61.044	61.002	60.951	60.944	60.926	60.899	60.865	60.818	60.782	60.71	60.67	60.597	60.547	60.51	60.491	60.416	60.352	60.314	60.272	60.247	60.218	60.161	60.087	60.014	59.972	59.919	59.863	59.798	59.753	59.727	59.632	59.57	59.49	59.411	59.33	59.251	59.201	59.146	59.113	59.086	59.042	58.958	58.898	58.824	58.787	58.72	58.692	58.642	58.581	58.496	58.429	58.368	58.334	58.304	58.291	58.233	58.144	58.028	57.909	57.818	57.748	57.677	57.607	57.54	57.484	57.434	57.365	57.29	57.224	57.149	57.044	56.978	56.918	56.823	56.71	56.638	56.559	56.493	56.406	56.346	56.296	56.269	56.231	56.177	56.121	56.084	56.015	55.983	55.901	55.862	55.806	55.767	55.695	55.623	55.57	55.52	55.468	55.412	55.351	55.326	55.307	55.278	55.234	55.185	55.126	55.058	55	54.92	54.858	54.839	54.811
62.198	62.223	62.11	62.082	62.023	61.954	61.906	61.846	61.782	61.76	61.721	61.683	61.652	61.584	61.561	61.507	61.449	61.394	61.355	61.305	61.231	61.179	61.127	61.087	61.053	61.015	60.997	60.957	60.907	60.887	60.862	60.836	60.787	60.753	60.714	60.662	60.611	60.558	60.53	60.46	60.421	60.356	60.281	60.242	60.205	60.178	60.143	60.085	60.01	59.934	59.888	59.847	59.779	59.746	59.676	59.625	59.544	59.509	59.429	59.343	59.255	59.189	59.123	59.086	59.038	59.007	58.946	58.863	58.794	58.767	58.72	58.667	58.602	58.556	58.5	58.401	58.332	58.271	58.208	58.197	58.163	58.094	58.04	57.931	57.816	57.737	57.657	57.614	57.55	57.486	57.42	57.35	57.284	57.189	57.136	57.044	56.967	56.892	56.817	56.715	56.593	56.504	56.417	56.333	56.265	56.185	56.141	56.094	56.074	56.038	55.982	55.901	55.815	55.771	55.715	55.639	55.594	55.518	55.456	55.394	55.323	55.308	55.271	55.221	55.142	55.115	55.064	55.049	55.044	54.971	54.93	54.853	54.768	54.725	54.663	54.636	54.613
62.185	62.183	62.077	62.033	61.999	61.941	61.882	61.82	61.765	61.724	61.705	61.647	61.609	61.534	61.509	61.455	61.397	61.36	61.291	61.247	61.15	61.11	61.065	61.02	60.993	60.958	60.963	60.955	60.89	60.859	60.807	60.788	60.731	60.66	60.633	60.561	60.526	60.486	60.468	60.41	60.355	60.3	60.219	60.156	60.118	60.099	60.079	60.003	59.951	59.871	59.835	59.78	59.724	59.692	59.6	59.549	59.483	59.426	59.351	59.266	59.195	59.121	59.058	59.026	58.983	58.926	58.885	58.805	58.741	58.689	58.639	58.58	58.537	58.466	58.442	58.345	58.261	58.184	58.13	58.086	58.03	57.978	57.91	57.821	57.759	57.679	57.601	57.539	57.459	57.382	57.326	57.247	57.178	57.152	57.095	56.995	56.89	56.831	56.713	56.623	56.503	56.388	56.307	56.213	56.112	56.031	55.971	55.949	55.926	55.879	55.823	55.75	55.676	55.605	55.54	55.464	55.402	55.332	55.299	55.217	55.17	55.12	55.075	55.015	54.974	54.94	54.901	54.872	54.814	54.763	54.755	54.693	54.626	54.568	54.509	54.512	54.461
62.225	62.166	62.094	62.026	61.973	61.934	61.877	61.821	61.783	61.705	61.695	61.615	61.569	61.515	61.461	61.404	61.33	61.274	61.225	61.189	61.098	61.053	61.006	60.97	60.954	60.962	60.956	60.942	60.88	60.834	60.79	60.736	60.679	60.605	60.556	60.503	60.471	60.442	60.41	60.333	60.277	60.216	60.146	60.101	60.077	60.028	59.959	59.901	59.885	59.837	59.765	59.69	59.651	59.606	59.56	59.488	59.425	59.37	59.309	59.22	59.137	59.061	59.004	58.961	58.925	58.836	58.809	58.74	58.686	58.625	58.589	58.509	58.427	58.381	58.351	58.26	58.191	58.084	58.054	57.974	57.911	57.864	57.8	57.753	57.675	57.588	57.503	57.447	57.395	57.303	57.208	57.159	57.108	57.079	57.005	56.917	56.818	56.724	56.624	56.538	56.435	56.296	56.202	56.087	55.998	55.908	55.848	55.803	55.785	55.723	55.662	55.612	55.557	55.488	55.4	55.321	55.272	55.176	55.151	55.072	55.036	54.96	54.898	54.82	54.767	54.763	54.737	54.711	54.689	54.647	54.617	54.568	54.49	54.424	54.37	54.384	54.349
62.154	62.141	62.098	62.005	61.945	61.906	61.86	61.8	61.757	61.663	61.657	61.588	61.523	61.45	61.423	61.371	61.3	61.243	61.171	61.114	61.05	60.989	60.958	60.926	60.893	60.898	60.894	60.888	60.86	60.79	60.719	60.685	60.638	60.573	60.514	60.487	60.44	60.37	60.284	60.21	60.173	60.117	60.05	60.009	59.961	59.899	59.87	59.832	59.781	59.739	59.686	59.646	59.585	59.523	59.46	59.404	59.364	59.308	59.227	59.148	59.067	59	58.948	58.889	58.848	58.792	58.733	58.651	58.59	58.551	58.495	58.425	58.34	58.29	58.192	58.147	58.084	58.003	57.927	57.866	57.795	57.756	57.672	57.646	57.56	57.494	57.405	57.315	57.26	57.2	57.103	57.053	56.973	56.928	56.857	56.766	56.656	56.548	56.474	56.39	56.279	56.151	56.05	55.948	55.839	55.776	55.696	55.644	55.582	55.543	55.502	55.457	55.39	55.328	55.239	55.149	55.084	55.024	54.956	54.892	54.827	54.776	54.704	54.644	54.624	54.61	54.591	54.556	54.57	54.516	54.478	54.412	54.313	54.241	54.222	54.178	54.147
62.165	62.165	62.064	62.011	61.943	61.897	61.844	61.801	61.752	61.669	61.617	61.539	61.476	61.419	61.375	61.336	61.265	61.197	61.133	61.085	61.042	60.969	60.92	60.884	60.866	60.869	60.877	60.852	60.794	60.763	60.665	60.625	60.591	60.529	60.494	60.461	60.407	60.317	60.239	60.171	60.104	60.047	59.96	59.91	59.864	59.839	59.788	59.716	59.68	59.641	59.585	59.549	59.494	59.43	59.376	59.321	59.267	59.205	59.135	59.085	59.016	58.918	58.879	58.829	58.789	58.71	58.645	58.565	58.498	58.427	58.355	58.314	58.248	58.157	58.072	58.011	57.965	57.899	57.819	57.755	57.669	57.644	57.566	57.513	57.454	57.382	57.278	57.183	57.126	57.048	56.984	56.924	56.838	56.759	56.703	56.606	56.493	56.411	56.334	56.23	56.132	56.021	55.921	55.848	55.747	55.633	55.545	55.489	55.421	55.386	55.339	55.287	55.199	55.153	55.055	54.978	54.917	54.87	54.784	54.728	54.661	54.616	54.592	54.545	54.512	54.471	54.444	54.441	54.417	54.38	54.302	54.242	54.137	54.068	54.005	53.978	53.932
62.114	62.136	62.035	61.993	61.939	61.883	61.835	61.783	61.709	61.639	61.581	61.524	61.471	61.408	61.358	61.31	61.247	61.199	61.146	61.087	61.023	60.952	60.927	60.882	60.85	60.85	60.818	60.787	60.74	60.698	60.629	60.598	60.546	60.521	60.454	60.413	60.339	60.284	60.18	60.115	60.093	60.009	59.933	59.866	59.809	59.781	59.738	59.672	59.594	59.556	59.531	59.467	59.408	59.337	59.297	59.234	59.166	59.115	59.057	58.991	58.914	58.873	58.813	58.747	58.713	58.621	58.554	58.473	58.405	58.366	58.284	58.192	58.1	58.018	57.954	57.892	57.836	57.756	57.693	57.624	57.571	57.534	57.456	57.403	57.336	57.271	57.159	57.067	56.986	56.928	56.863	56.783	56.686	56.592	56.52	56.436	56.349	56.262	56.18	56.106	56.017	55.916	55.83	55.734	55.64	55.544	55.435	55.364	55.284	55.251	55.183	55.117	55.046	54.979	54.897	54.832	54.752	54.723	54.678	54.628	54.535	54.511	54.472	54.446	54.412	54.362	54.354	54.331	54.283	54.228	54.15	54.062	53.98	53.886	53.836	53.774	53.75
62.057	62.089	62.015	61.979	61.922	61.873	61.816	61.755	61.681	61.606	61.556	61.49	61.418	61.373	61.333	61.26	61.23	61.211	61.161	61.095	61.009	60.962	60.909	60.862	60.821	60.788	60.741	60.699	60.684	60.64	60.59	60.544	60.521	60.474	60.413	60.362	60.291	60.231	60.158	60.081	60.043	59.975	59.893	59.83	59.779	59.74	59.712	59.63	59.541	59.494	59.443	59.392	59.313	59.247	59.223	59.155	59.073	59.012	58.962	58.922	58.848	58.793	58.75	58.689	58.653	58.57	58.489	58.386	58.326	58.259	58.17	58.07	57.982	57.888	57.83	57.781	57.7	57.642	57.57	57.507	57.459	57.411	57.348	57.299	57.231	57.142	57.059	56.95	56.873	56.789	56.722	56.635	56.553	56.456	56.374	56.305	56.219	56.144	56.046	55.983	55.901	55.788	55.735	55.64	55.576	55.469	55.347	55.255	55.153	55.082	55.013	54.952	54.851	54.803	54.76	54.723	54.656	54.626	54.557	54.525	54.457	54.416	54.375	54.347	54.32	54.254	54.229	54.213	54.146	54.086	54.013	53.967	53.858	53.78	53.698	53.624	53.563
62.005	62.033	61.977	61.956	61.911	61.856	61.788	61.702	61.638	61.593	61.522	61.453	61.385	61.336	61.284	61.257	61.216	61.185	61.15	61.105	61.036	60.962	60.888	60.819	60.763	60.713	60.657	60.61	60.617	60.569	60.509	60.466	60.451	60.411	60.351	60.282	60.219	60.172	60.144	60.056	60.014	59.939	59.872	59.799	59.738	59.701	59.649	59.572	59.515	59.454	59.38	59.318	59.24	59.199	59.139	59.065	58.996	58.909	58.879	58.83	58.77	58.725	58.702	58.624	58.583	58.479	58.413	58.325	58.234	58.146	58.073	57.982	57.898	57.819	57.742	57.671	57.602	57.518	57.462	57.386	57.33	57.29	57.241	57.214	57.137	57.052	56.945	56.871	56.78	56.706	56.632	56.555	56.436	56.337	56.272	56.195	56.126	56.029	55.932	55.834	55.764	55.676	55.607	55.545	55.454	55.357	55.211	55.125	55.018	54.932	54.868	54.802	54.731	54.658	54.614	54.571	54.502	54.458	54.414	54.397	54.357	54.328	54.276	54.244	54.19	54.161	54.096	54.049	53.996	53.905	53.84	53.78	53.754	53.677	53.605	53.513	53.441
61.954	62.006	61.927	61.945	61.891	61.832	61.742	61.689	61.608	61.545	61.484	61.415	61.338	61.29	61.239	61.218	61.191	61.151	61.129	61.056	61.002	60.903	60.824	60.745	60.681	60.638	60.597	60.551	60.559	60.499	60.428	60.374	60.357	60.31	60.258	60.192	60.142	60.103	60.08	60.036	59.967	59.907	59.826	59.76	59.715	59.687	59.594	59.531	59.482	59.414	59.301	59.229	59.157	59.123	59.072	58.994	58.928	58.837	58.78	58.729	58.67	58.632	58.628	58.564	58.498	58.411	58.319	58.217	58.124	58.051	57.992	57.901	57.815	57.736	57.654	57.596	57.508	57.428	57.349	57.273	57.21	57.157	57.12	57.095	57.051	56.962	56.885	56.778	56.696	56.612	56.528	56.429	56.33	56.232	56.151	56.076	56.009	55.899	55.811	55.715	55.617	55.497	55.444	55.389	55.331	55.211	55.11	54.988	54.89	54.8	54.702	54.615	54.562	54.523	54.463	54.424	54.369	54.322	54.278	54.236	54.205	54.18	54.163	54.113	54.092	54.019	53.951	53.884	53.827	53.757	53.669	53.625	53.571	53.519	53.451	53.389	53.311
61.865	61.957	61.904	61.887	61.837	61.771	61.712	61.657	61.573	61.513	61.456	61.388	61.304	61.255	61.198	61.164	61.136	61.095	61.076	60.982	60.932	60.857	60.769	60.694	60.623	60.576	60.562	60.493	60.478	60.392	60.342	60.301	60.242	60.183	60.143	60.092	60.063	60.029	60.009	59.975	59.931	59.862	59.794	59.726	59.69	59.646	59.575	59.504	59.429	59.36	59.24	59.166	59.091	59.012	58.956	58.908	58.809	58.736	58.675	58.621	58.578	58.539	58.515	58.464	58.398	58.306	58.195	58.125	58.048	57.984	57.923	57.846	57.739	57.671	57.574	57.507	57.444	57.347	57.243	57.15	57.084	57.04	57.024	57.005	56.934	56.85	56.765	56.668	56.578	56.504	56.4	56.329	56.205	56.117	56.02	55.947	55.864	55.758	55.69	55.603	55.496	55.392	55.315	55.256	55.185	55.094	54.974	54.85	54.766	54.68	54.59	54.502	54.443	54.398	54.375	54.326	54.261	54.202	54.143	54.081	54.046	54.012	54.001	53.963	53.919	53.854	53.763	53.692	53.614	53.569	53.531	53.478	53.405	53.351	53.286	53.225	53.163
61.868	61.886	61.822	61.816	61.809	61.766	61.704	61.639	61.55	61.46	61.412	61.36	61.298	61.245	61.17	61.098	61.052	61.022	60.999	60.937	60.871	60.806	60.718	60.633	60.574	60.531	60.512	60.433	60.378	60.299	60.268	60.194	60.11	60.076	60.068	60.04	60.007	59.966	59.927	59.903	59.885	59.817	59.748	59.691	59.627	59.57	59.501	59.447	59.385	59.305	59.2	59.101	59.027	58.95	58.855	58.798	58.714	58.633	58.567	58.518	58.484	58.451	58.394	58.345	58.298	58.188	58.13	58.057	57.971	57.892	57.825	57.745	57.642	57.577	57.515	57.423	57.355	57.27	57.157	57.081	56.998	56.94	56.913	56.872	56.813	56.733	56.654	56.552	56.465	56.37	56.302	56.224	56.12	56.016	55.907	55.839	55.756	55.664	55.579	55.464	55.351	55.265	55.171	55.11	55.02	54.906	54.795	54.696	54.649	54.53	54.477	54.402	54.348	54.341	54.264	54.185	54.101	54.041	53.989	53.923	53.892	53.854	53.84	53.82	53.779	53.694	53.593	53.541	53.481	53.408	53.367	53.32	53.268	53.217	53.143	53.069	53.012
61.896	61.833	61.809	61.813	61.761	61.704	61.659	61.597	61.535	61.442	61.411	61.334	61.254	61.221	61.143	61.067	60.999	60.957	60.922	60.916	60.799	60.745	60.708	60.638	60.556	60.476	60.433	60.415	60.339	60.302	60.202	60.117	60.053	60.007	59.967	59.962	59.922	59.882	59.853	59.824	59.804	59.762	59.689	59.625	59.57	59.513	59.458	59.404	59.319	59.237	59.155	59.06	58.951	58.872	58.772	58.697	58.627	58.539	58.475	58.423	58.384	58.36	58.303	58.236	58.178	58.108	58.042	57.972	57.891	57.799	57.722	57.622	57.534	57.432	57.402	57.317	57.234	57.193	57.103	57.023	56.966	56.905	56.831	56.773	56.718	56.649	56.581	56.51	56.395	56.318	56.22	56.152	56.033	55.962	55.838	55.735	55.633	55.524	55.441	55.361	55.217	55.138	55.035	54.974	54.852	54.734	54.646	54.549	54.501	54.45	54.384	54.339	54.253	54.213	54.144	54.063	53.995	53.916	53.853	53.804	53.783	53.749	53.728	53.701	53.648	53.563	53.462	53.391	53.328	53.244	53.188	53.143	53.082	53.043	53.004	52.948	52.895
61.848	61.79	61.77	61.74	61.677	61.644	61.576	61.515	61.48	61.395	61.324	61.263	61.226	61.145	61.086	61.027	60.944	60.889	60.846	60.817	60.756	60.676	60.617	60.548	60.491	60.43	60.373	60.34	60.293	60.277	60.165	60.081	60.002	59.951	59.92	59.869	59.814	59.798	59.742	59.722	59.68	59.639	59.589	59.533	59.493	59.464	59.427	59.338	59.267	59.191	59.111	58.996	58.881	58.805	58.719	58.608	58.546	58.473	58.391	58.332	58.3	58.267	58.205	58.157	58.109	58.012	57.944	57.89	57.818	57.715	57.62	57.512	57.451	57.351	57.247	57.196	57.12	57.046	56.965	56.916	56.86	56.802	56.729	56.64	56.583	56.498	56.45	56.369	56.286	56.229	56.152	56.076	55.973	55.902	55.796	55.644	55.514	55.426	55.34	55.254	55.133	55.021	54.901	54.825	54.682	54.567	54.486	54.418	54.386	54.345	54.272	54.214	54.156	54.12	54.065	53.977	53.894	53.818	53.752	53.676	53.65	53.568	53.569	53.558	53.485	53.394	53.297	53.245	53.175	53.092	53.022	52.972	52.932	52.86	52.839	52.818	52.775
61.809	61.772	61.72	61.67	61.607	61.557	61.519	61.481	61.425	61.354	61.282	61.183	61.154	61.081	61.031	60.949	60.887	60.858	60.787	60.733	60.665	60.599	60.552	60.497	60.412	60.371	60.317	60.304	60.244	60.208	60.13	60.052	59.982	59.902	59.85	59.788	59.728	59.698	59.644	59.586	59.518	59.518	59.503	59.461	59.443	59.382	59.364	59.281	59.217	59.153	59.052	58.931	58.845	58.758	58.652	58.566	58.497	58.426	58.322	58.244	58.192	58.164	58.113	58.084	57.99	57.909	57.845	57.778	57.689	57.591	57.504	57.416	57.339	57.25	57.142	57.065	57.002	56.923	56.878	56.799	56.744	56.674	56.606	56.501	56.456	56.355	56.324	56.25	56.165	56.093	56.047	55.977	55.904	55.792	55.684	55.552	55.425	55.319	55.212	55.123	55.001	54.896	54.76	54.641	54.541	54.44	54.362	54.306	54.272	54.252	54.204	54.151	54.08	54.011	53.934	53.859	53.782	53.724	53.655	53.554	53.484	53.431	53.399	53.361	53.318	53.238	53.15	53.117	53.052	52.977	52.895	52.821	52.752	52.718	52.647	52.654	52.617
61.713	61.686	61.635	61.56	61.511	61.468	61.45	61.418	61.364	61.279	61.213	61.106	61.085	61.022	60.96	60.903	60.857	60.819	60.763	60.745	60.664	60.56	60.489	60.419	60.349	60.297	60.292	60.26	60.215	60.15	60.076	60.027	59.946	59.874	59.813	59.73	59.666	59.588	59.52	59.453	59.402	59.407	59.358	59.323	59.353	59.294	59.275	59.202	59.145	59.109	59.013	58.9	58.791	58.673	58.585	58.508	58.452	58.367	58.282	58.196	58.116	58.081	58.03	57.978	57.906	57.838	57.743	57.666	57.567	57.469	57.386	57.322	57.256	57.15	57.07	56.974	56.897	56.831	56.749	56.669	56.626	56.588	56.527	56.391	56.323	56.232	56.156	56.111	56.026	55.995	55.938	55.858	55.782	55.67	55.566	55.444	55.311	55.196	55.084	54.97	54.84	54.752	54.614	54.507	54.406	54.304	54.235	54.199	54.152	54.123	54.084	54.042	54.005	53.915	53.824	53.716	53.662	53.605	53.544	53.482	53.403	53.308	53.238	53.197	53.144	53.093	53.02	52.976	52.953	52.856	52.804	52.716	52.645	52.581	52.548	52.495	52.439
61.618	61.595	61.537	61.488	61.431	61.396	61.36	61.313	61.271	61.204	61.127	61.044	61.011	60.942	60.894	60.825	60.796	60.745	60.72	60.682	60.611	60.522	60.434	60.387	60.309	60.283	60.239	60.201	60.151	60.091	60.031	59.978	59.888	59.814	59.742	59.665	59.581	59.508	59.434	59.354	59.314	59.296	59.266	59.229	59.22	59.186	59.19	59.097	59.056	59.003	58.952	58.846	58.752	58.66	58.541	58.461	58.358	58.268	58.203	58.107	58.031	57.991	57.927	57.878	57.807	57.729	57.618	57.548	57.447	57.375	57.299	57.218	57.15	57.035	56.943	56.879	56.795	56.728	56.668	56.611	56.567	56.498	56.434	56.312	56.236	56.109	56.028	55.954	55.89	55.836	55.798	55.718	55.657	55.55	55.441	55.308	55.162	55.036	54.914	54.829	54.726	54.604	54.501	54.394	54.318	54.216	54.143	54.087	54.066	54.03	53.988	53.941	53.872	53.803	53.696	53.591	53.531	53.479	53.443	53.367	53.31	53.195	53.112	53.021	52.983	52.918	52.876	52.825	52.806	52.767	52.68	52.619	52.531	52.481	52.415	52.364	52.317
61.525	61.489	61.443	61.393	61.333	61.304	61.264	61.188	61.166	61.121	61.059	60.968	60.907	60.863	60.793	60.752	60.72	60.712	60.655	60.616	60.526	60.474	60.392	60.332	60.277	60.233	60.176	60.123	60.065	60.015	59.949	59.888	59.804	59.737	59.653	59.576	59.51	59.436	59.369	59.317	59.278	59.249	59.217	59.15	59.134	59.109	59.097	59.01	58.961	58.896	58.83	58.77	58.701	58.628	58.522	58.42	58.31	58.185	58.121	58.034	57.973	57.918	57.827	57.765	57.666	57.588	57.502	57.428	57.356	57.284	57.221	57.155	57.037	56.958	56.838	56.774	56.721	56.678	56.615	56.541	56.512	56.412	56.347	56.218	56.102	56.01	55.908	55.851	55.771	55.727	55.671	55.571	55.495	55.401	55.292	55.156	55.042	54.913	54.808	54.699	54.621	54.517	54.413	54.31	54.213	54.15	54.06	53.998	53.961	53.923	53.875	53.841	53.782	53.676	53.609	53.486	53.411	53.362	53.328	53.265	53.199	53.149	53.039	52.938	52.865	52.776	52.722	52.667	52.622	52.574	52.548	52.476	52.407	52.328	52.281	52.232	52.192
61.416	61.382	61.311	61.298	61.234	61.24	61.188	61.099	61.078	61.039	60.964	60.879	60.809	60.749	60.728	60.673	60.63	60.629	60.572	60.528	60.462	60.401	60.369	60.313	60.254	60.206	60.118	60.066	59.965	59.913	59.882	59.83	59.722	59.645	59.595	59.499	59.419	59.369	59.276	59.242	59.23	59.202	59.161	59.136	59.069	59.014	58.977	58.895	58.878	58.81	58.741	58.681	58.627	58.592	58.487	58.367	58.251	58.147	58.058	57.985	57.922	57.837	57.756	57.678	57.556	57.467	57.418	57.325	57.271	57.172	57.112	57.039	56.957	56.872	56.755	56.71	56.663	56.604	56.527	56.422	56.377	56.288	56.206	56.101	56.003	55.906	55.794	55.746	55.678	55.607	55.551	55.492	55.394	55.278	55.166	55.046	54.915	54.82	54.717	54.586	54.515	54.426	54.313	54.195	54.108	54.036	53.977	53.933	53.883	53.81	53.754	53.731	53.663	53.598	53.492	53.42	53.344	53.27	53.197	53.137	53.106	53.052	52.954	52.856	52.765	52.648	52.582	52.529	52.446	52.416	52.373	52.319	52.242	52.184	52.163	52.122	52.06
61.324	61.282	61.246	61.199	61.165	61.128	61.074	61.02	60.979	60.94	60.882	60.814	60.751	60.678	60.639	60.576	60.542	60.517	60.469	60.434	60.362	60.322	60.297	60.261	60.221	60.123	60.048	59.96	59.896	59.847	59.815	59.741	59.658	59.592	59.533	59.459	59.366	59.305	59.237	59.185	59.168	59.136	59.087	59.059	58.972	58.916	58.87	58.819	58.765	58.73	58.665	58.594	58.55	58.508	58.432	58.315	58.202	58.08	58.021	57.953	57.853	57.796	57.703	57.612	57.503	57.403	57.295	57.2	57.178	57.054	56.996	56.947	56.879	56.787	56.678	56.658	56.579	56.521	56.44	56.318	56.239	56.165	56.064	55.972	55.879	55.801	55.711	55.643	55.58	55.517	55.451	55.378	55.26	55.139	55.035	54.953	54.814	54.717	54.594	54.464	54.367	54.286	54.178	54.094	54.007	53.907	53.863	53.802	53.75	53.69	53.648	53.613	53.556	53.517	53.424	53.342	53.235	53.142	53.094	53.075	53.008	52.936	52.852	52.754	52.639	52.55	52.448	52.373	52.319	52.25	52.185	52.158	52.091	52.067	51.992	51.963	51.905
61.22	61.201	61.15	61.118	61.09	61.053	60.994	60.958	60.904	60.868	60.843	60.766	60.701	60.604	60.541	60.51	60.451	60.44	60.393	60.357	60.327	60.267	60.229	60.18	60.131	60.025	59.956	59.893	59.813	59.776	59.747	59.697	59.647	59.594	59.509	59.419	59.356	59.297	59.215	59.149	59.093	59.051	58.995	58.926	58.896	58.812	58.777	58.709	58.669	58.627	58.588	58.514	58.459	58.414	58.349	58.248	58.149	58.055	57.97	57.91	57.841	57.73	57.633	57.549	57.43	57.379	57.275	57.154	57.064	56.985	56.942	56.888	56.825	56.75	56.651	56.601	56.512	56.429	56.332	56.221	56.132	56.057	55.979	55.862	55.756	55.647	55.587	55.551	55.486	55.432	55.365	55.277	55.135	55.053	54.95	54.845	54.745	54.608	54.468	54.373	54.265	54.185	54.064	54	53.896	53.804	53.755	53.733	53.691	53.621	53.565	53.511	53.463	53.403	53.345	53.243	53.143	53.07	53.008	53	52.933	52.85	52.777	52.691	52.568	52.429	52.342	52.248	52.173	52.127	52.065	52.032	51.989	51.961	51.909	51.841	51.791
61.181	61.147	61.091	61.048	61.016	60.982	60.94	60.912	60.875	60.827	60.81	60.761	60.677	60.572	60.486	60.447	60.397	60.366	60.349	60.298	60.276	60.238	60.185	60.117	60.059	59.945	59.877	59.813	59.763	59.74	59.703	59.669	59.584	59.55	59.501	59.423	59.353	59.27	59.18	59.12	59.039	58.96	58.915	58.833	58.786	58.696	58.667	58.614	58.55	58.504	58.461	58.409	58.347	58.296	58.23	58.157	58.053	57.957	57.918	57.856	57.806	57.713	57.592	57.513	57.395	57.295	57.202	57.102	57.009	56.941	56.887	56.824	56.768	56.703	56.634	56.537	56.435	56.348	56.264	56.136	56.034	55.947	55.849	55.732	55.637	55.548	55.458	55.412	55.393	55.32	55.245	55.153	55.07	54.981	54.901	54.754	54.62	54.472	54.359	54.247	54.142	54.069	54.01	53.936	53.824	53.712	53.653	53.621	53.61	53.548	53.49	53.437	53.379	53.3	53.236	53.156	53.061	52.995	52.95	52.883	52.837	52.746	52.645	52.547	52.452	52.334	52.266	52.163	52.088	52.044	51.959	51.906	51.856	51.822	51.796	51.742	51.687
61.074	61.015	60.964	60.912	60.881	60.879	60.847	60.836	60.8	60.742	60.686	60.66	60.619	60.549	60.471	60.412	60.361	60.33	60.302	60.259	60.188	60.155	60.107	60.035	59.964	59.874	59.807	59.74	59.693	59.667	59.63	59.59	59.527	59.473	59.405	59.354	59.266	59.207	59.122	59.04	58.959	58.876	58.829	58.756	58.695	58.625	58.56	58.5	58.428	58.412	58.386	58.323	58.247	58.179	58.115	58.024	57.971	57.903	57.854	57.753	57.717	57.676	57.578	57.453	57.353	57.247	57.136	57.047	56.969	56.91	56.833	56.788	56.696	56.605	56.526	56.461	56.337	56.252	56.185	56.071	55.962	55.849	55.761	55.636	55.512	55.417	55.34	55.276	55.228	55.168	55.08	55.019	54.955	54.823	54.74	54.635	54.498	54.355	54.23	54.128	54.041	53.958	53.867	53.781	53.686	53.581	53.519	53.486	53.428	53.414	53.389	53.323	53.264	53.18	53.103	53.046	52.972	52.918	52.857	52.755	52.701	52.619	52.535	52.445	52.344	52.23	52.144	52.087	52.017	51.954	51.883	51.791	51.705	51.648	51.607	51.555	51.511
60.972	60.94	60.887	60.845	60.792	60.795	60.767	60.738	60.689	60.637	60.595	60.612	60.561	60.529	60.466	60.39	60.324	60.275	60.236	60.196	60.107	60.049	60.025	59.968	59.923	59.837	59.768	59.704	59.647	59.621	59.576	59.517	59.465	59.387	59.334	59.264	59.166	59.123	59.05	58.966	58.897	58.822	58.742	58.662	58.597	58.505	58.448	58.389	58.356	58.298	58.249	58.2	58.111	58.062	57.965	57.891	57.862	57.814	57.772	57.682	57.615	57.537	57.477	57.391	57.258	57.151	57.073	57.008	56.907	56.853	56.775	56.698	56.607	56.513	56.441	56.379	56.294	56.197	56.108	56.007	55.879	55.802	55.714	55.563	55.479	55.358	55.277	55.185	55.121	55.071	54.974	54.887	54.805	54.719	54.626	54.491	54.34	54.2	54.101	54.017	53.91	53.808	53.747	53.641	53.538	53.477	53.4	53.386	53.353	53.302	53.285	53.216	53.135	53.063	52.983	52.949	52.87	52.821	52.769	52.69	52.588	52.522	52.452	52.363	52.267	52.167	52.079	51.982	51.921	51.872	51.787	51.714	51.619	51.586	51.506	51.411	51.367
60.945	60.878	60.817	60.773	60.733	60.719	60.691	60.65	60.607	60.554	60.494	60.488	60.492	60.45	60.411	60.337	60.297	60.229	60.181	60.112	60.048	59.983	59.954	59.917	59.832	59.75	59.686	59.622	59.592	59.548	59.522	59.44	59.368	59.302	59.237	59.155	59.038	58.984	58.936	58.859	58.788	58.693	58.62	58.541	58.473	58.402	58.324	58.287	58.242	58.212	58.118	58.038	57.986	57.908	57.869	57.804	57.749	57.702	57.635	57.587	57.519	57.452	57.372	57.264	57.172	57.085	56.994	56.914	56.843	56.774	56.669	56.605	56.491	56.429	56.368	56.303	56.234	56.134	56.052	55.925	55.831	55.744	55.658	55.551	55.418	55.309	55.196	55.124	55.035	54.939	54.838	54.742	54.661	54.58	54.484	54.382	54.228	54.112	54.002	53.941	53.817	53.72	53.611	53.526	53.458	53.365	53.338	53.294	53.267	53.18	53.12	53.111	53.031	52.992	52.939	52.869	52.851	52.736	52.708	52.637	52.567	52.448	52.341	52.287	52.215	52.134	52.059	51.955	51.897	51.822	51.781	51.673	51.564	51.479	51.376	51.291	51.234
60.905	60.861	60.771	60.728	60.688	60.68	60.64	60.583	60.536	60.461	60.423	60.396	60.397	60.377	60.32	60.282	60.215	60.173	60.144	60.056	60.019	59.94	59.897	59.843	59.786	59.696	59.615	59.553	59.523	59.495	59.455	59.347	59.282	59.193	59.112	59.029	58.948	58.883	58.817	58.755	58.674	58.62	58.534	58.457	58.399	58.305	58.265	58.185	58.128	58.086	58.041	57.904	57.801	57.737	57.692	57.713	57.662	57.607	57.524	57.422	57.403	57.329	57.242	57.156	57.03	56.979	56.893	56.836	56.771	56.692	56.619	56.537	56.461	56.361	56.32	56.237	56.134	56.075	55.979	55.909	55.78	55.699	55.617	55.495	55.389	55.239	55.152	55.058	54.958	54.831	54.705	54.599	54.507	54.434	54.359	54.224	54.124	54.014	53.923	53.853	53.743	53.663	53.558	53.488	53.383	53.34	53.272	53.197	53.155	53.074	53.011	52.983	52.965	52.911	52.874	52.825	52.755	52.73	52.678	52.624	52.563	52.42	52.307	52.19	52.11	52.02	51.96	51.889	51.799	51.742	51.658	51.598	51.495	51.41	51.302	51.188	51.154
60.848	60.807	60.723	60.68	60.663	60.607	60.583	60.522	60.473	60.405	60.381	60.323	60.31	60.267	60.245	60.18	60.161	60.131	60.07	59.986	59.951	59.88	59.827	59.808	59.721	59.633	59.538	59.443	59.397	59.383	59.342	59.247	59.169	59.089	59.019	58.942	58.864	58.772	58.7	58.628	58.558	58.493	58.44	58.362	58.303	58.255	58.159	58.123	58.071	58.001	57.921	57.8	57.713	57.663	57.599	57.597	57.574	57.503	57.435	57.363	57.293	57.203	57.116	57.042	56.933	56.87	56.805	56.767	56.743	56.65	56.581	56.506	56.428	56.347	56.248	56.167	56.081	55.996	55.913	55.84	55.741	55.669	55.588	55.469	55.352	55.25	55.128	55	54.891	54.752	54.614	54.488	54.365	54.281	54.197	54.09	53.996	53.919	53.864	53.781	53.708	53.638	53.536	53.421	53.34	53.253	53.208	53.132	53.061	52.985	52.919	52.856	52.834	52.781	52.76	52.719	52.689	52.671	52.653	52.622	52.525	52.397	52.285	52.157	52.05	51.977	51.887	51.779	51.732	51.662	51.585	51.493	51.414	51.314	51.2	51.14	51.075
60.749	60.701	60.652	60.634	60.591	60.553	60.51	60.434	60.42	60.355	60.308	60.269	60.222	60.217	60.191	60.149	60.105	60.075	59.992	59.906	59.857	59.805	59.743	59.727	59.61	59.561	59.463	59.356	59.322	59.243	59.177	59.094	59.049	58.956	58.919	58.849	58.758	58.695	58.599	58.553	58.473	58.351	58.309	58.251	58.21	58.158	58.096	58.039	57.934	57.891	57.812	57.716	57.64	57.582	57.543	57.531	57.507	57.436	57.368	57.297	57.194	57.091	56.98	56.941	56.844	56.777	56.732	56.713	56.689	56.606	56.538	56.449	56.369	56.304	56.207	56.117	56.059	55.93	55.828	55.722	55.635	55.562	55.464	55.407	55.28	55.187	55.06	54.963	54.845	54.7	54.54	54.394	54.295	54.167	54.083	53.985	53.875	53.839	53.787	53.736	53.652	53.574	53.468	53.336	53.261	53.182	53.133	53.07	52.972	52.927	52.832	52.771	52.738	52.678	52.665	52.65	52.649	52.621	52.622	52.522	52.438	52.388	52.265	52.123	52.006	51.916	51.828	51.704	51.652	51.589	51.538	51.409	51.287	51.217	51.106	51.058	51
60.638	60.601	60.559	60.563	60.531	60.514	60.444	60.405	60.345	60.308	60.271	60.214	60.18	60.151	60.117	60.068	60.034	59.995	59.931	59.853	59.753	59.731	59.67	59.607	59.539	59.458	59.393	59.294	59.2	59.132	59.06	59.009	58.925	58.853	58.782	58.758	58.683	58.604	58.535	58.466	58.398	58.28	58.202	58.163	58.099	58.052	57.999	57.91	57.834	57.766	57.706	57.629	57.561	57.514	57.466	57.441	57.384	57.333	57.262	57.178	57.108	56.992	56.928	56.799	56.758	56.712	56.662	56.664	56.615	56.561	56.489	56.392	56.329	56.246	56.182	56.09	56.005	55.888	55.76	55.643	55.529	55.482	55.405	55.303	55.213	55.107	54.997	54.868	54.775	54.627	54.465	54.337	54.211	54.118	53.997	53.923	53.805	53.753	53.736	53.68	53.572	53.488	53.362	53.26	53.177	53.112	53.061	52.994	52.934	52.842	52.757	52.69	52.647	52.63	52.594	52.579	52.568	52.563	52.538	52.443	52.367	52.276	52.225	52.102	51.987	51.832	51.727	51.645	51.572	51.538	51.472	51.327	51.248	51.14	51.045	50.977	50.954
60.528	60.504	60.501	60.492	60.453	60.452	60.418	60.369	60.339	60.275	60.251	60.202	60.121	60.073	60.023	59.983	59.95	59.88	59.829	59.776	59.705	59.614	59.582	59.523	59.454	59.334	59.258	59.194	59.112	59.027	58.974	58.907	58.851	58.792	58.728	58.695	58.62	58.55	58.463	58.394	58.322	58.2	58.139	58.052	57.995	57.953	57.894	57.803	57.717	57.658	57.579	57.522	57.469	57.415	57.396	57.362	57.307	57.236	57.175	57.099	57.003	56.901	56.812	56.744	56.687	56.607	56.59	56.584	56.555	56.488	56.429	56.345	56.268	56.228	56.152	56.066	55.978	55.852	55.727	55.605	55.494	55.369	55.284	55.181	55.098	55.017	54.926	54.81	54.722	54.585	54.434	54.293	54.148	54.032	53.98	53.878	53.785	53.719	53.666	53.587	53.516	53.391	53.244	53.156	53.087	53.028	52.974	52.91	52.861	52.784	52.678	52.642	52.573	52.541	52.516	52.491	52.48	52.46	52.464	52.372	52.302	52.204	52.119	52.051	51.91	51.796	51.699	51.609	51.52	51.447	51.364	51.257	51.2	51.119	51.021	50.967	50.915
60.454	60.423	60.428	60.425	60.434	60.43	60.396	60.339	60.296	60.246	60.192	60.148	60.082	60.024	59.914	59.883	59.842	59.765	59.729	59.673	59.619	59.532	59.477	59.38	59.311	59.247	59.196	59.119	59.04	58.929	58.884	58.832	58.766	58.731	58.708	58.646	58.582	58.534	58.473	58.396	58.277	58.196	58.089	57.997	57.901	57.805	57.766	57.698	57.636	57.565	57.482	57.439	57.408	57.34	57.285	57.276	57.215	57.152	57.05	56.983	56.902	56.819	56.744	56.669	56.621	56.539	56.528	56.489	56.428	56.404	56.313	56.246	56.187	56.136	56.085	55.993	55.892	55.784	55.64	55.536	55.435	55.333	55.214	55.093	55.002	54.947	54.86	54.781	54.697	54.545	54.423	54.259	54.121	53.994	53.903	53.817	53.749	53.668	53.59	53.498	53.448	53.319	53.178	53.096	53.022	52.963	52.913	52.85	52.786	52.711	52.627	52.55	52.525	52.45	52.431	52.389	52.372	52.351	52.364	52.286	52.236	52.146	52.031	51.962	51.875	51.762	51.643	51.55	51.456	51.379	51.318	51.189	51.096	51.016	50.945	50.895	50.869
60.341	60.334	60.316	60.304	60.344	60.362	60.34	60.305	60.25	60.226	60.163	60.082	59.982	59.897	59.828	59.769	59.719	59.657	59.607	59.563	59.488	59.426	59.357	59.284	59.22	59.159	59.083	59	58.943	58.831	58.777	58.726	58.685	58.683	58.674	58.618	58.528	58.479	58.41	58.303	58.185	58.101	57.984	57.855	57.723	57.644	57.595	57.539	57.478	57.437	57.371	57.299	57.274	57.247	57.207	57.165	57.117	57.049	56.946	56.858	56.77	56.709	56.654	56.57	56.495	56.434	56.412	56.379	56.312	56.281	56.217	56.135	56.089	56.018	55.963	55.894	55.787	55.681	55.587	55.465	55.361	55.264	55.144	55.023	54.941	54.866	54.775	54.706	54.632	54.464	54.276	54.128	54.023	53.955	53.839	53.76	53.678	53.6	53.552	53.434	53.321	53.202	53.099	53.028	52.97	52.927	52.85	52.785	52.726	52.652	52.588	52.499	52.435	52.376	52.318	52.262	52.229	52.267	52.27	52.17	52.106	52.038	51.987	51.883	51.84	51.74	51.609	51.517	51.409	51.337	51.266	51.137	51.029	50.937	50.861	50.802	50.798
60.208	60.189	60.168	60.179	60.232	60.244	60.232	60.199	60.195	60.158	60.099	60.021	59.926	59.85	59.759	59.669	59.608	59.534	59.483	59.397	59.364	59.293	59.255	59.203	59.136	59.079	58.997	58.935	58.852	58.725	58.679	58.634	58.615	58.604	58.604	58.555	58.482	58.416	58.314	58.215	58.103	58.014	57.922	57.777	57.637	57.546	57.465	57.425	57.372	57.352	57.276	57.232	57.225	57.151	57.118	57.025	56.994	56.924	56.822	56.743	56.645	56.582	56.509	56.432	56.374	56.3	56.278	56.2	56.189	56.136	56.117	56.033	55.945	55.886	55.777	55.718	55.667	55.571	55.469	55.324	55.253	55.161	55.082	54.965	54.88	54.792	54.701	54.631	54.511	54.384	54.233	54.065	53.968	53.857	53.812	53.73	53.625	53.547	53.437	53.342	53.241	53.126	53.02	52.928	52.901	52.856	52.827	52.781	52.709	52.629	52.547	52.479	52.398	52.304	52.254	52.178	52.133	52.12	52.132	52.057	51.982	51.964	51.879	51.822	51.737	51.639	51.583	51.443	51.328	51.247	51.171	51.032	50.905	50.848	50.811	50.769	50.725
60.107	60.074	60.06	60.033	60.089	60.092	60.067	60.111	60.094	60.08	60.029	59.933	59.877	59.777	59.71	59.598	59.56	59.481	59.403	59.325	59.248	59.228	59.181	59.11	59.063	58.992	58.925	58.843	58.75	58.686	58.601	58.546	58.51	58.503	58.503	58.448	58.408	58.322	58.261	58.138	58.04	57.923	57.809	57.668	57.557	57.469	57.375	57.327	57.276	57.219	57.178	57.139	57.108	57.055	56.986	56.923	56.836	56.753	56.667	56.571	56.51	56.407	56.349	56.26	56.184	56.151	56.113	56.097	56.042	56.06	56.039	55.935	55.84	55.708	55.628	55.541	55.486	55.409	55.319	55.265	55.154	55.06	54.983	54.902	54.803	54.684	54.624	54.551	54.45	54.31	54.156	54.063	53.924	53.825	53.804	53.707	53.613	53.469	53.368	53.267	53.198	53.107	52.98	52.897	52.84	52.821	52.775	52.709	52.681	52.568	52.513	52.419	52.367	52.266	52.194	52.143	52.05	52.033	52.021	51.957	51.928	51.811	51.757	51.699	51.655	51.594	51.478	51.383	51.247	51.199	51.089	50.968	50.859	50.764	50.748	50.708	50.655
59.985	59.991	59.942	59.938	59.927	59.943	59.969	59.971	60.002	59.971	59.963	59.897	59.811	59.786	59.648	59.584	59.527	59.451	59.374	59.275	59.216	59.154	59.123	59.051	58.975	58.953	58.849	58.788	58.69	58.628	58.573	58.489	58.479	58.432	58.42	58.345	58.274	58.255	58.175	58.065	57.969	57.822	57.726	57.572	57.473	57.382	57.296	57.245	57.175	57.143	57.07	57.014	56.985	56.885	56.828	56.734	56.678	56.604	56.545	56.419	56.318	56.261	56.16	56.106	56.044	55.992	55.963	55.922	55.935	55.906	55.892	55.843	55.716	55.638	55.505	55.412	55.364	55.29	55.266	55.135	55.071	54.992	54.897	54.824	54.713	54.653	54.556	54.491	54.387	54.239	54.125	54.008	53.946	53.823	53.784	53.687	53.566	53.42	53.293	53.22	53.16	53.057	52.985	52.85	52.796	52.738	52.699	52.643	52.567	52.529	52.392	52.332	52.271	52.181	52.135	52.035	51.993	51.936	51.918	51.903	51.826	51.792	51.67	51.636	51.587	51.499	51.451	51.304	51.23	51.129	51.024	50.923	50.798	50.749	50.683	50.669	50.582
59.919	59.87	59.856	59.836	59.843	59.868	59.85	59.868	59.849	59.874	59.831	59.807	59.791	59.718	59.692	59.593	59.535	59.462	59.332	59.253	59.153	59.111	59.079	58.986	58.946	58.862	58.82	58.757	58.689	58.61	58.516	58.46	58.391	58.366	58.313	58.244	58.159	58.111	58.088	57.979	57.881	57.747	57.624	57.52	57.386	57.312	57.21	57.152	57.108	57.048	56.992	56.915	56.865	56.784	56.687	56.629	56.558	56.48	56.438	56.328	56.237	56.099	56.027	55.955	55.936	55.927	55.854	55.856	55.788	55.769	55.747	55.666	55.609	55.49	55.412	55.314	55.264	55.21	55.111	55.046	54.974	54.936	54.821	54.733	54.668	54.591	54.537	54.443	54.329	54.239	54.042	53.974	53.894	53.833	53.756	53.645	53.546	53.385	53.28	53.183	53.139	53.037	52.927	52.855	52.736	52.701	52.646	52.557	52.503	52.385	52.345	52.262	52.186	52.116	52.043	52.009	51.918	51.915	51.876	51.843	51.798	51.704	51.685	51.555	51.55	51.454	51.351	51.297	51.172	51.096	51.013	50.874	50.821	50.714	50.654	50.611	50.541
59.791	59.772	59.741	59.731	59.753	59.739	59.755	59.725	59.75	59.749	59.723	59.693	59.661	59.684	59.601	59.555	59.494	59.439	59.347	59.192	59.122	59.069	59.028	58.943	58.875	58.827	58.762	58.755	58.669	58.583	58.493	58.393	58.353	58.286	58.234	58.199	58.09	58.017	57.961	57.895	57.821	57.678	57.585	57.419	57.342	57.234	57.156	57.063	57.005	56.982	56.913	56.84	56.796	56.699	56.624	56.509	56.439	56.344	56.321	56.231	56.112	56.027	55.922	55.897	55.847	55.812	55.798	55.73	55.679	55.619	55.609	55.532	55.414	55.389	55.301	55.234	55.168	55.091	55.053	54.969	54.938	54.843	54.771	54.687	54.602	54.545	54.446	54.387	54.307	54.195	54.076	53.954	53.874	53.781	53.744	53.637	53.511	53.423	53.261	53.204	53.099	53.018	52.925	52.809	52.763	52.621	52.57	52.492	52.374	52.318	52.232	52.23	52.149	52.074	52.016	51.941	51.94	51.886	51.869	51.829	51.744	51.717	51.611	51.56	51.485	51.425	51.356	51.253	51.187	51.083	50.988	50.86	50.738	50.717	50.607	50.549	50.511
59.736	59.657	59.672	59.638	59.692	59.668	59.666	59.654	59.647	59.642	59.609	59.59	59.582	59.571	59.574	59.503	59.427	59.394	59.298	59.211	59.102	59.056	59.03	58.902	58.848	58.782	58.723	58.688	58.658	58.554	58.445	58.371	58.304	58.277	58.209	58.168	58.084	57.963	57.855	57.774	57.712	57.594	57.514	57.43	57.287	57.217	57.109	56.987	56.917	56.868	56.843	56.783	56.717	56.64	56.525	56.435	56.349	56.258	56.189	56.094	56.029	55.934	55.868	55.796	55.785	55.718	55.681	55.651	55.592	55.549	55.493	55.385	55.333	55.271	55.199	55.129	55.066	55.021	54.939	54.883	54.805	54.761	54.704	54.597	54.566	54.436	54.376	54.308	54.244	54.127	54.054	53.956	53.833	53.782	53.693	53.595	53.494	53.369	53.278	53.201	53.113	53.011	52.89	52.823	52.715	52.648	52.567	52.445	52.349	52.256	52.238	52.186	52.138	52.08	51.979	51.931	51.873	51.89	51.802	51.756	51.74	51.664	51.606	51.508	51.457	51.383	51.274	51.211	51.11	51.058	50.941	50.845	50.76	50.675	50.6	50.499	50.45
59.666	59.595	59.565	59.593	59.619	59.589	59.58	59.571	59.56	59.54	59.535	59.497	59.492	59.488	59.462	59.463	59.4	59.333	59.245	59.156	59.097	59.044	58.986	58.916	58.858	58.787	58.733	58.685	58.63	58.532	58.45	58.364	58.302	58.25	58.237	58.156	58.051	57.951	57.841	57.736	57.632	57.518	57.45	57.337	57.248	57.146	57.07	56.96	56.849	56.774	56.698	56.658	56.572	56.535	56.466	56.377	56.303	56.179	56.087	56.029	55.921	55.834	55.772	55.743	55.707	55.653	55.615	55.545	55.517	55.458	55.408	55.345	55.249	55.173	55.133	55.069	55.014	54.93	54.862	54.771	54.701	54.613	54.547	54.504	54.456	54.403	54.315	54.208	54.168	54.082	53.971	53.914	53.829	53.737	53.683	53.568	53.443	53.378	53.29	53.233	53.138	53.001	52.926	52.831	52.744	52.627	52.568	52.447	52.356	52.304	52.246	52.219	52.162	52.075	51.99	51.904	51.837	51.805	51.779	51.718	51.672	51.657	51.584	51.5	51.424	51.336	51.265	51.192	51.113	51.014	50.931	50.821	50.731	50.663	50.572	50.498	50.419
59.628	59.558	59.539	59.548	59.533	59.561	59.538	59.514	59.506	59.472	59.475	59.438	59.415	59.4	59.371	59.359	59.299	59.223	59.172	59.107	59.066	58.996	58.946	58.898	58.839	58.767	58.74	58.676	58.629	58.554	58.465	58.369	58.317	58.275	58.232	58.122	58.018	57.918	57.814	57.712	57.627	57.507	57.414	57.346	57.233	57.134	57.042	56.883	56.779	56.68	56.638	56.564	56.493	56.427	56.4	56.341	56.254	56.142	56.025	55.898	55.787	55.726	55.697	55.668	55.655	55.575	55.522	55.479	55.433	55.404	55.339	55.237	55.162	55.067	55.013	54.998	54.923	54.859	54.798	54.71	54.611	54.549	54.445	54.424	54.39	54.335	54.27	54.174	54.1	54.008	53.951	53.918	53.841	53.754	53.691	53.577	53.44	53.371	53.29	53.226	53.148	53.021	52.924	52.836	52.744	52.654	52.6	52.499	52.427	52.356	52.296	52.237	52.2	52.143	52.061	52.005	51.901	51.841	51.812	51.704	51.651	51.613	51.553	51.488	51.397	51.316	51.244	51.16	51.077	50.998	50.893	50.78	50.712	50.65	50.552	50.46	50.42
59.607	59.557	59.53	59.521	59.467	59.473	59.45	59.449	59.425	59.42	59.44	59.405	59.374	59.316	59.272	59.243	59.203	59.111	59.067	59.035	58.996	58.935	58.908	58.879	58.794	58.739	58.703	58.657	58.595	58.504	58.433	58.362	58.285	58.241	58.213	58.091	57.991	57.885	57.792	57.688	57.568	57.443	57.349	57.277	57.17	57.058	56.982	56.831	56.719	56.611	56.546	56.501	56.466	56.365	56.305	56.271	56.168	56.067	55.984	55.832	55.722	55.647	55.586	55.556	55.553	55.477	55.439	55.389	55.337	55.31	55.286	55.18	55.116	55.017	54.938	54.889	54.824	54.772	54.678	54.609	54.528	54.481	54.38	54.368	54.296	54.217	54.189	54.112	54.02	53.94	53.849	53.778	53.722	53.669	53.605	53.514	53.414	53.301	53.249	53.197	53.122	53.042	52.92	52.853	52.767	52.692	52.617	52.569	52.494	52.415	52.349	52.247	52.2	52.15	52.075	52.009	51.936	51.874	51.845	51.703	51.649	51.59	51.49	51.44	51.35	51.274	51.192	51.135	51.059	50.981	50.881	50.775	50.7	50.62	50.57	50.476	50.349
59.554	59.527	59.49	59.505	59.466	59.415	59.415	59.405	59.408	59.355	59.365	59.379	59.307	59.27	59.209	59.153	59.145	59.032	58.974	58.932	58.886	58.845	58.848	58.822	58.757	58.699	58.647	58.619	58.595	58.521	58.468	58.352	58.256	58.186	58.165	58.067	57.961	57.857	57.714	57.624	57.524	57.411	57.293	57.202	57.129	57.004	56.939	56.827	56.67	56.596	56.509	56.468	56.438	56.352	56.257	56.171	56.104	56.019	55.93	55.848	55.688	55.588	55.519	55.491	55.46	55.4	55.333	55.269	55.251	55.204	55.166	55.073	55.005	54.96	54.864	54.849	54.788	54.682	54.596	54.506	54.452	54.383	54.35	54.274	54.218	54.168	54.083	54.019	53.964	53.865	53.777	53.671	53.622	53.573	53.535	53.464	53.352	53.287	53.209	53.187	53.122	53.029	52.951	52.84	52.778	52.697	52.649	52.61	52.541	52.486	52.401	52.313	52.228	52.152	52.087	51.971	51.929	51.842	51.819	51.735	51.626	51.569	51.474	51.438	51.343	51.247	51.182	51.066	51.019	50.926	50.865	50.766	50.661	50.608	50.524	50.424	50.325
59.542	59.473	59.463	59.439	59.422	59.386	59.319	59.332	59.295	59.292	59.297	59.254	59.238	59.192	59.177	59.102	59.07	59.013	58.924	58.882	58.813	58.817	58.803	58.75	58.724	58.643	58.637	58.559	58.538	58.497	58.406	58.353	58.225	58.146	58.077	57.987	57.915	57.792	57.696	57.55	57.463	57.34	57.187	57.143	57.027	56.944	56.836	56.758	56.688	56.566	56.524	56.45	56.407	56.34	56.196	56.118	56.011	55.987	55.924	55.808	55.701	55.554	55.511	55.435	55.428	55.394	55.282	55.229	55.151	55.11	55.048	54.978	54.934	54.846	54.817	54.757	54.719	54.637	54.503	54.442	54.359	54.297	54.255	54.141	54.148	54.085	54.016	53.906	53.868	53.781	53.684	53.613	53.535	53.504	53.463	53.379	53.328	53.246	53.207	53.151	53.123	53.045	52.925	52.882	52.746	52.697	52.646	52.586	52.575	52.471	52.427	52.301	52.236	52.141	52.04	52.012	51.885	51.875	51.802	51.715	51.668	51.531	51.47	51.4	51.354	51.257	51.157	51.101	50.981	50.945	50.901	50.774	50.666	50.543	50.479	50.388	50.315
59.471	59.458	59.374	59.413	59.403	59.345	59.308	59.247	59.228	59.189	59.179	59.159	59.1	59.129	59.093	59.079	59.005	58.918	58.883	58.811	58.81	58.773	58.776	58.738	58.658	58.595	58.52	58.524	58.498	58.441	58.363	58.268	58.188	58.07	58.028	57.952	57.846	57.746	57.631	57.56	57.422	57.265	57.181	57.051	56.984	56.88	56.798	56.722	56.626	56.563	56.472	56.439	56.372	56.267	56.179	56.074	56.02	55.928	55.857	55.768	55.65	55.545	55.422	55.411	55.385	55.341	55.283	55.206	55.147	55.039	54.954	54.917	54.826	54.811	54.699	54.677	54.619	54.524	54.432	54.322	54.28	54.199	54.159	54.093	54.014	54.018	53.932	53.859	53.761	53.685	53.602	53.525	53.528	53.48	53.421	53.327	53.251	53.229	53.125	53.102	53.048	52.974	52.916	52.808	52.778	52.676	52.609	52.546	52.482	52.501	52.371	52.285	52.197	52.102	52.052	51.932	51.912	51.812	51.761	51.731	51.605	51.54	51.395	51.376	51.32	51.245	51.174	51.046	51.046	50.925	50.883	50.804	50.682	50.577	50.438	50.384	50.337
