61.953	61.956	61.923	61.89	61.899	61.895	61.891	61.906	61.908	61.888	61.873	61.859	61.857	61.838	61.821	61.797	61.791	61.776	61.763	61.767	61.747	61.743	61.738	61.715	61.711	61.707	61.716	61.669	61.665	61.632	61.629	61.617	61.58	61.578	61.551	61.539	61.528	61.52	61.506	61.486	61.475	61.484	61.49	61.489	61.493	61.484	61.494	61.461	61.452	61.446	61.433	61.428	61.423	61.422	61.406	61.392	61.36	61.347	61.327	61.313	61.292	61.273	61.269	61.245	61.237	61.206	61.181	61.153	61.132	61.112	61.105	61.118	61.108	61.101	61.071	61.049	61.018	60.98	60.951	60.929	60.889	60.859	60.84	60.82	60.796	60.775	60.766	60.766	60.761	60.749	60.755	60.761	60.747	60.736	60.713	60.678	60.661	60.635	60.635	60.643	60.646	60.626	60.625	60.598	60.606	60.62	60.605	60.615	60.597	60.592	60.607	60.63	60.619	60.62	60.618	60.621	60.621	60.619	60.611	60.606	60.599	60.569	60.552	60.548	60.557	60.561	60.547	60.571	60.571	60.569	60.572	60.579	60.578	60.596	60.587	60.574	60.576
61.894	61.893	61.856	61.841	61.849	61.845	61.845	61.86	61.831	61.818	61.804	61.79	61.782	61.765	61.746	61.721	61.718	61.715	61.707	61.698	61.69	61.693	61.646	61.634	61.62	61.623	61.596	61.577	61.573	61.532	61.526	61.502	61.479	61.46	61.438	61.423	61.397	61.375	61.349	61.349	61.353	61.354	61.364	61.373	61.376	61.358	61.362	61.349	61.327	61.317	61.304	61.297	61.286	61.275	61.269	61.237	61.233	61.202	61.192	61.19	61.165	61.151	61.131	61.09	61.083	61.057	61.038	61.018	60.986	60.961	60.951	60.949	60.958	60.943	60.913	60.888	60.861	60.816	60.782	60.751	60.733	60.714	60.699	60.683	60.638	60.615	60.604	60.581	60.566	60.564	60.588	60.59	60.579	60.561	60.533	60.505	60.481	60.46	60.451	60.447	60.446	60.437	60.441	60.423	60.417	60.411	60.388	60.396	60.389	60.396	60.383	60.391	60.388	60.391	60.394	60.393	60.401	60.389	60.395	60.388	60.377	60.36	60.316	60.315	60.321	60.323	60.316	60.334	60.352	60.346	60.339	60.343	60.328	60.336	60.354	60.341	60.343
61.825	61.821	61.781	61.792	61.813	61.793	61.787	61.779	61.757	61.763	61.758	61.735	61.718	61.711	61.681	61.651	61.642	61.643	61.64	61.63	61.616	61.598	61.56	61.554	61.544	61.513	61.501	61.488	61.481	61.441	61.433	61.396	61.379	61.371	61.352	61.317	61.268	61.27	61.243	61.229	61.231	61.234	61.256	61.261	61.242	61.25	61.258	61.244	61.212	61.199	61.186	61.172	61.154	61.144	61.149	61.112	61.093	61.071	61.078	61.063	61.042	61.026	60.988	60.963	60.951	60.923	60.899	60.872	60.837	60.804	60.787	60.779	60.792	60.753	60.743	60.706	60.681	60.649	60.617	60.581	60.565	60.559	60.546	60.519	60.473	60.449	60.421	60.403	60.39	60.394	60.399	60.402	60.402	60.376	60.357	60.325	60.289	60.281	60.283	60.275	60.258	60.249	60.242	60.219	60.203	60.19	60.177	60.171	60.166	60.182	60.158	60.163	60.161	60.177	60.167	60.175	60.184	60.183	60.19	60.192	60.169	60.14	60.121	60.11	60.108	60.092	60.101	60.11	60.106	60.113	60.101	60.109	60.104	60.107	60.11	60.103	60.116
61.776	61.785	61.76	61.769	61.757	61.733	61.713	61.707	61.696	61.674	61.671	61.665	61.668	61.635	61.597	61.577	61.571	61.564	61.559	61.568	61.524	61.507	61.496	61.485	61.453	61.434	61.437	61.401	61.365	61.333	61.322	61.3	61.289	61.278	61.237	61.218	61.2	61.18	61.158	61.151	61.148	61.16	61.166	61.156	61.149	61.162	61.154	61.134	61.107	61.087	61.069	61.05	61.043	61.029	61.029	61.012	60.981	60.959	60.947	60.932	60.923	60.902	60.85	60.843	60.803	60.772	60.743	60.708	60.676	60.644	60.623	60.617	60.603	60.562	60.552	60.528	60.506	60.473	60.428	60.402	60.399	60.381	60.382	60.341	60.319	60.292	60.258	60.243	60.252	60.255	60.258	60.272	60.236	60.211	60.177	60.137	60.119	60.115	60.118	60.105	60.091	60.059	60.044	60.013	59.992	59.974	59.965	59.962	59.972	59.973	59.956	59.969	59.955	59.961	59.962	59.96	59.98	59.984	59.974	59.963	59.939	59.931	59.911	59.894	59.89	59.893	59.884	59.915	59.903	59.893	59.876	59.875	59.868	59.866	59.866	59.849	59.849
61.72	61.717	61.69	61.689	61.701	61.689	61.664	61.646	61.629	61.624	61.648	61.611	61.599	61.573	61.552	61.52	61.488	61.485	61.474	61.448	61.434	61.419	61.397	61.386	61.38	61.349	61.316	61.29	61.32	61.276	61.254	61.211	61.178	61.166	61.16	61.134	61.116	61.097	61.091	61.077	61.072	61.055	61.06	61.057	61.048	61.028	61.034	61.026	61.001	60.981	60.968	60.943	60.94	60.939	60.925	60.905	60.88	60.867	60.845	60.816	60.79	60.747	60.708	60.705	60.641	60.645	60.589	60.559	60.528	60.489	60.461	60.449	60.439	60.409	60.381	60.364	60.349	60.318	60.285	60.269	60.254	60.23	60.242	60.185	60.159	60.147	60.129	60.118	60.109	60.107	60.094	60.098	60.06	60.043	59.989	59.986	59.979	59.968	59.951	59.928	59.93	59.89	59.857	59.828	59.816	59.797	59.794	59.793	59.795	59.792	59.775	59.771	59.765	59.763	59.76	59.769	59.779	59.777	59.783	59.76	59.752	59.749	59.729	59.706	59.689	59.688	59.675	59.698	59.68	59.657	59.661	59.651	59.645	59.644	59.635	59.628	59.624
61.674	61.675	61.699	61.688	61.67	61.631	61.599	61.583	61.582	61.564	61.553	61.507	61.516	61.494	61.485	61.459	61.42	61.409	61.389	61.387	61.373	61.354	61.329	61.331	61.308	61.268	61.255	61.237	61.223	61.189	61.16	61.131	61.103	61.07	61.05	61.036	61.028	61.035	60.995	60.971	60.965	60.972	60.968	60.953	60.928	60.923	60.935	60.882	60.873	60.854	60.838	60.822	60.817	60.802	60.786	60.773	60.778	60.744	60.713	60.671	60.644	60.611	60.582	60.556	60.498	60.488	60.438	60.419	60.372	60.34	60.329	60.297	60.285	60.245	60.224	60.206	60.181	60.155	60.135	60.115	60.103	60.088	60.053	60.03	60.01	59.999	59.97	59.953	59.946	59.948	59.916	59.922	59.897	59.864	59.839	59.825	59.801	59.791	59.781	59.751	59.732	59.71	59.678	59.647	59.64	59.626	59.611	59.61	59.595	59.601	59.597	59.586	59.587	59.566	59.535	59.554	59.555	59.566	59.579	59.547	59.554	59.528	59.518	59.506	59.497	59.492	59.48	59.475	59.466	59.455	59.44	59.419	59.416	59.412	59.402	59.388	59.365
61.586	61.576	61.571	61.575	61.58	61.558	61.541	61.527	61.503	61.486	61.494	61.478	61.463	61.444	61.423	61.384	61.359	61.335	61.304	61.299	61.262	61.246	61.237	61.234	61.214	61.182	61.175	61.158	61.143	61.135	61.074	61.026	60.98	60.942	60.917	60.926	60.914	60.889	60.886	60.869	60.872	60.855	60.829	60.821	60.815	60.815	60.791	60.74	60.744	60.706	60.678	60.678	60.675	60.653	60.643	60.643	60.633	60.608	60.574	60.536	60.497	60.464	60.427	60.409	60.356	60.32	60.292	60.25	60.216	60.174	60.153	60.123	60.112	60.06	60.053	60.027	60.014	59.977	59.954	59.927	59.914	59.906	59.884	59.862	59.844	59.811	59.789	59.777	59.778	59.756	59.742	59.736	59.716	59.693	59.68	59.652	59.614	59.598	59.569	59.546	59.551	59.518	59.513	59.49	59.473	59.446	59.428	59.422	59.412	59.402	59.381	59.377	59.34	59.332	59.338	59.336	59.343	59.353	59.346	59.333	59.324	59.301	59.291	59.276	59.26	59.261	59.27	59.279	59.253	59.239	59.211	59.205	59.183	59.167	59.158	59.16	59.137
61.521	61.526	61.519	61.525	61.509	61.489	61.459	61.45	61.431	61.423	61.4	61.374	61.365	61.359	61.332	61.296	61.276	61.257	61.22	61.208	61.177	61.164	61.138	61.147	61.137	61.098	61.078	61.073	61.08	61.024	60.98	60.934	60.899	60.868	60.836	60.825	60.8	60.795	60.785	60.744	60.749	60.742	60.723	60.711	60.697	60.678	60.669	60.65	60.61	60.587	60.554	60.536	60.525	60.505	60.51	60.49	60.485	60.476	60.435	60.38	60.348	60.312	60.288	60.25	60.206	60.16	60.146	60.12	60.084	60.05	59.997	59.966	59.938	59.893	59.893	59.87	59.842	59.804	59.767	59.744	59.728	59.735	59.742	59.703	59.675	59.654	59.626	59.616	59.6	59.566	59.564	59.562	59.537	59.518	59.476	59.443	59.405	59.398	59.373	59.365	59.366	59.335	59.327	59.31	59.304	59.275	59.245	59.227	59.214	59.213	59.172	59.177	59.13	59.13	59.118	59.115	59.131	59.133	59.12	59.132	59.1	59.094	59.065	59.04	59.054	59.056	59.04	59.051	59.034	59.002	58.995	58.972	58.957	58.949	58.933	58.894	58.897
61.473	61.476	61.441	61.427	61.412	61.391	61.388	61.377	61.351	61.337	61.323	61.307	61.283	61.244	61.223	61.212	61.197	61.174	61.156	61.13	61.093	61.067	61.059	61.054	61.014	60.997	60.996	60.975	60.961	60.931	60.89	60.832	60.792	60.756	60.71	60.712	60.692	60.675	60.66	60.645	60.634	60.629	60.607	60.587	60.569	60.569	60.532	60.527	60.472	60.46	60.426	60.391	60.388	60.37	60.342	60.343	60.346	60.33	60.299	60.252	60.203	60.165	60.133	60.094	60.059	60.013	59.997	59.976	59.94	59.909	59.86	59.836	59.801	59.774	59.741	59.698	59.675	59.639	59.59	59.564	59.548	59.552	59.545	59.516	59.486	59.472	59.451	59.435	59.417	59.392	59.374	59.358	59.341	59.307	59.271	59.231	59.215	59.204	59.2	59.188	59.175	59.153	59.145	59.143	59.124	59.103	59.076	59.063	59.046	59.029	58.986	58.957	58.928	58.902	58.883	58.875	58.885	58.88	58.881	58.896	58.881	58.862	58.834	58.826	58.832	58.811	58.819	58.798	58.803	58.778	58.76	58.737	58.735	58.711	58.691	58.668	58.676
61.427	61.43	61.391	61.377	61.339	61.313	61.318	61.304	61.293	61.279	61.268	61.244	61.196	61.149	61.123	61.106	61.09	61.068	61.082	61.048	61.017	60.956	60.948	60.939	60.916	60.913	60.908	60.888	60.879	60.835	60.788	60.74	60.712	60.67	60.625	60.61	60.596	60.565	60.539	60.526	60.522	60.499	60.479	60.464	60.445	60.448	60.396	60.392	60.353	60.321	60.292	60.272	60.257	60.231	60.225	60.215	60.21	60.201	60.169	60.127	60.07	60.027	60.011	59.961	59.912	59.87	59.84	59.822	59.805	59.782	59.737	59.714	59.685	59.664	59.601	59.556	59.517	59.485	59.466	59.44	59.421	59.415	59.385	59.37	59.335	59.305	59.28	59.249	59.231	59.204	59.17	59.149	59.126	59.102	59.073	59.024	59.006	59.017	59.006	58.991	58.993	58.979	58.965	58.945	58.946	58.928	58.89	58.868	58.834	58.812	58.777	58.757	58.723	58.681	58.67	58.67	58.661	58.661	58.669	58.656	58.653	58.64	58.618	58.606	58.608	58.592	58.586	58.566	58.557	58.542	58.516	58.513	58.508	58.476	58.468	58.451	58.445
61.372	61.374	61.333	61.306	61.26	61.244	61.257	61.231	61.229	61.219	61.208	61.159	61.129	61.082	61.045	61.013	60.994	60.99	60.992	60.952	60.93	60.866	60.863	60.867	60.859	60.837	60.824	60.821	60.795	60.752	60.689	60.651	60.62	60.576	60.553	60.528	60.499	60.478	60.456	60.422	60.424	60.404	60.366	60.351	60.316	60.306	60.29	60.257	60.234	60.203	60.178	60.14	60.111	60.11	60.111	60.093	60.084	60.069	60.047	60.011	59.974	59.921	59.878	59.821	59.781	59.729	59.719	59.703	59.705	59.664	59.616	59.593	59.562	59.527	59.46	59.413	59.373	59.345	59.332	59.311	59.298	59.273	59.251	59.226	59.184	59.156	59.131	59.103	59.074	59.035	59.005	58.978	58.936	58.915	58.887	58.856	58.836	58.819	58.817	58.817	58.816	58.788	58.78	58.766	58.762	58.749	58.712	58.671	58.637	58.598	58.571	58.549	58.542	58.505	58.487	58.48	58.456	58.449	58.443	58.428	58.423	58.406	58.397	58.366	58.366	58.355	58.345	58.332	58.311	58.299	58.283	58.274	58.266	58.234	58.216	58.199	58.186
61.312	61.289	61.26	61.236	61.177	61.164	61.16	61.164	61.143	61.116	61.104	61.077	61.051	61.018	60.985	60.959	60.942	60.916	60.899	60.864	60.847	60.813	60.8	60.785	60.771	60.756	60.731	60.734	60.694	60.662	60.615	60.576	60.541	60.487	60.453	60.428	60.415	60.376	60.366	60.337	60.348	60.315	60.283	60.256	60.212	60.185	60.175	60.128	60.108	60.086	60.049	60.014	60.003	60.003	59.985	59.972	59.966	59.927	59.9	59.877	59.837	59.799	59.743	59.689	59.649	59.61	59.589	59.565	59.562	59.521	59.478	59.46	59.418	59.386	59.336	59.292	59.24	59.213	59.192	59.171	59.155	59.129	59.126	59.077	59.051	59.018	58.983	58.957	58.926	58.871	58.826	58.797	58.762	58.741	58.721	58.7	58.665	58.655	58.627	58.619	58.615	58.58	58.578	58.56	58.543	58.523	58.51	58.468	58.444	58.4	58.375	58.356	58.35	58.335	58.304	58.275	58.245	58.236	58.219	58.215	58.202	58.197	58.182	58.151	58.132	58.127	58.097	58.104	58.061	58.053	58.032	58.009	58.007	57.986	57.962	57.937	57.922
61.272	61.258	61.215	61.196	61.144	61.104	61.091	61.067	61.048	61.039	61	60.979	60.953	60.936	60.923	60.899	60.87	60.841	60.823	60.805	60.772	60.743	60.724	60.691	60.673	60.676	60.654	60.642	60.584	60.583	60.519	60.506	60.475	60.434	60.398	60.35	60.342	60.301	60.299	60.297	60.27	60.233	60.202	60.18	60.152	60.112	60.082	60.053	60.025	59.972	59.923	59.907	59.89	59.896	59.872	59.865	59.826	59.789	59.767	59.748	59.714	59.67	59.623	59.57	59.528	59.481	59.445	59.427	59.406	59.37	59.34	59.325	59.292	59.261	59.207	59.151	59.115	59.086	59.054	59.028	59.027	59.017	59.009	58.96	58.916	58.874	58.83	58.801	58.752	58.708	58.67	58.63	58.602	58.561	58.539	58.515	58.483	58.47	58.457	58.43	58.411	58.429	58.399	58.395	58.354	58.328	58.313	58.285	58.266	58.228	58.2	58.157	58.155	58.131	58.112	58.076	58.058	58.033	58.023	58.021	57.996	57.986	57.962	57.936	57.915	57.908	57.86	57.867	57.808	57.805	57.78	57.76	57.757	57.729	57.704	57.686	57.664
61.233	61.213	61.159	61.124	61.088	61.054	61.038	61.005	60.986	60.964	60.936	60.912	60.902	60.902	60.875	60.845	60.83	60.814	60.786	60.733	60.711	60.684	60.639	60.622	60.602	60.59	60.573	60.57	60.533	60.518	60.459	60.448	60.396	60.34	60.313	60.276	60.267	60.248	60.239	60.231	60.192	60.169	60.134	60.092	60.063	60.043	60.027	59.967	59.92	59.874	59.84	59.822	59.799	59.785	59.774	59.759	59.705	59.697	59.655	59.606	59.57	59.52	59.47	59.435	59.403	59.363	59.317	59.277	59.255	59.219	59.215	59.195	59.161	59.133	59.075	59.045	58.996	58.952	58.923	58.908	58.907	58.894	58.868	58.817	58.77	58.72	58.687	58.645	58.594	58.543	58.495	58.458	58.42	58.378	58.366	58.337	58.305	58.281	58.263	58.246	58.227	58.243	58.216	58.202	58.163	58.137	58.12	58.112	58.09	58.055	58.004	57.964	57.947	57.918	57.887	57.884	57.872	57.854	57.833	57.806	57.778	57.754	57.724	57.693	57.665	57.645	57.639	57.618	57.592	57.571	57.542	57.513	57.49	57.477	57.435	57.411	57.39
61.232	61.187	61.144	61.116	61.083	61.033	60.987	60.951	60.904	60.876	60.856	60.845	60.835	60.838	60.822	60.815	60.791	60.751	60.732	60.703	60.663	60.624	60.608	60.593	60.569	60.54	60.519	60.504	60.449	60.436	60.386	60.34	60.295	60.259	60.249	60.213	60.184	60.171	60.16	60.146	60.142	60.098	60.058	60.037	60.02	59.986	59.917	59.861	59.835	59.787	59.75	59.729	59.703	59.684	59.653	59.615	59.585	59.56	59.509	59.473	59.408	59.366	59.313	59.289	59.268	59.227	59.191	59.159	59.126	59.074	59.05	59.04	59.014	58.977	58.932	58.902	58.855	58.818	58.788	58.768	58.763	58.751	58.741	58.657	58.613	58.56	58.505	58.465	58.405	58.342	58.28	58.279	58.231	58.213	58.182	58.139	58.13	58.09	58.041	58.051	58.029	58.021	58.011	57.974	57.945	57.905	57.891	57.874	57.877	57.836	57.791	57.756	57.73	57.708	57.678	57.672	57.656	57.62	57.606	57.572	57.541	57.517	57.498	57.478	57.449	57.416	57.39	57.337	57.337	57.295	57.273	57.238	57.202	57.172	57.163	57.119	57.133
61.209	61.138	61.094	61.071	61.024	60.973	60.92	60.87	60.85	60.816	60.797	60.782	60.793	60.805	60.781	60.752	60.717	60.678	60.667	60.622	60.594	60.548	60.551	60.529	60.501	60.477	60.438	60.408	60.373	60.353	60.321	60.266	60.226	60.177	60.133	60.104	60.112	60.117	60.117	60.09	60.079	60.04	59.992	59.975	59.91	59.869	59.832	59.773	59.729	59.686	59.647	59.626	59.586	59.546	59.521	59.502	59.443	59.408	59.371	59.326	59.27	59.226	59.212	59.174	59.167	59.129	59.083	59.022	58.987	58.949	58.916	58.897	58.85	58.81	58.781	58.742	58.703	58.658	58.62	58.584	58.586	58.576	58.546	58.49	58.436	58.366	58.309	58.264	58.209	58.17	58.13	58.078	58.041	57.992	57.962	57.924	57.888	57.882	57.853	57.832	57.814	57.809	57.787	57.741	57.714	57.686	57.652	57.64	57.611	57.586	57.57	57.528	57.49	57.469	57.427	57.398	57.386	57.353	57.316	57.316	57.277	57.269	57.247	57.228	57.174	57.137	57.098	57.065	57.043	56.995	56.973	56.951	56.94	56.924	56.905	56.88	56.865
61.187	61.111	61.068	61.029	60.988	60.944	60.886	60.817	60.783	60.749	60.743	60.731	60.711	60.721	60.701	60.676	60.65	60.625	60.6	60.551	60.527	60.489	60.477	60.452	60.432	60.407	60.373	60.345	60.305	60.248	60.237	60.193	60.162	60.125	60.103	60.089	60.07	60.049	60.046	60.014	60	59.943	59.885	59.838	59.794	59.772	59.72	59.677	59.633	59.589	59.55	59.508	59.46	59.418	59.403	59.373	59.317	59.286	59.229	59.188	59.141	59.106	59.088	59.06	59.05	58.999	58.965	58.908	58.849	58.811	58.772	58.773	58.704	58.652	58.612	58.577	58.537	58.496	58.459	58.429	58.391	58.377	58.367	58.308	58.247	58.185	58.144	58.103	58.053	57.987	57.954	57.886	57.852	57.794	57.755	57.716	57.687	57.664	57.667	57.624	57.613	57.574	57.557	57.505	57.481	57.444	57.412	57.384	57.363	57.346	57.308	57.287	57.252	57.206	57.168	57.135	57.104	57.08	57.033	57.029	56.993	56.997	56.974	56.921	56.873	56.828	56.804	56.788	56.745	56.704	56.676	56.646	56.619	56.601	56.574	56.581	56.58
61.158	61.085	61.031	60.985	60.945	60.897	60.842	60.792	60.75	60.727	60.708	60.674	60.652	60.643	60.622	60.611	60.579	60.549	60.521	60.482	60.459	60.423	60.391	60.382	60.355	60.333	60.304	60.273	60.234	60.183	60.162	60.162	60.139	60.115	60.075	60.025	60.004	59.997	59.96	59.934	59.888	59.847	59.789	59.735	59.668	59.64	59.587	59.566	59.528	59.493	59.454	59.411	59.36	59.324	59.31	59.264	59.235	59.183	59.127	59.069	59.032	59.006	58.996	58.961	58.937	58.867	58.833	58.771	58.715	58.679	58.648	58.623	58.553	58.51	58.464	58.445	58.391	58.356	58.32	58.289	58.238	58.224	58.185	58.147	58.089	58.034	57.976	57.921	57.882	57.824	57.773	57.729	57.668	57.62	57.559	57.527	57.499	57.475	57.433	57.402	57.395	57.356	57.342	57.297	57.261	57.237	57.215	57.158	57.133	57.106	57.051	57.019	56.98	56.929	56.902	56.875	56.837	56.818	56.774	56.77	56.73	56.701	56.68	56.623	56.555	56.522	56.504	56.482	56.456	56.43	56.386	56.355	56.333	56.301	56.292	56.278	56.286
61.163	61.079	61.019	60.971	60.937	60.898	60.839	60.78	60.729	60.709	60.67	60.635	60.614	60.58	60.562	60.542	60.531	60.504	60.456	60.43	60.387	60.375	60.347	60.319	60.295	60.285	60.258	60.226	60.178	60.156	60.122	60.114	60.103	60.085	60.042	59.978	59.939	59.92	59.874	59.838	59.806	59.761	59.702	59.632	59.573	59.523	59.492	59.455	59.42	59.387	59.345	59.305	59.269	59.234	59.207	59.162	59.131	59.083	59.032	58.99	58.949	58.918	58.899	58.845	58.805	58.748	58.684	58.625	58.581	58.549	58.53	58.503	58.44	58.391	58.329	58.299	58.251	58.21	58.171	58.145	58.098	58.062	58.018	57.981	57.921	57.868	57.825	57.77	57.725	57.671	57.612	57.571	57.509	57.468	57.409	57.349	57.297	57.267	57.23	57.199	57.171	57.132	57.108	57.07	57.053	57.028	56.98	56.926	56.901	56.854	56.803	56.75	56.704	56.666	56.641	56.608	56.568	56.547	56.506	56.487	56.446	56.422	56.384	56.333	56.286	56.236	56.219	56.189	56.164	56.129	56.099	56.07	56.029	56.016	55.999	55.995	55.993
61.148	61.063	61.008	60.955	60.911	60.871	60.815	60.755	60.717	60.685	60.647	60.614	60.594	60.543	60.499	60.484	60.481	60.459	60.413	60.401	60.353	60.326	60.274	60.249	60.251	60.236	60.198	60.181	60.141	60.12	60.084	60.06	60.043	60.024	60.004	59.952	59.899	59.849	59.81	59.78	59.742	59.688	59.618	59.554	59.491	59.45	59.399	59.351	59.328	59.292	59.257	59.218	59.18	59.159	59.129	59.075	59.03	58.991	58.944	58.894	58.87	58.838	58.792	58.731	58.683	58.631	58.574	58.517	58.473	58.43	58.407	58.36	58.306	58.267	58.204	58.164	58.118	58.07	58.012	57.97	57.919	57.882	57.853	57.823	57.765	57.725	57.666	57.625	57.557	57.498	57.447	57.418	57.34	57.289	57.214	57.167	57.118	57.086	57.037	56.984	56.945	56.916	56.892	56.846	56.821	56.774	56.729	56.692	56.671	56.631	56.581	56.524	56.472	56.421	56.394	56.364	56.342	56.309	56.271	56.238	56.195	56.142	56.096	56.045	56.029	56.005	55.976	55.923	55.869	55.817	55.79	55.727	55.706	55.686	55.687	55.687	55.683
61.116	61.055	60.992	60.931	60.885	60.832	60.783	60.736	60.697	60.66	60.63	60.598	60.575	60.537	60.489	60.454	60.435	60.408	60.377	60.364	60.33	60.285	60.236	60.194	60.185	60.172	60.134	60.122	60.085	60.044	60.035	60.032	60.003	59.964	59.936	59.896	59.85	59.797	59.769	59.726	59.685	59.616	59.549	59.489	59.435	59.367	59.295	59.275	59.251	59.226	59.198	59.144	59.119	59.083	59.029	58.987	58.944	58.9	58.851	58.808	58.78	58.751	58.69	58.651	58.578	58.516	58.462	58.415	58.352	58.313	58.279	58.227	58.177	58.141	58.085	58.041	57.999	57.963	57.895	57.835	57.773	57.724	57.702	57.651	57.632	57.577	57.516	57.454	57.388	57.328	57.251	57.219	57.154	57.088	57.028	56.982	56.93	56.867	56.824	56.761	56.716	56.685	56.651	56.616	56.575	56.532	56.511	56.468	56.455	56.408	56.364	56.295	56.229	56.207	56.166	56.136	56.11	56.075	56.041	55.986	55.94	55.889	55.822	55.787	55.761	55.721	55.68	55.643	55.584	55.526	55.487	55.441	55.399	55.39	55.362	55.357	55.346
61.099	61.05	60.983	60.92	60.872	60.807	60.741	60.687	60.647	60.614	60.592	60.571	60.554	60.51	60.462	60.425	60.398	60.391	60.342	60.321	60.294	60.249	60.19	60.14	60.109	60.102	60.077	60.028	60.026	59.986	59.967	59.937	59.928	59.899	59.859	59.81	59.794	59.75	59.688	59.633	59.585	59.542	59.478	59.418	59.352	59.294	59.268	59.211	59.15	59.131	59.118	59.077	59.018	58.971	58.923	58.903	58.851	58.79	58.766	58.726	58.681	58.641	58.566	58.53	58.454	58.39	58.322	58.263	58.219	58.196	58.155	58.103	58.067	58.003	57.953	57.919	57.866	57.821	57.762	57.695	57.635	57.573	57.56	57.487	57.48	57.394	57.335	57.281	57.214	57.151	57.079	57.027	56.953	56.897	56.835	56.775	56.74	56.687	56.631	56.555	56.489	56.458	56.4	56.377	56.318	56.261	56.25	56.218	56.215	56.182	56.114	56.077	56.019	55.976	55.939	55.924	55.889	55.841	55.784	55.714	55.683	55.629	55.559	55.516	55.477	55.427	55.399	55.349	55.308	55.268	55.211	55.142	55.08	55.042	55.008	55.012	54.989
61.039	60.987	60.959	60.892	60.816	60.744	60.676	60.629	60.595	60.584	60.584	60.536	60.525	60.502	60.454	60.428	60.384	60.33	60.314	60.261	60.246	60.173	60.116	60.074	60.042	60.036	60.014	59.969	59.969	59.93	59.9	59.875	59.849	59.802	59.768	59.721	59.698	59.671	59.632	59.564	59.489	59.434	59.404	59.361	59.285	59.233	59.182	59.127	59.113	59.076	59.03	58.989	58.946	58.896	58.842	58.798	58.76	58.711	58.683	58.641	58.6	58.551	58.48	58.407	58.322	58.258	58.181	58.141	58.092	58.049	58.026	57.975	57.928	57.877	57.813	57.769	57.725	57.686	57.619	57.558	57.489	57.426	57.423	57.356	57.291	57.212	57.15	57.088	57.015	56.959	56.895	56.857	56.764	56.695	56.629	56.573	56.535	56.479	56.411	56.346	56.282	56.237	56.171	56.121	56.081	56.019	55.99	55.959	55.932	55.903	55.874	55.829	55.779	55.744	55.707	55.668	55.631	55.581	55.509	55.448	55.393	55.327	55.275	55.232	55.189	55.141	55.097	55.058	55.038	54.988	54.929	54.863	54.782	54.745	54.71	54.697	54.71
61.046	60.998	60.913	60.854	60.804	60.745	60.674	60.614	60.573	60.513	60.498	60.514	60.482	60.451	60.409	60.372	60.35	60.3	60.279	60.224	60.162	60.119	60.051	60.016	60	59.961	59.943	59.928	59.912	59.899	59.844	59.803	59.771	59.735	59.699	59.665	59.631	59.618	59.554	59.481	59.434	59.402	59.349	59.293	59.24	59.193	59.144	59.112	59.03	58.972	58.943	58.903	58.861	58.793	58.729	58.694	58.693	58.645	58.593	58.549	58.502	58.434	58.356	58.286	58.215	58.136	58.065	58.017	57.981	57.941	57.904	57.85	57.801	57.737	57.665	57.614	57.56	57.523	57.479	57.414	57.352	57.299	57.253	57.177	57.12	57.032	56.961	56.902	56.847	56.792	56.71	56.662	56.584	56.502	56.42	56.361	56.307	56.239	56.173	56.127	56.038	55.987	55.94	55.89	55.844	55.806	55.769	55.745	55.723	55.685	55.666	55.603	55.565	55.513	55.476	55.44	55.384	55.339	55.258	55.198	55.132	55.069	55.016	54.961	54.922	54.86	54.807	54.785	54.742	54.705	54.623	54.558	54.527	54.466	54.416	54.39	54.391
60.885	60.915	60.841	60.81	60.753	60.682	60.63	60.582	60.531	60.492	60.452	60.447	60.414	60.386	60.352	60.32	60.286	60.244	60.203	60.151	60.087	60.055	59.987	59.938	59.913	59.883	59.863	59.856	59.854	59.831	59.803	59.769	59.724	59.682	59.626	59.583	59.535	59.501	59.468	59.42	59.356	59.309	59.264	59.224	59.193	59.135	59.062	59.006	58.939	58.89	58.85	58.813	58.765	58.697	58.67	58.627	58.604	58.554	58.52	58.467	58.404	58.336	58.254	58.185	58.11	58.032	57.968	57.911	57.878	57.838	57.782	57.723	57.66	57.599	57.509	57.466	57.409	57.367	57.326	57.255	57.191	57.138	57.076	57.003	56.94	56.861	56.789	56.725	56.65	56.581	56.529	56.459	56.388	56.3	56.209	56.14	56.086	56.021	55.954	55.877	55.834	55.76	55.718	55.678	55.625	55.57	55.532	55.485	55.454	55.434	55.392	55.324	55.282	55.22	55.174	55.147	55.106	55.061	54.994	54.917	54.855	54.8	54.731	54.674	54.626	54.579	54.534	54.512	54.459	54.395	54.328	54.281	54.233	54.17	54.127	54.09	54.069
60.855	60.874	60.792	60.756	60.691	60.636	60.585	60.533	60.464	60.438	60.402	60.385	60.369	60.346	60.307	60.258	60.214	60.177	60.141	60.102	60.058	59.978	59.927	59.896	59.86	59.813	59.777	59.767	59.769	59.743	59.733	59.7	59.659	59.594	59.544	59.509	59.45	59.418	59.369	59.321	59.272	59.215	59.168	59.132	59.084	59.047	58.974	58.925	58.857	58.811	58.755	58.708	58.67	58.602	58.569	58.54	58.502	58.419	58.39	58.332	58.263	58.193	58.119	58.039	58	57.923	57.867	57.796	57.748	57.701	57.645	57.622	57.541	57.492	57.398	57.338	57.279	57.217	57.16	57.103	57.027	56.97	56.919	56.837	56.755	56.684	56.608	56.528	56.448	56.394	56.349	56.265	56.17	56.092	56.005	55.951	55.899	55.819	55.743	55.65	55.614	55.549	55.49	55.427	55.384	55.341	55.303	55.257	55.213	55.17	55.128	55.092	55.022	54.977	54.913	54.863	54.814	54.748	54.665	54.645	54.592	54.542	54.494	54.429	54.365	54.296	54.254	54.208	54.144	54.088	54.021	53.988	53.932	53.893	53.851	53.795	53.742
60.807	60.8	60.754	60.704	60.661	60.573	60.512	60.465	60.434	60.403	60.391	60.371	60.35	60.298	60.264	60.227	60.178	60.134	60.077	60.016	59.979	59.923	59.858	59.816	59.791	59.743	59.718	59.671	59.663	59.645	59.638	59.606	59.56	59.525	59.484	59.427	59.379	59.322	59.248	59.222	59.198	59.13	59.07	59.018	58.952	58.915	58.873	58.828	58.769	58.738	58.681	58.645	58.584	58.522	58.478	58.424	58.372	58.291	58.251	58.191	58.126	58.071	58.002	57.937	57.877	57.801	57.745	57.683	57.629	57.58	57.521	57.493	57.422	57.352	57.257	57.191	57.14	57.08	56.997	56.933	56.906	56.837	56.77	56.677	56.594	56.548	56.451	56.375	56.287	56.224	56.177	56.083	56.005	55.916	55.854	55.787	55.717	55.63	55.564	55.465	55.408	55.351	55.278	55.214	55.144	55.111	55.064	55.019	54.97	54.94	54.879	54.815	54.77	54.714	54.652	54.587	54.538	54.479	54.429	54.384	54.329	54.274	54.213	54.145	54.082	54.046	53.993	53.928	53.872	53.783	53.749	53.695	53.66	53.626	53.6	53.529	53.49
60.809	60.755	60.729	60.669	60.613	60.564	60.489	60.439	60.408	60.362	60.373	60.333	60.306	60.261	60.206	60.168	60.116	60.065	59.993	59.949	59.893	59.851	59.794	59.749	59.704	59.68	59.633	59.591	59.576	59.562	59.567	59.53	59.487	59.439	59.405	59.335	59.294	59.227	59.158	59.089	59.059	59.031	58.962	58.904	58.845	58.815	58.773	58.736	58.69	58.657	58.613	58.57	58.51	58.447	58.386	58.303	58.244	58.188	58.115	58.048	57.995	57.943	57.883	57.82	57.743	57.681	57.625	57.551	57.508	57.426	57.382	57.34	57.297	57.232	57.149	57.086	57.029	56.957	56.885	56.835	56.77	56.724	56.644	56.551	56.46	56.385	56.325	56.225	56.153	56.059	55.982	55.922	55.822	55.76	55.7	55.621	55.505	55.437	55.371	55.313	55.229	55.162	55.068	55.002	54.953	54.907	54.865	54.802	54.757	54.721	54.668	54.599	54.536	54.457	54.372	54.327	54.278	54.218	54.155	54.099	54.079	54.007	53.919	53.861	53.805	53.753	53.703	53.634	53.575	53.529	53.47	53.431	53.39	53.37	53.341	53.285	53.246
60.789	60.741	60.691	60.632	60.571	60.529	60.461	60.405	60.375	60.322	60.324	60.28	60.262	60.207	60.164	60.112	60.06	59.973	59.918	59.884	59.827	59.788	59.726	59.681	59.637	59.581	59.565	59.53	59.509	59.477	59.473	59.44	59.4	59.373	59.311	59.259	59.223	59.156	59.084	59.015	58.973	58.925	58.872	58.822	58.767	58.749	58.718	58.662	58.614	58.585	58.531	58.469	58.416	58.351	58.278	58.229	58.151	58.095	58.009	57.934	57.877	57.801	57.754	57.68	57.636	57.575	57.522	57.47	57.415	57.368	57.291	57.23	57.196	57.109	57.022	56.968	56.887	56.809	56.755	56.69	56.636	56.595	56.514	56.433	56.339	56.261	56.162	56.074	55.988	55.907	55.821	55.769	55.688	55.61	55.535	55.433	55.344	55.268	55.186	55.137	55.067	54.989	54.893	54.826	54.761	54.699	54.647	54.595	54.541	54.488	54.431	54.363	54.298	54.231	54.14	54.106	54.049	53.972	53.916	53.862	53.803	53.744	53.656	53.6	53.535	53.482	53.407	53.36	53.302	53.256	53.214	53.173	53.138	53.106	53.087	53.053	53.022
60.731	60.721	60.629	60.584	60.531	60.475	60.406	60.356	60.321	60.284	60.261	60.23	60.202	60.163	60.122	60.06	59.979	59.916	59.846	59.814	59.746	59.724	59.659	59.603	59.551	59.515	59.489	59.466	59.452	59.419	59.39	59.358	59.325	59.275	59.229	59.16	59.124	59.048	59.007	58.945	58.9	58.838	58.795	58.747	58.685	58.668	58.623	58.57	58.523	58.481	58.443	58.365	58.313	58.245	58.179	58.126	58.038	57.978	57.9	57.827	57.76	57.677	57.628	57.573	57.527	57.474	57.412	57.366	57.286	57.235	57.178	57.101	57.052	56.983	56.898	56.83	56.771	56.698	56.634	56.577	56.519	56.454	56.391	56.3	56.204	56.104	56.006	55.911	55.827	55.769	55.705	55.624	55.538	55.443	55.369	55.304	55.219	55.137	55.049	54.969	54.899	54.825	54.731	54.644	54.57	54.502	54.445	54.403	54.341	54.279	54.221	54.172	54.102	54.028	53.928	53.855	53.815	53.74	53.683	53.636	53.585	53.51	53.438	53.38	53.324	53.248	53.188	53.149	53.077	53.017	52.955	52.942	52.883	52.866	52.836	52.818	52.772
60.665	60.698	60.595	60.539	60.469	60.409	60.354	60.314	60.285	60.25	60.212	60.162	60.142	60.092	60.049	59.982	59.878	59.822	59.759	59.739	59.676	59.635	59.594	59.547	59.5	59.456	59.444	59.406	59.387	59.386	59.338	59.325	59.273	59.205	59.157	59.084	59.036	58.976	58.951	58.904	58.842	58.769	58.716	58.683	58.626	58.577	58.532	58.496	58.442	58.366	58.317	58.264	58.216	58.175	58.085	58.022	57.939	57.882	57.806	57.708	57.633	57.558	57.518	57.465	57.415	57.358	57.297	57.232	57.172	57.131	57.057	56.996	56.954	56.897	56.804	56.715	56.658	56.593	56.527	56.462	56.408	56.321	56.248	56.155	56.067	55.977	55.881	55.792	55.707	55.629	55.569	55.502	55.43	55.32	55.258	55.204	55.135	55.033	54.948	54.858	54.779	54.686	54.576	54.494	54.426	54.357	54.298	54.221	54.169	54.117	54.047	53.998	53.935	53.87	53.79	53.699	53.64	53.565	53.505	53.44	53.392	53.321	53.241	53.166	53.079	53.055	52.982	52.925	52.854	52.782	52.728	52.708	52.672	52.614	52.606	52.573	52.53
60.599	60.615	60.541	60.494	60.42	60.363	60.311	60.259	60.212	60.184	60.173	60.1	60.068	60.011	59.946	59.895	59.817	59.767	59.688	59.66	59.585	59.542	59.493	59.466	59.422	59.396	59.391	59.393	59.351	59.333	59.267	59.237	59.188	59.139	59.078	59.008	58.964	58.899	58.883	58.829	58.77	58.707	58.631	58.564	58.504	58.454	58.425	58.362	58.32	58.267	58.226	58.188	58.146	58.077	57.996	57.964	57.89	57.814	57.705	57.636	57.573	57.505	57.434	57.386	57.334	57.277	57.191	57.132	57.093	57.02	56.927	56.862	56.842	56.765	56.676	56.593	56.524	56.457	56.387	56.317	56.253	56.162	56.083	55.998	55.945	55.877	55.784	55.696	55.593	55.502	55.469	55.407	55.325	55.249	55.156	55.082	55.009	54.917	54.846	54.756	54.667	54.548	54.445	54.343	54.273	54.205	54.129	54.057	54	53.934	53.876	53.812	53.747	53.697	53.634	53.565	53.476	53.419	53.372	53.276	53.225	53.155	53.082	53	52.938	52.882	52.805	52.75	52.657	52.601	52.557	52.493	52.463	52.448	52.371	52.371	52.305
60.639	60.571	60.54	60.473	60.402	60.327	60.245	60.195	60.168	60.105	60.121	60.038	60.006	59.929	59.862	59.801	59.755	59.703	59.638	59.606	59.529	59.487	59.437	59.386	59.371	59.355	59.327	59.333	59.287	59.284	59.22	59.164	59.09	59.046	59.008	58.929	58.887	58.831	58.81	58.754	58.698	58.622	58.539	58.483	58.42	58.359	58.315	58.256	58.236	58.205	58.15	58.114	58.062	58.003	57.931	57.882	57.796	57.715	57.647	57.568	57.488	57.417	57.371	57.312	57.26	57.172	57.117	57.058	57.008	56.936	56.866	56.781	56.711	56.639	56.562	56.478	56.384	56.327	56.27	56.179	56.102	56.057	55.974	55.901	55.823	55.786	55.701	55.609	55.514	55.419	55.345	55.315	55.223	55.123	55.022	54.93	54.86	54.796	54.732	54.648	54.542	54.429	54.328	54.218	54.119	54.029	53.94	53.868	53.809	53.772	53.7	53.606	53.556	53.528	53.475	53.407	53.326	53.242	53.205	53.097	53.049	52.981	52.913	52.832	52.783	52.707	52.645	52.591	52.518	52.43	52.376	52.316	52.278	52.239	52.164	52.142	52.11
60.517	60.509	60.488	60.409	60.349	60.274	60.192	60.13	60.086	60.03	60.054	59.981	59.941	59.86	59.798	59.751	59.68	59.645	59.617	59.527	59.46	59.395	59.371	59.311	59.285	59.246	59.231	59.241	59.23	59.216	59.13	59.088	59.01	58.962	58.911	58.848	58.798	58.749	58.699	58.666	58.6	58.524	58.456	58.383	58.314	58.247	58.234	58.177	58.129	58.078	58.055	58.01	57.952	57.904	57.85	57.773	57.698	57.63	57.546	57.469	57.409	57.361	57.283	57.206	57.169	57.086	57.013	56.966	56.901	56.834	56.749	56.666	56.586	56.527	56.405	56.331	56.263	56.176	56.117	56.051	55.952	55.908	55.826	55.784	55.688	55.648	55.588	55.516	55.399	55.307	55.235	55.174	55.096	54.995	54.888	54.765	54.691	54.622	54.564	54.472	54.389	54.277	54.169	54.051	53.941	53.825	53.738	53.699	53.638	53.596	53.544	53.475	53.392	53.348	53.303	53.242	53.18	53.11	53.05	52.951	52.862	52.772	52.72	52.664	52.609	52.562	52.494	52.434	52.384	52.275	52.217	52.155	52.081	52.006	51.953	51.912	51.885
60.5	60.483	60.414	60.368	60.284	60.209	60.14	60.083	60.03	59.975	59.967	59.893	59.875	59.801	59.753	59.703	59.642	59.594	59.537	59.448	59.413	59.342	59.306	59.259	59.212	59.184	59.151	59.14	59.139	59.124	59.046	58.987	58.911	58.865	58.828	58.759	58.711	58.667	58.617	58.581	58.502	58.447	58.379	58.326	58.26	58.225	58.147	58.1	58.047	58.001	57.93	57.884	57.83	57.781	57.73	57.654	57.575	57.516	57.442	57.381	57.312	57.238	57.189	57.114	57.039	56.976	56.927	56.858	56.796	56.71	56.629	56.555	56.459	56.38	56.263	56.191	56.123	56.049	55.978	55.908	55.831	55.781	55.697	55.646	55.568	55.503	55.445	55.374	55.291	55.187	55.113	55.044	54.962	54.852	54.741	54.62	54.538	54.471	54.397	54.317	54.245	54.114	54.022	53.916	53.814	53.702	53.647	53.584	53.502	53.457	53.369	53.316	53.231	53.18	53.123	53.067	53.018	52.971	52.906	52.82	52.713	52.631	52.582	52.525	52.472	52.436	52.39	52.305	52.243	52.174	52.073	51.999	51.904	51.818	51.753	51.702	51.69
60.428	60.428	60.349	60.309	60.23	60.158	60.091	60.047	59.973	59.926	59.89	59.846	59.804	59.769	59.702	59.655	59.597	59.541	59.49	59.419	59.338	59.297	59.278	59.199	59.134	59.108	59.062	59.047	59.033	58.988	58.923	58.87	58.82	58.79	58.741	58.698	58.64	58.586	58.506	58.474	58.433	58.371	58.321	58.272	58.205	58.142	58.072	58.032	57.963	57.892	57.827	57.765	57.705	57.654	57.602	57.533	57.469	57.411	57.377	57.325	57.249	57.167	57.092	57.016	56.942	56.866	56.82	56.733	56.669	56.586	56.503	56.428	56.349	56.253	56.169	56.052	55.99	55.925	55.853	55.775	55.695	55.65	55.611	55.543	55.465	55.398	55.323	55.25	55.167	55.083	55	54.898	54.792	54.696	54.616	54.517	54.431	54.349	54.259	54.175	54.082	53.976	53.894	53.801	53.693	53.606	53.525	53.485	53.385	53.323	53.228	53.164	53.089	53.028	52.974	52.916	52.862	52.837	52.784	52.725	52.608	52.55	52.467	52.403	52.366	52.306	52.264	52.182	52.071	52.031	51.96	51.852	51.758	51.683	51.595	51.526	51.5
60.37	60.382	60.289	60.245	60.179	60.119	60.054	59.982	59.938	59.864	59.82	59.792	59.728	59.68	59.659	59.602	59.567	59.508	59.457	59.39	59.317	59.261	59.204	59.147	59.075	59.042	59.005	58.98	58.938	58.885	58.835	58.775	58.728	58.676	58.605	58.567	58.545	58.517	58.44	58.385	58.351	58.312	58.24	58.204	58.144	58.091	58.032	57.965	57.879	57.802	57.743	57.672	57.61	57.539	57.477	57.438	57.38	57.329	57.286	57.252	57.166	57.084	57.022	56.964	56.899	56.778	56.703	56.636	56.56	56.454	56.373	56.305	56.252	56.159	56.07	55.961	55.89	55.801	55.726	55.695	55.631	55.556	55.513	55.447	55.347	55.28	55.207	55.127	55.04	54.946	54.858	54.771	54.661	54.557	54.469	54.371	54.279	54.218	54.118	54.015	53.915	53.818	53.751	53.657	53.596	53.497	53.426	53.357	53.272	53.182	53.077	52.997	52.936	52.891	52.831	52.802	52.733	52.683	52.627	52.586	52.496	52.421	52.376	52.296	52.222	52.159	52.113	52.04	51.938	51.884	51.796	51.713	51.616	51.526	51.447	51.37	51.33
60.319	60.336	60.217	60.191	60.142	60.08	60.021	59.957	59.906	59.832	59.764	59.745	59.673	59.642	59.606	59.57	59.506	59.464	59.415	59.362	59.3	59.22	59.145	59.081	59.016	58.964	58.942	58.9	58.842	58.802	58.744	58.678	58.621	58.592	58.51	58.469	58.46	58.422	58.379	58.328	58.304	58.238	58.162	58.108	58.066	58.02	57.971	57.904	57.808	57.721	57.647	57.588	57.502	57.442	57.392	57.332	57.262	57.22	57.173	57.111	57.053	56.983	56.947	56.888	56.816	56.708	56.638	56.531	56.443	56.359	56.264	56.194	56.111	56.039	55.948	55.873	55.785	55.699	55.646	55.582	55.523	55.441	55.373	55.303	55.218	55.152	55.054	54.989	54.917	54.829	54.745	54.647	54.536	54.419	54.338	54.252	54.176	54.1	54.005	53.894	53.779	53.677	53.593	53.507	53.419	53.362	53.277	53.207	53.113	53.023	52.927	52.826	52.791	52.732	52.718	52.678	52.627	52.571	52.494	52.442	52.367	52.309	52.26	52.207	52.134	52.059	51.999	51.932	51.846	51.778	51.716	51.617	51.53	51.421	51.355	51.278	51.221
60.229	60.279	60.179	60.162	60.105	60.022	59.944	59.89	59.834	59.781	59.704	59.65	59.605	59.576	59.556	59.515	59.458	59.397	59.378	59.308	59.243	59.178	59.098	59.054	58.974	58.906	58.865	58.81	58.777	58.701	58.641	58.567	58.528	58.488	58.419	58.378	58.37	58.326	58.301	58.26	58.231	58.186	58.102	58.042	57.989	57.944	57.883	57.831	57.751	57.645	57.572	57.495	57.419	57.337	57.29	57.235	57.166	57.131	57.091	57.017	56.934	56.881	56.845	56.787	56.722	56.619	56.516	56.43	56.321	56.237	56.15	56.073	56.001	55.936	55.858	55.763	55.688	55.608	55.549	55.473	55.383	55.323	55.248	55.173	55.098	55.01	54.903	54.836	54.769	54.72	54.645	54.548	54.44	54.326	54.238	54.142	54.074	53.985	53.873	53.785	53.693	53.556	53.459	53.363	53.267	53.183	53.123	53.05	52.983	52.88	52.793	52.717	52.655	52.615	52.572	52.535	52.464	52.4	52.345	52.278	52.226	52.167	52.126	52.075	52.015	51.957	51.882	51.821	51.745	51.664	51.614	51.518	51.426	51.354	51.272	51.206	51.127
60.146	60.243	60.161	60.125	60.066	59.993	59.906	59.837	59.774	59.705	59.632	59.562	59.498	59.5	59.489	59.455	59.399	59.333	59.313	59.239	59.173	59.118	59.048	58.979	58.934	58.853	58.806	58.733	58.711	58.639	58.568	58.497	58.436	58.382	58.311	58.269	58.265	58.237	58.213	58.174	58.144	58.079	58.031	57.971	57.925	57.845	57.814	57.74	57.651	57.569	57.493	57.392	57.303	57.225	57.166	57.119	57.072	57.014	56.973	56.904	56.828	56.785	56.742	56.679	56.615	56.524	56.396	56.297	56.208	56.094	56.009	55.922	55.861	55.81	55.727	55.651	55.57	55.497	55.425	55.344	55.261	55.184	55.105	55.032	54.95	54.873	54.784	54.727	54.668	54.591	54.514	54.421	54.316	54.236	54.14	54.036	53.938	53.839	53.755	53.625	53.508	53.378	53.306	53.221	53.115	53.042	52.971	52.912	52.845	52.735	52.646	52.576	52.52	52.465	52.416	52.351	52.281	52.216	52.174	52.122	52.095	52.039	51.982	51.929	51.854	51.799	51.759	51.697	51.616	51.535	51.466	51.367	51.298	51.227	51.185	51.104	51.021
60.147	60.161	60.079	60.052	59.989	59.928	59.856	59.771	59.72	59.647	59.562	59.509	59.469	59.443	59.399	59.375	59.316	59.265	59.239	59.176	59.127	59.046	58.973	58.913	58.837	58.788	58.724	58.66	58.615	58.567	58.489	58.418	58.351	58.284	58.234	58.181	58.151	58.132	58.104	58.073	58.016	57.998	57.944	57.875	57.795	57.756	57.685	57.628	57.558	57.49	57.429	57.311	57.212	57.138	57.054	57.015	56.915	56.855	56.84	56.77	56.706	56.659	56.613	56.557	56.474	56.375	56.284	56.178	56.107	55.993	55.881	55.797	55.724	55.694	55.614	55.527	55.462	55.395	55.315	55.241	55.147	55.052	54.99	54.908	54.836	54.741	54.665	54.601	54.542	54.48	54.384	54.288	54.171	54.099	54.001	53.897	53.797	53.705	53.61	53.498	53.385	53.283	53.149	53.076	52.994	52.881	52.828	52.765	52.695	52.603	52.515	52.45	52.372	52.318	52.26	52.211	52.146	52.076	52.032	51.972	51.93	51.881	51.837	51.781	51.707	51.629	51.578	51.508	51.441	51.372	51.324	51.252	51.169	51.132	51.066	50.983	50.894
60.14	60.11	60.056	59.98	59.9	59.826	59.765	59.707	59.653	59.593	59.544	59.465	59.419	59.387	59.359	59.316	59.26	59.204	59.153	59.119	59.032	58.973	58.911	58.84	58.781	58.721	58.657	58.624	58.534	58.492	58.422	58.351	58.274	58.191	58.143	58.094	58.073	58.05	58.005	57.992	57.939	57.893	57.83	57.748	57.697	57.655	57.605	57.542	57.497	57.425	57.352	57.276	57.168	57.069	56.99	56.935	56.825	56.724	56.675	56.639	56.58	56.547	56.482	56.394	56.313	56.23	56.131	56.056	55.971	55.875	55.777	55.687	55.631	55.551	55.503	55.421	55.349	55.268	55.193	55.093	55.012	54.941	54.891	54.795	54.711	54.627	54.55	54.469	54.406	54.32	54.235	54.165	54.051	53.97	53.856	53.757	53.649	53.542	53.465	53.376	53.251	53.144	53.016	52.951	52.859	52.785	52.718	52.641	52.561	52.489	52.421	52.341	52.267	52.219	52.153	52.092	52.057	51.979	51.919	51.851	51.797	51.757	51.713	51.652	51.566	51.481	51.405	51.331	51.262	51.223	51.154	51.084	51.01	50.953	50.93	50.863	50.782
60.004	59.969	59.94	59.873	59.808	59.753	59.694	59.617	59.578	59.503	59.463	59.394	59.376	59.332	59.291	59.248	59.195	59.129	59.062	59.011	58.95	58.885	58.822	58.74	58.685	58.615	58.548	58.533	58.465	58.43	58.352	58.282	58.208	58.111	58.04	58.016	57.967	57.926	57.875	57.837	57.79	57.741	57.683	57.633	57.577	57.525	57.497	57.441	57.407	57.329	57.249	57.19	57.067	56.978	56.914	56.822	56.722	56.622	56.551	56.479	56.43	56.389	56.329	56.248	56.194	56.118	56.013	55.941	55.859	55.774	55.666	55.564	55.519	55.435	55.37	55.305	55.226	55.133	55.025	54.952	54.873	54.817	54.769	54.67	54.566	54.459	54.372	54.303	54.23	54.17	54.079	54.026	53.917	53.802	53.693	53.598	53.519	53.422	53.308	53.222	53.13	53.037	52.931	52.828	52.698	52.634	52.585	52.524	52.459	52.381	52.293	52.231	52.164	52.104	52.049	51.972	51.929	51.862	51.822	51.761	51.724	51.651	51.568	51.505	51.421	51.332	51.242	51.159	51.094	51.036	50.955	50.901	50.861	50.826	50.788	50.753	50.656
59.952	59.895	59.841	59.762	59.703	59.652	59.592	59.541	59.493	59.43	59.391	59.325	59.305	59.265	59.215	59.162	59.106	59.06	58.988	58.917	58.848	58.78	58.728	58.652	58.568	58.525	58.462	58.442	58.4	58.353	58.29	58.213	58.121	58.032	57.977	57.906	57.856	57.808	57.724	57.684	57.632	57.6	57.539	57.491	57.459	57.432	57.413	57.362	57.311	57.225	57.141	57.078	56.983	56.858	56.795	56.695	56.612	56.515	56.414	56.354	56.311	56.268	56.198	56.127	56.032	55.953	55.872	55.797	55.721	55.639	55.545	55.443	55.359	55.277	55.216	55.15	55.065	54.978	54.883	54.816	54.748	54.697	54.619	54.492	54.406	54.304	54.208	54.105	54.029	53.972	53.896	53.846	53.754	53.64	53.538	53.455	53.348	53.263	53.148	53.06	52.957	52.878	52.755	52.672	52.588	52.507	52.446	52.38	52.293	52.244	52.157	52.118	52.05	51.977	51.933	51.866	51.81	51.766	51.731	51.659	51.568	51.468	51.391	51.335	51.252	51.18	51.089	50.989	50.913	50.863	50.804	50.746	50.704	50.675	50.595	50.583	50.497
59.811	59.774	59.715	59.652	59.585	59.524	59.492	59.431	59.39	59.298	59.31	59.231	59.195	59.166	59.131	59.081	59.011	58.961	58.903	58.829	58.774	58.676	58.607	58.532	58.46	58.389	58.386	58.368	58.336	58.281	58.189	58.145	58.036	57.948	57.879	57.801	57.763	57.668	57.597	57.524	57.484	57.425	57.411	57.348	57.355	57.3	57.282	57.24	57.186	57.131	57.043	56.97	56.896	56.789	56.674	56.591	56.481	56.388	56.317	56.239	56.189	56.132	56.052	55.991	55.887	55.837	55.756	55.668	55.575	55.476	55.353	55.298	55.223	55.154	55.095	55.007	54.914	54.822	54.761	54.688	54.65	54.555	54.473	54.344	54.251	54.147	54.042	53.958	53.87	53.795	53.734	53.672	53.599	53.492	53.423	53.307	53.225	53.119	53.032	52.947	52.819	52.715	52.629	52.55	52.466	52.404	52.31	52.245	52.168	52.117	52.077	51.983	51.913	51.862	51.82	51.749	51.719	51.655	51.613	51.526	51.413	51.333	51.23	51.167	51.085	51.044	50.981	50.903	50.807	50.741	50.707	50.618	50.543	50.494	50.447	50.384	50.316
59.715	59.669	59.604	59.548	59.473	59.414	59.371	59.342	59.288	59.22	59.194	59.125	59.084	59.032	59.007	58.956	58.933	58.868	58.822	58.757	58.696	58.64	58.52	58.445	58.363	58.33	58.309	58.302	58.253	58.198	58.095	58.022	57.943	57.843	57.774	57.702	57.648	57.554	57.473	57.424	57.37	57.332	57.279	57.26	57.232	57.172	57.166	57.115	57.078	57.026	56.957	56.866	56.798	56.703	56.597	56.477	56.369	56.267	56.19	56.108	56.05	56.013	55.936	55.881	55.792	55.726	55.648	55.539	55.451	55.341	55.258	55.188	55.12	55.035	54.97	54.877	54.785	54.737	54.653	54.595	54.53	54.417	54.343	54.203	54.124	54.02	53.921	53.828	53.767	53.66	53.604	53.536	53.472	53.378	53.272	53.177	53.079	53.002	52.9	52.83	52.709	52.599	52.496	52.406	52.346	52.285	52.24	52.149	52.086	52.03	51.946	51.897	51.816	51.758	51.68	51.649	51.617	51.569	51.524	51.441	51.348	51.26	51.176	51.077	50.977	50.905	50.859	50.783	50.714	50.64	50.574	50.493	50.397	50.355	50.297	50.252	50.185
59.594	59.559	59.464	59.413	59.339	59.274	59.27	59.237	59.217	59.151	59.115	59.041	58.992	58.946	58.891	58.863	58.83	58.788	58.742	58.698	58.645	58.573	58.498	58.378	58.326	58.266	58.241	58.241	58.172	58.125	58	57.933	57.83	57.739	57.653	57.593	57.529	57.477	57.424	57.367	57.308	57.265	57.218	57.16	57.137	57.071	57.067	56.995	56.962	56.895	56.832	56.781	56.685	56.623	56.488	56.369	56.246	56.165	56.103	56.019	55.957	55.911	55.826	55.778	55.687	55.613	55.531	55.442	55.339	55.25	55.162	55.08	55.015	54.948	54.834	54.775	54.678	54.603	54.558	54.506	54.424	54.295	54.214	54.094	53.996	53.913	53.808	53.725	53.621	53.557	53.508	53.397	53.324	53.211	53.121	53.033	52.947	52.835	52.74	52.664	52.594	52.482	52.371	52.276	52.211	52.147	52.108	52.058	51.988	51.927	51.854	51.789	51.717	51.641	51.599	51.56	51.509	51.447	51.41	51.325	51.26	51.167	51.076	50.976	50.865	50.76	50.711	50.619	50.557	50.495	50.406	50.316	50.243	50.172	50.153	50.123	50.067
59.493	59.438	59.373	59.312	59.244	59.212	59.184	59.175	59.144	59.095	59.053	58.976	58.916	58.876	58.837	58.786	58.758	58.713	58.666	58.646	58.572	58.531	58.449	58.367	58.291	58.222	58.161	58.158	58.088	58.041	57.927	57.84	57.773	57.688	57.613	57.525	57.479	57.434	57.387	57.329	57.251	57.193	57.127	57.09	57.057	56.992	56.928	56.863	56.861	56.812	56.748	56.654	56.573	56.495	56.381	56.287	56.2	56.092	56.025	55.961	55.892	55.835	55.759	55.7	55.605	55.541	55.45	55.355	55.253	55.133	55.05	54.964	54.909	54.846	54.734	54.683	54.597	54.525	54.467	54.402	54.323	54.202	54.103	53.986	53.884	53.802	53.692	53.593	53.521	53.45	53.384	53.257	53.155	53.052	52.966	52.892	52.799	52.716	52.644	52.562	52.457	52.36	52.235	52.143	52.059	52.015	51.987	51.943	51.897	51.816	51.744	51.687	51.599	51.554	51.518	51.478	51.412	51.33	51.294	51.234	51.164	51.087	50.99	50.875	50.772	50.629	50.531	50.453	50.404	50.345	50.257	50.186	50.091	50.018	49.999	49.96	49.897
59.407	59.323	59.284	59.227	59.219	59.199	59.139	59.123	59.077	59.032	58.976	58.905	58.859	58.799	58.764	58.737	58.71	58.676	58.604	58.562	58.492	58.454	58.389	58.32	58.257	58.182	58.111	58.037	57.985	57.932	57.86	57.748	57.685	57.63	57.561	57.514	57.457	57.386	57.34	57.287	57.205	57.116	57.04	56.977	56.93	56.88	56.807	56.766	56.75	56.707	56.631	56.561	56.456	56.377	56.291	56.184	56.116	56.029	55.951	55.881	55.803	55.783	55.684	55.603	55.505	55.43	55.353	55.25	55.174	55.059	54.97	54.872	54.806	54.738	54.631	54.587	54.49	54.412	54.336	54.275	54.191	54.088	53.969	53.88	53.788	53.682	53.595	53.483	53.404	53.313	53.235	53.112	52.993	52.898	52.83	52.738	52.656	52.581	52.515	52.44	52.348	52.226	52.104	51.994	51.938	51.886	51.86	51.824	51.747	51.7	51.61	51.552	51.479	51.451	51.396	51.346	51.302	51.214	51.17	51.119	51.049	50.961	50.841	50.752	50.635	50.536	50.435	50.368	50.285	50.19	50.132	50.058	49.959	49.906	49.847	49.789	49.757
59.285	59.246	59.186	59.165	59.164	59.164	59.107	59.067	59.043	58.98	58.917	58.825	58.793	58.749	58.708	58.664	58.607	58.588	58.52	58.468	58.428	58.359	58.296	58.233	58.19	58.123	58.044	57.967	57.906	57.836	57.76	57.693	57.625	57.575	57.527	57.469	57.427	57.337	57.267	57.195	57.121	57.042	56.97	56.889	56.836	56.764	56.715	56.633	56.606	56.584	56.516	56.413	56.336	56.256	56.171	56.094	56.041	55.953	55.886	55.819	55.751	55.696	55.597	55.523	55.406	55.336	55.282	55.19	55.12	55.002	54.918	54.805	54.726	54.65	54.575	54.511	54.414	54.325	54.245	54.158	54.08	53.978	53.869	53.771	53.679	53.553	53.452	53.354	53.288	53.204	53.104	52.994	52.899	52.804	52.724	52.628	52.568	52.48	52.408	52.331	52.259	52.128	51.996	51.898	51.826	51.775	51.719	51.692	51.632	51.568	51.499	51.423	51.381	51.334	51.308	51.226	51.172	51.134	51.07	51.003	50.937	50.84	50.738	50.61	50.512	50.444	50.364	50.3	50.211	50.095	50.008	49.947	49.86	49.789	49.731	49.687	49.646
59.219	59.162	59.142	59.127	59.106	59.119	59.064	59.024	58.966	58.932	58.883	58.78	58.733	58.673	58.621	58.572	58.512	58.483	58.454	58.392	58.329	58.274	58.206	58.155	58.127	58.044	57.964	57.909	57.836	57.773	57.685	57.622	57.554	57.511	57.458	57.4	57.362	57.26	57.178	57.11	57.007	56.932	56.882	56.803	56.738	56.671	56.611	56.535	56.469	56.443	56.35	56.269	56.205	56.118	56.035	55.99	55.911	55.865	55.815	55.738	55.643	55.571	55.487	55.439	55.331	55.272	55.184	55.121	55.087	54.991	54.866	54.732	54.646	54.59	54.52	54.422	54.357	54.283	54.195	54.088	54.003	53.859	53.754	53.633	53.526	53.437	53.337	53.254	53.157	53.09	52.995	52.918	52.86	52.744	52.672	52.561	52.464	52.351	52.274	52.19	52.114	52.024	51.907	51.803	51.718	51.65	51.601	51.564	51.515	51.467	51.396	51.342	51.282	51.219	51.182	51.123	51.075	51.028	50.975	50.888	50.815	50.706	50.607	50.528	50.423	50.331	50.258	50.191	50.105	49.99	49.922	49.869	49.799	49.739	49.645	49.596	49.575
59.125	59.05	59.024	59.03	59.029	59.031	58.96	58.918	58.867	58.825	58.773	58.692	58.646	58.582	58.535	58.478	58.435	58.418	58.354	58.299	58.245	58.197	58.13	58.059	57.992	57.922	57.884	57.818	57.748	57.698	57.61	57.55	57.484	57.428	57.366	57.303	57.226	57.144	57.06	56.991	56.873	56.792	56.738	56.685	56.628	56.565	56.479	56.419	56.358	56.314	56.23	56.159	56.063	55.98	55.916	55.865	55.83	55.771	55.719	55.623	55.532	55.458	55.361	55.27	55.248	55.153	55.092	55.025	54.98	54.918	54.797	54.705	54.594	54.515	54.442	54.364	54.282	54.219	54.101	54.014	53.915	53.779	53.655	53.503	53.368	53.246	53.149	53.075	52.984	52.935	52.869	52.799	52.719	52.628	52.576	52.48	52.351	52.234	52.136	52.039	51.952	51.875	51.758	51.664	51.6	51.528	51.463	51.423	51.373	51.334	51.252	51.191	51.14	51.108	51.031	50.983	50.947	50.866	50.798	50.743	50.664	50.591	50.515	50.437	50.337	50.241	50.157	50.083	50.004	49.901	49.828	49.785	49.72	49.665	49.59	49.513	49.466
59.051	59.021	58.977	58.961	58.919	58.929	58.888	58.834	58.774	58.72	58.696	58.639	58.558	58.516	58.463	58.4	58.351	58.322	58.274	58.215	58.154	58.088	58.034	57.947	57.903	57.839	57.808	57.771	57.691	57.634	57.542	57.482	57.397	57.324	57.268	57.206	57.127	57.059	56.964	56.868	56.788	56.729	56.666	56.58	56.53	56.454	56.377	56.294	56.248	56.195	56.117	56.052	55.941	55.86	55.818	55.769	55.728	55.625	55.564	55.502	55.431	55.33	55.26	55.157	55.115	55.025	54.953	54.932	54.846	54.812	54.736	54.628	54.525	54.421	54.346	54.256	54.175	54.139	54.031	53.938	53.807	53.726	53.602	53.447	53.309	53.149	53.036	52.935	52.845	52.803	52.728	52.678	52.592	52.519	52.455	52.366	52.257	52.132	52.043	51.945	51.852	51.769	51.648	51.565	51.501	51.417	51.35	51.317	51.285	51.196	51.155	51.104	51.029	50.994	50.942	50.883	50.81	50.764	50.699	50.631	50.545	50.477	50.422	50.337	50.281	50.203	50.127	50.047	49.931	49.83	49.736	49.699	49.631	49.568	49.49	49.424	49.348
58.98	58.926	58.888	58.838	58.848	58.836	58.81	58.782	58.706	58.657	58.599	58.559	58.503	58.429	58.382	58.31	58.261	58.226	58.172	58.113	58.031	57.986	57.917	57.859	57.829	57.764	57.708	57.652	57.596	57.524	57.492	57.398	57.312	57.213	57.164	57.088	57.034	56.962	56.868	56.779	56.685	56.596	56.527	56.468	56.42	56.344	56.264	56.188	56.128	56.09	56.013	55.888	55.81	55.751	55.714	55.64	55.584	55.544	55.457	55.396	55.288	55.216	55.137	55.015	54.967	54.852	54.826	54.784	54.748	54.724	54.609	54.523	54.415	54.313	54.223	54.158	54.093	54.028	53.956	53.874	53.797	53.657	53.546	53.395	53.256	53.138	52.995	52.87	52.764	52.67	52.624	52.547	52.494	52.418	52.342	52.252	52.132	52.026	51.921	51.865	51.773	51.665	51.546	51.445	51.379	51.317	51.265	51.203	51.14	51.081	51.019	50.989	50.923	50.858	50.827	50.768	50.75	50.696	50.646	50.559	50.485	50.402	50.342	50.285	50.214	50.142	50.085	49.991	49.888	49.775	49.72	49.649	49.588	49.512	49.41	49.356	49.261
58.908	58.896	58.837	58.816	58.781	58.75	58.741	58.697	58.652	58.581	58.534	58.48	58.421	58.367	58.304	58.233	58.161	58.128	58.06	57.987	57.941	57.876	57.823	57.754	57.706	57.68	57.615	57.562	57.488	57.44	57.388	57.319	57.215	57.103	57.042	56.978	56.94	56.861	56.752	56.666	56.543	56.483	56.419	56.338	56.308	56.233	56.172	56.1	56.051	55.995	55.892	55.777	55.706	55.64	55.57	55.567	55.491	55.42	55.382	55.28	55.233	55.123	55.014	54.901	54.8	54.761	54.713	54.674	54.618	54.562	54.497	54.382	54.325	54.219	54.132	54.07	53.983	53.91	53.839	53.79	53.696	53.606	53.493	53.369	53.225	53.074	52.963	52.819	52.728	52.622	52.517	52.446	52.361	52.319	52.235	52.137	52.067	51.939	51.843	51.729	51.668	51.582	51.436	51.363	51.266	51.233	51.147	51.077	51.039	50.959	50.9	50.829	50.795	50.734	50.706	50.67	50.635	50.614	50.533	50.479	50.416	50.34	50.275	50.209	50.157	50.074	50.019	49.91	49.804	49.735	49.654	49.611	49.527	49.448	49.365	49.277	49.182
58.835	58.818	58.777	58.742	58.699	58.675	58.636	58.585	58.547	58.493	58.465	58.41	58.355	58.299	58.229	58.147	58.07	58.03	57.973	57.891	57.829	57.75	57.699	57.69	57.624	57.594	57.508	57.443	57.411	57.349	57.261	57.165	57.091	57.023	56.978	56.904	56.831	56.731	56.635	56.546	56.475	56.399	56.335	56.243	56.19	56.11	56.044	56.018	55.969	55.914	55.801	55.683	55.591	55.514	55.466	55.465	55.408	55.329	55.257	55.193	55.132	55.054	54.952	54.825	54.721	54.665	54.617	54.551	54.49	54.408	54.361	54.312	54.236	54.142	54.068	53.958	53.885	53.792	53.74	53.673	53.587	53.515	53.428	53.306	53.156	53.028	52.893	52.755	52.664	52.545	52.427	52.33	52.225	52.186	52.131	52.026	51.948	51.845	51.77	51.674	51.559	51.454	51.328	51.245	51.178	51.097	51.059	50.967	50.904	50.845	50.755	50.703	50.672	50.621	50.576	50.535	50.525	50.476	50.444	50.354	50.305	50.245	50.192	50.139	50.057	49.981	49.912	49.807	49.735	49.653	49.593	49.524	49.436	49.354	49.279	49.221	49.116
58.761	58.725	58.689	58.649	58.618	58.601	58.542	58.478	58.485	58.414	58.39	58.316	58.248	58.207	58.123	58.082	57.992	57.948	57.883	57.818	57.75	57.677	57.624	57.582	57.519	57.479	57.393	57.307	57.251	57.173	57.12	57.042	57.005	56.938	56.901	56.809	56.694	56.629	56.551	56.467	56.393	56.302	56.233	56.138	56.082	55.995	55.928	55.901	55.821	55.756	55.653	55.585	55.491	55.398	55.338	55.296	55.281	55.208	55.144	55.085	54.999	54.922	54.84	54.79	54.683	54.613	54.535	54.447	54.409	54.33	54.28	54.244	54.171	54.086	53.992	53.891	53.773	53.658	53.59	53.51	53.446	53.367	53.287	53.179	53.027	52.912	52.777	52.656	52.55	52.436	52.34	52.245	52.163	52.067	51.991	51.919	51.83	51.732	51.653	51.608	51.489	51.378	51.249	51.136	51.097	50.979	50.938	50.856	50.769	50.72	50.635	50.588	50.567	50.528	50.494	50.444	50.44	50.367	50.364	50.282	50.209	50.156	50.107	50.078	49.995	49.893	49.806	49.733	49.678	49.566	49.512	49.43	49.323	49.256	49.178	49.114	49.054
58.718	58.657	58.638	58.604	58.56	58.557	58.476	58.413	58.358	58.313	58.267	58.195	58.144	58.105	58.051	58	57.941	57.859	57.792	57.719	57.629	57.58	57.515	57.464	57.424	57.387	57.305	57.207	57.113	57.033	56.974	56.917	56.858	56.817	56.749	56.645	56.603	56.502	56.441	56.317	56.286	56.214	56.126	56.039	55.953	55.884	55.816	55.745	55.708	55.634	55.567	55.486	55.375	55.323	55.237	55.184	55.145	55.092	55.037	54.957	54.906	54.839	54.748	54.654	54.598	54.538	54.463	54.389	54.321	54.256	54.214	54.154	54.105	54.018	53.935	53.833	53.75	53.614	53.51	53.44	53.323	53.243	53.167	53.064	52.958	52.833	52.713	52.577	52.463	52.339	52.242	52.153	52.043	51.96	51.891	51.809	51.728	51.601	51.542	51.481	51.394	51.278	51.156	51.066	50.993	50.92	50.843	50.774	50.702	50.64	50.574	50.511	50.491	50.474	50.419	50.382	50.316	50.27	50.248	50.2	50.177	50.081	50.028	49.976	49.929	49.849	49.754	49.713	49.639	49.556	49.465	49.354	49.284	49.189	49.121	49.041	48.984
58.625	58.583	58.543	58.524	58.453	58.447	58.395	58.311	58.257	58.229	58.192	58.128	58.051	57.99	57.939	57.898	57.849	57.758	57.688	57.592	57.511	57.468	57.425	57.392	57.332	57.276	57.166	57.09	57	56.938	56.869	56.815	56.755	56.7	56.613	56.528	56.444	56.378	56.303	56.24	56.165	56.081	56.028	55.951	55.872	55.783	55.711	55.64	55.592	55.527	55.446	55.376	55.304	55.212	55.128	55.065	55.035	54.987	54.944	54.865	54.804	54.734	54.637	54.559	54.508	54.416	54.368	54.308	54.252	54.197	54.142	54.056	53.996	53.955	53.854	53.778	53.666	53.564	53.464	53.348	53.255	53.166	53.066	52.955	52.871	52.772	52.644	52.494	52.372	52.242	52.145	52.046	51.964	51.876	51.807	51.71	51.635	51.562	51.459	51.385	51.313	51.186	51.076	50.983	50.92	50.865	50.807	50.717	50.641	50.591	50.521	50.497	50.436	50.401	50.359	50.309	50.26	50.23	50.188	50.136	50.07	50.03	49.977	49.937	49.881	49.801	49.737	49.647	49.583	49.505	49.432	49.338	49.237	49.131	49.044	49.003	48.941
58.491	58.452	58.438	58.427	58.434	58.382	58.323	58.247	58.211	58.173	58.124	58.074	57.992	57.921	57.836	57.775	57.72	57.655	57.587	57.52	57.448	57.407	57.357	57.281	57.248	57.214	57.128	57.014	56.951	56.873	56.814	56.736	56.688	56.638	56.54	56.439	56.337	56.266	56.192	56.129	56.063	55.996	55.928	55.885	55.799	55.679	55.626	55.542	55.489	55.412	55.36	55.266	55.195	55.091	54.988	54.95	54.904	54.875	54.811	54.749	54.676	54.602	54.524	54.447	54.397	54.33	54.262	54.229	54.177	54.124	54.076	53.995	53.911	53.823	53.753	53.678	53.59	53.497	53.38	53.294	53.188	53.086	53.025	52.89	52.79	52.688	52.568	52.441	52.296	52.161	52.054	51.965	51.872	51.8	51.735	51.672	51.57	51.482	51.375	51.261	51.2	51.1	51.004	50.926	50.862	50.807	50.796	50.716	50.652	50.595	50.524	50.443	50.375	50.306	50.271	50.236	50.163	50.141	50.126	50.07	50.03	49.975	49.945	49.904	49.839	49.745	49.683	49.611	49.532	49.448	49.363	49.265	49.172	49.078	49.004	48.96	48.909
58.363	58.316	58.317	58.29	58.258	58.254	58.211	58.187	58.127	58.097	58.045	57.967	57.846	57.762	57.711	57.659	57.596	57.545	57.48	57.411	57.369	57.327	57.274	57.227	57.169	57.104	57.022	56.914	56.866	56.803	56.729	56.661	56.585	56.53	56.454	56.359	56.273	56.15	56.081	56.029	55.968	55.907	55.814	55.725	55.641	55.528	55.49	55.41	55.325	55.257	55.216	55.118	55.071	54.99	54.892	54.815	54.741	54.699	54.652	54.601	54.538	54.492	54.429	54.364	54.317	54.218	54.151	54.11	54.077	54.075	53.996	53.91	53.829	53.722	53.639	53.546	53.447	53.39	53.279	53.189	53.091	52.977	52.91	52.819	52.68	52.559	52.486	52.381	52.243	52.09	51.971	51.855	51.765	51.711	51.661	51.59	51.503	51.395	51.289	51.17	51.073	51.013	50.933	50.886	50.823	50.76	50.7	50.627	50.57	50.496	50.459	50.378	50.317	50.222	50.153	50.118	50.086	50.035	49.995	49.957	49.922	49.859	49.818	49.773	49.742	49.659	49.579	49.529	49.455	49.366	49.276	49.195	49.098	48.986	48.926	48.861	48.84
58.243	58.212	58.19	58.176	58.169	58.115	58.123	58.089	58.032	57.967	57.921	57.834	57.739	57.672	57.608	57.539	57.468	57.393	57.369	57.314	57.286	57.227	57.193	57.138	57.061	57.042	56.937	56.857	56.783	56.721	56.673	56.59	56.523	56.453	56.384	56.236	56.166	56.102	55.989	55.959	55.883	55.789	55.712	55.556	55.478	55.409	55.332	55.267	55.2	55.12	55.034	54.965	54.937	54.839	54.778	54.71	54.624	54.542	54.519	54.444	54.351	54.33	54.259	54.238	54.187	54.116	54.07	54.009	53.956	53.882	53.877	53.824	53.724	53.598	53.509	53.439	53.373	53.301	53.209	53.102	52.994	52.901	52.84	52.728	52.589	52.489	52.422	52.342	52.222	52.084	51.974	51.838	51.744	51.668	51.601	51.511	51.429	51.352	51.248	51.132	51.028	50.947	50.88	50.805	50.763	50.704	50.612	50.568	50.498	50.449	50.357	50.309	50.236	50.156	50.125	50.049	49.982	49.915	49.862	49.85	49.777	49.727	49.673	49.662	49.628	49.545	49.501	49.433	49.389	49.299	49.206	49.117	49.016	48.926	48.822	48.786	48.764
58.159	58.102	58.073	58.057	58.067	58.032	58.002	57.995	57.913	57.866	57.828	57.722	57.651	57.548	57.518	57.461	57.415	57.33	57.245	57.216	57.16	57.145	57.112	57.071	57.012	56.917	56.85	56.772	56.729	56.701	56.595	56.558	56.475	56.399	56.334	56.214	56.135	56.02	55.948	55.869	55.789	55.671	55.558	55.467	55.349	55.308	55.226	55.152	55.084	54.981	54.921	54.845	54.822	54.765	54.691	54.631	54.541	54.463	54.396	54.312	54.23	54.146	54.108	54.061	54.038	53.983	53.923	53.911	53.838	53.753	53.745	53.665	53.586	53.475	53.397	53.325	53.278	53.196	53.092	53.02	52.916	52.846	52.784	52.638	52.558	52.415	52.35	52.293	52.205	52.068	51.95	51.888	51.783	51.682	51.611	51.482	51.443	51.338	51.254	51.128	51.009	50.903	50.803	50.754	50.684	50.645	50.551	50.511	50.492	50.396	50.326	50.227	50.211	50.118	50.062	49.984	49.882	49.856	49.784	49.727	49.689	49.595	49.562	49.512	49.48	49.452	49.408	49.358	49.263	49.228	49.161	49.05	48.962	48.85	48.781	48.708	48.679
58.04	58.009	57.95	57.944	57.941	57.917	57.917	57.87	57.839	57.768	57.707	57.639	57.548	57.503	57.433	57.397	57.34	57.261	57.182	57.075	57.072	57.05	57.033	56.985	56.921	56.872	56.76	56.763	56.693	56.655	56.593	56.494	56.451	56.347	56.271	56.183	56.059	56.003	55.927	55.857	55.748	55.62	55.523	55.387	55.306	55.227	55.157	55.083	54.966	54.889	54.81	54.77	54.746	54.678	54.62	54.543	54.494	54.383	54.278	54.194	54.099	54.038	53.954	53.922	53.886	53.825	53.807	53.753	53.749	53.667	53.611	53.542	53.421	53.355	53.266	53.202	53.146	53.065	53.014	52.926	52.863	52.775	52.718	52.588	52.452	52.403	52.298	52.253	52.159	52.044	51.936	51.832	51.77	51.651	51.594	51.512	51.413	51.356	51.229	51.138	51.022	50.875	50.774	50.667	50.636	50.558	50.512	50.462	50.421	50.384	50.274	50.191	50.153	50.07	50.021	49.901	49.846	49.775	49.732	49.661	49.609	49.571	49.479	49.435	49.423	49.36	49.335	49.262	49.214	49.154	49.106	48.989	48.875	48.808	48.718	48.68	48.635
57.954	57.888	57.874	57.829	57.834	57.805	57.785	57.792	57.702	57.679	57.632	57.559	57.497	57.426	57.403	57.341	57.292	57.234	57.137	57.085	57	56.981	56.961	56.889	56.879	56.788	56.759	56.734	56.709	56.668	56.569	56.515	56.41	56.348	56.243	56.12	56.05	55.932	55.88	55.786	55.704	55.583	55.483	55.393	55.238	55.185	55.091	55.005	54.927	54.815	54.761	54.707	54.663	54.603	54.518	54.474	54.376	54.296	54.198	54.081	54.035	53.936	53.887	53.82	53.754	53.692	53.638	53.625	53.577	53.575	53.509	53.458	53.365	53.247	53.189	53.088	53.028	52.976	52.902	52.87	52.782	52.751	52.674	52.558	52.46	52.341	52.284	52.212	52.128	52.04	51.929	51.837	51.734	51.658	51.595	51.492	51.423	51.33	51.288	51.157	51.041	50.92	50.767	50.719	50.616	50.53	50.473	50.368	50.374	50.3	50.247	50.148	50.113	50.05	49.975	49.932	49.821	49.756	49.687	49.619	49.585	49.491	49.457	49.405	49.369	49.313	49.266	49.228	49.134	49.1	49.052	48.941	48.863	48.744	48.698	48.629	48.619
57.837	57.823	57.764	57.741	57.754	57.701	57.687	57.657	57.632	57.566	57.512	57.459	57.391	57.392	57.34	57.317	57.257	57.22	57.146	57.024	56.991	56.929	56.924	56.847	56.786	56.79	56.72	56.725	56.692	56.641	56.607	56.506	56.428	56.324	56.229	56.131	56.021	55.941	55.843	55.785	55.687	55.535	55.445	55.302	55.21	55.131	55.045	54.96	54.859	54.791	54.71	54.663	54.625	54.538	54.468	54.357	54.301	54.175	54.09	53.971	53.912	53.899	53.794	53.741	53.71	53.605	53.572	53.507	53.477	53.444	53.435	53.355	53.26	53.22	53.114	53.027	52.946	52.885	52.853	52.759	52.723	52.674	52.615	52.519	52.422	52.357	52.242	52.207	52.111	52.01	51.959	51.856	51.796	51.698	51.605	51.521	51.41	51.362	51.252	51.194	51.091	50.971	50.853	50.728	50.696	50.554	50.477	50.385	50.298	50.254	50.173	50.163	50.1	50.026	49.958	49.867	49.815	49.717	49.671	49.603	49.525	49.503	49.423	49.388	49.343	49.261	49.216	49.147	49.093	49.025	48.975	48.921	48.821	48.766	48.671	48.623	48.58
57.742	57.701	57.68	57.65	57.66	57.64	57.608	57.594	57.486	57.464	57.423	57.352	57.346	57.299	57.285	57.254	57.208	57.166	57.078	57.022	56.946	56.904	56.888	56.834	56.786	56.729	56.729	56.696	56.68	56.598	56.536	56.484	56.399	56.354	56.254	56.125	56.035	55.927	55.855	55.756	55.682	55.527	55.392	55.291	55.153	55.097	55.013	54.922	54.831	54.706	54.647	54.568	54.503	54.461	54.358	54.277	54.152	54.074	53.973	53.829	53.779	53.733	53.72	53.652	53.606	53.55	53.488	53.46	53.417	53.375	53.331	53.244	53.16	53.085	53.052	52.947	52.886	52.824	52.76	52.704	52.633	52.581	52.525	52.442	52.39	52.31	52.216	52.118	52.071	51.972	51.905	51.867	51.789	51.736	51.627	51.532	51.459	51.343	51.284	51.184	51.075	50.968	50.853	50.778	50.677	50.598	50.492	50.367	50.335	50.235	50.192	50.119	50.058	49.983	49.879	49.825	49.739	49.685	49.594	49.569	49.528	49.448	49.414	49.371	49.344	49.269	49.19	49.135	49.053	48.995	48.914	48.835	48.799	48.709	48.654	48.575	48.542
57.668	57.63	57.584	57.567	57.58	57.544	57.521	57.473	57.412	57.35	57.353	57.281	57.276	57.249	57.189	57.197	57.165	57.1	57.062	56.993	56.93	56.871	56.85	56.809	56.734	56.687	56.676	56.656	56.617	56.532	56.497	56.444	56.396	56.346	56.283	56.162	56.024	55.911	55.813	55.736	55.638	55.513	55.369	55.227	55.131	55.049	54.995	54.921	54.781	54.673	54.604	54.532	54.456	54.366	54.284	54.169	54.05	53.927	53.833	53.748	53.658	53.627	53.576	53.537	53.511	53.476	53.439	53.382	53.353	53.314	53.249	53.175	53.074	53.031	52.967	52.887	52.836	52.77	52.725	52.654	52.59	52.521	52.47	52.383	52.294	52.248	52.15	52.06	51.984	51.927	51.88	51.809	51.777	51.702	51.641	51.524	51.452	51.378	51.266	51.176	51.07	50.934	50.882	50.768	50.676	50.583	50.497	50.382	50.324	50.26	50.184	50.129	50.054	49.952	49.866	49.779	49.739	49.652	49.599	49.56	49.517	49.445	49.357	49.303	49.262	49.213	49.152	49.055	49.021	48.942	48.886	48.828	48.759	48.719	48.638	48.532	48.485
57.642	57.574	57.528	57.508	57.499	57.508	57.451	57.429	57.368	57.308	57.298	57.238	57.216	57.204	57.147	57.109	57.08	57.05	56.997	56.941	56.887	56.855	56.804	56.779	56.726	56.684	56.648	56.6	56.588	56.527	56.47	56.423	56.369	56.336	56.247	56.148	56.045	55.918	55.823	55.709	55.602	55.5	55.343	55.22	55.127	55.062	54.967	54.863	54.779	54.684	54.555	54.475	54.404	54.292	54.195	54.085	53.966	53.862	53.754	53.653	53.556	53.528	53.494	53.458	53.409	53.401	53.388	53.342	53.287	53.251	53.212	53.087	53.019	52.969	52.908	52.849	52.78	52.737	52.666	52.591	52.508	52.449	52.356	52.31	52.237	52.139	52.057	52.018	51.975	51.896	51.814	51.78	51.736	51.66	51.594	51.521	51.444	51.372	51.284	51.155	51.079	50.965	50.872	50.791	50.723	50.624	50.536	50.464	50.36	50.27	50.175	50.109	50.056	49.945	49.854	49.795	49.763	49.701	49.625	49.554	49.534	49.48	49.406	49.288	49.25	49.182	49.11	49.049	48.949	48.89	48.828	48.782	48.728	48.661	48.612	48.528	48.481
57.587	57.495	57.465	57.453	57.413	57.422	57.379	57.352	57.32	57.282	57.295	57.208	57.176	57.135	57.09	57.039	57.033	56.995	56.944	56.898	56.841	56.83	56.799	56.736	56.688	56.653	56.626	56.559	56.528	56.478	56.403	56.361	56.319	56.27	56.199	56.08	55.982	55.859	55.767	55.665	55.541	55.419	55.297	55.202	55.101	55.017	54.96	54.814	54.733	54.631	54.521	54.392	54.343	54.243	54.161	54.048	53.939	53.836	53.728	53.604	53.504	53.437	53.424	53.367	53.332	53.275	53.294	53.293	53.232	53.212	53.165	53.046	52.981	52.887	52.842	52.767	52.737	52.669	52.608	52.507	52.396	52.362	52.267	52.191	52.108	52.045	51.996	51.941	51.907	51.874	51.784	51.706	51.62	51.565	51.507	51.415	51.359	51.288	51.236	51.145	51.088	51.017	50.91	50.801	50.702	50.626	50.559	50.484	50.43	50.312	50.189	50.105	50.043	49.967	49.848	49.81	49.76	49.72	49.672	49.574	49.52	49.463	49.404	49.314	49.246	49.18	49.083	48.999	48.922	48.847	48.761	48.686	48.643	48.577	48.544	48.492	48.441
57.541	57.453	57.362	57.396	57.371	57.352	57.306	57.267	57.268	57.23	57.211	57.17	57.134	57.1	57.043	57.01	56.979	56.919	56.889	56.821	56.803	56.771	56.771	56.73	56.656	56.624	56.544	56.512	56.477	56.426	56.388	56.315	56.263	56.194	56.124	56.005	55.892	55.829	55.734	55.638	55.509	55.378	55.258	55.131	55.058	54.963	54.908	54.817	54.669	54.572	54.464	54.4	54.318	54.226	54.13	54.017	53.922	53.794	53.712	53.604	53.492	53.434	53.372	53.336	53.286	53.217	53.209	53.18	53.173	53.101	53.075	52.99	52.902	52.835	52.744	52.681	52.644	52.556	52.501	52.36	52.286	52.201	52.202	52.085	51.97	51.958	51.915	51.908	51.865	51.793	51.742	51.637	51.58	51.504	51.432	51.359	51.291	51.242	51.185	51.152	51.076	51.008	50.94	50.833	50.743	50.647	50.595	50.538	50.458	50.378	50.23	50.125	50.045	49.947	49.881	49.79	49.75	49.683	49.648	49.563	49.467	49.44	49.344	49.311	49.241	49.167	49.088	48.983	48.908	48.81	48.748	48.685	48.592	48.523	48.457	48.434	48.386
57.496	57.406	57.371	57.314	57.283	57.262	57.188	57.213	57.173	57.174	57.181	57.116	57.07	57.019	57.03	56.956	56.929	56.884	56.827	56.802	56.744	56.751	56.742	56.677	56.619	56.555	56.531	56.453	56.425	56.371	56.33	56.306	56.213	56.145	56.069	55.931	55.859	55.756	55.714	55.586	55.46	55.347	55.202	55.122	55.006	54.951	54.874	54.764	54.679	54.549	54.469	54.339	54.272	54.215	54.096	54.034	53.909	53.821	53.713	53.594	53.522	53.419	53.377	53.316	53.27	53.224	53.126	53.137	53.069	53.017	52.949	52.872	52.825	52.753	52.708	52.589	52.548	52.451	52.355	52.262	52.127	52.058	52.035	51.972	51.933	51.852	51.856	51.818	51.814	51.738	51.637	51.599	51.5	51.45	51.4	51.326	51.251	51.162	51.097	51.019	50.986	50.947	50.883	50.833	50.734	50.66	50.595	50.537	50.466	50.335	50.26	50.15	50.06	49.973	49.836	49.799	49.721	49.674	49.61	49.545	49.48	49.35	49.309	49.259	49.22	49.179	49.074	49.039	48.93	48.835	48.762	48.657	48.614	48.501	48.452	48.378	48.314
57.395	57.356	57.295	57.274	57.226	57.173	57.125	57.077	57.12	57.125	57.138	57.086	57	57.015	56.953	56.943	56.891	56.852	56.793	56.735	56.707	56.666	56.664	56.607	56.528	56.49	56.428	56.403	56.35	56.298	56.292	56.22	56.199	56.082	55.991	55.908	55.805	55.725	55.619	55.573	55.461	55.331	55.236	55.094	55.031	54.919	54.829	54.758	54.624	54.545	54.413	54.329	54.229	54.136	54.069	53.958	53.894	53.792	53.7	53.591	53.498	53.422	53.307	53.294	53.241	53.191	53.151	53.05	53.022	52.941	52.868	52.807	52.711	52.718	52.619	52.558	52.48	52.383	52.312	52.166	52.064	51.934	51.889	51.857	51.821	51.813	51.756	51.765	51.728	51.635	51.587	51.478	51.452	51.357	51.323	51.277	51.186	51.154	51.033	50.973	50.928	50.863	50.83	50.744	50.717	50.622	50.592	50.492	50.38	50.306	50.191	50.141	50.052	49.93	49.87	49.732	49.673	49.611	49.568	49.535	49.428	49.386	49.272	49.251	49.21	49.143	49.11	49.003	48.969	48.846	48.774	48.683	48.566	48.502	48.404	48.341	48.265
