52.783	52.765	52.764	52.739	52.731	52.694	52.667	52.647	52.63	52.603	52.575	52.559	52.54	52.522	52.499	52.479	52.456	52.434	52.422	52.418	52.387	52.362	52.333	52.292	52.251	52.214	52.189	52.158	52.121	52.072	52.045	52.025	51.997	51.991	51.964	51.934	51.906	51.87	51.846	51.816	51.769	51.725	51.704	51.677	51.654	51.624	51.586	51.562	51.544	51.519	51.5	51.468	51.431	51.392	51.361	51.35	51.317	51.283	51.245	51.196	51.167	51.14	51.1	51.058	51.013	50.976	50.948	50.92	50.88	50.84	50.813	50.787	50.754	50.738	50.702	50.681	50.655	50.617	50.597	50.575	50.555	50.537	50.501	50.464	50.423	50.381	50.342	50.317	50.283	50.23	50.203	50.156	50.128	50.099	50.074	50.042	50.021	49.986	49.962	49.948	49.933	49.91	49.896	49.884	49.857	49.832	49.818	49.807	49.793	49.781	49.771	49.756	49.732	49.695	49.668	49.653	49.638	49.627	49.619	49.591	49.583	49.566	49.57	49.553	49.55	49.54	49.534	49.521	49.508	49.493	49.48	49.48	49.483	49.47	49.454	49.451	49.445
52.523	52.507	52.496	52.459	52.451	52.41	52.382	52.362	52.327	52.299	52.266	52.249	52.231	52.217	52.195	52.147	52.132	52.106	52.084	52.067	52.04	52.009	51.984	51.938	51.9	51.862	51.814	51.774	51.757	51.702	51.684	51.652	51.634	51.62	51.588	51.546	51.508	51.481	51.429	51.397	51.356	51.327	51.297	51.267	51.228	51.189	51.145	51.123	51.096	51.076	51.06	51.028	50.987	50.966	50.926	50.892	50.869	50.818	50.78	50.73	50.686	50.652	50.628	50.575	50.551	50.511	50.484	50.448	50.416	50.375	50.347	50.315	50.272	50.254	50.193	50.165	50.134	50.104	50.07	50.044	50.024	50.005	49.971	49.947	49.905	49.862	49.813	49.766	49.709	49.684	49.648	49.596	49.575	49.536	49.501	49.464	49.423	49.388	49.364	49.353	49.332	49.315	49.293	49.271	49.26	49.246	49.218	49.192	49.16	49.152	49.123	49.119	49.092	49.056	49.031	49.014	48.997	48.982	48.972	48.933	48.912	48.904	48.889	48.893	48.872	48.863	48.857	48.852	48.83	48.813	48.82	48.822	48.818	48.795	48.784	48.777	48.785
52.21	52.201	52.175	52.16	52.142	52.113	52.087	52.055	52.026	52	51.969	51.939	51.916	51.897	51.866	51.825	51.792	51.757	51.724	51.701	51.67	51.633	51.608	51.575	51.531	51.488	51.437	51.399	51.374	51.323	51.304	51.255	51.243	51.214	51.167	51.129	51.089	51.068	51.024	50.981	50.925	50.885	50.863	50.827	50.777	50.736	50.699	50.667	50.632	50.621	50.588	50.543	50.516	50.485	50.466	50.401	50.352	50.298	50.254	50.196	50.147	50.115	50.084	50.045	50.044	49.999	49.97	49.928	49.888	49.856	49.816	49.795	49.755	49.708	49.666	49.619	49.577	49.533	49.502	49.478	49.451	49.43	49.398	49.372	49.325	49.295	49.241	49.178	49.129	49.086	49.029	48.978	48.942	48.906	48.869	48.839	48.794	48.757	48.727	48.712	48.691	48.671	48.645	48.627	48.611	48.582	48.566	48.525	48.485	48.463	48.424	48.411	48.372	48.353	48.329	48.305	48.297	48.279	48.255	48.23	48.213	48.192	48.179	48.152	48.14	48.102	48.114	48.118	48.106	48.112	48.104	48.101	48.092	48.089	48.084	48.079	48.084
51.947	51.939	51.919	51.891	51.858	51.814	51.789	51.762	51.733	51.685	51.649	51.623	51.592	51.545	51.528	51.482	51.454	51.408	51.37	51.336	51.272	51.237	51.214	51.192	51.157	51.112	51.071	51.021	50.984	50.939	50.918	50.871	50.845	50.809	50.757	50.724	50.683	50.633	50.575	50.534	50.483	50.45	50.405	50.367	50.326	50.282	50.24	50.199	50.156	50.118	50.082	50.055	50.021	49.986	49.952	49.902	49.839	49.774	49.721	49.654	49.618	49.576	49.545	49.509	49.456	49.445	49.417	49.384	49.337	49.31	49.275	49.248	49.201	49.141	49.102	49.045	48.999	48.958	48.917	48.887	48.869	48.83	48.78	48.744	48.715	48.671	48.61	48.566	48.518	48.475	48.423	48.371	48.305	48.27	48.233	48.203	48.18	48.152	48.111	48.085	48.065	48.03	48.006	47.967	47.933	47.895	47.862	47.832	47.812	47.779	47.736	47.716	47.665	47.639	47.617	47.597	47.578	47.559	47.528	47.506	47.484	47.466	47.441	47.418	47.408	47.388	47.385	47.398	47.395	47.39	47.383	47.37	47.358	47.362	47.369	47.358	47.355
51.625	51.596	51.554	51.53	51.512	51.485	51.456	51.424	51.409	51.373	51.358	51.328	51.269	51.234	51.19	51.135	51.077	51.032	50.982	50.936	50.898	50.877	50.837	50.795	50.755	50.714	50.665	50.613	50.595	50.526	50.485	50.44	50.385	50.339	50.304	50.272	50.206	50.153	50.108	50.072	50.033	49.982	49.936	49.89	49.853	49.786	49.745	49.709	49.649	49.595	49.547	49.502	49.465	49.441	49.394	49.34	49.27	49.211	49.169	49.132	49.072	49.02	48.973	48.944	48.904	48.888	48.84	48.799	48.752	48.732	48.692	48.64	48.616	48.562	48.51	48.463	48.418	48.36	48.31	48.269	48.223	48.19	48.146	48.114	48.069	48.032	47.974	47.926	47.882	47.833	47.786	47.729	47.673	47.637	47.593	47.562	47.528	47.489	47.45	47.405	47.361	47.325	47.287	47.238	47.209	47.17	47.128	47.078	47.049	47.024	46.991	46.961	46.931	46.891	46.859	46.84	46.821	46.806	46.787	46.736	46.718	46.701	46.684	46.665	46.653	46.639	46.632	46.645	46.635	46.641	46.655	46.646	46.629	46.626	46.629	46.632	46.629
51.329	51.304	51.292	51.251	51.211	51.158	51.106	51.075	51.055	51.022	50.975	50.92	50.885	50.847	50.815	50.778	50.72	50.667	50.609	50.573	50.524	50.48	50.437	50.398	50.353	50.304	50.243	50.203	50.165	50.113	50.069	50.023	49.969	49.909	49.854	49.798	49.757	49.725	49.652	49.593	49.552	49.507	49.463	49.39	49.325	49.28	49.243	49.168	49.116	49.039	48.987	48.932	48.884	48.846	48.795	48.745	48.699	48.638	48.59	48.533	48.481	48.415	48.365	48.329	48.288	48.265	48.216	48.185	48.13	48.085	48.06	48.006	47.968	47.916	47.895	47.843	47.797	47.743	47.689	47.618	47.565	47.52	47.467	47.429	47.375	47.324	47.28	47.227	47.17	47.141	47.089	47.037	46.991	46.93	46.886	46.852	46.813	46.764	46.723	46.667	46.614	46.562	46.518	46.477	46.431	46.391	46.345	46.314	46.282	46.258	46.224	46.189	46.165	46.136	46.095	46.075	46.05	46.02	45.993	45.947	45.934	45.909	45.894	45.886	45.877	45.877	45.858	45.854	45.868	45.868	45.85	45.844	45.847	45.85	45.843	45.838	45.843
50.96	50.926	50.898	50.854	50.825	50.793	50.759	50.713	50.679	50.636	50.616	50.583	50.545	50.496	50.452	50.401	50.34	50.288	50.21	50.189	50.126	50.086	50.04	49.992	49.938	49.879	49.817	49.764	49.711	49.689	49.636	49.563	49.511	49.452	49.4	49.369	49.31	49.232	49.174	49.123	49.069	49.008	48.944	48.884	48.838	48.791	48.713	48.639	48.583	48.499	48.445	48.399	48.344	48.268	48.21	48.152	48.101	48.051	48.016	47.965	47.902	47.848	47.781	47.76	47.708	47.654	47.596	47.551	47.496	47.44	47.395	47.344	47.311	47.255	47.215	47.165	47.126	47.079	47.026	46.963	46.903	46.841	46.793	46.749	46.703	46.638	46.588	46.545	46.494	46.461	46.417	46.365	46.312	46.264	46.214	46.178	46.129	46.071	46.001	45.94	45.895	45.848	45.797	45.742	45.694	45.65	45.605	45.557	45.522	45.485	45.448	45.411	45.391	45.376	45.365	45.331	45.303	45.264	45.231	45.191	45.176	45.151	45.125	45.102	45.096	45.08	45.07	45.077	45.085	45.091	45.098	45.087	45.079	45.085	45.091	45.08	45.075
50.625	50.606	50.58	50.536	50.486	50.436	50.387	50.326	50.278	50.254	50.229	50.177	50.134	50.094	50.064	49.995	49.936	49.873	49.82	49.784	49.724	49.668	49.603	49.553	49.501	49.448	49.361	49.308	49.259	49.195	49.138	49.093	49.041	49.002	48.939	48.887	48.82	48.763	48.699	48.597	48.527	48.48	48.424	48.357	48.3	48.225	48.172	48.114	48.011	47.952	47.888	47.815	47.727	47.653	47.61	47.549	47.487	47.431	47.372	47.31	47.248	47.211	47.152	47.105	47.046	46.983	46.936	46.875	46.826	46.784	46.735	46.675	46.635	46.58	46.543	46.486	46.446	46.378	46.327	46.278	46.221	46.179	46.13	46.074	46.031	45.972	45.93	45.88	45.826	45.781	45.723	45.653	45.595	45.55	45.507	45.445	45.379	45.309	45.242	45.19	45.128	45.086	45.048	44.981	44.932	44.886	44.842	44.786	44.727	44.689	44.652	44.644	44.625	44.607	44.584	44.568	44.545	44.493	44.441	44.401	44.371	44.35	44.341	44.311	44.304	44.291	44.279	44.275	44.282	44.293	44.317	44.303	44.281	44.291	44.294	44.31	44.317
50.262	50.236	50.188	50.148	50.112	50.054	50.018	49.957	49.899	49.86	49.829	49.791	49.74	49.683	49.648	49.586	49.518	49.431	49.368	49.314	49.257	49.19	49.141	49.104	49.037	48.962	48.904	48.84	48.794	48.728	48.662	48.588	48.532	48.474	48.416	48.373	48.315	48.237	48.157	48.087	48.007	47.952	47.876	47.811	47.753	47.683	47.585	47.538	47.445	47.381	47.306	47.235	47.172	47.095	47.034	46.961	46.909	46.843	46.775	46.702	46.638	46.579	46.54	46.488	46.433	46.365	46.307	46.267	46.214	46.168	46.116	46.056	45.995	45.959	45.898	45.861	45.801	45.731	45.673	45.626	45.577	45.547	45.492	45.449	45.406	45.354	45.293	45.242	45.178	45.123	45.062	44.998	44.939	44.867	44.808	44.756	44.693	44.623	44.548	44.476	44.421	44.374	44.319	44.29	44.231	44.179	44.124	44.076	44.013	43.968	43.927	43.893	43.88	43.863	43.839	43.809	43.771	43.729	43.69	43.662	43.636	43.619	43.601	43.577	43.555	43.544	43.531	43.519	43.511	43.521	43.543	43.546	43.535	43.537	43.547	43.547	43.554
49.906	49.879	49.838	49.798	49.759	49.684	49.647	49.576	49.514	49.468	49.41	49.368	49.305	49.249	49.208	49.157	49.094	49.021	48.955	48.876	48.81	48.735	48.688	48.625	48.553	48.509	48.453	48.374	48.309	48.243	48.176	48.089	48.033	47.966	47.919	47.865	47.797	47.716	47.639	47.569	47.494	47.425	47.342	47.254	47.168	47.11	47.017	46.948	46.865	46.803	46.728	46.668	46.597	46.518	46.467	46.395	46.328	46.26	46.18	46.116	46.05	45.98	45.922	45.868	45.807	45.736	45.688	45.654	45.6	45.557	45.505	45.442	45.391	45.338	45.27	45.228	45.173	45.116	45.05	44.992	44.934	44.905	44.85	44.816	44.758	44.705	44.656	44.589	44.526	44.458	44.396	44.318	44.258	44.183	44.116	44.064	43.999	43.945	43.868	43.817	43.753	43.7	43.639	43.586	43.531	43.46	43.396	43.339	43.276	43.255	43.227	43.196	43.171	43.144	43.111	43.083	43.047	43.008	42.975	42.937	42.922	42.897	42.877	42.849	42.845	42.82	42.814	42.784	42.786	42.78	42.784	42.797	42.797	42.8	42.819	42.819	42.819
49.557	49.53	49.483	49.426	49.354	49.286	49.245	49.164	49.1	49.033	48.976	48.919	48.858	48.807	48.761	48.691	48.641	48.571	48.505	48.428	48.368	48.294	48.231	48.151	48.09	48.028	47.966	47.896	47.829	47.762	47.68	47.605	47.548	47.473	47.406	47.339	47.264	47.204	47.138	47.054	46.98	46.9	46.812	46.714	46.618	46.556	46.469	46.389	46.297	46.249	46.181	46.115	46.029	45.959	45.902	45.814	45.739	45.669	45.603	45.534	45.482	45.413	45.348	45.287	45.218	45.147	45.101	45.048	44.979	44.912	44.848	44.795	44.743	44.695	44.634	44.583	44.518	44.459	44.411	44.337	44.29	44.245	44.193	44.151	44.105	44.055	43.994	43.925	43.855	43.787	43.718	43.644	43.591	43.529	43.462	43.391	43.336	43.273	43.211	43.148	43.086	43.024	42.965	42.903	42.837	42.78	42.716	42.67	42.619	42.571	42.542	42.511	42.491	42.458	42.431	42.399	42.344	42.296	42.247	42.224	42.211	42.203	42.176	42.148	42.116	42.105	42.09	42.076	42.051	42.048	42.052	42.065	42.063	42.055	42.051	42.054	42.055
49.178	49.122	49.077	48.993	48.927	48.854	48.801	48.738	48.671	48.596	48.528	48.482	48.414	48.356	48.294	48.242	48.185	48.128	48.062	47.985	47.914	47.835	47.767	47.679	47.606	47.554	47.486	47.414	47.35	47.293	47.224	47.139	47.047	46.966	46.888	46.823	46.746	46.656	46.596	46.508	46.44	46.358	46.257	46.181	46.091	46.011	45.933	45.842	45.77	45.695	45.626	45.547	45.486	45.399	45.321	45.259	45.185	45.104	45.034	44.963	44.893	44.837	44.77	44.694	44.639	44.571	44.513	44.449	44.385	44.319	44.259	44.195	44.122	44.059	44.001	43.963	43.903	43.856	43.804	43.762	43.695	43.624	43.562	43.513	43.46	43.411	43.344	43.282	43.214	43.154	43.086	43.017	42.966	42.914	42.857	42.789	42.716	42.659	42.59	42.53	42.46	42.399	42.353	42.267	42.21	42.154	42.1	42.043	41.995	41.94	41.901	41.868	41.846	41.811	41.778	41.741	41.692	41.644	41.603	41.581	41.554	41.533	41.513	41.479	41.46	41.431	41.398	41.402	41.368	41.372	41.359	41.341	41.337	41.318	41.317	41.318	41.311
48.84	48.771	48.702	48.634	48.555	48.463	48.379	48.291	48.225	48.147	48.085	48.016	47.944	47.88	47.852	47.788	47.724	47.667	47.602	47.554	47.472	47.387	47.316	47.221	47.151	47.093	47.015	46.954	46.859	46.805	46.722	46.656	46.568	46.476	46.398	46.311	46.252	46.165	46.094	46.009	45.926	45.83	45.747	45.663	45.588	45.482	45.392	45.307	45.233	45.161	45.077	44.997	44.927	44.867	44.787	44.713	44.636	44.564	44.495	44.422	44.362	44.286	44.209	44.143	44.076	44.018	43.953	43.884	43.811	43.74	43.677	43.611	43.537	43.477	43.418	43.347	43.295	43.254	43.193	43.14	43.096	43.047	42.992	42.928	42.879	42.821	42.745	42.683	42.619	42.56	42.5	42.43	42.363	42.293	42.232	42.192	42.132	42.075	42.029	41.957	41.893	41.837	41.755	41.688	41.622	41.564	41.498	41.456	41.415	41.366	41.335	41.277	41.215	41.18	41.128	41.096	41.051	41.022	40.982	40.956	40.927	40.904	40.872	40.85	40.828	40.809	40.762	40.762	40.732	40.719	40.702	40.688	40.656	40.635	40.624	40.639	40.628
48.44	48.373	48.294	48.202	48.117	48.036	47.966	47.89	47.82	47.728	47.657	47.603	47.546	47.48	47.406	47.307	47.232	47.181	47.108	47.047	46.999	46.92	46.843	46.757	46.675	46.603	46.523	46.467	46.394	46.329	46.234	46.154	46.072	45.974	45.891	45.81	45.768	45.685	45.612	45.512	45.414	45.336	45.247	45.146	45.056	44.996	44.908	44.821	44.725	44.633	44.551	44.484	44.407	44.35	44.271	44.191	44.114	44.051	43.963	43.883	43.829	43.764	43.695	43.609	43.544	43.489	43.428	43.374	43.302	43.235	43.178	43.085	43.012	42.923	42.859	42.805	42.739	42.67	42.625	42.576	42.527	42.48	42.422	42.384	42.335	42.288	42.244	42.168	42.089	42.029	41.962	41.897	41.826	41.768	41.711	41.658	41.598	41.533	41.465	41.412	41.334	41.26	41.181	41.123	41.06	41.002	40.947	40.892	40.876	40.82	40.752	40.701	40.659	40.606	40.55	40.511	40.458	40.414	40.383	40.344	40.343	40.304	40.278	40.267	40.235	40.212	40.185	40.156	40.14	40.106	40.079	40.052	40.034	40.01	40.001	39.994	39.979
48.148	48.06	47.957	47.878	47.795	47.675	47.57	47.483	47.401	47.329	47.27	47.201	47.133	47.057	46.986	46.919	46.832	46.755	46.689	46.611	46.543	46.471	46.407	46.312	46.239	46.16	46.098	46.036	45.944	45.888	45.799	45.72	45.632	45.546	45.491	45.41	45.321	45.254	45.182	45.087	44.992	44.895	44.797	44.708	44.641	44.547	44.444	44.365	44.298	44.189	44.079	43.993	43.928	43.858	43.782	43.709	43.636	43.549	43.481	43.41	43.348	43.287	43.222	43.162	43.109	43.046	42.969	42.901	42.838	42.765	42.703	42.634	42.577	42.499	42.414	42.353	42.285	42.234	42.184	42.12	42.057	42.016	41.967	41.901	41.868	41.805	41.759	41.7	41.638	41.582	41.505	41.446	41.373	41.293	41.245	41.178	41.113	41.041	40.959	40.928	40.845	40.772	40.703	40.638	40.566	40.505	40.448	40.376	40.343	40.298	40.241	40.189	40.137	40.087	40.052	40.003	39.946	39.896	39.86	39.825	39.799	39.769	39.736	39.713	39.696	39.672	39.642	39.608	39.584	39.545	39.517	39.476	39.442	39.42	39.42	39.402	39.389
47.76	47.653	47.565	47.481	47.387	47.295	47.221	47.122	47.047	46.979	46.917	46.833	46.759	46.692	46.614	46.535	46.449	46.374	46.291	46.199	46.122	46.039	45.968	45.878	45.798	45.732	45.645	45.587	45.511	45.445	45.368	45.29	45.208	45.114	45.02	44.931	44.866	44.791	44.716	44.615	44.526	44.436	44.351	44.263	44.167	44.077	44.002	43.909	43.818	43.743	43.661	43.576	43.495	43.421	43.351	43.276	43.21	43.133	43.063	42.991	42.944	42.887	42.835	42.771	42.702	42.64	42.578	42.499	42.449	42.389	42.326	42.265	42.18	42.097	42.022	41.948	41.893	41.837	41.769	41.698	41.63	41.548	41.497	41.438	41.383	41.332	41.281	41.229	41.181	41.119	41.06	40.987	40.919	40.844	40.792	40.724	40.663	40.596	40.512	40.434	40.37	40.322	40.253	40.183	40.118	40.049	39.978	39.917	39.867	39.809	39.763	39.691	39.631	39.593	39.545	39.497	39.466	39.414	39.379	39.349	39.305	39.275	39.229	39.188	39.154	39.132	39.114	39.079	39.054	39.009	38.985	38.957	38.931	38.914	38.893	38.891	38.858
47.492	47.363	47.268	47.161	47.06	46.955	46.863	46.76	46.667	46.589	46.52	46.462	46.388	46.32	46.245	46.16	46.09	46.012	45.929	45.828	45.755	45.665	45.573	45.482	45.406	45.312	45.226	45.165	45.089	45.009	44.963	44.868	44.77	44.679	44.606	44.513	44.424	44.325	44.25	44.169	44.084	43.993	43.901	43.829	43.728	43.645	43.543	43.472	43.385	43.309	43.231	43.165	43.102	43.009	42.938	42.863	42.8	42.737	42.673	42.61	42.549	42.494	42.418	42.361	42.316	42.252	42.205	42.14	42.082	42.019	41.951	41.892	41.815	41.74	41.663	41.604	41.522	41.448	41.381	41.312	41.248	41.185	41.117	41.038	40.973	40.903	40.848	40.791	40.723	40.667	40.622	40.543	40.495	40.424	40.373	40.315	40.255	40.179	40.098	40.005	39.937	39.869	39.799	39.735	39.673	39.616	39.577	39.521	39.454	39.404	39.335	39.282	39.228	39.169	39.123	39.069	39.009	38.969	38.908	38.873	38.82	38.795	38.752	38.698	38.657	38.629	38.611	38.572	38.543	38.528	38.497	38.48	38.46	38.426	38.403	38.4	38.363
47.191	47.061	46.954	46.866	46.775	46.651	46.547	46.422	46.329	46.245	46.186	46.109	46.04	45.98	45.896	45.815	45.727	45.622	45.541	45.433	45.361	45.276	45.211	45.117	45.021	44.935	44.859	44.766	44.689	44.59	44.528	44.462	44.369	44.278	44.203	44.091	44.012	43.934	43.854	43.771	43.686	43.59	43.509	43.44	43.356	43.266	43.171	43.109	43.037	42.969	42.896	42.837	42.771	42.693	42.619	42.537	42.469	42.395	42.34	42.274	42.216	42.134	42.077	42.022	41.971	41.903	41.86	41.813	41.764	41.696	41.618	41.555	41.486	41.421	41.322	41.254	41.176	41.1	41.017	40.957	40.885	40.82	40.75	40.693	40.632	40.576	40.512	40.445	40.378	40.291	40.23	40.172	40.121	40.064	40.001	39.932	39.861	39.799	39.721	39.643	39.574	39.479	39.431	39.359	39.307	39.263	39.211	39.148	39.071	39.024	38.97	38.921	38.872	38.809	38.77	38.72	38.658	38.601	38.535	38.493	38.425	38.379	38.331	38.28	38.241	38.2	38.176	38.143	38.128	38.1	38.079	38.055	38.039	38.015	37.994	37.969	37.941
46.918	46.786	46.665	46.568	46.459	46.349	46.224	46.098	46.011	45.922	45.858	45.777	45.714	45.635	45.55	45.463	45.392	45.286	45.2	45.121	45.029	44.969	44.889	44.796	44.691	44.594	44.511	44.435	44.365	44.268	44.172	44.089	44.007	43.913	43.836	43.755	43.645	43.559	43.474	43.387	43.308	43.236	43.156	43.078	42.994	42.921	42.853	42.796	42.709	42.644	42.589	42.526	42.465	42.387	42.319	42.231	42.16	42.066	41.997	41.942	41.872	41.807	41.738	41.683	41.632	41.577	41.519	41.461	41.404	41.34	41.279	41.211	41.129	41.071	40.989	40.927	40.853	40.776	40.696	40.632	40.567	40.505	40.437	40.381	40.305	40.252	40.196	40.138	40.074	40.001	39.923	39.856	39.777	39.728	39.663	39.593	39.527	39.458	39.384	39.306	39.234	39.155	39.096	39.026	38.99	38.939	38.87	38.82	38.764	38.706	38.655	38.589	38.535	38.48	38.43	38.384	38.334	38.279	38.211	38.155	38.105	38.03	37.978	37.93	37.889	37.841	37.803	37.757	37.75	37.718	37.697	37.679	37.654	37.641	37.627	37.604	37.569
46.607	46.477	46.376	46.252	46.157	46.05	45.964	45.854	45.748	45.649	45.569	45.483	45.412	45.332	45.245	45.152	45.08	44.997	44.909	44.839	44.751	44.663	44.592	44.514	44.434	44.332	44.247	44.166	44.092	43.999	43.915	43.835	43.746	43.664	43.573	43.467	43.356	43.257	43.175	43.077	42.991	42.908	42.841	42.756	42.692	42.618	42.536	42.486	42.413	42.356	42.3	42.242	42.17	42.094	42.028	41.935	41.854	41.765	41.691	41.623	41.56	41.491	41.436	41.371	41.318	41.268	41.225	41.178	41.098	41.029	40.949	40.892	40.82	40.749	40.677	40.618	40.556	40.483	40.412	40.343	40.281	40.215	40.163	40.103	40.041	39.987	39.937	39.87	39.799	39.735	39.655	39.597	39.527	39.459	39.387	39.316	39.251	39.175	39.103	39.033	38.962	38.9	38.816	38.764	38.711	38.658	38.595	38.538	38.48	38.42	38.374	38.311	38.256	38.19	38.131	38.073	38.021	37.962	37.904	37.859	37.786	37.734	37.678	37.622	37.576	37.526	37.483	37.437	37.417	37.383	37.367	37.358	37.347	37.325	37.294	37.282	37.259
46.301	46.186	46.089	45.968	45.867	45.773	45.679	45.589	45.508	45.419	45.332	45.246	45.177	45.11	45.043	44.968	44.867	44.76	44.653	44.596	44.48	44.393	44.313	44.257	44.2	44.123	44.019	43.948	43.861	43.763	43.671	43.597	43.532	43.431	43.335	43.229	43.14	43.022	42.93	42.837	42.751	42.672	42.586	42.506	42.441	42.368	42.288	42.233	42.161	42.095	42.041	41.982	41.927	41.841	41.762	41.671	41.603	41.529	41.438	41.376	41.316	41.249	41.174	41.118	41.049	40.993	40.958	40.91	40.857	40.779	40.709	40.626	40.571	40.496	40.43	40.354	40.283	40.216	40.152	40.107	40.055	39.997	39.957	39.897	39.86	39.794	39.735	39.671	39.607	39.537	39.455	39.388	39.316	39.255	39.175	39.119	39.049	38.964	38.883	38.81	38.749	38.688	38.616	38.552	38.482	38.416	38.361	38.306	38.26	38.206	38.153	38.089	38.031	37.966	37.906	37.839	37.779	37.727	37.679	37.64	37.581	37.522	37.45	37.398	37.349	37.289	37.245	37.202	37.155	37.128	37.111	37.082	37.065	37.049	37.011	36.991	36.96
46.06	45.924	45.822	45.71	45.622	45.519	45.426	45.333	45.237	45.14	45.061	44.997	44.937	44.855	44.782	44.713	44.612	44.516	44.429	44.343	44.25	44.16	44.094	44.02	43.944	43.876	43.804	43.715	43.647	43.548	43.465	43.394	43.321	43.248	43.144	43.037	42.937	42.848	42.741	42.632	42.543	42.462	42.369	42.283	42.196	42.12	42.05	41.977	41.9	41.847	41.793	41.726	41.654	41.578	41.524	41.457	41.389	41.325	41.252	41.184	41.109	41.032	40.96	40.894	40.808	40.757	40.697	40.655	40.584	40.524	40.476	40.397	40.331	40.263	40.187	40.112	40.049	39.984	39.935	39.891	39.855	39.81	39.767	39.699	39.656	39.593	39.53	39.468	39.399	39.329	39.253	39.186	39.11	39.056	38.998	38.937	38.861	38.783	38.699	38.627	38.561	38.508	38.417	38.356	38.273	38.209	38.148	38.093	38.052	38.003	37.946	37.904	37.837	37.767	37.707	37.639	37.578	37.529	37.478	37.425	37.374	37.316	37.253	37.196	37.138	37.08	37.021	36.97	36.93	36.898	36.865	36.835	36.801	36.773	36.739	36.71	36.668
45.747	45.622	45.535	45.42	45.322	45.231	45.146	45.056	44.978	44.91	44.842	44.734	44.677	44.598	44.546	44.472	44.389	44.298	44.211	44.124	44.04	43.949	43.877	43.82	43.741	43.642	43.555	43.479	43.409	43.342	43.263	43.188	43.115	43.021	42.928	42.843	42.752	42.658	42.568	42.47	42.347	42.245	42.15	42.068	41.983	41.905	41.822	41.744	41.687	41.629	41.573	41.503	41.451	41.401	41.33	41.258	41.19	41.132	41.058	40.991	40.928	40.859	40.784	40.715	40.64	40.581	40.494	40.444	40.378	40.313	40.26	40.188	40.131	40.06	39.998	39.939	39.874	39.821	39.755	39.69	39.644	39.588	39.567	39.497	39.449	39.383	39.332	39.271	39.196	39.135	39.064	39.011	38.934	38.879	38.823	38.766	38.698	38.626	38.552	38.487	38.429	38.375	38.296	38.221	38.145	38.065	37.998	37.944	37.897	37.833	37.783	37.716	37.65	37.598	37.53	37.455	37.387	37.331	37.277	37.24	37.186	37.131	37.081	37.028	36.963	36.908	36.866	36.788	36.748	36.703	36.669	36.636	36.602	36.567	36.544	36.498	36.458
45.577	45.496	45.341	45.236	45.144	45.064	44.944	44.832	44.756	44.659	44.593	44.527	44.443	44.372	44.312	44.239	44.182	44.119	44.044	43.961	43.872	43.792	43.704	43.627	43.545	43.45	43.364	43.293	43.215	43.132	43.04	42.955	42.878	42.82	42.726	42.65	42.574	42.489	42.383	42.284	42.202	42.121	42.027	41.922	41.837	41.742	41.654	41.573	41.506	41.429	41.367	41.315	41.244	41.167	41.109	41.052	41.002	40.93	40.853	40.788	40.723	40.66	40.586	40.526	40.441	40.387	40.309	40.262	40.209	40.148	40.091	40.028	39.959	39.9	39.833	39.79	39.708	39.657	39.593	39.537	39.489	39.429	39.377	39.324	39.271	39.223	39.163	39.101	39.044	38.991	38.909	38.849	38.792	38.734	38.679	38.625	38.563	38.486	38.415	38.359	38.294	38.24	38.18	38.1	38.014	37.944	37.886	37.823	37.756	37.684	37.637	37.575	37.517	37.454	37.389	37.329	37.258	37.199	37.126	37.084	37.04	36.996	36.939	36.894	36.839	36.762	36.716	36.66	36.62	36.572	36.528	36.496	36.452	36.41	36.383	36.339	36.294
45.219	45.229	45.115	45.035	44.926	44.838	44.75	44.646	44.559	44.497	44.416	44.343	44.252	44.195	44.125	44.064	43.99	43.895	43.807	43.729	43.65	43.581	43.508	43.423	43.321	43.246	43.152	43.045	42.957	42.868	42.814	42.727	42.644	42.568	42.492	42.418	42.347	42.259	42.188	42.108	42.02	41.918	41.845	41.751	41.67	41.581	41.494	41.407	41.313	41.244	41.157	41.079	41.014	40.959	40.914	40.836	40.784	40.716	40.649	40.581	40.515	40.443	40.377	40.32	40.248	40.199	40.134	40.066	40.01	39.958	39.911	39.853	39.782	39.729	39.651	39.601	39.534	39.483	39.433	39.377	39.307	39.246	39.201	39.16	39.118	39.063	39.011	38.962	38.894	38.827	38.77	38.709	38.647	38.597	38.531	38.472	38.415	38.358	38.294	38.216	38.166	38.097	38.048	37.982	37.914	37.837	37.746	37.683	37.621	37.564	37.502	37.443	37.379	37.317	37.258	37.205	37.133	37.085	37.017	36.959	36.9	36.864	36.793	36.735	36.685	36.633	36.58	36.535	36.498	36.464	36.423	36.377	36.331	36.277	36.232	36.19	36.153
45.091	45.08	44.941	44.867	44.771	44.681	44.586	44.47	44.366	44.308	44.237	44.164	44.081	44.004	43.942	43.868	43.801	43.706	43.628	43.553	43.472	43.388	43.319	43.239	43.142	43.04	42.941	42.853	42.782	42.673	42.604	42.542	42.47	42.393	42.309	42.243	42.162	42.086	42.006	41.929	41.851	41.768	41.682	41.593	41.513	41.445	41.375	41.291	41.214	41.123	41.032	40.946	40.872	40.808	40.761	40.696	40.644	40.564	40.497	40.429	40.351	40.287	40.208	40.136	40.074	40.019	39.963	39.904	39.86	39.805	39.741	39.682	39.615	39.569	39.504	39.452	39.394	39.348	39.288	39.236	39.164	39.116	39.067	39.023	38.971	38.916	38.868	38.816	38.756	38.696	38.644	38.588	38.534	38.476	38.415	38.354	38.295	38.242	38.184	38.106	38.066	37.994	37.941	37.874	37.806	37.743	37.673	37.605	37.544	37.488	37.431	37.36	37.303	37.238	37.17	37.105	37.046	37.001	36.931	36.869	36.789	36.733	36.678	36.616	36.56	36.513	36.476	36.43	36.385	36.351	36.322	36.274	36.222	36.18	36.131	36.086	36.037
44.888	44.847	44.749	44.665	44.576	44.464	44.36	44.248	44.181	44.099	44.031	43.959	43.893	43.813	43.745	43.684	43.604	43.533	43.45	43.365	43.291	43.207	43.132	43.05	42.96	42.861	42.764	42.671	42.595	42.518	42.435	42.344	42.265	42.203	42.125	42.067	41.984	41.92	41.84	41.772	41.698	41.603	41.523	41.434	41.359	41.297	41.217	41.148	41.052	40.979	40.898	40.828	40.759	40.702	40.658	40.579	40.521	40.437	40.376	40.297	40.213	40.147	40.073	39.991	39.93	39.85	39.796	39.736	39.686	39.652	39.583	39.524	39.467	39.419	39.379	39.329	39.284	39.222	39.167	39.11	39.049	39.003	38.944	38.888	38.823	38.78	38.724	38.664	38.612	38.566	38.508	38.451	38.391	38.328	38.272	38.217	38.161	38.102	38.061	38.002	37.938	37.88	37.822	37.776	37.698	37.641	37.582	37.519	37.463	37.395	37.335	37.28	37.223	37.168	37.108	37.048	37	36.957	36.883	36.826	36.75	36.694	36.622	36.565	36.51	36.465	36.418	36.365	36.324	36.275	36.248	36.193	36.135	36.088	36.04	35.999	35.953
44.731	44.646	44.565	44.457	44.384	44.293	44.178	44.08	43.996	43.893	43.815	43.732	43.666	43.598	43.536	43.46	43.396	43.321	43.26	43.178	43.094	43.009	42.93	42.868	42.783	42.693	42.601	42.51	42.429	42.335	42.258	42.165	42.093	42.03	41.963	41.892	41.81	41.747	41.677	41.603	41.531	41.456	41.348	41.282	41.206	41.127	41.037	40.987	40.92	40.846	40.779	40.7	40.641	40.576	40.525	40.461	40.393	40.335	40.262	40.196	40.121	40.049	39.955	39.865	39.787	39.704	39.644	39.584	39.54	39.494	39.437	39.38	39.333	39.288	39.238	39.184	39.129	39.086	39.03	38.999	38.949	38.912	38.858	38.805	38.732	38.667	38.626	38.567	38.497	38.44	38.385	38.325	38.256	38.214	38.16	38.1	38.04	37.988	37.931	37.888	37.836	37.78	37.733	37.68	37.625	37.565	37.507	37.441	37.38	37.315	37.258	37.191	37.135	37.083	37.034	36.981	36.926	36.873	36.83	36.771	36.712	36.642	36.577	36.52	36.469	36.414	36.378	36.322	36.28	36.215	36.167	36.128	36.07	36.015	35.972	35.926	35.895
44.567	44.488	44.405	44.284	44.198	44.104	44.023	43.904	43.829	43.717	43.648	43.56	43.471	43.397	43.317	43.247	43.17	43.109	43.03	42.977	42.89	42.803	42.741	42.664	42.599	42.522	42.443	42.365	42.284	42.173	42.099	42.022	41.952	41.897	41.832	41.755	41.673	41.599	41.536	41.456	41.402	41.301	41.223	41.151	41.078	41.002	40.936	40.869	40.789	40.739	40.659	40.605	40.538	40.478	40.419	40.378	40.3	40.245	40.19	40.131	40.06	39.968	39.88	39.781	39.708	39.632	39.565	39.513	39.452	39.392	39.314	39.243	39.194	39.144	39.099	39.068	39.013	38.958	38.925	38.873	38.841	38.816	38.772	38.72	38.645	38.58	38.53	38.476	38.404	38.354	38.296	38.26	38.189	38.138	38.083	38.012	37.959	37.892	37.834	37.781	37.739	37.7	37.649	37.612	37.551	37.494	37.448	37.391	37.34	37.284	37.224	37.165	37.098	37.034	36.982	36.931	36.87	36.814	36.767	36.716	36.665	36.619	36.55	36.497	36.441	36.382	36.348	36.291	36.246	36.198	36.14	36.073	36.026	35.983	35.934	35.879	35.841
44.377	44.33	44.239	44.144	44.036	43.944	43.84	43.755	43.673	43.571	43.47	43.384	43.305	43.205	43.132	43.053	42.971	42.898	42.827	42.778	42.682	42.619	42.545	42.496	42.417	42.35	42.283	42.214	42.141	42.037	41.965	41.892	41.828	41.769	41.692	41.606	41.542	41.472	41.405	41.326	41.263	41.187	41.104	41.034	40.943	40.885	40.807	40.738	40.682	40.615	40.562	40.5	40.467	40.404	40.329	40.292	40.207	40.151	40.091	40.044	39.961	39.886	39.788	39.711	39.628	39.552	39.48	39.428	39.35	39.29	39.222	39.149	39.094	39.026	38.977	38.92	38.878	38.845	38.808	38.767	38.713	38.684	38.645	38.593	38.544	38.489	38.452	38.384	38.338	38.285	38.231	38.176	38.113	38.055	37.99	37.932	37.872	37.813	37.753	37.698	37.65	37.602	37.566	37.523	37.486	37.429	37.375	37.321	37.273	37.233	37.191	37.142	37.081	37.021	36.963	36.898	36.842	36.777	36.719	36.662	36.608	36.554	36.514	36.461	36.425	36.367	36.313	36.256	36.2	36.148	36.094	36.047	35.994	35.949	35.895	35.838	35.78
44.17	44.162	44.074	43.983	43.89	43.787	43.697	43.597	43.492	43.384	43.272	43.178	43.105	43.02	42.942	42.877	42.785	42.732	42.676	42.63	42.561	42.496	42.412	42.338	42.286	42.212	42.166	42.066	41.99	41.906	41.838	41.786	41.706	41.621	41.55	41.475	41.397	41.297	41.244	41.177	41.12	41.038	40.956	40.898	40.836	40.745	40.681	40.62	40.559	40.511	40.459	40.41	40.348	40.304	40.222	40.154	40.094	40.041	39.981	39.904	39.83	39.738	39.66	39.574	39.491	39.433	39.355	39.299	39.241	39.18	39.114	39.046	38.979	38.914	38.857	38.791	38.76	38.716	38.691	38.642	38.614	38.554	38.528	38.472	38.421	38.376	38.33	38.291	38.242	38.206	38.144	38.085	38.037	37.958	37.895	37.844	37.793	37.729	37.685	37.621	37.57	37.528	37.473	37.418	37.365	37.32	37.273	37.218	37.176	37.132	37.091	37.047	36.998	36.951	36.906	36.848	36.786	36.723	36.665	36.608	36.556	36.501	36.446	36.395	36.34	36.292	36.236	36.183	36.134	36.084	36.046	35.986	35.944	35.897	35.855	35.798	35.731
43.959	43.918	43.844	43.792	43.697	43.6	43.513	43.427	43.331	43.23	43.147	43.051	42.97	42.874	42.799	42.729	42.672	42.603	42.526	42.481	42.413	42.35	42.26	42.201	42.13	42.075	42.014	41.949	41.864	41.784	41.711	41.655	41.572	41.484	41.414	41.332	41.275	41.164	41.094	41.027	40.977	40.911	40.842	40.769	40.706	40.642	40.592	40.522	40.478	40.419	40.366	40.31	40.249	40.194	40.117	40.046	39.99	39.922	39.852	39.783	39.714	39.626	39.542	39.476	39.399	39.332	39.267	39.202	39.153	39.083	39.009	38.942	38.896	38.819	38.761	38.716	38.668	38.637	38.596	38.565	38.533	38.487	38.433	38.396	38.358	38.3	38.243	38.184	38.148	38.108	38.059	38.007	37.935	37.89	37.83	37.774	37.712	37.658	37.605	37.556	37.509	37.453	37.401	37.341	37.289	37.231	37.165	37.116	37.068	37.029	36.989	36.948	36.903	36.863	36.811	36.766	36.709	36.66	36.615	36.554	36.513	36.459	36.41	36.362	36.309	36.249	36.191	36.147	36.08	36.038	35.995	35.952	35.903	35.867	35.806	35.777	35.707
43.849	43.782	43.726	43.658	43.587	43.489	43.382	43.292	43.206	43.078	42.996	42.885	42.796	42.718	42.643	42.581	42.531	42.461	42.394	42.365	42.297	42.254	42.168	42.082	42.008	41.947	41.872	41.799	41.723	41.677	41.588	41.521	41.44	41.368	41.295	41.198	41.129	41.051	40.993	40.923	40.853	40.799	40.736	40.664	40.623	40.549	40.478	40.418	40.376	40.313	40.243	40.178	40.103	40.027	39.974	39.903	39.827	39.762	39.711	39.641	39.568	39.497	39.427	39.339	39.283	39.202	39.153	39.104	39.057	39	38.922	38.854	38.8	38.736	38.682	38.628	38.581	38.556	38.528	38.497	38.471	38.428	38.378	38.325	38.263	38.215	38.159	38.105	38.056	38.001	37.943	37.899	37.846	37.786	37.73	37.671	37.614	37.556	37.492	37.445	37.4	37.354	37.307	37.251	37.19	37.137	37.08	37.031	36.981	36.925	36.877	36.814	36.779	36.726	36.69	36.65	36.603	36.544	36.513	36.458	36.432	36.379	36.321	36.283	36.227	36.179	36.134	36.084	36.031	35.966	35.914	35.859	35.825	35.779	35.737	35.706	35.661
43.6	43.579	43.544	43.472	43.405	43.309	43.219	43.112	43.023	42.909	42.848	42.764	42.681	42.597	42.516	42.44	42.356	42.3	42.219	42.142	42.095	42.034	41.99	41.923	41.854	41.788	41.717	41.666	41.6	41.538	41.447	41.378	41.304	41.232	41.162	41.093	41.027	40.938	40.851	40.805	40.758	40.693	40.622	40.553	40.491	40.406	40.362	40.314	40.236	40.179	40.114	40.039	39.967	39.891	39.815	39.746	39.702	39.637	39.575	39.513	39.459	39.397	39.325	39.252	39.173	39.121	39.053	39.002	38.949	38.892	38.822	38.769	38.692	38.655	38.572	38.532	38.505	38.465	38.428	38.383	38.347	38.303	38.249	38.209	38.144	38.099	38.055	38.007	37.944	37.895	37.851	37.796	37.761	37.7	37.634	37.574	37.504	37.436	37.399	37.349	37.305	37.27	37.223	37.158	37.107	37.059	37.002	36.955	36.9	36.845	36.784	36.728	36.678	36.635	36.592	36.543	36.51	36.457	36.424	36.385	36.344	36.311	36.271	36.212	36.155	36.109	36.065	35.999	35.973	35.904	35.841	35.79	35.748	35.698	35.66	35.615	35.574
43.516	43.474	43.41	43.367	43.268	43.18	43.064	42.981	42.884	42.797	42.707	42.587	42.524	42.425	42.353	42.269	42.196	42.122	42.05	41.971	41.95	41.881	41.838	41.783	41.724	41.661	41.594	41.529	41.444	41.387	41.33	41.255	41.19	41.116	41.044	40.976	40.903	40.856	40.778	40.713	40.639	40.581	40.513	40.458	40.389	40.333	40.262	40.199	40.125	40.056	39.986	39.913	39.843	39.769	39.716	39.644	39.582	39.515	39.433	39.393	39.328	39.274	39.193	39.147	39.086	39.02	38.971	38.894	38.844	38.803	38.746	38.687	38.616	38.559	38.493	38.449	38.413	38.384	38.351	38.31	38.259	38.224	38.175	38.127	38.081	38.02	37.967	37.912	37.853	37.795	37.763	37.702	37.668	37.623	37.562	37.504	37.428	37.365	37.313	37.269	37.228	37.179	37.129	37.073	37.018	36.97	36.928	36.88	36.839	36.791	36.718	36.693	36.626	36.576	36.537	36.491	36.447	36.407	36.366	36.33	36.292	36.251	36.2	36.148	36.112	36.055	36.016	35.961	35.918	35.862	35.806	35.764	35.708	35.665	35.616	35.56	35.516
43.275	43.278	43.209	43.147	43.074	42.982	42.926	42.822	42.715	42.616	42.551	42.454	42.37	42.295	42.196	42.117	42.03	41.957	41.899	41.808	41.761	41.691	41.676	41.603	41.557	41.501	41.451	41.396	41.318	41.25	41.175	41.118	41.037	40.983	40.911	40.869	40.793	40.744	40.677	40.613	40.55	40.476	40.412	40.332	40.264	40.198	40.136	40.087	40.003	39.938	39.859	39.805	39.725	39.675	39.606	39.531	39.471	39.405	39.356	39.292	39.244	39.178	39.132	39.063	39.011	38.941	38.893	38.832	38.767	38.715	38.661	38.615	38.562	38.497	38.442	38.386	38.349	38.302	38.264	38.222	38.186	38.138	38.102	38.043	37.99	37.952	37.891	37.838	37.764	37.715	37.668	37.622	37.577	37.52	37.471	37.405	37.345	37.282	37.234	37.18	37.139	37.09	37.043	37.001	36.941	36.897	36.842	36.803	36.748	36.723	36.656	36.609	36.568	36.512	36.47	36.425	36.406	36.367	36.318	36.279	36.229	36.195	36.136	36.102	36.062	36.007	35.962	35.914	35.842	35.792	35.74	35.693	35.649	35.593	35.534	35.486	35.446
43.124	43.126	43.022	42.954	42.891	42.834	42.746	42.678	42.582	42.486	42.395	42.313	42.204	42.126	42.057	41.955	41.919	41.839	41.776	41.701	41.637	41.576	41.521	41.494	41.436	41.391	41.344	41.292	41.225	41.137	41.07	40.986	40.957	40.875	40.813	40.759	40.694	40.636	40.56	40.493	40.413	40.361	40.279	40.236	40.17	40.127	40.057	39.982	39.899	39.812	39.75	39.67	39.624	39.549	39.484	39.417	39.354	39.3	39.253	39.206	39.142	39.091	39.021	38.958	38.916	38.831	38.776	38.713	38.679	38.62	38.578	38.523	38.477	38.424	38.364	38.312	38.269	38.235	38.189	38.158	38.114	38.054	38.009	37.955	37.902	37.87	37.841	37.791	37.736	37.671	37.626	37.571	37.511	37.444	37.386	37.34	37.271	37.226	37.15	37.097	37.047	37.006	36.955	36.9	36.871	36.822	36.772	36.726	36.679	36.64	36.591	36.545	36.496	36.45	36.413	36.383	36.342	36.31	36.266	36.229	36.18	36.14	36.089	36.027	35.99	35.951	35.904	35.859	35.794	35.744	35.691	35.646	35.581	35.532	35.479	35.436	35.389
42.964	42.968	42.854	42.777	42.729	42.658	42.613	42.507	42.437	42.35	42.26	42.178	42.062	42.004	41.912	41.859	41.8	41.731	41.656	41.579	41.519	41.456	41.399	41.352	41.316	41.263	41.219	41.143	41.108	41.03	40.965	40.903	40.847	40.803	40.723	40.66	40.587	40.521	40.464	40.37	40.305	40.226	40.175	40.109	40.073	40.026	39.968	39.889	39.804	39.723	39.649	39.596	39.514	39.454	39.381	39.32	39.266	39.188	39.146	39.099	39.052	38.972	38.932	38.856	38.804	38.748	38.678	38.623	38.565	38.539	38.482	38.442	38.395	38.341	38.28	38.221	38.169	38.128	38.103	38.063	38.037	37.981	37.919	37.873	37.823	37.787	37.741	37.732	37.662	37.607	37.529	37.467	37.417	37.348	37.301	37.247	37.215	37.135	37.08	37.02	36.965	36.915	36.867	36.825	36.779	36.751	36.689	36.656	36.603	36.562	36.525	36.478	36.44	36.384	36.358	36.309	36.272	36.232	36.195	36.161	36.11	36.059	35.996	35.945	35.889	35.853	35.812	35.774	35.729	35.666	35.628	35.569	35.532	35.471	35.429	35.383	35.336
42.78	42.799	42.66	42.61	42.529	42.456	42.387	42.337	42.254	42.21	42.101	42.041	41.94	41.878	41.806	41.724	41.682	41.594	41.544	41.438	41.379	41.323	41.26	41.233	41.183	41.13	41.079	40.994	40.931	40.858	40.806	40.738	40.695	40.639	40.569	40.492	40.436	40.368	40.306	40.238	40.182	40.133	40.06	40.006	39.963	39.913	39.841	39.78	39.712	39.634	39.571	39.494	39.437	39.369	39.311	39.252	39.188	39.126	39.058	39.026	38.951	38.888	38.826	38.761	38.695	38.637	38.58	38.528	38.491	38.428	38.389	38.33	38.284	38.232	38.18	38.136	38.065	38.019	37.973	37.939	37.898	37.888	37.844	37.79	37.733	37.67	37.637	37.598	37.56	37.494	37.434	37.373	37.312	37.256	37.206	37.161	37.098	37.054	36.977	36.92	36.886	36.829	36.777	36.709	36.658	36.611	36.58	36.522	36.493	36.451	36.414	36.373	36.337	36.297	36.252	36.217	36.146	36.113	36.066	36.014	35.982	35.924	35.884	35.827	35.774	35.724	35.688	35.645	35.605	35.575	35.535	35.502	35.445	35.404	35.359	35.321	35.268
42.646	42.687	42.551	42.469	42.392	42.302	42.254	42.179	42.112	42.053	41.952	41.878	41.772	41.715	41.659	41.621	41.552	41.481	41.423	41.352	41.274	41.212	41.138	41.084	41.042	40.976	40.936	40.847	40.803	40.723	40.654	40.592	40.521	40.462	40.401	40.341	40.28	40.23	40.176	40.108	40.057	40.009	39.952	39.896	39.849	39.783	39.728	39.667	39.589	39.531	39.449	39.388	39.321	39.271	39.214	39.178	39.121	39.042	38.985	38.928	38.879	38.811	38.747	38.665	38.579	38.522	38.461	38.408	38.37	38.335	38.282	38.244	38.174	38.125	38.07	38.021	37.972	37.91	37.865	37.816	37.784	37.745	37.716	37.667	37.63	37.576	37.52	37.474	37.424	37.376	37.316	37.248	37.199	37.136	37.086	37.038	36.984	36.934	36.893	36.835	36.792	36.739	36.673	36.609	36.548	36.503	36.464	36.433	36.391	36.349	36.315	36.258	36.228	36.171	36.124	36.072	36.034	35.974	35.935	35.871	35.829	35.78	35.734	35.694	35.646	35.593	35.555	35.523	35.474	35.45	35.42	35.382	35.347	35.306	35.262	35.227	35.182
42.568	42.533	42.415	42.329	42.259	42.176	42.098	42.025	41.941	41.865	41.775	41.715	41.658	41.603	41.544	41.476	41.425	41.381	41.306	41.239	41.165	41.09	41	40.942	40.885	40.833	40.78	40.715	40.654	40.586	40.515	40.437	40.368	40.317	40.253	40.191	40.132	40.079	40.023	39.968	39.92	39.864	39.814	39.759	39.701	39.665	39.601	39.536	39.481	39.423	39.359	39.299	39.245	39.198	39.142	39.098	39.035	38.988	38.917	38.849	38.775	38.71	38.618	38.557	38.47	38.412	38.362	38.31	38.271	38.234	38.181	38.129	38.081	38.023	37.957	37.905	37.871	37.81	37.758	37.718	37.679	37.631	37.607	37.564	37.512	37.458	37.387	37.337	37.299	37.255	37.21	37.162	37.084	37.05	36.983	36.94	36.893	36.837	36.795	36.747	36.701	36.667	36.6	36.537	36.463	36.397	36.353	36.311	36.301	36.251	36.225	36.174	36.11	36.065	36.02	35.971	35.932	35.854	35.805	35.738	35.688	35.644	35.604	35.541	35.498	35.448	35.411	35.398	35.369	35.332	35.307	35.279	35.257	35.223	35.175	35.131	35.095
42.536	42.438	42.372	42.264	42.17	42.077	41.985	41.901	41.806	41.721	41.649	41.559	41.506	41.432	41.375	41.292	41.231	41.205	41.151	41.117	41.024	40.962	40.906	40.837	40.768	40.712	40.645	40.588	40.51	40.457	40.385	40.302	40.252	40.165	40.096	40.046	39.984	39.933	39.879	39.832	39.778	39.706	39.638	39.578	39.513	39.475	39.406	39.353	39.307	39.24	39.185	39.133	39.083	39.033	38.985	38.935	38.887	38.831	38.778	38.714	38.633	38.568	38.495	38.399	38.321	38.27	38.21	38.18	38.137	38.101	38.056	38.003	37.949	37.887	37.845	37.78	37.728	37.676	37.628	37.579	37.537	37.51	37.445	37.381	37.335	37.278	37.213	37.148	37.106	37.076	37.031	36.992	36.932	36.911	36.85	36.795	36.756	36.698	36.655	36.62	36.554	36.529	36.47	36.422	36.349	36.288	36.239	36.183	36.151	36.115	36.072	36.031	35.978	35.922	35.856	35.795	35.755	35.69	35.623	35.56	35.507	35.459	35.429	35.38	35.344	35.326	35.278	35.236	35.212	35.183	35.157	35.131	35.095	35.054	35.024	34.98	34.925
42.376	42.298	42.265	42.169	42.059	41.966	41.876	41.769	41.683	41.606	41.54	41.456	41.404	41.331	41.268	41.228	41.158	41.106	41.034	41	40.927	40.85	40.785	40.727	40.682	40.619	40.553	40.502	40.423	40.348	40.275	40.208	40.136	40.058	39.979	39.912	39.834	39.778	39.737	39.685	39.621	39.548	39.481	39.423	39.37	39.31	39.248	39.191	39.147	39.095	39.037	39.005	38.94	38.88	38.824	38.772	38.739	38.694	38.65	38.603	38.534	38.465	38.393	38.311	38.24	38.189	38.121	38.086	38.061	38.025	37.969	37.909	37.856	37.797	37.734	37.675	37.615	37.556	37.5	37.454	37.41	37.356	37.311	37.248	37.194	37.125	37.063	37.011	36.953	36.918	36.845	36.821	36.76	36.729	36.711	36.662	36.622	36.577	36.518	36.484	36.434	36.408	36.351	36.308	36.235	36.183	36.131	36.091	36.04	36.01	35.932	35.883	35.834	35.781	35.746	35.693	35.632	35.56	35.494	35.425	35.376	35.324	35.284	35.261	35.212	35.165	35.131	35.098	35.068	35.049	35.009	34.987	34.967	34.932	34.891	34.867	34.805
42.331	42.271	42.213	42.122	42.009	41.913	41.789	41.692	41.59	41.511	41.44	41.349	41.291	41.206	41.159	41.099	41.059	41.005	40.94	40.896	40.832	40.78	40.72	40.656	40.595	40.534	40.455	40.392	40.307	40.244	40.169	40.087	39.993	39.925	39.879	39.801	39.737	39.652	39.597	39.544	39.491	39.439	39.363	39.297	39.225	39.136	39.086	38.999	38.944	38.901	38.842	38.795	38.761	38.71	38.648	38.598	38.549	38.513	38.467	38.442	38.373	38.333	38.273	38.194	38.107	38.073	38.022	37.98	37.949	37.903	37.876	37.807	37.743	37.682	37.621	37.546	37.487	37.439	37.371	37.32	37.268	37.204	37.176	37.098	37.051	36.975	36.931	36.873	36.798	36.741	36.679	36.648	36.598	36.539	36.504	36.487	36.445	36.416	36.373	36.335	36.291	36.261	36.209	36.168	36.124	36.068	36.026	35.982	35.931	35.871	35.804	35.747	35.687	35.637	35.586	35.557	35.5	35.433	35.373	35.292	35.239	35.179	35.133	35.087	35.077	35.047	34.993	34.97	34.911	34.872	34.854	34.822	34.788	34.764	34.716	34.685	34.654
42.154	42.111	42.075	41.997	41.92	41.811	41.73	41.608	41.503	41.375	41.321	41.237	41.171	41.129	41.064	41.015	40.958	40.903	40.836	40.791	40.733	40.65	40.611	40.555	40.51	40.423	40.345	40.258	40.186	40.126	40.041	39.981	39.87	39.804	39.726	39.66	39.606	39.527	39.447	39.377	39.327	39.275	39.213	39.14	39.098	38.991	38.917	38.855	38.789	38.72	38.662	38.614	38.571	38.535	38.486	38.446	38.402	38.355	38.319	38.271	38.23	38.189	38.138	38.066	37.995	37.964	37.903	37.857	37.799	37.773	37.733	37.69	37.623	37.545	37.499	37.413	37.358	37.293	37.215	37.155	37.111	37.051	37.01	36.941	36.892	36.819	36.759	36.71	36.648	36.591	36.542	36.486	36.445	36.381	36.337	36.293	36.269	36.238	36.215	36.186	36.138	36.1	36.055	36.017	35.963	35.927	35.869	35.82	35.769	35.72	35.658	35.582	35.53	35.473	35.428	35.388	35.349	35.294	35.244	35.172	35.099	35.057	34.998	34.952	34.92	34.896	34.839	34.803	34.777	34.73	34.706	34.664	34.617	34.586	34.546	34.485	34.454
42.064	42.003	41.945	41.898	41.826	41.774	41.665	41.566	41.438	41.321	41.24	41.141	41.095	41.03	40.975	40.898	40.869	40.788	40.744	40.697	40.631	40.6	40.523	40.469	40.41	40.348	40.242	40.168	40.084	40.026	39.953	39.872	39.784	39.681	39.621	39.525	39.461	39.367	39.295	39.259	39.191	39.142	39.067	39.006	38.938	38.877	38.799	38.711	38.654	38.569	38.52	38.46	38.415	38.377	38.316	38.272	38.233	38.201	38.154	38.129	38.081	38.057	38.003	37.959	37.881	37.845	37.779	37.706	37.658	37.593	37.555	37.509	37.476	37.409	37.344	37.282	37.223	37.175	37.103	37.032	36.967	36.901	36.846	36.775	36.731	36.652	36.601	36.531	36.486	36.414	36.389	36.343	36.307	36.259	36.206	36.164	36.121	36.083	36.042	36.012	35.979	35.931	35.907	35.86	35.82	35.767	35.723	35.663	35.628	35.572	35.531	35.472	35.4	35.348	35.291	35.248	35.201	35.158	35.11	35.047	34.999	34.929	34.875	34.805	34.76	34.718	34.697	34.636	34.617	34.572	34.53	34.507	34.443	34.397	34.356	34.323	34.281
41.961	41.913	41.838	41.775	41.716	41.654	41.594	41.466	41.372	41.25	41.166	41.088	41.018	40.961	40.885	40.827	40.771	40.728	40.66	40.589	40.533	40.485	40.439	40.379	40.332	40.235	40.139	40.068	39.981	39.924	39.83	39.762	39.658	39.575	39.491	39.401	39.323	39.266	39.195	39.134	39.088	39.017	38.968	38.894	38.823	38.753	38.705	38.605	38.539	38.451	38.38	38.325	38.264	38.24	38.172	38.115	38.072	38.021	37.998	37.974	37.952	37.897	37.845	37.804	37.735	37.695	37.635	37.581	37.518	37.472	37.4	37.341	37.3	37.239	37.176	37.129	37.069	37.025	36.963	36.885	36.819	36.745	36.705	36.643	36.571	36.516	36.416	36.374	36.324	36.283	36.237	36.197	36.162	36.127	36.085	36.04	35.999	35.942	35.896	35.85	35.809	35.773	35.726	35.704	35.669	35.645	35.586	35.549	35.504	35.454	35.4	35.347	35.284	35.22	35.178	35.126	35.071	35.008	34.97	34.903	34.858	34.806	34.747	34.689	34.633	34.581	34.547	34.485	34.451	34.407	34.363	34.319	34.289	34.226	34.185	34.147	34.109
41.85	41.801	41.741	41.693	41.605	41.545	41.478	41.36	41.256	41.153	41.076	40.995	40.922	40.847	40.8	40.738	40.683	40.635	40.572	40.536	40.443	40.386	40.332	40.264	40.22	40.137	40.049	39.98	39.893	39.821	39.731	39.643	39.548	39.454	39.389	39.308	39.222	39.154	39.096	39.024	38.956	38.899	38.84	38.787	38.715	38.671	38.594	38.506	38.458	38.365	38.31	38.242	38.159	38.089	38.034	37.986	37.938	37.879	37.839	37.813	37.783	37.754	37.686	37.649	37.585	37.541	37.477	37.417	37.382	37.325	37.283	37.222	37.139	37.098	37.022	36.986	36.927	36.882	36.815	36.746	36.682	36.606	36.542	36.474	36.402	36.355	36.29	36.222	36.177	36.133	36.088	36.049	35.995	35.958	35.925	35.897	35.848	35.791	35.751	35.689	35.652	35.617	35.56	35.523	35.481	35.451	35.423	35.397	35.363	35.33	35.284	35.237	35.173	35.102	35.047	34.998	34.954	34.902	34.845	34.781	34.724	34.674	34.605	34.539	34.512	34.449	34.405	34.371	34.315	34.278	34.224	34.185	34.147	34.11	34.073	34.016	33.976
41.794	41.743	41.71	41.635	41.566	41.478	41.391	41.301	41.184	41.083	40.997	40.908	40.849	40.752	40.694	40.656	40.595	40.554	40.472	40.424	40.36	40.312	40.248	40.182	40.114	40.041	39.968	39.884	39.813	39.743	39.668	39.57	39.46	39.354	39.29	39.245	39.147	39.057	39	38.932	38.867	38.802	38.733	38.667	38.605	38.553	38.477	38.419	38.348	38.294	38.223	38.155	38.08	37.996	37.944	37.884	37.826	37.753	37.702	37.67	37.625	37.602	37.537	37.499	37.453	37.407	37.357	37.29	37.271	37.187	37.143	37.081	37.026	36.968	36.904	36.855	36.813	36.769	36.713	36.643	36.574	36.499	36.413	36.367	36.295	36.25	36.184	36.12	36.058	36.004	35.964	35.917	35.861	35.817	35.786	35.75	35.701	35.667	35.606	35.558	35.511	35.476	35.427	35.384	35.356	35.32	35.304	35.274	35.232	35.214	35.173	35.134	35.071	35.001	34.931	34.882	34.833	34.78	34.733	34.684	34.612	34.564	34.504	34.446	34.395	34.364	34.302	34.266	34.215	34.153	34.096	34.06	34.029	33.997	33.961	33.921	33.872
41.647	41.617	41.579	41.533	41.446	41.361	41.281	41.198	41.106	41.012	40.927	40.819	40.774	40.699	40.657	40.616	40.541	40.493	40.412	40.37	40.302	40.227	40.152	40.08	39.999	39.937	39.854	39.794	39.717	39.651	39.576	39.489	39.372	39.273	39.187	39.118	39.054	38.935	38.868	38.801	38.737	38.683	38.615	38.533	38.511	38.423	38.371	38.293	38.22	38.172	38.104	38.033	37.98	37.921	37.849	37.793	37.738	37.669	37.61	37.556	37.524	37.482	37.426	37.401	37.325	37.294	37.253	37.185	37.131	37.07	37.017	36.968	36.902	36.837	36.785	36.739	36.695	36.634	36.577	36.516	36.442	36.384	36.321	36.251	36.179	36.101	36.046	36.003	35.954	35.897	35.83	35.776	35.719	35.677	35.652	35.598	35.584	35.544	35.489	35.432	35.379	35.338	35.301	35.255	35.214	35.171	35.131	35.124	35.11	35.077	35.053	35.008	34.949	34.882	34.841	34.762	34.708	34.641	34.599	34.55	34.498	34.432	34.396	34.328	34.271	34.237	34.194	34.154	34.115	34.05	33.995	33.95	33.92	33.877	33.848	33.808	33.768
41.599	41.569	41.517	41.464	41.38	41.3	41.208	41.145	41.049	40.968	40.896	40.801	40.729	40.647	40.604	40.56	40.492	40.411	40.33	40.27	40.21	40.154	40.072	39.996	39.939	39.849	39.775	39.713	39.639	39.571	39.483	39.397	39.273	39.199	39.116	39.012	38.908	38.819	38.755	38.707	38.636	38.542	38.492	38.407	38.352	38.283	38.222	38.154	38.067	38.005	37.948	37.903	37.868	37.811	37.74	37.668	37.6	37.535	37.493	37.438	37.401	37.356	37.297	37.268	37.22	37.161	37.116	37.066	37.008	36.956	36.89	36.825	36.773	36.719	36.659	36.598	36.563	36.502	36.443	36.369	36.308	36.247	36.204	36.141	36.09	36.015	35.926	35.878	35.837	35.79	35.733	35.668	35.605	35.554	35.52	35.457	35.424	35.395	35.351	35.298	35.247	35.188	35.166	35.118	35.082	35.046	35.001	34.976	34.937	34.92	34.898	34.87	34.822	34.748	34.705	34.646	34.585	34.524	34.456	34.396	34.362	34.292	34.244	34.2	34.155	34.106	34.086	34.027	33.984	33.934	33.882	33.834	33.797	33.739	33.711	33.675	33.634
41.489	41.442	41.392	41.338	41.28	41.219	41.125	41.044	40.968	40.876	40.787	40.702	40.647	40.608	40.555	40.494	40.436	40.359	40.275	40.203	40.134	40.067	40	39.915	39.843	39.778	39.705	39.607	39.542	39.486	39.399	39.326	39.229	39.131	39.057	38.957	38.844	38.779	38.673	38.599	38.531	38.455	38.413	38.338	38.261	38.201	38.119	38.047	37.985	37.928	37.845	37.788	37.726	37.698	37.653	37.579	37.536	37.472	37.431	37.376	37.326	37.289	37.251	37.176	37.128	37.068	37.014	36.974	36.92	36.863	36.791	36.739	36.694	36.619	36.568	36.51	36.425	36.371	36.315	36.269	36.221	36.135	36.091	36.031	35.972	35.926	35.873	35.828	35.756	35.708	35.648	35.57	35.508	35.446	35.398	35.362	35.281	35.246	35.208	35.176	35.13	35.074	35.026	34.982	34.958	34.94	34.916	34.892	34.827	34.797	34.754	34.709	34.677	34.637	34.563	34.534	34.484	34.426	34.373	34.318	34.275	34.228	34.162	34.107	34.062	34.017	33.958	33.926	33.884	33.841	33.788	33.749	33.693	33.644	33.609	33.575	33.525
41.391	41.358	41.299	41.234	41.151	41.101	41.037	40.95	40.869	40.769	40.694	40.625	40.544	40.497	40.44	40.39	40.324	40.258	40.189	40.126	40.058	39.988	39.922	39.855	39.789	39.701	39.619	39.544	39.454	39.393	39.319	39.241	39.148	39.044	38.974	38.88	38.78	38.709	38.625	38.524	38.424	38.359	38.307	38.257	38.19	38.12	38.051	37.946	37.862	37.798	37.726	37.688	37.627	37.584	37.525	37.46	37.421	37.358	37.311	37.261	37.227	37.191	37.161	37.066	36.997	36.928	36.887	36.821	36.738	36.7	36.652	36.612	36.572	36.509	36.441	36.367	36.294	36.265	36.199	36.157	36.1	36.038	35.984	35.922	35.867	35.803	35.745	35.701	35.625	35.569	35.517	35.463	35.401	35.341	35.289	35.235	35.183	35.134	35.074	35.028	34.977	34.934	34.895	34.865	34.824	34.794	34.763	34.742	34.714	34.668	34.641	34.589	34.54	34.503	34.452	34.388	34.332	34.282	34.214	34.187	34.135	34.112	34.066	34.001	33.958	33.913	33.847	33.785	33.741	33.694	33.648	33.594	33.548	33.502	33.456	33.423	33.381
41.278	41.24	41.171	41.104	41.023	40.944	40.886	40.825	40.743	40.661	40.585	40.526	40.459	40.397	40.341	40.276	40.228	40.17	40.081	40.016	39.951	39.893	39.821	39.741	39.672	39.584	39.504	39.431	39.371	39.28	39.239	39.137	39.052	38.982	38.892	38.809	38.723	38.632	38.544	38.445	38.362	38.272	38.225	38.177	38.131	38.041	37.95	37.868	37.764	37.699	37.626	37.568	37.503	37.463	37.416	37.369	37.312	37.279	37.218	37.171	37.104	37.057	37.02	36.953	36.89	36.817	36.761	36.694	36.634	36.572	36.511	36.468	36.43	36.376	36.314	36.256	36.216	36.164	36.121	36.073	36.03	35.966	35.903	35.832	35.756	35.705	35.635	35.57	35.512	35.45	35.417	35.35	35.295	35.251	35.203	35.138	35.081	35.022	34.967	34.92	34.866	34.822	34.797	34.753	34.711	34.671	34.656	34.6	34.587	34.534	34.502	34.472	34.426	34.39	34.356	34.287	34.246	34.183	34.12	34.065	34.022	33.98	33.953	33.911	33.872	33.825	33.778	33.711	33.667	33.61	33.57	33.523	33.455	33.397	33.348	33.303	33.27
41.16	41.116	41.06	41.014	40.946	40.878	40.8	40.717	40.648	40.571	40.497	40.425	40.366	40.312	40.241	40.184	40.119	40.065	39.99	39.921	39.855	39.786	39.726	39.653	39.573	39.524	39.426	39.37	39.309	39.225	39.168	39.084	39.007	38.915	38.833	38.725	38.668	38.583	38.492	38.393	38.296	38.213	38.153	38.094	38.044	37.96	37.867	37.795	37.705	37.607	37.533	37.462	37.405	37.343	37.285	37.245	37.169	37.156	37.109	37.059	37.015	36.966	36.881	36.819	36.752	36.686	36.625	36.573	36.531	36.447	36.406	36.351	36.307	36.247	36.207	36.153	36.116	36.068	36.01	35.97	35.913	35.873	35.802	35.73	35.653	35.581	35.52	35.459	35.421	35.365	35.31	35.252	35.187	35.132	35.076	35.036	34.985	34.939	34.881	34.832	34.792	34.75	34.702	34.671	34.616	34.584	34.533	34.484	34.47	34.424	34.381	34.344	34.32	34.284	34.246	34.181	34.126	34.079	34.034	33.974	33.943	33.898	33.846	33.803	33.76	33.719	33.685	33.631	33.587	33.54	33.497	33.448	33.404	33.347	33.291	33.24	33.192
41.046	40.988	40.907	40.852	40.802	40.77	40.701	40.613	40.543	40.446	40.395	40.327	40.261	40.204	40.143	40.087	40.025	39.969	39.896	39.827	39.761	39.682	39.607	39.553	39.471	39.437	39.348	39.286	39.232	39.164	39.096	39.027	38.947	38.849	38.761	38.672	38.574	38.497	38.427	38.323	38.24	38.137	38.059	37.988	37.934	37.876	37.795	37.72	37.629	37.515	37.426	37.355	37.299	37.25	37.175	37.148	37.075	37.029	36.99	36.952	36.893	36.855	36.782	36.713	36.622	36.569	36.517	36.457	36.415	36.353	36.299	36.241	36.187	36.132	36.08	36.033	36.001	35.948	35.904	35.846	35.804	35.755	35.679	35.641	35.549	35.469	35.405	35.342	35.286	35.232	35.189	35.133	35.078	35.017	34.975	34.92	34.86	34.808	34.767	34.738	34.697	34.672	34.615	34.572	34.519	34.471	34.433	34.375	34.351	34.325	34.292	34.246	34.197	34.162	34.116	34.067	34.01	33.953	33.94	33.878	33.839	33.816	33.764	33.716	33.682	33.639	33.606	33.553	33.507	33.454	33.418	33.388	33.345	33.303	33.251	33.209	33.152
40.897	40.831	40.764	40.714	40.641	40.615	40.542	40.473	40.412	40.328	40.28	40.188	40.143	40.081	40.04	39.977	39.901	39.839	39.78	39.725	39.66	39.593	39.5	39.445	39.364	39.324	39.268	39.212	39.163	39.094	39.04	38.959	38.88	38.771	38.685	38.607	38.513	38.44	38.361	38.252	38.173	38.049	37.985	37.924	37.855	37.793	37.702	37.636	37.547	37.465	37.384	37.309	37.214	37.147	37.081	37.035	36.992	36.918	36.886	36.837	36.787	36.727	36.675	36.628	36.526	36.464	36.408	36.333	36.291	36.231	36.168	36.123	36.073	36.021	35.945	35.909	35.871	35.826	35.793	35.739	35.693	35.646	35.582	35.54	35.471	35.381	35.319	35.243	35.164	35.115	35.079	35.03	34.966	34.9	34.851	34.796	34.753	34.695	34.639	34.609	34.563	34.56	34.533	34.481	34.431	34.377	34.319	34.265	34.208	34.176	34.146	34.1	34.051	34.019	33.966	33.921	33.877	33.815	33.801	33.772	33.734	33.706	33.666	33.618	33.585	33.547	33.521	33.479	33.444	33.406	33.356	33.321	33.268	33.219	33.179	33.145	33.103
40.745	40.696	40.645	40.591	40.521	40.484	40.387	40.324	40.257	40.198	40.132	40.061	40.005	39.944	39.88	39.79	39.738	39.682	39.625	39.576	39.526	39.487	39.403	39.359	39.314	39.265	39.217	39.167	39.104	39.044	38.975	38.917	38.835	38.757	38.639	38.56	38.464	38.385	38.313	38.206	38.107	37.993	37.92	37.859	37.78	37.693	37.606	37.526	37.457	37.373	37.294	37.238	37.131	37.067	36.98	36.915	36.851	36.806	36.759	36.715	36.657	36.594	36.543	36.482	36.429	36.359	36.288	36.212	36.148	36.082	36.019	35.986	35.946	35.9	35.841	35.799	35.773	35.732	35.697	35.65	35.593	35.541	35.494	35.448	35.378	35.296	35.224	35.148	35.078	34.999	34.949	34.894	34.847	34.779	34.718	34.662	34.634	34.577	34.527	34.502	34.45	34.426	34.393	34.364	34.332	34.286	34.219	34.184	34.138	34.08	34.019	33.973	33.901	33.885	33.837	33.776	33.727	33.682	33.639	33.614	33.586	33.548	33.527	33.504	33.467	33.438	33.408	33.372	33.341	33.319	33.264	33.225	33.177	33.154	33.112	33.06	33.019
40.548	40.492	40.446	40.409	40.332	40.313	40.236	40.17	40.091	40.029	39.976	39.928	39.84	39.768	39.709	39.656	39.597	39.51	39.467	39.425	39.357	39.314	39.277	39.217	39.179	39.125	39.087	39.045	39.007	38.952	38.901	38.845	38.772	38.705	38.609	38.525	38.413	38.313	38.243	38.162	38.067	37.945	37.842	37.772	37.677	37.59	37.516	37.433	37.366	37.265	37.172	37.111	37.034	36.963	36.907	36.847	36.771	36.711	36.647	36.584	36.528	36.468	36.415	36.355	36.299	36.238	36.182	36.122	36.053	35.968	35.904	35.873	35.823	35.779	35.733	35.679	35.627	35.589	35.544	35.504	35.454	35.403	35.359	35.296	35.245	35.182	35.107	35.027	34.971	34.911	34.855	34.791	34.721	34.672	34.6	34.549	34.515	34.478	34.425	34.384	34.34	34.287	34.256	34.218	34.189	34.157	34.126	34.052	34.02	33.965	33.908	33.864	33.79	33.758	33.714	33.645	33.587	33.547	33.497	33.458	33.436	33.399	33.365	33.353	33.323	33.314	33.286	33.249	33.223	33.202	33.163	33.123	33.085	33.051	33.007	32.965	32.916
40.427	40.381	40.337	40.308	40.273	40.211	40.147	40.052	39.972	39.904	39.836	39.797	39.735	39.662	39.592	39.512	39.459	39.395	39.332	39.284	39.235	39.176	39.127	39.069	39.056	39.05	39.034	38.97	38.923	38.874	38.85	38.798	38.719	38.642	38.55	38.467	38.385	38.283	38.169	38.102	37.996	37.918	37.804	37.715	37.631	37.519	37.436	37.358	37.276	37.176	37.089	36.997	36.93	36.854	36.796	36.731	36.673	36.617	36.547	36.519	36.433	36.377	36.332	36.268	36.211	36.156	36.1	36.023	35.968	35.89	35.813	35.776	35.71	35.661	35.61	35.57	35.516	35.472	35.411	35.363	35.32	35.268	35.238	35.186	35.13	35.075	35.022	34.957	34.872	34.817	34.753	34.703	34.635	34.558	34.502	34.46	34.41	34.364	34.313	34.254	34.229	34.177	34.129	34.105	34.076	34.021	33.986	33.932	33.89	33.849	33.791	33.738	33.694	33.643	33.601	33.538	33.475	33.412	33.394	33.347	33.303	33.269	33.242	33.205	33.183	33.158	33.143	33.107	33.08	33.057	33.032	33.005	32.975	32.939	32.902	32.87	32.82
40.267	40.243	40.185	40.121	40.071	40.021	39.981	39.903	39.837	39.789	39.697	39.654	39.57	39.516	39.467	39.403	39.339	39.297	39.232	39.184	39.127	39.06	39	38.961	38.906	38.879	38.854	38.842	38.815	38.777	38.722	38.677	38.629	38.54	38.467	38.365	38.306	38.207	38.087	37.99	37.873	37.795	37.702	37.614	37.544	37.446	37.357	37.271	37.165	37.085	36.995	36.904	36.849	36.781	36.719	36.645	36.566	36.517	36.419	36.392	36.354	36.288	36.239	36.183	36.143	36.08	36.037	35.968	35.894	35.841	35.759	35.698	35.638	35.576	35.538	35.47	35.388	35.359	35.312	35.264	35.225	35.159	35.113	35.058	35.021	34.951	34.894	34.86	34.78	34.741	34.658	34.588	34.53	34.482	34.407	34.373	34.32	34.267	34.219	34.173	34.125	34.09	34.024	33.976	33.939	33.891	33.841	33.815	33.76	33.707	33.664	33.605	33.567	33.523	33.47	33.421	33.373	33.326	33.264	33.247	33.211	33.161	33.124	33.09	33.065	33.036	33	32.971	32.942	32.904	32.882	32.87	32.858	32.84	32.795	32.744	32.72
40.086	40.045	40.014	39.996	39.961	39.889	39.843	39.782	39.7	39.642	39.567	39.497	39.441	39.362	39.303	39.25	39.179	39.124	39.086	39.033	38.988	38.951	38.89	38.838	38.788	38.754	38.728	38.704	38.659	38.628	38.581	38.53	38.485	38.391	38.322	38.201	38.136	38.068	37.963	37.876	37.761	37.679	37.592	37.509	37.423	37.346	37.228	37.146	37.045	36.958	36.871	36.799	36.764	36.69	36.642	36.552	36.46	36.397	36.321	36.269	36.223	36.182	36.126	36.068	36.03	35.957	35.915	35.864	35.782	35.711	35.653	35.569	35.523	35.462	35.397	35.354	35.288	35.234	35.199	35.144	35.106	35.057	35.019	34.957	34.908	34.841	34.791	34.732	34.653	34.605	34.545	34.47	34.415	34.353	34.289	34.224	34.203	34.131	34.085	34.054	34.006	33.973	33.917	33.853	33.793	33.769	33.709	33.69	33.637	33.589	33.536	33.493	33.442	33.393	33.374	33.319	33.274	33.22	33.157	33.122	33.081	33.044	33.007	32.978	32.941	32.908	32.881	32.851	32.807	32.784	32.749	32.714	32.69	32.684	32.662	32.624	32.586
39.878	39.829	39.792	39.755	39.741	39.708	39.67	39.598	39.536	39.479	39.424	39.343	39.291	39.226	39.163	39.102	39.03	38.975	38.927	38.87	38.838	38.785	38.777	38.738	38.703	38.647	38.587	38.555	38.495	38.472	38.413	38.365	38.302	38.236	38.157	38.057	37.978	37.902	37.812	37.733	37.637	37.536	37.457	37.374	37.304	37.236	37.134	37.048	36.946	36.853	36.778	36.696	36.645	36.58	36.54	36.478	36.398	36.312	36.228	36.19	36.128	36.069	36.01	35.957	35.909	35.857	35.794	35.725	35.648	35.586	35.538	35.47	35.411	35.357	35.29	35.239	35.182	35.141	35.099	35.046	35.02	34.945	34.898	34.846	34.786	34.738	34.685	34.605	34.542	34.477	34.41	34.348	34.28	34.225	34.188	34.105	34.083	34.023	33.972	33.924	33.874	33.824	33.796	33.755	33.701	33.65	33.589	33.548	33.518	33.472	33.426	33.385	33.351	33.288	33.25	33.211	33.157	33.11	33.054	33.015	32.965	32.907	32.864	32.821	32.784	32.759	32.739	32.714	32.691	32.656	32.615	32.597	32.571	32.55	32.523	32.494	32.464
39.671	39.633	39.608	39.56	39.534	39.527	39.493	39.447	39.36	39.299	39.246	39.201	39.137	39.077	39.023	38.961	38.889	38.815	38.755	38.7	38.667	38.63	38.611	38.58	38.567	38.523	38.467	38.426	38.341	38.323	38.262	38.199	38.15	38.075	38.007	37.93	37.862	37.779	37.689	37.593	37.513	37.407	37.324	37.239	37.159	37.084	37.005	36.939	36.837	36.752	36.66	36.576	36.521	36.456	36.392	36.331	36.264	36.211	36.121	36.065	36	35.934	35.871	35.823	35.766	35.731	35.663	35.591	35.514	35.433	35.373	35.355	35.317	35.253	35.203	35.142	35.072	35.041	34.989	34.954	34.926	34.864	34.797	34.737	34.668	34.622	34.573	34.489	34.414	34.352	34.268	34.216	34.164	34.085	34.059	34.002	33.961	33.91	33.856	33.799	33.746	33.706	33.654	33.62	33.588	33.534	33.479	33.437	33.384	33.341	33.293	33.244	33.223	33.172	33.129	33.079	33.03	32.981	32.913	32.868	32.817	32.777	32.717	32.658	32.634	32.6	32.576	32.561	32.542	32.516	32.48	32.447	32.431	32.412	32.387	32.354	32.322
39.429	39.412	39.41	39.384	39.34	39.294	39.262	39.238	39.204	39.146	39.09	39.046	38.994	38.935	38.871	38.798	38.722	38.681	38.601	38.554	38.526	38.478	38.47	38.421	38.408	38.368	38.298	38.259	38.191	38.134	38.086	38.048	37.993	37.939	37.855	37.793	37.735	37.665	37.591	37.467	37.381	37.279	37.192	37.132	37.048	36.985	36.874	36.816	36.734	36.635	36.541	36.456	36.385	36.309	36.257	36.182	36.116	36.057	35.994	35.923	35.868	35.799	35.728	35.676	35.633	35.574	35.525	35.453	35.389	35.318	35.245	35.206	35.164	35.13	35.072	35.028	34.983	34.944	34.898	34.846	34.801	34.766	34.705	34.623	34.544	34.487	34.439	34.371	34.286	34.224	34.141	34.075	34.013	33.959	33.919	33.89	33.837	33.774	33.737	33.662	33.605	33.574	33.528	33.491	33.447	33.402	33.356	33.316	33.266	33.22	33.164	33.098	33.068	33.033	32.987	32.927	32.874	32.824	32.776	32.736	32.684	32.646	32.598	32.537	32.489	32.451	32.433	32.422	32.407	32.387	32.361	32.324	32.281	32.27	32.253	32.23	32.209
39.222	39.19	39.148	39.136	39.115	39.088	39.072	39.041	39.007	38.973	38.929	38.858	38.808	38.743	38.688	38.606	38.521	38.499	38.424	38.378	38.336	38.31	38.307	38.257	38.24	38.206	38.151	38.084	38.021	37.975	37.918	37.876	37.823	37.792	37.702	37.656	37.592	37.522	37.458	37.381	37.289	37.182	37.106	37.026	36.936	36.873	36.776	36.7	36.619	36.543	36.435	36.331	36.262	36.171	36.098	36.036	35.979	35.899	35.848	35.766	35.724	35.653	35.582	35.537	35.487	35.443	35.376	35.304	35.232	35.192	35.132	35.069	35.021	34.994	34.959	34.915	34.874	34.836	34.801	34.759	34.698	34.647	34.585	34.513	34.447	34.369	34.293	34.261	34.165	34.101	34.038	33.967	33.911	33.845	33.778	33.753	33.704	33.648	33.593	33.546	33.467	33.433	33.378	33.345	33.3	33.249	33.196	33.162	33.128	33.079	33.023	32.973	32.927	32.888	32.849	32.784	32.741	32.684	32.627	32.593	32.547	32.504	32.47	32.415	32.369	32.323	32.288	32.265	32.24	32.222	32.202	32.19	32.179	32.148	32.131	32.103	32.065
39.043	39.015	38.972	38.942	38.929	38.913	38.89	38.88	38.836	38.788	38.782	38.702	38.658	38.593	38.509	38.452	38.347	38.307	38.247	38.19	38.148	38.102	38.093	38.074	38.061	38.033	37.989	37.944	37.903	37.827	37.799	37.742	37.676	37.618	37.536	37.507	37.428	37.359	37.293	37.232	37.16	37.07	36.977	36.901	36.825	36.747	36.682	36.586	36.51	36.42	36.336	36.222	36.112	36.038	35.963	35.897	35.834	35.762	35.712	35.643	35.586	35.52	35.451	35.402	35.362	35.311	35.25	35.195	35.127	35.044	34.959	34.901	34.847	34.827	34.797	34.754	34.736	34.695	34.668	34.64	34.606	34.55	34.491	34.419	34.341	34.266	34.2	34.138	34.064	33.986	33.928	33.871	33.805	33.749	33.692	33.648	33.611	33.547	33.487	33.443	33.381	33.305	33.242	33.194	33.143	33.111	33.075	33.035	33.007	32.955	32.907	32.861	32.803	32.77	32.737	32.664	32.606	32.567	32.495	32.455	32.412	32.37	32.311	32.265	32.222	32.176	32.14	32.112	32.098	32.074	32.041	32.035	32.016	31.997	31.979	31.959	31.93
38.869	38.825	38.794	38.759	38.715	38.692	38.667	38.647	38.618	38.571	38.565	38.515	38.495	38.421	38.357	38.302	38.219	38.162	38.092	38.045	38.007	37.954	37.91	37.892	37.848	37.813	37.791	37.765	37.744	37.686	37.657	37.617	37.551	37.504	37.425	37.36	37.28	37.202	37.141	37.043	36.987	36.918	36.836	36.74	36.668	36.597	36.54	36.469	36.371	36.291	36.203	36.096	35.981	35.904	35.813	35.738	35.677	35.615	35.544	35.516	35.436	35.37	35.314	35.263	35.225	35.188	35.122	35.045	34.996	34.923	34.853	34.788	34.725	34.674	34.632	34.599	34.563	34.551	34.52	34.489	34.462	34.419	34.372	34.31	34.23	34.169	34.096	34.019	33.953	33.879	33.81	33.759	33.698	33.629	33.59	33.555	33.526	33.471	33.386	33.324	33.276	33.206	33.149	33.095	33.048	32.988	32.953	32.908	32.892	32.86	32.819	32.769	32.707	32.667	32.609	32.554	32.49	32.431	32.379	32.321	32.276	32.22	32.175	32.117	32.086	32.049	32.013	31.981	31.938	31.918	31.901	31.887	31.858	31.838	31.834	31.795	31.793
38.69	38.657	38.619	38.6	38.558	38.555	38.482	38.442	38.417	38.363	38.358	38.309	38.286	38.236	38.17	38.115	38.043	38.009	37.948	37.907	37.846	37.808	37.73	37.72	37.669	37.64	37.611	37.571	37.566	37.535	37.49	37.451	37.404	37.362	37.298	37.241	37.184	37.116	37.037	36.95	36.867	36.799	36.711	36.611	36.53	36.451	36.358	36.269	36.2	36.11	36.023	35.948	35.85	35.752	35.671	35.588	35.517	35.456	35.404	35.353	35.298	35.246	35.185	35.117	35.051	35.034	34.982	34.916	34.842	34.768	34.693	34.631	34.581	34.529	34.472	34.436	34.377	34.363	34.335	34.295	34.283	34.254	34.19	34.173	34.108	34.041	33.974	33.908	33.839	33.782	33.71	33.661	33.6	33.534	33.483	33.47	33.426	33.367	33.301	33.229	33.174	33.117	33.05	32.995	32.948	32.891	32.842	32.816	32.777	32.73	32.704	32.667	32.609	32.569	32.503	32.452	32.395	32.318	32.275	32.22	32.181	32.115	32.061	32.011	31.976	31.927	31.893	31.837	31.791	31.759	31.726	31.739	31.71	31.688	31.671	31.648	31.66
38.401	38.384	38.366	38.384	38.301	38.311	38.266	38.239	38.197	38.143	38.121	38.061	38.032	38.007	37.965	37.913	37.876	37.82	37.813	37.773	37.726	37.679	37.579	37.524	37.459	37.418	37.398	37.357	37.337	37.315	37.287	37.251	37.203	37.183	37.1	37.056	37.001	36.936	36.863	36.793	36.708	36.639	36.56	36.469	36.374	36.29	36.219	36.116	36.036	35.942	35.856	35.786	35.719	35.625	35.547	35.474	35.401	35.346	35.287	35.228	35.182	35.12	35.054	34.989	34.92	34.851	34.816	34.761	34.707	34.626	34.567	34.496	34.44	34.376	34.325	34.291	34.244	34.195	34.165	34.127	34.105	34.097	34.038	34.014	33.966	33.902	33.853	33.799	33.726	33.683	33.618	33.539	33.471	33.424	33.37	33.344	33.296	33.247	33.179	33.122	33.05	33.021	32.962	32.892	32.833	32.802	32.743	32.708	32.665	32.625	32.577	32.531	32.469	32.422	32.381	32.338	32.289	32.224	32.178	32.122	32.065	32.009	31.951	31.885	31.845	31.797	31.762	31.711	31.664	31.631	31.59	31.582	31.572	31.553	31.529	31.499	31.479
38.142	38.14	38.121	38.143	38.101	38.103	38.063	38.044	38.006	37.952	37.892	37.845	37.822	37.764	37.726	37.691	37.672	37.627	37.601	37.571	37.534	37.498	37.435	37.373	37.307	37.242	37.202	37.163	37.139	37.098	37.093	37.057	37.016	36.977	36.921	36.855	36.82	36.76	36.692	36.633	36.562	36.486	36.401	36.319	36.254	36.178	36.08	35.994	35.893	35.796	35.713	35.638	35.565	35.514	35.417	35.347	35.283	35.225	35.17	35.115	35.063	34.98	34.91	34.835	34.759	34.719	34.662	34.613	34.582	34.527	34.475	34.402	34.337	34.261	34.192	34.135	34.11	34.061	34.035	34.008	33.952	33.928	33.903	33.85	33.83	33.786	33.735	33.674	33.619	33.571	33.522	33.46	33.386	33.341	33.263	33.21	33.168	33.107	33.052	32.989	32.928	32.897	32.856	32.792	32.737	32.696	32.647	32.6	32.557	32.515	32.468	32.411	32.34	32.282	32.228	32.185	32.141	32.092	32.043	32.003	31.967	31.908	31.864	31.804	31.737	31.691	31.643	31.61	31.548	31.504	31.479	31.465	31.444	31.411	31.376	31.355	31.334
37.874	37.885	37.883	37.875	37.851	37.864	37.849	37.81	37.773	37.735	37.683	37.636	37.579	37.542	37.503	37.471	37.441	37.415	37.394	37.354	37.327	37.296	37.233	37.191	37.121	37.06	36.991	36.922	36.896	36.878	36.866	36.847	36.822	36.78	36.727	36.681	36.628	36.58	36.52	36.444	36.377	36.32	36.241	36.164	36.089	36.018	35.928	35.859	35.768	35.672	35.565	35.486	35.416	35.368	35.297	35.215	35.153	35.079	35.016	34.971	34.91	34.839	34.779	34.718	34.625	34.579	34.529	34.467	34.425	34.366	34.321	34.278	34.2	34.161	34.079	34	33.97	33.933	33.905	33.871	33.84	33.798	33.757	33.726	33.688	33.659	33.592	33.529	33.486	33.435	33.405	33.348	33.291	33.22	33.159	33.103	33.026	32.978	32.902	32.853	32.805	32.759	32.725	32.673	32.617	32.548	32.529	32.501	32.456	32.404	32.354	32.312	32.255	32.173	32.102	32.05	32.022	31.982	31.935	31.879	31.84	31.81	31.758	31.705	31.642	31.587	31.541	31.498	31.472	31.422	31.399	31.359	31.327	31.301	31.249	31.212	31.206
37.676	37.642	37.641	37.651	37.615	37.62	37.61	37.601	37.567	37.524	37.465	37.434	37.367	37.317	37.298	37.278	37.241	37.214	37.157	37.131	37.096	37.057	37.013	36.98	36.928	36.853	36.811	36.756	36.717	36.686	36.663	36.647	36.616	36.583	36.528	36.51	36.462	36.394	36.329	36.275	36.206	36.139	36.07	35.994	35.905	35.838	35.752	35.687	35.613	35.51	35.42	35.356	35.28	35.214	35.163	35.085	35.007	34.932	34.864	34.824	34.757	34.674	34.617	34.544	34.45	34.406	34.36	34.316	34.262	34.213	34.15	34.124	34.064	34.004	33.946	33.886	33.83	33.801	33.754	33.719	33.706	33.668	33.629	33.606	33.569	33.51	33.47	33.401	33.34	33.292	33.244	33.206	33.146	33.097	33.02	32.964	32.9	32.835	32.78	32.71	32.646	32.611	32.562	32.527	32.47	32.414	32.377	32.319	32.293	32.259	32.215	32.175	32.114	32.068	31.998	31.945	31.901	31.865	31.811	31.762	31.71	31.676	31.637	31.59	31.537	31.479	31.427	31.39	31.342	31.309	31.291	31.26	31.228	31.169	31.131	31.065	31.056
