50.308	50.299	50.292	50.249	50.245	50.198	50.171	50.162	50.143	50.115	50.086	50.048	50.005	49.982	49.955	49.934	49.918	49.911	49.897	49.867	49.828	49.781	49.755	49.701	49.666	49.628	49.575	49.523	49.482	49.436	49.406	49.367	49.337	49.309	49.268	49.221	49.189	49.139	49.094	49.056	49.012	48.956	48.921	48.88	48.837	48.766	48.71	48.664	48.635	48.591	48.56	48.521	48.48	48.44	48.394	48.357	48.306	48.255	48.219	48.193	48.162	48.127	48.075	48.04	48.012	47.969	47.93	47.892	47.852	47.811	47.785	47.763	47.712	47.686	47.646	47.607	47.565	47.529	47.52	47.503	47.48	47.461	47.436	47.408	47.361	47.336	47.303	47.267	47.236	47.198	47.162	47.113	47.067	47.022	46.985	46.948	46.925	46.884	46.861	46.836	46.814	46.798	46.773	46.747	46.734	46.721	46.707	46.672	46.648	46.605	46.612	46.615	46.602	46.591	46.581	46.558	46.529	46.509	46.495	46.46	46.447	46.415	46.407	46.402	46.386	46.367	46.351	46.333	46.322	46.32	46.323	46.324	46.319	46.319	46.315	46.321	46.317
49.911	49.892	49.874	49.843	49.818	49.778	49.756	49.741	49.709	49.697	49.664	49.637	49.6	49.559	49.529	49.483	49.464	49.43	49.409	49.37	49.323	49.268	49.203	49.16	49.131	49.086	49.062	49.014	48.97	48.903	48.864	48.816	48.77	48.748	48.705	48.659	48.62	48.575	48.533	48.491	48.442	48.38	48.326	48.289	48.232	48.159	48.093	48.068	48.026	47.991	47.956	47.904	47.864	47.842	47.779	47.712	47.663	47.609	47.574	47.548	47.497	47.447	47.404	47.356	47.326	47.286	47.255	47.228	47.179	47.133	47.102	47.05	47.005	46.971	46.94	46.918	46.877	46.861	46.852	46.825	46.783	46.754	46.701	46.679	46.638	46.596	46.564	46.523	46.466	46.413	46.375	46.335	46.32	46.275	46.244	46.197	46.147	46.108	46.058	46.036	46.018	46.008	45.98	45.947	45.916	45.897	45.871	45.846	45.807	45.803	45.78	45.771	45.754	45.737	45.748	45.729	45.697	45.658	45.632	45.61	45.598	45.583	45.583	45.576	45.558	45.542	45.538	45.52	45.522	45.52	45.516	45.496	45.479	45.47	45.482	45.48	45.482
49.5	49.452	49.415	49.391	49.373	49.339	49.312	49.273	49.259	49.241	49.207	49.171	49.133	49.098	49.056	49.003	48.949	48.898	48.843	48.803	48.758	48.701	48.639	48.592	48.566	48.529	48.489	48.437	48.395	48.335	48.3	48.245	48.206	48.184	48.14	48.079	48.011	47.976	47.922	47.871	47.82	47.761	47.701	47.633	47.562	47.502	47.446	47.412	47.365	47.339	47.284	47.242	47.185	47.147	47.119	47.06	47.025	46.974	46.942	46.885	46.836	46.777	46.736	46.671	46.629	46.568	46.528	46.492	46.458	46.417	46.378	46.331	46.289	46.257	46.219	46.177	46.143	46.111	46.083	46.065	46.011	45.972	45.938	45.913	45.867	45.835	45.8	45.747	45.686	45.647	45.6	45.56	45.549	45.506	45.47	45.421	45.371	45.323	45.272	45.228	45.192	45.16	45.127	45.1	45.064	45.04	44.999	44.961	44.942	44.939	44.909	44.904	44.884	44.877	44.874	44.856	44.846	44.814	44.787	44.78	44.76	44.745	44.725	44.711	44.696	44.686	44.697	44.691	44.694	44.713	44.693	44.678	44.665	44.654	44.661	44.654	44.658
49.1	49.086	49.045	49.006	48.95	48.898	48.859	48.828	48.798	48.746	48.705	48.653	48.614	48.593	48.561	48.507	48.456	48.385	48.329	48.263	48.204	48.139	48.085	48.05	48.005	47.959	47.928	47.872	47.818	47.751	47.737	47.684	47.642	47.597	47.536	47.49	47.432	47.369	47.299	47.242	47.204	47.152	47.088	47.008	46.937	46.873	46.812	46.772	46.715	46.671	46.628	46.572	46.523	46.464	46.415	46.381	46.343	46.288	46.226	46.173	46.119	46.079	46.024	45.973	45.911	45.864	45.824	45.786	45.741	45.71	45.687	45.642	45.594	45.552	45.512	45.453	45.409	45.373	45.344	45.295	45.25	45.196	45.161	45.136	45.091	45.052	44.999	44.973	44.919	44.868	44.818	44.789	44.752	44.717	44.673	44.611	44.575	44.521	44.463	44.404	44.366	44.313	44.283	44.259	44.228	44.199	44.169	44.14	44.118	44.094	44.081	44.077	44.062	44.058	44.038	44.005	43.999	43.98	43.951	43.943	43.933	43.918	43.897	43.874	43.863	43.856	43.85	43.862	43.857	43.864	43.872	43.866	43.874	43.867	43.864	43.855	43.844
48.622	48.594	48.557	48.515	48.478	48.434	48.386	48.341	48.297	48.259	48.239	48.188	48.156	48.119	48.056	47.986	47.916	47.864	47.794	47.728	47.657	47.598	47.521	47.476	47.441	47.384	47.327	47.277	47.262	47.201	47.149	47.091	47.035	46.988	46.934	46.863	46.783	46.73	46.668	46.618	46.559	46.512	46.443	46.361	46.291	46.197	46.12	46.074	46.018	45.974	45.917	45.869	45.82	45.764	45.706	45.641	45.597	45.557	45.496	45.434	45.372	45.312	45.278	45.233	45.162	45.125	45.072	45.05	45.012	44.991	44.964	44.94	44.908	44.854	44.786	44.725	44.667	44.635	44.59	44.544	44.486	44.439	44.392	44.351	44.312	44.255	44.194	44.156	44.111	44.064	44.023	43.965	43.924	43.886	43.841	43.807	43.753	43.705	43.663	43.604	43.551	43.494	43.451	43.423	43.398	43.381	43.352	43.33	43.309	43.275	43.256	43.231	43.221	43.212	43.201	43.186	43.157	43.137	43.117	43.099	43.088	43.087	43.071	43.049	43.035	43.03	43.011	43.025	43.02	43.023	43.035	43.048	43.042	43.037	43.028	43.03	43.043
48.203	48.15	48.147	48.076	48.005	47.926	47.863	47.8	47.748	47.702	47.667	47.627	47.606	47.565	47.517	47.454	47.373	47.327	47.258	47.198	47.123	47.057	46.987	46.936	46.887	46.835	46.778	46.716	46.642	46.58	46.538	46.5	46.44	46.375	46.309	46.227	46.172	46.107	46.038	45.969	45.909	45.85	45.78	45.685	45.582	45.502	45.446	45.362	45.295	45.234	45.194	45.129	45.051	45.002	44.929	44.868	44.83	44.775	44.723	44.665	44.602	44.569	44.499	44.461	44.398	44.353	44.301	44.291	44.26	44.238	44.224	44.171	44.12	44.066	44.009	43.956	43.895	43.853	43.803	43.765	43.714	43.669	43.613	43.563	43.512	43.447	43.413	43.36	43.311	43.268	43.222	43.172	43.124	43.066	43.012	42.967	42.927	42.877	42.84	42.772	42.725	42.69	42.647	42.617	42.585	42.542	42.504	42.487	42.462	42.444	42.434	42.398	42.387	42.371	42.365	42.358	42.327	42.301	42.261	42.227	42.217	42.19	42.189	42.194	42.186	42.176	42.155	42.143	42.151	42.16	42.161	42.177	42.193	42.198	42.207	42.203	42.198
47.638	47.569	47.527	47.492	47.461	47.412	47.361	47.298	47.233	47.18	47.135	47.116	47.069	47.009	46.957	46.893	46.83	46.772	46.703	46.653	46.564	46.515	46.453	46.4	46.341	46.28	46.22	46.146	46.081	46.034	45.973	45.897	45.828	45.768	45.704	45.643	45.571	45.496	45.425	45.357	45.287	45.216	45.131	45.049	44.97	44.877	44.782	44.698	44.638	44.563	44.493	44.421	44.339	44.273	44.215	44.17	44.124	44.056	43.988	43.924	43.881	43.84	43.779	43.74	43.695	43.67	43.634	43.576	43.55	43.518	43.498	43.445	43.386	43.332	43.26	43.205	43.156	43.117	43.065	43.011	42.959	42.9	42.853	42.817	42.776	42.714	42.65	42.599	42.557	42.521	42.48	42.431	42.373	42.329	42.278	42.225	42.192	42.134	42.074	42.018	41.976	41.937	41.896	41.86	41.825	41.802	41.769	41.731	41.71	41.683	41.662	41.642	41.608	41.598	41.586	41.565	41.515	41.49	41.463	41.439	41.421	41.393	41.381	41.363	41.358	41.357	41.354	41.361	41.356	41.356	41.373	41.376	41.393	41.408	41.408	41.413	41.404
47.141	47.094	47.042	47.008	46.959	46.873	46.798	46.736	46.686	46.627	46.573	46.5	46.467	46.418	46.375	46.319	46.287	46.239	46.169	46.116	46.046	45.972	45.894	45.839	45.789	45.723	45.649	45.588	45.523	45.439	45.368	45.294	45.227	45.162	45.094	45.024	44.957	44.889	44.823	44.727	44.656	44.587	44.501	44.405	44.318	44.223	44.129	44.06	43.963	43.893	43.836	43.757	43.671	43.591	43.533	43.443	43.383	43.325	43.264	43.207	43.165	43.127	43.076	43.027	42.967	42.937	42.909	42.86	42.821	42.778	42.714	42.661	42.612	42.543	42.503	42.455	42.412	42.359	42.301	42.259	42.193	42.132	42.074	42.04	41.998	41.955	41.905	41.86	41.828	41.782	41.743	41.704	41.661	41.612	41.555	41.51	41.464	41.425	41.374	41.316	41.257	41.22	41.174	41.132	41.097	41.058	41.018	40.98	40.954	40.939	40.906	40.888	40.849	40.818	40.8	40.771	40.75	40.722	40.694	40.667	40.629	40.613	40.596	40.601	40.597	40.58	40.561	40.56	40.567	40.566	40.57	40.577	40.578	40.61	40.6	40.606	40.611
46.597	46.528	46.469	46.44	46.383	46.318	46.27	46.213	46.151	46.088	46.039	45.998	45.951	45.891	45.851	45.807	45.754	45.681	45.638	45.571	45.493	45.427	45.363	45.293	45.216	45.151	45.109	45.039	44.976	44.888	44.822	44.728	44.676	44.599	44.53	44.462	44.385	44.308	44.228	44.151	44.06	43.995	43.899	43.807	43.732	43.64	43.549	43.488	43.387	43.319	43.233	43.141	43.074	42.995	42.909	42.814	42.732	42.667	42.606	42.552	42.494	42.459	42.414	42.374	42.33	42.28	42.24	42.193	42.147	42.095	42.04	41.979	41.917	41.87	41.815	41.764	41.712	41.67	41.627	41.559	41.49	41.435	41.376	41.34	41.298	41.268	41.252	41.203	41.142	41.098	41.057	41.005	40.97	40.933	40.897	40.84	40.796	40.759	40.716	40.653	40.585	40.535	40.488	40.45	40.414	40.38	40.348	40.314	40.269	40.255	40.218	40.198	40.17	40.13	40.098	40.067	40.06	40.023	40.008	39.982	39.949	39.929	39.912	39.889	39.894	39.885	39.883	39.862	39.86	39.851	39.841	39.841	39.853	39.86	39.861	39.865	39.872
46.155	46.097	46.023	45.975	45.905	45.825	45.78	45.699	45.625	45.548	45.502	45.456	45.421	45.373	45.325	45.266	45.202	45.139	45.091	45.032	44.967	44.898	44.837	44.76	44.692	44.642	44.581	44.524	44.454	44.364	44.293	44.22	44.143	44.068	43.982	43.923	43.836	43.736	43.641	43.56	43.486	43.417	43.337	43.276	43.186	43.109	43	42.913	42.835	42.764	42.668	42.593	42.505	42.412	42.335	42.25	42.167	42.095	42.013	41.947	41.89	41.846	41.813	41.769	41.729	41.676	41.63	41.583	41.523	41.459	41.416	41.352	41.291	41.243	41.18	41.132	41.097	41.065	41.009	40.959	40.896	40.832	40.769	40.725	40.69	40.65	40.615	40.571	40.525	40.472	40.424	40.363	40.325	40.28	40.249	40.211	40.163	40.127	40.073	40.02	39.978	39.923	39.87	39.818	39.767	39.719	39.68	39.649	39.627	39.608	39.572	39.558	39.536	39.499	39.471	39.441	39.412	39.368	39.347	39.332	39.316	39.296	39.276	39.256	39.24	39.216	39.212	39.189	39.19	39.176	39.171	39.168	39.179	39.186	39.185	39.18	39.182
45.704	45.651	45.595	45.532	45.454	45.353	45.29	45.192	45.129	45.063	45	44.957	44.897	44.848	44.781	44.696	44.631	44.575	44.527	44.459	44.407	44.341	44.293	44.225	44.183	44.107	44.043	43.975	43.916	43.851	43.766	43.684	43.605	43.52	43.44	43.368	43.272	43.184	43.088	42.996	42.929	42.855	42.784	42.711	42.626	42.532	42.441	42.358	42.282	42.198	42.109	42.034	41.965	41.895	41.818	41.732	41.638	41.565	41.492	41.402	41.355	41.301	41.256	41.206	41.163	41.106	41.061	40.991	40.928	40.871	40.815	40.776	40.727	40.672	40.61	40.573	40.515	40.462	40.431	40.386	40.337	40.272	40.215	40.167	40.111	40.056	40.012	39.984	39.937	39.892	39.849	39.788	39.738	39.697	39.656	39.6	39.545	39.516	39.472	39.432	39.384	39.325	39.264	39.213	39.162	39.121	39.074	39.041	39.012	38.973	38.957	38.945	38.922	38.897	38.858	38.835	38.805	38.789	38.755	38.731	38.711	38.701	38.679	38.657	38.635	38.611	38.575	38.554	38.533	38.532	38.512	38.503	38.518	38.527	38.534	38.53	38.529
45.225	45.168	45.096	45.022	44.952	44.87	44.809	44.742	44.666	44.588	44.531	44.473	44.411	44.359	44.305	44.215	44.127	44.054	43.99	43.918	43.849	43.783	43.737	43.68	43.625	43.575	43.494	43.445	43.366	43.295	43.212	43.132	43.053	42.972	42.889	42.818	42.729	42.66	42.595	42.501	42.433	42.343	42.249	42.18	42.103	42.021	41.941	41.844	41.755	41.679	41.598	41.531	41.456	41.38	41.297	41.227	41.146	41.066	40.985	40.922	40.865	40.806	40.749	40.719	40.661	40.607	40.537	40.465	40.406	40.344	40.288	40.245	40.201	40.169	40.123	40.065	40.013	39.971	39.912	39.874	39.83	39.78	39.738	39.67	39.609	39.544	39.489	39.438	39.408	39.363	39.308	39.255	39.201	39.16	39.106	39.068	39.015	38.953	38.899	38.853	38.798	38.748	38.69	38.634	38.604	38.564	38.539	38.483	38.452	38.41	38.392	38.367	38.344	38.326	38.302	38.268	38.244	38.211	38.17	38.162	38.135	38.119	38.097	38.07	38.044	38.023	37.983	37.965	37.934	37.928	37.917	37.903	37.904	37.899	37.897	37.881	37.875
44.817	44.736	44.646	44.582	44.512	44.43	44.352	44.273	44.197	44.148	44.077	43.997	43.931	43.874	43.821	43.763	43.678	43.596	43.51	43.443	43.371	43.302	43.259	43.188	43.11	43.049	42.984	42.929	42.844	42.774	42.685	42.615	42.546	42.483	42.397	42.318	42.235	42.151	42.075	42.01	41.926	41.854	41.773	41.696	41.625	41.548	41.47	41.392	41.329	41.224	41.131	41.062	40.982	40.917	40.836	40.769	40.686	40.611	40.532	40.47	40.408	40.348	40.292	40.245	40.177	40.133	40.061	39.99	39.932	39.878	39.831	39.785	39.736	39.697	39.643	39.596	39.546	39.505	39.46	39.409	39.371	39.3	39.234	39.178	39.126	39.055	38.987	38.931	38.885	38.842	38.798	38.743	38.699	38.641	38.591	38.557	38.501	38.442	38.404	38.34	38.287	38.243	38.16	38.109	38.067	38.032	37.995	37.955	37.923	37.878	37.862	37.829	37.82	37.801	37.77	37.747	37.712	37.682	37.639	37.62	37.581	37.556	37.539	37.509	37.484	37.472	37.434	37.408	37.37	37.359	37.34	37.336	37.322	37.309	37.296	37.295	37.28
44.374	44.291	44.216	44.131	44.05	43.97	43.912	43.848	43.783	43.712	43.643	43.577	43.495	43.438	43.374	43.299	43.226	43.159	43.07	42.971	42.906	42.818	42.759	42.692	42.623	42.55	42.46	42.381	42.302	42.246	42.165	42.099	42.009	41.934	41.87	41.779	41.722	41.643	41.581	41.503	41.431	41.379	41.317	41.227	41.149	41.075	41.002	40.917	40.845	40.77	40.695	40.627	40.539	40.464	40.402	40.334	40.259	40.199	40.124	40.066	39.989	39.944	39.892	39.827	39.769	39.699	39.617	39.551	39.488	39.438	39.387	39.342	39.292	39.248	39.206	39.174	39.131	39.076	39.021	38.966	38.901	38.837	38.785	38.726	38.669	38.603	38.553	38.49	38.433	38.391	38.331	38.269	38.207	38.157	38.107	38.052	38.002	37.957	37.909	37.875	37.8	37.763	37.707	37.657	37.593	37.559	37.521	37.472	37.436	37.383	37.344	37.317	37.287	37.254	37.232	37.224	37.201	37.171	37.149	37.114	37.095	37.059	37.016	36.99	36.954	36.94	36.92	36.896	36.875	36.836	36.809	36.796	36.769	36.756	36.749	36.739	36.715
44.102	43.998	43.895	43.815	43.707	43.614	43.518	43.453	43.37	43.3	43.257	43.174	43.095	43.023	42.971	42.912	42.829	42.746	42.69	42.616	42.527	42.432	42.351	42.259	42.178	42.096	42.019	41.948	41.849	41.79	41.707	41.652	41.572	41.489	41.427	41.349	41.262	41.164	41.104	41.039	40.984	40.913	40.852	40.791	40.719	40.631	40.55	40.49	40.433	40.365	40.279	40.208	40.146	40.071	39.998	39.945	39.891	39.835	39.778	39.709	39.629	39.547	39.489	39.434	39.373	39.307	39.249	39.185	39.13	39.07	39.005	38.941	38.889	38.828	38.776	38.748	38.706	38.673	38.618	38.556	38.5	38.432	38.391	38.323	38.274	38.219	38.179	38.123	38.043	37.975	37.902	37.862	37.797	37.739	37.68	37.622	37.579	37.538	37.485	37.471	37.392	37.336	37.291	37.232	37.173	37.141	37.096	37.041	37.004	36.957	36.925	36.888	36.86	36.821	36.803	36.779	36.754	36.73	36.71	36.664	36.635	36.607	36.576	36.546	36.519	36.479	36.455	36.423	36.422	36.392	36.371	36.345	36.31	36.28	36.266	36.247	36.234
43.761	43.655	43.531	43.445	43.335	43.242	43.168	43.093	43.025	42.956	42.91	42.839	42.762	42.693	42.607	42.534	42.447	42.367	42.279	42.203	42.11	42.016	41.939	41.833	41.753	41.677	41.584	41.519	41.452	41.391	41.31	41.226	41.144	41.046	40.956	40.871	40.808	40.739	40.678	40.604	40.543	40.472	40.418	40.365	40.295	40.228	40.162	40.089	40.013	39.966	39.907	39.843	39.774	39.711	39.641	39.583	39.526	39.472	39.415	39.35	39.287	39.22	39.172	39.106	39.044	38.984	38.928	38.871	38.811	38.759	38.697	38.636	38.559	38.496	38.455	38.392	38.338	38.284	38.228	38.175	38.127	38.08	38.025	37.971	37.922	37.865	37.807	37.752	37.689	37.622	37.562	37.512	37.465	37.404	37.356	37.292	37.241	37.188	37.129	37.073	37.02	36.969	36.911	36.863	36.816	36.756	36.706	36.655	36.612	36.57	36.535	36.493	36.452	36.416	36.391	36.361	36.34	36.311	36.255	36.246	36.213	36.186	36.158	36.122	36.11	36.086	36.059	36.024	36.015	35.98	35.952	35.933	35.909	35.882	35.862	35.851	35.815
43.515	43.382	43.251	43.144	43.012	42.915	42.832	42.738	42.675	42.613	42.557	42.505	42.42	42.342	42.278	42.18	42.103	42.006	41.915	41.82	41.74	41.64	41.553	41.473	41.379	41.304	41.211	41.138	41.062	40.993	40.937	40.862	40.765	40.672	40.599	40.509	40.41	40.319	40.247	40.181	40.106	40.057	39.989	39.945	39.877	39.828	39.757	39.725	39.661	39.601	39.538	39.473	39.415	39.353	39.301	39.235	39.167	39.109	39.046	38.996	38.946	38.876	38.822	38.771	38.719	38.659	38.612	38.553	38.506	38.462	38.404	38.345	38.27	38.218	38.168	38.115	38.04	37.975	37.914	37.849	37.796	37.734	37.68	37.63	37.58	37.537	37.483	37.422	37.363	37.296	37.257	37.192	37.141	37.08	37.031	36.985	36.934	36.878	36.827	36.759	36.699	36.636	36.574	36.527	36.474	36.414	36.372	36.32	36.258	36.221	36.176	36.135	36.092	36.051	36.022	35.997	35.954	35.923	35.876	35.853	35.809	35.791	35.764	35.738	35.732	35.708	35.705	35.677	35.655	35.642	35.61	35.565	35.533	35.492	35.456	35.434	35.405
43.213	43.078	42.941	42.829	42.729	42.619	42.526	42.437	42.377	42.305	42.252	42.191	42.128	42.05	41.967	41.872	41.781	41.695	41.598	41.504	41.419	41.327	41.247	41.145	41.074	40.984	40.914	40.826	40.763	40.688	40.619	40.54	40.442	40.361	40.264	40.162	40.065	39.994	39.912	39.83	39.768	39.711	39.656	39.597	39.524	39.469	39.412	39.373	39.316	39.256	39.195	39.145	39.087	39.024	38.974	38.911	38.866	38.804	38.738	38.688	38.631	38.566	38.52	38.465	38.411	38.358	38.315	38.272	38.23	38.181	38.128	38.072	38.002	37.959	37.885	37.832	37.782	37.726	37.655	37.585	37.516	37.456	37.396	37.335	37.282	37.234	37.167	37.113	37.057	37.004	36.958	36.908	36.866	36.809	36.761	36.706	36.645	36.58	36.517	36.47	36.417	36.356	36.303	36.249	36.181	36.12	36.07	36.02	35.969	35.925	35.881	35.837	35.791	35.743	35.705	35.667	35.624	35.599	35.543	35.527	35.493	35.46	35.429	35.405	35.38	35.355	35.353	35.33	35.321	35.285	35.268	35.232	35.195	35.165	35.145	35.111	35.08
42.963	42.801	42.682	42.552	42.46	42.369	42.247	42.148	42.064	41.987	41.933	41.85	41.789	41.718	41.645	41.547	41.485	41.396	41.305	41.217	41.133	41.069	40.993	40.925	40.846	40.751	40.672	40.558	40.475	40.388	40.296	40.223	40.149	40.054	39.96	39.869	39.78	39.71	39.617	39.539	39.486	39.43	39.363	39.304	39.229	39.173	39.109	39.078	39.014	38.961	38.897	38.827	38.777	38.719	38.675	38.623	38.572	38.507	38.442	38.385	38.32	38.275	38.22	38.171	38.135	38.08	38.043	37.987	37.939	37.888	37.849	37.806	37.749	37.708	37.638	37.573	37.51	37.451	37.392	37.332	37.263	37.21	37.152	37.107	37.056	36.994	36.939	36.872	36.816	36.755	36.709	36.654	36.595	36.552	36.497	36.436	36.369	36.315	36.266	36.202	36.149	36.092	36.03	35.968	35.922	35.855	35.801	35.757	35.698	35.641	35.603	35.552	35.523	35.476	35.439	35.399	35.354	35.315	35.258	35.22	35.189	35.158	35.126	35.093	35.052	35.016	34.991	34.963	34.968	34.939	34.92	34.892	34.87	34.837	34.825	34.799	34.779
42.684	42.542	42.437	42.321	42.198	42.091	41.995	41.879	41.817	41.733	41.656	41.578	41.487	41.408	41.336	41.263	41.195	41.125	41.032	40.964	40.871	40.802	40.737	40.665	40.604	40.517	40.431	40.345	40.239	40.152	40.053	39.982	39.899	39.814	39.725	39.64	39.546	39.456	39.383	39.292	39.221	39.164	39.117	39.039	38.971	38.929	38.874	38.824	38.776	38.718	38.657	38.595	38.539	38.481	38.424	38.363	38.314	38.251	38.188	38.128	38.066	38.008	37.951	37.89	37.848	37.809	37.765	37.709	37.666	37.618	37.585	37.554	37.504	37.45	37.395	37.331	37.28	37.223	37.154	37.087	37.034	36.965	36.906	36.861	36.81	36.757	36.71	36.659	36.615	36.561	36.505	36.458	36.398	36.344	36.285	36.221	36.17	36.102	36.041	35.982	35.914	35.852	35.792	35.734	35.691	35.637	35.588	35.54	35.496	35.438	35.394	35.334	35.29	35.247	35.207	35.17	35.135	35.08	35.029	34.985	34.937	34.918	34.883	34.851	34.811	34.769	34.738	34.71	34.686	34.663	34.646	34.623	34.599	34.568	34.539	34.513	34.49
42.391	42.254	42.141	42.031	41.907	41.808	41.708	41.622	41.565	41.507	41.432	41.35	41.282	41.192	41.118	41.043	40.97	40.88	40.782	40.73	40.654	40.577	40.483	40.407	40.331	40.262	40.172	40.098	40.017	39.935	39.864	39.773	39.705	39.61	39.528	39.455	39.39	39.305	39.205	39.13	39.054	38.979	38.891	38.823	38.75	38.684	38.632	38.598	38.548	38.506	38.456	38.391	38.322	38.256	38.199	38.138	38.087	38.036	37.977	37.907	37.86	37.807	37.744	37.7	37.641	37.585	37.528	37.486	37.446	37.399	37.349	37.296	37.259	37.208	37.179	37.127	37.076	37.022	36.969	36.915	36.861	36.788	36.736	36.662	36.623	36.567	36.513	36.461	36.411	36.363	36.31	36.262	36.21	36.154	36.094	36.044	35.998	35.933	35.878	35.815	35.745	35.7	35.634	35.586	35.514	35.447	35.409	35.348	35.314	35.256	35.207	35.158	35.113	35.057	35.013	34.962	34.903	34.85	34.809	34.778	34.744	34.717	34.683	34.656	34.618	34.58	34.554	34.518	34.491	34.458	34.435	34.398	34.377	34.348	34.315	34.298	34.265
42.108	41.995	41.883	41.765	41.672	41.568	41.492	41.395	41.319	41.252	41.186	41.133	41.08	41.006	40.915	40.85	40.764	40.698	40.614	40.531	40.469	40.39	40.315	40.218	40.133	40.056	39.959	39.872	39.801	39.721	39.636	39.57	39.507	39.431	39.338	39.264	39.196	39.111	39.025	38.934	38.868	38.785	38.711	38.618	38.532	38.46	38.406	38.363	38.314	38.282	38.244	38.196	38.122	38.052	37.978	37.925	37.855	37.802	37.746	37.692	37.627	37.567	37.521	37.473	37.41	37.37	37.316	37.275	37.233	37.187	37.148	37.095	37.052	37.005	36.961	36.909	36.86	36.809	36.752	36.712	36.656	36.598	36.561	36.487	36.447	36.395	36.341	36.285	36.221	36.179	36.134	36.087	36.03	35.973	35.912	35.864	35.816	35.759	35.709	35.667	35.608	35.546	35.472	35.429	35.367	35.309	35.247	35.186	35.154	35.102	35.047	34.999	34.935	34.874	34.826	34.781	34.725	34.676	34.623	34.605	34.57	34.547	34.499	34.464	34.434	34.393	34.354	34.325	34.308	34.274	34.254	34.218	34.183	34.155	34.113	34.091	34.065
41.796	41.701	41.618	41.519	41.428	41.342	41.269	41.203	41.115	41.038	40.97	40.897	40.856	40.795	40.741	40.654	40.564	40.488	40.422	40.342	40.265	40.181	40.11	40.034	39.956	39.873	39.798	39.712	39.62	39.536	39.467	39.395	39.327	39.236	39.154	39.086	38.993	38.926	38.861	38.775	38.679	38.588	38.503	38.435	38.377	38.307	38.237	38.189	38.157	38.115	38.069	38.013	37.956	37.888	37.827	37.756	37.686	37.626	37.589	37.536	37.482	37.414	37.338	37.282	37.217	37.182	37.135	37.106	37.07	37.033	36.996	36.945	36.903	36.836	36.782	36.742	36.689	36.638	36.595	36.54	36.504	36.432	36.388	36.322	36.272	36.223	36.177	36.128	36.076	36.035	35.98	35.95	35.896	35.834	35.779	35.724	35.68	35.636	35.576	35.515	35.451	35.396	35.326	35.279	35.228	35.168	35.122	35.063	35.01	34.947	34.907	34.845	34.783	34.724	34.67	34.62	34.571	34.527	34.485	34.459	34.429	34.397	34.353	34.316	34.273	34.236	34.207	34.157	34.145	34.112	34.089	34.066	34.024	33.977	33.942	33.898	33.881
41.686	41.593	41.454	41.376	41.291	41.218	41.125	41.024	40.934	40.839	40.76	40.71	40.632	40.589	40.517	40.443	40.374	40.305	40.257	40.174	40.097	40.035	39.959	39.866	39.777	39.688	39.612	39.551	39.47	39.389	39.315	39.239	39.178	39.111	39.025	38.94	38.853	38.775	38.678	38.606	38.529	38.45	38.357	38.272	38.214	38.166	38.108	38.04	37.978	37.922	37.886	37.844	37.785	37.719	37.663	37.596	37.536	37.488	37.437	37.385	37.323	37.262	37.184	37.137	37.069	37.023	36.974	36.946	36.89	36.862	36.813	36.784	36.744	36.706	36.657	36.611	36.551	36.5	36.448	36.402	36.356	36.307	36.263	36.204	36.159	36.122	36.071	36.014	35.974	35.948	35.892	35.848	35.789	35.744	35.695	35.637	35.58	35.524	35.467	35.419	35.345	35.28	35.219	35.156	35.093	35.04	34.988	34.947	34.894	34.838	34.796	34.733	34.683	34.625	34.561	34.507	34.454	34.402	34.36	34.335	34.309	34.281	34.236	34.2	34.168	34.122	34.1	34.054	34.012	33.976	33.942	33.926	33.898	33.853	33.816	33.765	33.734
41.346	41.336	41.227	41.161	41.07	40.987	40.911	40.818	40.755	40.668	40.597	40.536	40.454	40.404	40.342	40.275	40.196	40.124	40.044	39.963	39.885	39.823	39.745	39.65	39.577	39.497	39.436	39.347	39.273	39.202	39.138	39.069	39.001	38.94	38.857	38.769	38.682	38.594	38.524	38.443	38.36	38.278	38.202	38.128	38.054	37.988	37.943	37.878	37.821	37.768	37.711	37.652	37.607	37.567	37.512	37.425	37.385	37.326	37.286	37.225	37.158	37.093	37.026	36.971	36.91	36.881	36.84	36.786	36.747	36.708	36.657	36.617	36.568	36.545	36.482	36.435	36.393	36.357	36.324	36.261	36.211	36.157	36.108	36.067	36.035	35.995	35.959	35.92	35.882	35.826	35.784	35.749	35.709	35.652	35.591	35.534	35.482	35.429	35.374	35.314	35.266	35.184	35.131	35.07	35.002	34.935	34.88	34.825	34.776	34.724	34.669	34.623	34.572	34.511	34.462	34.406	34.354	34.323	34.275	34.243	34.194	34.175	34.134	34.098	34.061	34.022	33.978	33.95	33.908	33.884	33.85	33.81	33.776	33.749	33.716	33.677	33.638
41.221	41.195	41.057	40.994	40.896	40.829	40.754	40.671	40.581	40.511	40.415	40.347	40.283	40.232	40.195	40.126	40.073	39.985	39.924	39.833	39.743	39.65	39.578	39.517	39.45	39.361	39.282	39.207	39.127	39.049	38.986	38.922	38.865	38.788	38.71	38.634	38.568	38.493	38.416	38.345	38.264	38.201	38.128	38.044	37.959	37.893	37.831	37.774	37.709	37.648	37.581	37.524	37.481	37.411	37.358	37.278	37.242	37.197	37.147	37.083	37.012	36.955	36.886	36.824	36.78	36.73	36.7	36.654	36.61	36.564	36.511	36.47	36.434	36.392	36.348	36.312	36.272	36.24	36.195	36.148	36.098	36.047	35.99	35.938	35.897	35.867	35.819	35.775	35.742	35.712	35.678	35.635	35.588	35.536	35.49	35.451	35.401	35.346	35.299	35.231	35.198	35.138	35.075	35.009	34.926	34.86	34.802	34.752	34.704	34.659	34.607	34.554	34.508	34.464	34.416	34.365	34.308	34.265	34.21	34.184	34.141	34.091	34.054	34.017	33.992	33.948	33.912	33.88	33.848	33.81	33.769	33.732	33.691	33.657	33.624	33.584	33.536
41.017	40.972	40.884	40.803	40.733	40.646	40.585	40.499	40.427	40.349	40.278	40.212	40.136	40.078	40.008	39.971	39.9	39.823	39.753	39.656	39.58	39.498	39.428	39.355	39.294	39.208	39.137	39.047	38.962	38.888	38.819	38.755	38.692	38.638	38.573	38.514	38.421	38.374	38.305	38.238	38.185	38.111	38.041	37.955	37.875	37.793	37.712	37.659	37.591	37.545	37.47	37.414	37.355	37.295	37.236	37.173	37.12	37.053	37.01	36.947	36.903	36.845	36.782	36.721	36.68	36.616	36.57	36.525	36.479	36.444	36.41	36.36	36.309	36.273	36.225	36.18	36.142	36.103	36.067	36.026	35.986	35.92	35.876	35.829	35.788	35.748	35.706	35.665	35.633	35.598	35.552	35.521	35.48	35.441	35.391	35.348	35.302	35.25	35.204	35.152	35.101	35.049	35.001	34.948	34.896	34.83	34.769	34.704	34.644	34.592	34.555	34.497	34.446	34.392	34.354	34.302	34.268	34.222	34.172	34.132	34.078	34.033	33.99	33.956	33.918	33.886	33.85	33.806	33.785	33.75	33.719	33.675	33.636	33.589	33.558	33.51	33.479
40.874	40.776	40.715	40.639	40.563	40.486	40.395	40.321	40.25	40.183	40.128	40.04	39.972	39.889	39.84	39.764	39.7	39.614	39.546	39.478	39.398	39.332	39.253	39.203	39.139	39.076	38.99	38.921	38.84	38.767	38.69	38.615	38.555	38.492	38.433	38.366	38.3	38.244	38.185	38.117	38.059	38.007	37.913	37.851	37.774	37.709	37.629	37.572	37.498	37.427	37.37	37.297	37.269	37.2	37.152	37.076	37.017	36.957	36.895	36.845	36.789	36.731	36.678	36.611	36.557	36.483	36.437	36.375	36.345	36.305	36.277	36.22	36.185	36.129	36.084	36.047	36.007	35.975	35.926	35.896	35.84	35.795	35.742	35.7	35.659	35.626	35.611	35.571	35.542	35.498	35.468	35.441	35.392	35.358	35.302	35.245	35.193	35.148	35.096	35.052	35	34.948	34.916	34.869	34.823	34.768	34.718	34.674	34.616	34.56	34.501	34.452	34.388	34.339	34.281	34.247	34.209	34.161	34.12	34.08	34.046	34.013	33.962	33.927	33.883	33.839	33.807	33.769	33.737	33.699	33.661	33.629	33.587	33.555	33.507	33.455	33.418
40.734	40.642	40.557	40.47	40.398	40.318	40.24	40.141	40.082	40.004	39.957	39.877	39.802	39.735	39.649	39.598	39.519	39.453	39.386	39.344	39.279	39.21	39.157	39.084	39.013	38.937	38.865	38.808	38.735	38.647	38.581	38.513	38.433	38.38	38.305	38.241	38.173	38.115	38.067	37.999	37.942	37.87	37.814	37.746	37.667	37.597	37.521	37.462	37.382	37.321	37.255	37.213	37.142	37.097	37.021	36.964	36.897	36.847	36.791	36.733	36.684	36.622	36.564	36.503	36.445	36.386	36.335	36.282	36.241	36.201	36.161	36.13	36.087	36.031	35.985	35.947	35.905	35.871	35.835	35.783	35.737	35.701	35.65	35.62	35.584	35.546	35.519	35.49	35.458	35.424	35.38	35.334	35.283	35.257	35.213	35.16	35.111	35.064	35.015	34.978	34.934	34.891	34.849	34.805	34.768	34.715	34.667	34.616	34.566	34.508	34.467	34.408	34.356	34.296	34.25	34.21	34.173	34.127	34.091	34.065	34.02	33.978	33.936	33.909	33.877	33.817	33.776	33.738	33.699	33.66	33.62	33.58	33.541	33.514	33.478	33.438	33.396
40.571	40.516	40.424	40.358	40.256	40.171	40.066	39.975	39.891	39.828	39.761	39.695	39.635	39.569	39.519	39.437	39.379	39.297	39.226	39.17	39.109	39.068	38.996	38.926	38.869	38.831	38.763	38.692	38.625	38.55	38.481	38.384	38.311	38.243	38.182	38.101	38.057	37.987	37.939	37.874	37.825	37.771	37.694	37.652	37.565	37.491	37.409	37.341	37.28	37.219	37.17	37.115	37.06	36.998	36.935	36.893	36.803	36.751	36.691	36.643	36.589	36.539	36.473	36.416	36.362	36.315	36.26	36.21	36.157	36.092	36.065	36.022	35.971	35.927	35.882	35.823	35.79	35.75	35.705	35.678	35.625	35.593	35.556	35.518	35.5	35.47	35.442	35.397	35.364	35.323	35.288	35.254	35.216	35.169	35.121	35.079	35.03	34.981	34.94	34.889	34.86	34.822	34.786	34.736	34.7	34.65	34.623	34.563	34.517	34.46	34.399	34.357	34.312	34.276	34.227	34.175	34.14	34.108	34.065	34.037	33.996	33.954	33.91	33.873	33.841	33.802	33.754	33.701	33.653	33.616	33.582	33.535	33.49	33.46	33.43	33.406	33.364
40.405	40.395	40.286	40.191	40.116	40.009	39.91	39.823	39.755	39.674	39.589	39.525	39.452	39.377	39.325	39.271	39.209	39.158	39.094	39.036	38.97	38.916	38.859	38.794	38.742	38.669	38.638	38.556	38.483	38.415	38.341	38.277	38.184	38.113	38.039	37.996	37.948	37.878	37.837	37.756	37.714	37.656	37.612	37.562	37.501	37.42	37.331	37.253	37.197	37.141	37.092	37.038	36.975	36.932	36.859	36.806	36.751	36.697	36.634	36.576	36.516	36.437	36.375	36.303	36.243	36.198	36.144	36.1	36.053	36.008	35.968	35.919	35.859	35.798	35.764	35.716	35.681	35.631	35.599	35.552	35.523	35.481	35.453	35.414	35.386	35.353	35.326	35.282	35.233	35.202	35.162	35.122	35.094	35.048	35.01	34.972	34.922	34.874	34.842	34.784	34.746	34.708	34.668	34.636	34.608	34.567	34.515	34.471	34.437	34.38	34.331	34.277	34.242	34.21	34.181	34.136	34.093	34.051	34.007	33.975	33.949	33.921	33.881	33.833	33.783	33.748	33.695	33.642	33.584	33.533	33.492	33.442	33.404	33.364	33.332	33.309	33.255
40.242	40.194	40.099	40.033	39.939	39.852	39.763	39.676	39.592	39.54	39.463	39.375	39.325	39.266	39.215	39.143	39.083	39.016	38.951	38.903	38.819	38.783	38.728	38.682	38.625	38.569	38.52	38.46	38.383	38.303	38.223	38.148	38.083	38.016	37.959	37.892	37.854	37.772	37.729	37.659	37.615	37.558	37.5	37.445	37.385	37.317	37.261	37.187	37.139	37.076	37.03	36.977	36.928	36.878	36.813	36.761	36.708	36.641	36.593	36.534	36.476	36.394	36.296	36.23	36.173	36.131	36.093	36.039	35.996	35.944	35.903	35.845	35.799	35.726	35.685	35.649	35.592	35.563	35.524	35.49	35.459	35.435	35.395	35.36	35.326	35.269	35.224	35.181	35.146	35.096	35.067	35.029	34.985	34.959	34.926	34.882	34.837	34.799	34.759	34.727	34.672	34.624	34.581	34.536	34.502	34.467	34.43	34.395	34.34	34.292	34.248	34.218	34.173	34.143	34.111	34.083	34.048	34.005	33.984	33.935	33.906	33.868	33.83	33.786	33.745	33.691	33.628	33.59	33.527	33.472	33.426	33.37	33.342	33.304	33.251	33.233	33.186
40.162	40.08	40.025	39.95	39.868	39.768	39.662	39.558	39.479	39.376	39.303	39.233	39.15	39.101	39.045	38.992	38.943	38.877	38.819	38.777	38.708	38.672	38.595	38.536	38.483	38.443	38.37	38.294	38.22	38.174	38.12	38.055	37.98	37.912	37.841	37.78	37.729	37.677	37.622	37.549	37.48	37.424	37.364	37.316	37.282	37.218	37.159	37.082	37.034	36.988	36.93	36.876	36.831	36.768	36.725	36.66	36.595	36.536	36.491	36.426	36.35	36.269	36.205	36.135	36.087	36.037	35.992	35.942	35.897	35.843	35.805	35.761	35.717	35.667	35.611	35.572	35.533	35.499	35.468	35.431	35.386	35.362	35.34	35.296	35.235	35.186	35.138	35.083	35.051	34.996	34.95	34.917	34.881	34.837	34.805	34.767	34.735	34.699	34.657	34.621	34.574	34.528	34.491	34.46	34.43	34.387	34.337	34.301	34.246	34.204	34.17	34.112	34.08	34.049	34.008	33.978	33.939	33.889	33.861	33.826	33.811	33.774	33.738	33.711	33.662	33.605	33.557	33.504	33.461	33.409	33.369	33.31	33.257	33.213	33.161	33.121	33.098
39.908	39.877	39.838	39.752	39.67	39.597	39.516	39.41	39.332	39.239	39.176	39.099	39.013	38.965	38.918	38.863	38.799	38.746	38.68	38.621	38.569	38.497	38.452	38.389	38.324	38.265	38.21	38.168	38.085	38.02	37.954	37.909	37.851	37.778	37.712	37.648	37.583	37.521	37.455	37.404	37.355	37.3	37.251	37.197	37.144	37.08	37.047	37.006	36.925	36.877	36.825	36.771	36.715	36.664	36.622	36.582	36.542	36.482	36.428	36.364	36.302	36.212	36.136	36.053	36.004	35.957	35.908	35.87	35.825	35.779	35.736	35.696	35.633	35.618	35.557	35.519	35.48	35.434	35.4	35.372	35.334	35.277	35.226	35.204	35.146	35.096	35.044	35	34.947	34.912	34.884	34.839	34.807	34.762	34.722	34.687	34.645	34.604	34.561	34.524	34.485	34.449	34.399	34.358	34.328	34.299	34.256	34.211	34.155	34.108	34.066	34.034	33.991	33.962	33.929	33.893	33.846	33.805	33.771	33.741	33.714	33.694	33.669	33.63	33.591	33.539	33.503	33.429	33.399	33.343	33.309	33.266	33.208	33.154	33.105	33.054	33.016
39.822	39.779	39.717	39.654	39.546	39.462	39.394	39.315	39.216	39.134	39.039	38.939	38.889	38.807	38.747	38.681	38.639	38.595	38.541	38.493	38.455	38.381	38.336	38.286	38.227	38.18	38.109	38.04	37.98	37.929	37.877	37.808	37.761	37.698	37.632	37.56	37.479	37.445	37.382	37.333	37.274	37.236	37.186	37.134	37.07	37.021	36.951	36.906	36.858	36.783	36.724	36.655	36.607	36.556	36.54	36.482	36.43	36.384	36.33	36.277	36.217	36.153	36.07	36.012	35.939	35.873	35.822	35.768	35.741	35.691	35.651	35.603	35.576	35.537	35.5	35.47	35.425	35.386	35.328	35.29	35.237	35.201	35.158	35.118	35.083	35.014	34.971	34.928	34.887	34.835	34.8	34.751	34.718	34.685	34.624	34.589	34.558	34.526	34.477	34.431	34.401	34.353	34.329	34.289	34.242	34.201	34.16	34.118	34.064	34.027	33.981	33.957	33.914	33.89	33.859	33.826	33.779	33.738	33.706	33.678	33.639	33.61	33.581	33.546	33.507	33.455	33.43	33.377	33.342	33.299	33.243	33.201	33.148	33.094	33.049	33.009	32.965
39.636	39.622	39.546	39.48	39.404	39.299	39.233	39.141	39.071	38.981	38.923	38.826	38.747	38.68	38.597	38.542	38.48	38.441	38.403	38.338	38.286	38.224	38.187	38.123	38.074	38.016	37.959	37.895	37.836	37.786	37.744	37.691	37.637	37.599	37.537	37.477	37.387	37.331	37.255	37.206	37.161	37.122	37.084	37.031	36.995	36.937	36.854	36.798	36.736	36.692	36.628	36.575	36.516	36.454	36.423	36.375	36.331	36.286	36.241	36.176	36.103	36.039	35.984	35.918	35.861	35.782	35.73	35.68	35.632	35.588	35.529	35.507	35.457	35.432	35.413	35.376	35.339	35.289	35.253	35.203	35.155	35.111	35.069	35.038	34.995	34.965	34.889	34.844	34.795	34.745	34.709	34.662	34.617	34.565	34.525	34.489	34.46	34.413	34.374	34.325	34.278	34.245	34.215	34.184	34.142	34.103	34.056	34.025	33.959	33.928	33.875	33.846	33.814	33.786	33.771	33.744	33.716	33.674	33.624	33.599	33.559	33.54	33.495	33.459	33.419	33.373	33.339	33.308	33.264	33.226	33.177	33.119	33.068	33.025	32.984	32.94	32.903
39.498	39.484	39.401	39.343	39.239	39.156	39.06	39.008	38.938	38.844	38.771	38.685	38.595	38.525	38.459	38.385	38.35	38.271	38.223	38.165	38.129	38.082	38.038	38.018	37.944	37.901	37.839	37.775	37.717	37.654	37.626	37.564	37.529	37.458	37.419	37.361	37.303	37.255	37.172	37.113	37.072	37.03	36.964	36.936	36.88	36.823	36.762	36.692	36.633	36.582	36.542	36.476	36.427	36.359	36.324	36.278	36.251	36.194	36.134	36.089	36.021	35.97	35.907	35.84	35.798	35.725	35.675	35.597	35.538	35.476	35.426	35.383	35.374	35.339	35.31	35.28	35.232	35.199	35.161	35.143	35.092	35.04	35.013	34.969	34.927	34.889	34.84	34.767	34.718	34.659	34.614	34.573	34.531	34.475	34.427	34.394	34.351	34.313	34.261	34.218	34.163	34.136	34.112	34.068	34.029	33.972	33.939	33.905	33.859	33.833	33.785	33.75	33.718	33.688	33.657	33.649	33.628	33.603	33.556	33.509	33.464	33.436	33.418	33.37	33.335	33.285	33.249	33.219	33.181	33.135	33.086	33.057	33.008	32.965	32.916	32.873	32.839
39.39	39.385	39.254	39.177	39.077	38.975	38.909	38.829	38.785	38.708	38.625	38.579	38.479	38.426	38.337	38.283	38.217	38.145	38.085	38.013	37.972	37.93	37.905	37.863	37.838	37.773	37.722	37.657	37.618	37.544	37.497	37.453	37.404	37.366	37.3	37.255	37.191	37.149	37.098	37.036	36.997	36.938	36.884	36.823	36.777	36.71	36.645	36.582	36.523	36.48	36.408	36.381	36.325	36.274	36.218	36.172	36.144	36.083	36.035	35.994	35.936	35.883	35.826	35.757	35.701	35.658	35.595	35.538	35.466	35.403	35.336	35.302	35.258	35.225	35.189	35.162	35.14	35.098	35.078	35.051	35.01	34.965	34.919	34.888	34.83	34.782	34.731	34.684	34.627	34.58	34.534	34.476	34.441	34.384	34.345	34.307	34.283	34.236	34.191	34.148	34.086	34.047	34.004	33.965	33.934	33.891	33.837	33.809	33.753	33.719	33.69	33.645	33.622	33.589	33.566	33.537	33.51	33.475	33.448	33.414	33.366	33.326	33.29	33.262	33.215	33.181	33.146	33.112	33.106	33.046	33.016	32.974	32.953	32.908	32.872	32.831	32.78
39.248	39.255	39.092	39.048	38.936	38.839	38.772	38.707	38.596	38.56	38.471	38.42	38.353	38.302	38.249	38.177	38.123	38.033	37.988	37.915	37.855	37.806	37.765	37.753	37.7	37.661	37.601	37.539	37.504	37.438	37.395	37.32	37.28	37.227	37.19	37.121	37.075	37.015	36.966	36.92	36.85	36.804	36.75	36.695	36.657	36.61	36.542	36.482	36.443	36.387	36.333	36.271	36.224	36.166	36.129	36.064	36.012	35.973	35.928	35.887	35.826	35.768	35.732	35.671	35.6	35.557	35.504	35.441	35.393	35.328	35.268	35.216	35.173	35.126	35.083	35.05	35.011	34.99	34.967	34.934	34.87	34.842	34.792	34.759	34.734	34.681	34.635	34.575	34.527	34.475	34.426	34.368	34.317	34.282	34.246	34.212	34.184	34.164	34.118	34.07	34.018	33.955	33.924	33.861	33.814	33.779	33.746	33.687	33.654	33.607	33.577	33.555	33.532	33.493	33.45	33.41	33.371	33.351	33.323	33.281	33.262	33.201	33.17	33.123	33.088	33.058	33.023	32.988	32.971	32.939	32.905	32.882	32.852	32.829	32.794	32.766	32.706
39.129	39.172	39.019	38.942	38.856	38.752	38.68	38.601	38.524	38.435	38.347	38.295	38.205	38.161	38.097	38.059	38.006	37.942	37.887	37.812	37.749	37.698	37.653	37.614	37.588	37.528	37.471	37.413	37.365	37.293	37.243	37.197	37.13	37.084	37.022	36.967	36.935	36.885	36.841	36.783	36.728	36.658	36.595	36.535	36.492	36.447	36.406	36.359	36.304	36.277	36.226	36.186	36.144	36.095	36.047	35.998	35.922	35.869	35.816	35.78	35.73	35.669	35.615	35.549	35.487	35.457	35.409	35.361	35.311	35.265	35.198	35.139	35.085	35.03	34.993	34.961	34.921	34.879	34.834	34.794	34.748	34.699	34.672	34.629	34.607	34.569	34.515	34.459	34.402	34.367	34.328	34.271	34.212	34.167	34.139	34.104	34.069	34.036	34.013	33.966	33.92	33.87	33.822	33.768	33.71	33.668	33.64	33.59	33.542	33.503	33.468	33.432	33.406	33.352	33.313	33.271	33.221	33.18	33.164	33.129	33.106	33.065	33.018	32.98	32.939	32.903	32.87	32.847	32.827	32.815	32.791	32.737	32.708	32.688	32.654	32.631	32.586
39.038	38.994	38.877	38.793	38.733	38.655	38.555	38.491	38.408	38.337	38.256	38.192	38.131	38.066	38.002	37.948	37.909	37.847	37.79	37.722	37.649	37.582	37.514	37.46	37.41	37.378	37.336	37.288	37.228	37.175	37.123	37.059	36.998	36.959	36.919	36.87	36.807	36.757	36.696	36.656	36.592	36.513	36.447	36.391	36.331	36.282	36.247	36.207	36.179	36.139	36.112	36.061	36.026	35.983	35.918	35.879	35.819	35.764	35.707	35.671	35.624	35.585	35.512	35.444	35.387	35.331	35.301	35.272	35.221	35.172	35.121	35.04	34.988	34.933	34.884	34.839	34.802	34.754	34.685	34.649	34.621	34.566	34.535	34.492	34.457	34.418	34.39	34.332	34.293	34.244	34.19	34.141	34.097	34.064	34.022	33.991	33.953	33.926	33.884	33.839	33.798	33.771	33.715	33.678	33.619	33.561	33.519	33.475	33.442	33.387	33.344	33.294	33.256	33.227	33.181	33.129	33.082	33.033	33.016	32.978	32.944	32.902	32.859	32.823	32.788	32.747	32.694	32.674	32.647	32.631	32.609	32.591	32.562	32.553	32.523	32.482	32.449
39.039	38.898	38.847	38.729	38.642	38.55	38.457	38.379	38.265	38.187	38.129	38.039	37.978	37.915	37.853	37.801	37.741	37.712	37.654	37.621	37.533	37.495	37.449	37.365	37.288	37.225	37.179	37.131	37.06	37.029	36.969	36.926	36.864	36.806	36.754	36.725	36.678	36.629	36.569	36.5	36.449	36.375	36.307	36.227	36.171	36.11	36.055	36.026	35.989	35.949	35.924	35.901	35.85	35.802	35.75	35.714	35.666	35.618	35.577	35.524	35.49	35.448	35.388	35.325	35.252	35.188	35.156	35.134	35.092	35.046	35.004	34.939	34.879	34.808	34.769	34.707	34.645	34.611	34.566	34.51	34.477	34.437	34.391	34.334	34.299	34.264	34.219	34.175	34.109	34.055	34.013	33.983	33.929	33.915	33.885	33.846	33.823	33.779	33.729	33.693	33.636	33.607	33.556	33.513	33.456	33.404	33.36	33.305	33.273	33.227	33.175	33.135	33.097	33.058	33.008	32.952	32.92	32.879	32.847	32.804	32.757	32.701	32.664	32.618	32.574	32.541	32.497	32.467	32.44	32.408	32.39	32.382	32.35	32.316	32.311	32.286	32.244
38.877	38.785	38.728	38.626	38.55	38.447	38.336	38.245	38.161	38.069	37.989	37.933	37.871	37.806	37.74	37.697	37.642	37.614	37.557	37.507	37.454	37.377	37.309	37.238	37.18	37.135	37.058	36.996	36.918	36.889	36.831	36.785	36.731	36.681	36.636	36.583	36.535	36.49	36.435	36.369	36.305	36.24	36.189	36.123	36.062	35.986	35.916	35.847	35.804	35.768	35.738	35.721	35.685	35.659	35.634	35.582	35.554	35.511	35.459	35.407	35.353	35.307	35.267	35.2	35.142	35.082	35.034	35.011	34.977	34.943	34.891	34.829	34.8	34.72	34.651	34.608	34.556	34.498	34.447	34.403	34.361	34.327	34.278	34.217	34.185	34.132	34.081	34.026	33.977	33.919	33.851	33.832	33.793	33.765	33.742	33.704	33.684	33.663	33.624	33.585	33.528	33.494	33.441	33.384	33.329	33.274	33.237	33.186	33.132	33.089	33.025	32.979	32.945	32.902	32.865	32.812	32.768	32.727	32.691	32.65	32.616	32.551	32.506	32.461	32.427	32.386	32.357	32.318	32.275	32.257	32.229	32.217	32.199	32.177	32.148	32.138	32.077
38.815	38.729	38.666	38.581	38.494	38.407	38.306	38.207	38.102	37.998	37.907	37.803	37.743	37.665	37.616	37.572	37.525	37.496	37.45	37.396	37.338	37.287	37.234	37.18	37.107	37.037	36.97	36.889	36.799	36.759	36.702	36.654	36.597	36.545	36.5	36.427	36.399	36.336	36.282	36.231	36.176	36.102	36.042	35.993	35.938	35.849	35.796	35.712	35.643	35.581	35.534	35.494	35.484	35.469	35.446	35.411	35.377	35.335	35.292	35.253	35.2	35.159	35.114	35.057	34.989	34.946	34.89	34.858	34.824	34.791	34.76	34.712	34.64	34.593	34.549	34.488	34.448	34.392	34.329	34.269	34.222	34.174	34.137	34.077	34.059	33.995	33.938	33.866	33.798	33.749	33.714	33.672	33.634	33.59	33.566	33.544	33.536	33.511	33.468	33.439	33.394	33.368	33.302	33.252	33.197	33.131	33.078	33.046	32.991	32.944	32.897	32.858	32.812	32.756	32.707	32.65	32.6	32.558	32.519	32.463	32.426	32.377	32.325	32.282	32.234	32.202	32.154	32.143	32.121	32.1	32.076	32.047	32.023	31.994	31.963	31.945	31.91
38.637	38.593	38.529	38.447	38.375	38.305	38.228	38.127	38.042	37.914	37.837	37.72	37.646	37.581	37.505	37.463	37.418	37.376	37.314	37.282	37.208	37.129	37.07	37.009	36.957	36.895	36.841	36.759	36.695	36.632	36.581	36.563	36.488	36.426	36.368	36.292	36.248	36.178	36.126	36.072	36.012	35.954	35.898	35.832	35.791	35.697	35.631	35.552	35.484	35.438	35.383	35.35	35.295	35.259	35.23	35.212	35.168	35.155	35.12	35.077	35.039	34.991	34.945	34.893	34.849	34.825	34.752	34.727	34.691	34.638	34.607	34.57	34.512	34.442	34.403	34.358	34.3	34.25	34.195	34.132	34.085	34.023	33.99	33.922	33.894	33.834	33.764	33.699	33.63	33.573	33.543	33.496	33.471	33.426	33.402	33.371	33.349	33.314	33.291	33.263	33.231	33.206	33.166	33.108	33.058	33.006	32.954	32.907	32.866	32.807	32.762	32.711	32.686	32.626	32.567	32.501	32.438	32.373	32.334	32.298	32.256	32.21	32.171	32.117	32.061	32.024	31.978	31.952	31.927	31.899	31.898	31.866	31.831	31.808	31.788	31.764	31.736
38.547	38.493	38.427	38.356	38.275	38.209	38.126	38.037	37.965	37.847	37.76	37.672	37.582	37.49	37.402	37.349	37.306	37.263	37.218	37.161	37.088	37.026	36.939	36.887	36.84	36.819	36.741	36.678	36.609	36.574	36.502	36.448	36.389	36.322	36.254	36.173	36.114	36.043	35.984	35.942	35.869	35.809	35.733	35.689	35.65	35.581	35.52	35.457	35.387	35.318	35.276	35.207	35.164	35.119	35.072	35.035	34.985	34.954	34.93	34.902	34.865	34.819	34.775	34.749	34.707	34.693	34.65	34.603	34.557	34.51	34.455	34.411	34.369	34.288	34.245	34.196	34.13	34.083	34.014	33.953	33.908	33.852	33.825	33.768	33.72	33.669	33.602	33.533	33.459	33.418	33.383	33.342	33.311	33.282	33.247	33.208	33.177	33.153	33.113	33.09	33.054	33.025	32.997	32.956	32.921	32.879	32.832	32.773	32.74	32.687	32.65	32.6	32.55	32.494	32.435	32.367	32.3	32.237	32.204	32.157	32.127	32.081	32.038	31.983	31.927	31.885	31.837	31.785	31.761	31.73	31.721	31.711	31.686	31.648	31.618	31.588	31.565
38.436	38.375	38.328	38.265	38.196	38.108	38.045	37.938	37.869	37.768	37.672	37.582	37.509	37.432	37.335	37.267	37.215	37.167	37.106	37.04	36.962	36.911	36.837	36.772	36.739	36.705	36.659	36.582	36.508	36.465	36.408	36.363	36.295	36.233	36.156	36.079	35.993	35.95	35.88	35.815	35.756	35.705	35.645	35.57	35.517	35.467	35.423	35.349	35.306	35.227	35.145	35.098	35.042	35.006	34.946	34.895	34.853	34.794	34.768	34.732	34.698	34.665	34.635	34.623	34.577	34.549	34.506	34.471	34.427	34.381	34.329	34.26	34.211	34.15	34.068	34.032	33.961	33.901	33.839	33.784	33.744	33.683	33.643	33.608	33.559	33.497	33.435	33.376	33.32	33.275	33.243	33.208	33.173	33.137	33.116	33.068	33.028	32.981	32.952	32.913	32.885	32.859	32.83	32.801	32.752	32.708	32.653	32.609	32.585	32.535	32.488	32.447	32.378	32.325	32.273	32.215	32.161	32.099	32.058	32.003	31.979	31.944	31.893	31.858	31.806	31.744	31.714	31.644	31.61	31.574	31.551	31.535	31.51	31.466	31.435	31.413	31.373
38.324	38.263	38.194	38.135	38.075	37.993	37.915	37.844	37.767	37.678	37.61	37.523	37.439	37.348	37.268	37.188	37.114	37.072	37.006	36.961	36.868	36.811	36.751	36.686	36.634	36.589	36.517	36.462	36.386	36.329	36.275	36.232	36.184	36.115	36.052	35.958	35.889	35.844	35.774	35.715	35.664	35.597	35.523	35.452	35.376	35.324	35.292	35.23	35.194	35.105	35.041	34.975	34.912	34.875	34.819	34.782	34.754	34.689	34.653	34.602	34.561	34.528	34.509	34.493	34.445	34.41	34.375	34.312	34.268	34.213	34.177	34.116	34.048	34.006	33.928	33.868	33.804	33.76	33.691	33.62	33.579	33.527	33.474	33.435	33.367	33.309	33.261	33.217	33.175	33.139	33.116	33.103	33.072	33.028	32.976	32.928	32.876	32.837	32.808	32.761	32.712	32.682	32.634	32.616	32.569	32.534	32.493	32.451	32.398	32.355	32.294	32.248	32.19	32.15	32.109	32.062	32.014	31.955	31.91	31.87	31.836	31.795	31.74	31.696	31.663	31.6	31.566	31.518	31.465	31.435	31.392	31.369	31.34	31.302	31.272	31.252	31.216
38.254	38.201	38.128	38.05	38.01	37.917	37.818	37.761	37.685	37.62	37.533	37.449	37.39	37.285	37.222	37.126	37.052	37.001	36.935	36.905	36.844	36.769	36.685	36.621	36.564	36.519	36.452	36.373	36.308	36.256	36.196	36.127	36.071	36.009	35.945	35.876	35.793	35.725	35.69	35.617	35.563	35.497	35.432	35.363	35.296	35.242	35.187	35.152	35.07	35.004	34.914	34.858	34.81	34.752	34.721	34.657	34.627	34.59	34.546	34.51	34.469	34.442	34.394	34.367	34.325	34.281	34.239	34.179	34.147	34.063	34.035	33.983	33.924	33.866	33.801	33.737	33.666	33.605	33.552	33.488	33.433	33.377	33.306	33.272	33.224	33.183	33.138	33.087	33.047	33.007	32.978	32.954	32.926	32.9	32.84	32.77	32.706	32.655	32.629	32.594	32.533	32.497	32.462	32.429	32.399	32.349	32.318	32.28	32.221	32.182	32.131	32.078	32.031	31.986	31.947	31.907	31.864	31.815	31.762	31.733	31.681	31.645	31.598	31.569	31.522	31.486	31.43	31.4	31.361	31.318	31.279	31.231	31.182	31.162	31.133	31.118	31.1
38.098	38.051	38.006	37.944	37.877	37.817	37.723	37.658	37.594	37.527	37.466	37.379	37.34	37.272	37.211	37.133	37.037	36.957	36.891	36.84	36.769	36.686	36.61	36.537	36.473	36.424	36.387	36.335	36.255	36.174	36.127	36.066	35.999	35.923	35.828	35.764	35.713	35.634	35.582	35.517	35.444	35.397	35.351	35.252	35.202	35.14	35.076	35.024	34.958	34.894	34.814	34.754	34.701	34.653	34.611	34.573	34.536	34.496	34.459	34.41	34.374	34.328	34.281	34.258	34.196	34.168	34.127	34.071	34.02	33.969	33.922	33.882	33.831	33.77	33.705	33.629	33.562	33.491	33.446	33.396	33.33	33.273	33.203	33.138	33.089	33.05	33.004	32.954	32.907	32.873	32.836	32.797	32.771	32.737	32.7	32.633	32.587	32.523	32.465	32.422	32.39	32.338	32.319	32.271	32.238	32.202	32.153	32.116	32.076	32.023	31.972	31.917	31.881	31.844	31.811	31.75	31.711	31.665	31.608	31.575	31.547	31.498	31.476	31.435	31.386	31.359	31.3	31.269	31.248	31.203	31.156	31.121	31.08	31.045	31.03	31.004	30.973
38.041	37.98	37.937	37.869	37.785	37.708	37.65	37.585	37.501	37.438	37.376	37.332	37.264	37.193	37.134	37.09	37.01	36.925	36.84	36.761	36.701	36.626	36.558	36.495	36.437	36.367	36.319	36.263	36.209	36.137	36.046	35.974	35.9	35.841	35.762	35.689	35.616	35.539	35.466	35.435	35.361	35.288	35.227	35.141	35.079	35.022	34.963	34.916	34.846	34.767	34.703	34.648	34.582	34.522	34.476	34.444	34.416	34.387	34.356	34.31	34.263	34.218	34.167	34.131	34.067	34.013	33.969	33.935	33.88	33.838	33.791	33.75	33.695	33.649	33.578	33.5	33.451	33.392	33.326	33.273	33.225	33.155	33.104	33.008	32.964	32.918	32.87	32.824	32.765	32.719	32.677	32.65	32.605	32.558	32.537	32.466	32.419	32.375	32.324	32.265	32.211	32.159	32.145	32.104	32.066	32.035	32.008	31.981	31.942	31.912	31.86	31.811	31.764	31.708	31.688	31.629	31.584	31.547	31.504	31.437	31.417	31.367	31.331	31.306	31.261	31.207	31.18	31.136	31.092	31.06	31.018	30.968	30.929	30.899	30.9	30.869	30.845
37.871	37.828	37.799	37.734	37.653	37.599	37.523	37.467	37.384	37.334	37.278	37.22	37.189	37.133	37.077	37.007	36.939	36.873	36.807	36.712	36.623	36.55	36.477	36.396	36.336	36.287	36.24	36.177	36.103	36.052	35.979	35.923	35.827	35.742	35.677	35.606	35.518	35.463	35.375	35.331	35.277	35.213	35.144	35.047	34.972	34.916	34.838	34.773	34.708	34.653	34.579	34.539	34.498	34.447	34.402	34.346	34.314	34.276	34.241	34.196	34.141	34.115	34.081	34.006	33.977	33.92	33.868	33.829	33.78	33.734	33.674	33.632	33.575	33.522	33.468	33.412	33.335	33.296	33.213	33.155	33.112	33.033	32.98	32.91	32.841	32.78	32.73	32.682	32.623	32.602	32.56	32.511	32.469	32.42	32.379	32.344	32.292	32.239	32.183	32.133	32.108	32.048	32.005	31.96	31.935	31.904	31.866	31.846	31.813	31.806	31.759	31.715	31.677	31.624	31.565	31.532	31.47	31.425	31.394	31.354	31.299	31.261	31.224	31.191	31.158	31.109	31.062	31.038	30.996	30.963	30.911	30.871	30.817	30.765	30.74	30.72	30.695
37.759	37.727	37.677	37.62	37.55	37.476	37.392	37.336	37.261	37.212	37.152	37.083	37.021	36.976	36.934	36.877	36.819	36.754	36.697	36.628	36.532	36.458	36.373	36.293	36.239	36.179	36.151	36.109	36.042	35.945	35.87	35.794	35.746	35.663	35.595	35.521	35.419	35.354	35.276	35.219	35.165	35.105	35.036	34.933	34.86	34.782	34.704	34.638	34.572	34.519	34.452	34.412	34.346	34.301	34.267	34.22	34.188	34.141	34.108	34.067	34.025	33.964	33.952	33.888	33.838	33.786	33.711	33.665	33.609	33.57	33.53	33.478	33.43	33.382	33.326	33.286	33.219	33.167	33.099	33.026	32.968	32.914	32.853	32.786	32.735	32.683	32.627	32.582	32.52	32.461	32.406	32.361	32.315	32.277	32.233	32.196	32.134	32.085	32.045	31.996	31.936	31.89	31.839	31.806	31.789	31.764	31.731	31.711	31.675	31.639	31.619	31.576	31.526	31.488	31.436	31.394	31.346	31.292	31.252	31.228	31.162	31.134	31.11	31.071	31.049	31.007	30.948	30.91	30.885	30.844	30.796	30.746	30.692	30.654	30.61	30.582	30.551
37.633	37.594	37.536	37.485	37.412	37.331	37.251	37.185	37.121	37.07	37	36.947	36.903	36.872	36.815	36.766	36.729	36.688	36.62	36.552	36.467	36.377	36.302	36.207	36.15	36.1	36.016	35.978	35.913	35.833	35.784	35.705	35.65	35.58	35.52	35.435	35.351	35.271	35.181	35.113	35.04	34.972	34.918	34.83	34.775	34.679	34.61	34.536	34.468	34.408	34.338	34.29	34.247	34.198	34.162	34.116	34.066	34.048	33.995	33.945	33.912	33.884	33.844	33.779	33.713	33.658	33.596	33.529	33.473	33.43	33.394	33.338	33.302	33.278	33.245	33.174	33.116	33.051	32.996	32.936	32.867	32.793	32.743	32.692	32.647	32.58	32.521	32.471	32.43	32.356	32.312	32.26	32.2	32.157	32.123	32.081	32.023	31.959	31.909	31.861	31.806	31.755	31.72	31.683	31.649	31.629	31.607	31.564	31.548	31.507	31.48	31.45	31.418	31.374	31.339	31.281	31.236	31.191	31.137	31.093	31.053	31.016	30.999	30.974	30.945	30.907	30.876	30.836	30.808	30.753	30.709	30.652	30.602	30.553	30.511	30.453	30.421
37.527	37.487	37.444	37.373	37.308	37.239	37.162	37.098	37.012	36.953	36.877	36.809	36.778	36.738	36.697	36.637	36.59	36.566	36.507	36.457	36.378	36.303	36.228	36.144	36.042	36.004	35.946	35.885	35.83	35.753	35.704	35.623	35.565	35.516	35.443	35.364	35.286	35.191	35.128	35.047	34.98	34.917	34.846	34.766	34.696	34.623	34.55	34.466	34.387	34.322	34.247	34.176	34.115	34.064	34.03	34.003	33.936	33.925	33.889	33.833	33.795	33.758	33.724	33.671	33.616	33.56	33.489	33.413	33.351	33.287	33.256	33.225	33.175	33.139	33.109	33.061	33.007	32.938	32.893	32.841	32.794	32.723	32.648	32.593	32.53	32.47	32.408	32.352	32.312	32.242	32.194	32.145	32.096	32.049	32.005	31.947	31.892	31.827	31.774	31.731	31.692	31.648	31.611	31.581	31.548	31.514	31.5	31.448	31.422	31.368	31.331	31.312	31.275	31.224	31.2	31.168	31.131	31.093	31.043	30.982	30.955	30.918	30.885	30.867	30.839	30.807	30.785	30.76	30.733	30.684	30.629	30.566	30.502	30.462	30.411	30.373	30.308
37.379	37.342	37.289	37.237	37.169	37.112	37.056	36.994	36.92	36.849	36.771	36.683	36.649	36.633	36.595	36.536	36.48	36.441	36.39	36.33	36.265	36.189	36.11	36.057	35.979	35.922	35.861	35.81	35.762	35.695	35.632	35.578	35.504	35.444	35.386	35.317	35.224	35.147	35.079	35.004	34.94	34.858	34.786	34.708	34.641	34.574	34.493	34.406	34.32	34.239	34.159	34.08	34.014	33.959	33.893	33.881	33.84	33.806	33.762	33.724	33.672	33.633	33.582	33.539	33.486	33.448	33.37	33.296	33.241	33.17	33.128	33.087	33.058	33.011	32.975	32.941	32.91	32.862	32.81	32.745	32.684	32.629	32.544	32.49	32.421	32.358	32.298	32.208	32.164	32.111	32.061	32.011	31.956	31.903	31.866	31.817	31.769	31.723	31.682	31.639	31.592	31.567	31.523	31.485	31.437	31.387	31.357	31.318	31.275	31.238	31.2	31.165	31.143	31.101	31.053	31.024	30.992	30.941	30.92	30.877	30.852	30.812	30.773	30.752	30.729	30.693	30.661	30.629	30.611	30.58	30.541	30.482	30.432	30.385	30.337	30.283	30.242
37.21	37.167	37.129	37.093	37.053	36.995	36.912	36.861	36.786	36.691	36.648	36.584	36.538	36.513	36.487	36.428	36.353	36.316	36.268	36.216	36.163	36.095	36.002	35.951	35.897	35.868	35.812	35.752	35.713	35.663	35.585	35.502	35.418	35.342	35.293	35.225	35.145	35.083	35.004	34.914	34.855	34.779	34.71	34.643	34.574	34.517	34.427	34.359	34.268	34.177	34.083	34.01	33.923	33.881	33.815	33.772	33.748	33.705	33.656	33.622	33.582	33.517	33.467	33.412	33.334	33.303	33.251	33.192	33.145	33.089	33.012	32.964	32.931	32.898	32.855	32.807	32.792	32.746	32.713	32.658	32.595	32.533	32.433	32.368	32.289	32.228	32.145	32.087	32.03	31.986	31.929	31.873	31.819	31.776	31.731	31.694	31.658	31.618	31.577	31.554	31.505	31.492	31.437	31.406	31.358	31.302	31.25	31.206	31.156	31.108	31.082	31.031	30.991	30.98	30.938	30.901	30.866	30.817	30.782	30.761	30.729	30.695	30.664	30.635	30.598	30.581	30.558	30.521	30.488	30.458	30.419	30.386	30.342	30.31	30.266	30.2	30.159
37.1	37.049	36.979	36.953	36.898	36.875	36.785	36.698	36.624	36.54	36.471	36.419	36.385	36.354	36.336	36.281	36.224	36.173	36.108	36.043	36.011	35.957	35.872	35.838	35.808	35.786	35.755	35.686	35.611	35.552	35.484	35.405	35.337	35.267	35.173	35.116	35.039	34.96	34.901	34.828	34.769	34.696	34.634	34.558	34.472	34.409	34.337	34.269	34.18	34.081	33.993	33.925	33.83	33.799	33.74	33.699	33.661	33.61	33.58	33.529	33.477	33.403	33.337	33.279	33.235	33.174	33.127	33.064	33.01	32.977	32.918	32.862	32.819	32.769	32.718	32.692	32.658	32.612	32.572	32.53	32.474	32.414	32.345	32.285	32.209	32.125	32.055	31.985	31.927	31.871	31.815	31.764	31.696	31.638	31.602	31.54	31.517	31.486	31.437	31.414	31.396	31.382	31.344	31.296	31.241	31.201	31.134	31.105	31.064	31.02	30.977	30.934	30.87	30.864	30.834	30.792	30.767	30.712	30.648	30.64	30.62	30.594	30.556	30.535	30.488	30.452	30.424	30.387	30.349	30.31	30.288	30.257	30.223	30.196	30.155	30.117	30.08
36.905	36.849	36.779	36.76	36.693	36.671	36.616	36.532	36.445	36.361	36.287	36.247	36.207	36.166	36.127	36.073	36.032	35.966	35.942	35.9	35.821	35.776	35.72	35.676	35.642	35.624	35.596	35.554	35.506	35.444	35.39	35.293	35.208	35.135	35.058	34.997	34.938	34.842	34.765	34.677	34.601	34.536	34.48	34.42	34.36	34.284	34.228	34.131	34.063	33.973	33.871	33.795	33.733	33.679	33.649	33.599	33.537	33.484	33.442	33.394	33.325	33.277	33.228	33.157	33.121	33.059	33.021	32.978	32.918	32.876	32.815	32.759	32.709	32.652	32.604	32.532	32.507	32.475	32.415	32.385	32.343	32.286	32.229	32.15	32.092	32.018	31.944	31.882	31.814	31.748	31.687	31.635	31.562	31.514	31.465	31.401	31.379	31.341	31.302	31.275	31.249	31.211	31.191	31.152	31.101	31.059	31.023	30.959	30.943	30.915	30.875	30.845	30.799	30.76	30.733	30.688	30.64	30.615	30.551	30.506	30.486	30.459	30.429	30.392	30.34	30.304	30.26	30.234	30.194	30.169	30.129	30.101	30.082	30.055	30.027	29.983	29.955
36.739	36.691	36.644	36.63	36.584	36.52	36.46	36.395	36.319	36.241	36.143	36.104	36.07	36.013	35.954	35.867	35.826	35.783	35.736	35.708	35.657	35.597	35.579	35.522	35.493	35.484	35.454	35.409	35.379	35.319	35.282	35.202	35.123	35.03	34.937	34.877	34.819	34.761	34.676	34.589	34.509	34.433	34.351	34.283	34.22	34.138	34.075	34.003	33.933	33.867	33.77	33.668	33.609	33.549	33.514	33.485	33.431	33.367	33.28	33.252	33.187	33.117	33.084	33.046	33.006	32.953	32.915	32.849	32.803	32.772	32.695	32.64	32.572	32.518	32.474	32.417	32.366	32.328	32.272	32.229	32.189	32.147	32.114	32.043	31.969	31.902	31.827	31.779	31.713	31.673	31.61	31.546	31.504	31.434	31.379	31.337	31.275	31.218	31.168	31.124	31.111	31.076	31.044	31.01	30.979	30.942	30.929	30.88	30.84	30.809	30.774	30.736	30.701	30.662	30.634	30.6	30.556	30.489	30.451	30.407	30.374	30.349	30.309	30.265	30.204	30.164	30.136	30.102	30.063	30.031	29.998	29.959	29.93	29.913	29.901	29.874	29.83
36.479	36.457	36.423	36.378	36.347	36.309	36.248	36.186	36.121	36.066	35.996	35.936	35.873	35.828	35.79	35.736	35.655	35.623	35.576	35.521	35.481	35.426	35.383	35.369	35.325	35.294	35.266	35.236	35.218	35.2	35.158	35.089	35.013	34.922	34.862	34.781	34.711	34.633	34.558	34.491	34.401	34.346	34.268	34.174	34.093	34.01	33.941	33.884	33.813	33.747	33.68	33.594	33.518	33.445	33.401	33.364	33.315	33.275	33.178	33.126	33.062	33.012	32.959	32.925	32.908	32.863	32.812	32.761	32.709	32.672	32.603	32.547	32.487	32.412	32.344	32.306	32.242	32.192	32.163	32.12	32.071	32.001	31.96	31.894	31.845	31.768	31.7	31.658	31.579	31.561	31.501	31.465	31.411	31.353	31.279	31.238	31.183	31.131	31.077	31.041	30.987	30.962	30.919	30.875	30.843	30.804	30.768	30.764	30.731	30.713	30.687	30.656	30.627	30.594	30.544	30.507	30.463	30.409	30.349	30.303	30.254	30.231	30.194	30.142	30.082	30.026	29.995	29.97	29.933	29.893	29.87	29.835	29.8	29.779	29.766	29.725	29.686
36.242	36.226	36.21	36.175	36.154	36.092	36.028	35.987	35.929	35.881	35.802	35.752	35.705	35.638	35.586	35.536	35.477	35.43	35.369	35.338	35.295	35.245	35.194	35.165	35.14	35.103	35.086	35.055	35.019	35.019	34.983	34.941	34.866	34.79	34.725	34.643	34.593	34.518	34.44	34.37	34.281	34.225	34.166	34.084	33.993	33.918	33.826	33.772	33.696	33.623	33.546	33.471	33.406	33.313	33.266	33.221	33.162	33.123	33.061	33.004	32.92	32.85	32.802	32.767	32.767	32.729	32.684	32.659	32.603	32.535	32.489	32.399	32.336	32.279	32.232	32.184	32.12	32.08	32.026	31.986	31.947	31.898	31.837	31.749	31.695	31.628	31.558	31.509	31.449	31.428	31.392	31.347	31.302	31.247	31.198	31.119	31.087	31.01	30.94	30.902	30.853	30.828	30.808	30.762	30.722	30.706	30.647	30.631	30.617	30.593	30.576	30.544	30.518	30.49	30.458	30.407	30.34	30.288	30.218	30.173	30.138	30.091	30.053	30.009	29.96	29.935	29.89	29.848	29.797	29.771	29.737	29.707	29.687	29.66	29.623	29.589	29.543
36.029	36.006	35.979	35.952	35.913	35.857	35.805	35.764	35.719	35.683	35.623	35.556	35.497	35.455	35.403	35.352	35.321	35.255	35.216	35.172	35.123	35.063	35.012	34.972	34.95	34.92	34.862	34.839	34.79	34.81	34.779	34.755	34.718	34.639	34.588	34.51	34.421	34.359	34.27	34.191	34.146	34.067	34.017	33.947	33.864	33.796	33.709	33.65	33.548	33.487	33.415	33.341	33.299	33.21	33.154	33.089	33.04	32.982	32.919	32.881	32.801	32.746	32.683	32.633	32.61	32.598	32.566	32.535	32.495	32.42	32.367	32.3	32.246	32.191	32.138	32.087	32.035	31.984	31.937	31.891	31.856	31.784	31.727	31.649	31.563	31.503	31.425	31.374	31.323	31.285	31.258	31.222	31.181	31.112	31.085	31.017	30.961	30.909	30.84	30.787	30.741	30.685	30.671	30.622	30.588	30.555	30.51	30.487	30.47	30.449	30.42	30.392	30.377	30.333	30.306	30.262	30.208	30.158	30.094	30.061	30.003	29.969	29.921	29.881	29.822	29.783	29.748	29.699	29.671	29.637	29.605	29.593	29.564	29.55	29.51	29.462	29.427
35.792	35.779	35.757	35.724	35.7	35.662	35.595	35.565	35.512	35.474	35.419	35.372	35.315	35.243	35.204	35.136	35.099	35.067	34.992	34.964	34.917	34.877	34.837	34.778	34.751	34.699	34.656	34.638	34.59	34.615	34.591	34.564	34.52	34.468	34.409	34.335	34.262	34.215	34.143	34.043	33.997	33.925	33.864	33.79	33.72	33.66	33.556	33.504	33.428	33.351	33.29	33.215	33.168	33.113	33.033	32.967	32.882	32.827	32.775	32.713	32.662	32.591	32.541	32.482	32.431	32.405	32.361	32.341	32.315	32.277	32.212	32.165	32.104	32.047	32.006	31.963	31.899	31.864	31.806	31.77	31.706	31.65	31.596	31.532	31.455	31.371	31.303	31.217	31.16	31.13	31.056	31.032	30.988	30.937	30.898	30.842	30.809	30.749	30.701	30.638	30.597	30.557	30.493	30.462	30.419	30.37	30.333	30.295	30.281	30.269	30.255	30.21	30.189	30.153	30.121	30.085	30.042	29.994	29.934	29.899	29.851	29.809	29.782	29.726	29.685	29.653	29.604	29.577	29.529	29.501	29.474	29.454	29.427	29.403	29.373	29.337	29.298
35.565	35.566	35.548	35.533	35.495	35.458	35.401	35.354	35.308	35.247	35.193	35.17	35.109	35.048	34.981	34.95	34.885	34.847	34.803	34.734	34.699	34.644	34.618	34.567	34.546	34.5	34.45	34.425	34.384	34.379	34.39	34.353	34.312	34.271	34.207	34.152	34.07	34.027	33.963	33.886	33.837	33.771	33.72	33.629	33.555	33.502	33.4	33.348	33.273	33.239	33.167	33.094	33.033	32.964	32.906	32.808	32.741	32.67	32.607	32.551	32.496	32.462	32.381	32.344	32.287	32.234	32.187	32.109	32.101	32.087	32.042	32.016	31.954	31.915	31.86	31.818	31.745	31.7	31.661	31.605	31.55	31.491	31.441	31.391	31.325	31.257	31.155	31.074	30.992	30.965	30.912	30.841	30.795	30.746	30.7	30.667	30.627	30.614	30.562	30.51	30.458	30.434	30.387	30.338	30.311	30.254	30.204	30.164	30.126	30.12	30.085	30.051	30.027	29.989	29.954	29.898	29.87	29.834	29.783	29.74	29.685	29.65	29.605	29.562	29.542	29.506	29.483	29.452	29.405	29.357	29.326	29.311	29.278	29.251	29.213	29.181	29.142
35.343	35.341	35.35	35.323	35.289	35.243	35.206	35.165	35.103	35.069	35.013	34.95	34.919	34.844	34.799	34.762	34.701	34.69	34.618	34.569	34.515	34.453	34.404	34.356	34.346	34.307	34.275	34.225	34.21	34.199	34.182	34.167	34.126	34.076	34.005	33.978	33.921	33.836	33.776	33.696	33.643	33.589	33.542	33.465	33.403	33.363	33.291	33.218	33.163	33.103	33.039	32.946	32.887	32.818	32.746	32.69	32.607	32.522	32.462	32.39	32.35	32.275	32.235	32.178	32.131	32.078	32.04	31.989	31.918	31.898	31.87	31.85	31.826	31.768	31.736	31.685	31.621	31.548	31.5	31.464	31.415	31.36	31.302	31.233	31.181	31.105	31.031	30.955	30.866	30.809	30.758	30.703	30.634	30.6	30.54	30.512	30.48	30.442	30.421	30.393	30.322	30.293	30.242	30.221	30.181	30.137	30.072	30.037	30.005	29.966	29.944	29.91	29.877	29.851	29.804	29.772	29.711	29.676	29.632	29.605	29.556	29.505	29.468	29.417	29.401	29.375	29.335	29.296	29.255	29.227	29.192	29.164	29.138	29.108	29.096	29.074	29.033
35.112	35.103	35.092	35.069	35.054	35.015	35.003	34.955	34.885	34.84	34.824	34.759	34.74	34.689	34.619	34.57	34.487	34.455	34.428	34.382	34.334	34.249	34.196	34.154	34.134	34.112	34.087	34.072	34.043	34.008	33.985	33.942	33.936	33.893	33.827	33.803	33.744	33.693	33.601	33.536	33.488	33.42	33.39	33.335	33.264	33.219	33.158	33.086	33.012	32.956	32.896	32.816	32.736	32.678	32.589	32.502	32.432	32.357	32.305	32.248	32.188	32.146	32.065	32.01	31.956	31.916	31.883	31.854	31.812	31.75	31.709	31.681	31.647	31.627	31.567	31.515	31.457	31.412	31.364	31.313	31.269	31.218	31.173	31.097	31.041	30.971	30.894	30.816	30.757	30.666	30.617	30.546	30.505	30.465	30.433	30.394	30.346	30.289	30.245	30.223	30.179	30.137	30.108	30.061	30.039	29.986	29.929	29.874	29.846	29.826	29.794	29.782	29.744	29.707	29.667	29.623	29.574	29.503	29.445	29.431	29.392	29.359	29.311	29.271	29.237	29.201	29.173	29.123	29.095	29.055	29.02	29.016	28.985	28.973	28.949	28.926	28.897
34.788	34.769	34.766	34.757	34.728	34.717	34.686	34.698	34.649	34.592	34.56	34.505	34.49	34.453	34.393	34.328	34.252	34.223	34.17	34.135	34.095	34.069	34.002	33.96	33.918	33.882	33.875	33.827	33.828	33.815	33.782	33.768	33.712	33.68	33.63	33.61	33.557	33.514	33.462	33.363	33.307	33.248	33.19	33.157	33.096	33.055	33.013	32.949	32.873	32.805	32.74	32.663	32.567	32.515	32.418	32.348	32.28	32.204	32.135	32.109	32.045	31.975	31.92	31.854	31.815	31.778	31.732	31.7	31.655	31.614	31.573	31.536	31.486	31.447	31.412	31.341	31.272	31.233	31.191	31.159	31.122	31.07	31.023	30.958	30.885	30.832	30.78	30.694	30.64	30.555	30.485	30.429	30.382	30.336	30.305	30.249	30.213	30.167	30.117	30.049	30.023	29.97	29.927	29.901	29.856	29.803	29.774	29.719	29.699	29.672	29.643	29.608	29.575	29.564	29.518	29.464	29.417	29.357	29.297	29.242	29.215	29.18	29.147	29.096	29.063	29.021	28.975	28.953	28.909	28.878	28.847	28.825	28.806	28.793	28.791	28.749	28.731
34.476	34.46	34.457	34.443	34.4	34.433	34.381	34.369	34.373	34.315	34.3	34.273	34.251	34.207	34.157	34.097	34.018	33.969	33.918	33.88	33.847	33.824	33.757	33.754	33.716	33.694	33.671	33.635	33.637	33.619	33.583	33.538	33.489	33.456	33.397	33.382	33.339	33.316	33.274	33.212	33.146	33.082	33.023	32.961	32.916	32.877	32.824	32.773	32.722	32.656	32.569	32.512	32.414	32.33	32.254	32.173	32.124	32.067	31.987	31.935	31.881	31.826	31.76	31.71	31.654	31.623	31.587	31.533	31.48	31.432	31.39	31.35	31.312	31.272	31.219	31.178	31.096	31.053	31.005	30.977	30.949	30.905	30.845	30.835	30.755	30.687	30.65	30.589	30.523	30.461	30.377	30.315	30.282	30.208	30.15	30.106	30.044	30.013	29.981	29.927	29.859	29.804	29.744	29.703	29.691	29.644	29.616	29.598	29.562	29.515	29.468	29.427	29.396	29.368	29.323	29.286	29.24	29.174	29.14	29.087	29.043	29.017	28.969	28.901	28.866	28.831	28.792	28.761	28.716	28.68	28.636	28.638	28.613	28.598	28.59	28.552	28.551
34.091	34.112	34.122	34.141	34.066	34.085	34.061	34.061	34.05	34.048	34.038	34.002	33.978	33.956	33.915	33.863	33.811	33.753	33.703	33.641	33.621	33.599	33.559	33.546	33.51	33.48	33.45	33.439	33.412	33.391	33.356	33.317	33.273	33.225	33.172	33.15	33.124	33.102	33.064	33.013	32.945	32.895	32.839	32.77	32.707	32.648	32.618	32.562	32.522	32.477	32.404	32.323	32.237	32.166	32.101	32.023	31.956	31.895	31.834	31.774	31.724	31.664	31.6	31.549	31.488	31.458	31.436	31.394	31.343	31.283	31.238	31.177	31.137	31.097	31.038	30.979	30.933	30.885	30.846	30.799	30.764	30.744	30.681	30.653	30.613	30.549	30.506	30.455	30.383	30.347	30.292	30.232	30.167	30.114	30.036	29.991	29.94	29.88	29.823	29.791	29.702	29.65	29.586	29.529	29.494	29.459	29.433	29.416	29.415	29.387	29.327	29.278	29.221	29.191	29.141	29.105	29.067	29.015	28.962	28.909	28.861	28.834	28.784	28.733	28.682	28.633	28.611	28.572	28.537	28.506	28.45	28.455	28.417	28.393	28.386	28.354	28.312
33.766	33.769	33.786	33.813	33.794	33.819	33.796	33.776	33.773	33.752	33.738	33.712	33.693	33.671	33.646	33.587	33.571	33.522	33.486	33.449	33.398	33.372	33.333	33.33	33.308	33.281	33.263	33.223	33.207	33.185	33.163	33.126	33.042	32.986	32.945	32.905	32.88	32.865	32.839	32.793	32.758	32.697	32.639	32.586	32.522	32.464	32.394	32.346	32.305	32.277	32.212	32.122	32.036	31.983	31.904	31.859	31.805	31.727	31.654	31.601	31.534	31.496	31.439	31.384	31.317	31.292	31.241	31.204	31.162	31.112	31.054	31.004	30.949	30.903	30.862	30.803	30.755	30.692	30.675	30.639	30.593	30.569	30.536	30.475	30.438	30.397	30.356	30.307	30.243	30.19	30.145	30.09	30.041	29.984	29.907	29.84	29.8	29.747	29.7	29.637	29.561	29.499	29.448	29.4	29.344	29.309	29.265	29.235	29.239	29.219	29.191	29.155	29.094	29.054	28.995	28.962	28.918	28.881	28.832	28.777	28.733	28.685	28.649	28.596	28.547	28.501	28.462	28.423	28.36	28.324	28.28	28.255	28.246	28.222	28.197	28.18	28.141
33.404	33.427	33.42	33.44	33.432	33.472	33.482	33.476	33.497	33.472	33.443	33.418	33.36	33.376	33.349	33.318	33.296	33.255	33.235	33.197	33.185	33.144	33.107	33.091	33.071	33.078	33.054	33.034	33.001	32.964	32.948	32.902	32.86	32.781	32.73	32.696	32.628	32.613	32.575	32.537	32.494	32.461	32.413	32.362	32.3	32.24	32.177	32.151	32.098	32.056	32.003	31.936	31.85	31.805	31.746	31.688	31.654	31.567	31.495	31.439	31.367	31.327	31.27	31.22	31.158	31.112	31.07	31.019	30.977	30.931	30.884	30.844	30.775	30.734	30.672	30.626	30.599	30.543	30.508	30.479	30.452	30.393	30.374	30.323	30.26	30.221	30.181	30.136	30.117	30.052	29.997	29.945	29.895	29.827	29.763	29.713	29.655	29.602	29.518	29.469	29.395	29.336	29.298	29.245	29.211	29.14	29.095	29.07	29.036	29.02	28.988	28.981	28.932	28.901	28.869	28.817	28.781	28.74	28.702	28.663	28.601	28.571	28.507	28.455	28.422	28.375	28.348	28.283	28.244	28.177	28.139	28.122	28.095	28.077	28.029	28.004	27.98
33.111	33.106	33.121	33.117	33.106	33.144	33.161	33.185	33.171	33.164	33.111	33.098	33.074	33.054	33.051	33.031	32.988	32.98	32.954	32.944	32.902	32.876	32.857	32.855	32.843	32.837	32.837	32.785	32.752	32.743	32.713	32.693	32.611	32.569	32.503	32.491	32.438	32.378	32.345	32.289	32.237	32.201	32.171	32.128	32.066	32.02	31.964	31.919	31.89	31.833	31.8	31.724	31.651	31.601	31.54	31.509	31.441	31.399	31.34	31.262	31.227	31.136	31.093	31.04	30.986	30.955	30.907	30.856	30.802	30.763	30.694	30.658	30.596	30.546	30.502	30.452	30.419	30.387	30.336	30.308	30.257	30.226	30.163	30.13	30.096	30.045	30.022	29.982	29.943	29.908	29.838	29.801	29.743	29.685	29.612	29.552	29.513	29.452	29.39	29.315	29.237	29.178	29.095	29.061	29.015	28.964	28.929	28.888	28.883	28.841	28.819	28.78	28.75	28.733	28.695	28.668	28.616	28.592	28.555	28.517	28.477	28.427	28.38	28.306	28.253	28.236	28.191	28.154	28.109	28.067	28.022	27.993	27.973	27.921	27.883	27.829	27.808
