41.397	41.348	41.294	41.233	41.2	41.131	41.075	40.992	40.918	40.85	40.792	40.769	40.752	40.719	40.716	40.673	40.654	40.622	40.602	40.569	40.55	40.55	40.524	40.504	40.488	40.468	40.439	40.384	40.334	40.274	40.21	40.134	40.076	40.007	39.954	39.893	39.86	39.803	39.736	39.673	39.614	39.528	39.477	39.422	39.346	39.269	39.205	39.159	39.122	39.093	39.05	39.01	38.972	38.935	38.89	38.863	38.817	38.775	38.739	38.685	38.652	38.629	38.605	38.577	38.532	38.496	38.448	38.431	38.416	38.381	38.335	38.337	38.327	38.308	38.3	38.275	38.259	38.254	38.248	38.245	38.255	38.252	38.231	38.23	38.213	38.203	38.179	38.162	38.113	38.076	38.03	37.975	37.958	37.937	37.913	37.883	37.882	37.843	37.824	37.82	37.812	37.807	37.814	37.821	37.819	37.826	37.81	37.824	37.838	37.831	37.832	37.832	37.836	37.812	37.829	37.831	37.849	37.855	37.865	37.864	37.864	37.854	37.84	37.845	37.828	37.834	37.827	37.828	37.846	37.837	37.857	37.855	37.875	37.886	37.899	37.919	37.935
40.674	40.603	40.556	40.497	40.466	40.402	40.337	40.275	40.229	40.161	40.098	40.054	40.027	39.988	39.983	39.934	39.929	39.888	39.86	39.813	39.787	39.763	39.72	39.693	39.685	39.66	39.624	39.566	39.521	39.469	39.43	39.361	39.304	39.243	39.19	39.149	39.1	39.062	39.008	38.947	38.898	38.809	38.75	38.697	38.637	38.595	38.522	38.466	38.403	38.344	38.297	38.241	38.19	38.164	38.133	38.062	38.027	37.965	37.939	37.901	37.859	37.84	37.821	37.777	37.754	37.709	37.674	37.641	37.607	37.565	37.546	37.508	37.492	37.472	37.449	37.45	37.428	37.431	37.417	37.404	37.392	37.38	37.359	37.362	37.341	37.321	37.313	37.29	37.286	37.256	37.233	37.187	37.159	37.134	37.11	37.093	37.071	37.059	37.055	37.051	37.039	37.027	37.036	37.03	37.055	37.037	37.041	37.025	37.022	37.036	37.008	37.01	37.004	37.001	36.979	36.99	36.987	36.988	36.993	36.987	36.997	36.986	36.988	36.99	36.994	36.995	37.014	37.017	37.034	37.031	37.02	37.027	37.027	37.048	37.057	37.073	37.101
39.958	39.893	39.831	39.81	39.781	39.705	39.641	39.563	39.521	39.478	39.433	39.393	39.358	39.311	39.291	39.256	39.24	39.206	39.163	39.124	39.078	39.046	38.996	38.951	38.932	38.891	38.831	38.789	38.747	38.704	38.678	38.609	38.578	38.528	38.475	38.44	38.401	38.355	38.302	38.261	38.204	38.148	38.084	38.025	37.959	37.897	37.848	37.791	37.735	37.674	37.599	37.541	37.482	37.436	37.383	37.323	37.284	37.258	37.239	37.205	37.156	37.128	37.078	37.042	37.008	36.962	36.94	36.921	36.887	36.845	36.819	36.819	36.79	36.753	36.743	36.725	36.701	36.68	36.67	36.645	36.628	36.62	36.587	36.558	36.53	36.522	36.493	36.479	36.461	36.461	36.437	36.395	36.378	36.35	36.325	36.306	36.302	36.297	36.296	36.286	36.277	36.281	36.285	36.3	36.285	36.291	36.274	36.28	36.267	36.261	36.27	36.262	36.264	36.245	36.224	36.195	36.183	36.169	36.156	36.168	36.156	36.161	36.17	36.192	36.199	36.207	36.198	36.186	36.194	36.202	36.221	36.205	36.225	36.223	36.243	36.253	36.274
39.391	39.343	39.281	39.233	39.187	39.103	39.012	38.936	38.904	38.842	38.79	38.779	38.76	38.721	38.689	38.652	38.618	38.58	38.535	38.485	38.421	38.378	38.332	38.289	38.24	38.2	38.165	38.118	38.057	38.012	37.997	37.969	37.934	37.897	37.829	37.788	37.755	37.717	37.685	37.653	37.602	37.531	37.474	37.404	37.346	37.271	37.204	37.169	37.114	37.068	36.989	36.917	36.854	36.795	36.745	36.698	36.661	36.624	36.606	36.555	36.518	36.472	36.426	36.405	36.359	36.331	36.311	36.291	36.254	36.222	36.194	36.171	36.15	36.128	36.112	36.081	36.07	36.034	35.996	35.961	35.933	35.906	35.905	35.869	35.847	35.805	35.772	35.751	35.739	35.725	35.703	35.68	35.645	35.649	35.631	35.614	35.6	35.593	35.568	35.571	35.555	35.547	35.554	35.543	35.542	35.531	35.524	35.52	35.526	35.52	35.521	35.519	35.499	35.489	35.465	35.454	35.427	35.418	35.391	35.376	35.376	35.371	35.386	35.401	35.415	35.429	35.426	35.432	35.438	35.448	35.454	35.459	35.452	35.476	35.493	35.504	35.525
38.806	38.725	38.682	38.634	38.604	38.539	38.475	38.41	38.361	38.312	38.27	38.222	38.191	38.16	38.119	38.063	38.008	37.97	37.924	37.853	37.799	37.771	37.721	37.684	37.654	37.588	37.529	37.48	37.455	37.394	37.366	37.324	37.288	37.26	37.231	37.181	37.135	37.097	37.067	37.044	36.985	36.942	36.887	36.836	36.771	36.697	36.629	36.583	36.538	36.501	36.437	36.367	36.292	36.233	36.168	36.127	36.08	36.048	36.021	35.968	35.929	35.879	35.834	35.803	35.761	35.75	35.717	35.685	35.651	35.635	35.609	35.565	35.546	35.526	35.515	35.492	35.469	35.425	35.393	35.364	35.335	35.3	35.277	35.235	35.213	35.186	35.15	35.12	35.106	35.082	35.048	35.013	35.012	35.003	34.986	34.992	34.991	34.962	34.94	34.92	34.91	34.893	34.888	34.869	34.838	34.839	34.825	34.82	34.824	34.809	34.81	34.797	34.801	34.773	34.759	34.756	34.735	34.715	34.699	34.684	34.679	34.679	34.674	34.695	34.698	34.719	34.714	34.726	34.729	34.746	34.762	34.778	34.78	34.786	34.798	34.803	34.819
38.343	38.281	38.234	38.172	38.118	38.041	37.986	37.911	37.861	37.805	37.724	37.669	37.634	37.587	37.543	37.508	37.47	37.443	37.369	37.312	37.243	37.194	37.147	37.114	37.076	37.038	37	36.94	36.881	36.819	36.789	36.767	36.734	36.698	36.657	36.604	36.576	36.54	36.502	36.458	36.424	36.39	36.352	36.304	36.242	36.174	36.127	36.041	35.973	35.929	35.889	35.838	35.775	35.699	35.62	35.57	35.529	35.481	35.448	35.404	35.366	35.322	35.263	35.223	35.175	35.162	35.127	35.096	35.053	35.03	35.005	34.976	34.963	34.943	34.944	34.934	34.9	34.877	34.847	34.816	34.78	34.734	34.704	34.688	34.655	34.62	34.602	34.568	34.542	34.531	34.494	34.46	34.451	34.43	34.429	34.409	34.398	34.38	34.367	34.331	34.316	34.29	34.261	34.23	34.207	34.19	34.169	34.171	34.168	34.161	34.174	34.143	34.148	34.142	34.123	34.109	34.104	34.083	34.066	34.06	34.07	34.056	34.063	34.073	34.065	34.059	34.062	34.064	34.078	34.106	34.114	34.13	34.132	34.147	34.162	34.174	34.173
37.823	37.769	37.725	37.672	37.632	37.584	37.526	37.46	37.4	37.348	37.304	37.254	37.189	37.116	37.072	37.028	36.98	36.93	36.871	36.837	36.76	36.72	36.682	36.646	36.617	36.561	36.516	36.467	36.407	36.363	36.317	36.262	36.237	36.187	36.161	36.129	36.088	36.025	35.976	35.956	35.903	35.874	35.831	35.789	35.734	35.686	35.634	35.571	35.532	35.466	35.415	35.354	35.305	35.252	35.194	35.124	35.062	35.016	34.953	34.894	34.855	34.821	34.772	34.732	34.681	34.668	34.629	34.596	34.563	34.532	34.5	34.464	34.448	34.435	34.427	34.409	34.384	34.357	34.341	34.296	34.261	34.239	34.205	34.187	34.159	34.132	34.122	34.091	34.069	34.039	34.001	33.961	33.922	33.911	33.895	33.875	33.856	33.839	33.812	33.791	33.766	33.741	33.718	33.704	33.675	33.66	33.648	33.63	33.623	33.601	33.588	33.581	33.564	33.56	33.55	33.54	33.525	33.525	33.519	33.515	33.519	33.517	33.507	33.49	33.498	33.491	33.498	33.515	33.506	33.522	33.544	33.563	33.576	33.581	33.586	33.6	33.581
37.362	37.332	37.282	37.223	37.177	37.114	37.062	37.006	36.945	36.887	36.801	36.743	36.707	36.663	36.635	36.575	36.527	36.478	36.437	36.395	36.34	36.295	36.253	36.22	36.179	36.132	36.071	36.017	35.964	35.916	35.878	35.841	35.79	35.749	35.699	35.667	35.621	35.579	35.523	35.452	35.413	35.374	35.334	35.295	35.239	35.18	35.14	35.103	35.025	34.973	34.923	34.875	34.814	34.768	34.725	34.67	34.62	34.573	34.521	34.457	34.413	34.357	34.317	34.284	34.238	34.205	34.176	34.132	34.092	34.068	34.028	34	33.964	33.93	33.909	33.891	33.862	33.82	33.785	33.758	33.721	33.701	33.685	33.661	33.631	33.626	33.602	33.588	33.562	33.529	33.498	33.47	33.438	33.426	33.393	33.365	33.349	33.321	33.297	33.265	33.232	33.212	33.194	33.179	33.149	33.146	33.123	33.093	33.089	33.083	33.068	33.077	33.062	33.042	33.029	33.005	33.014	33.004	32.997	32.99	32.965	32.958	32.952	32.947	32.954	32.959	32.943	32.957	32.979	32.991	32.992	32.989	33.002	33.016	33.019	33	32.996
36.955	36.897	36.846	36.794	36.764	36.712	36.68	36.607	36.554	36.496	36.429	36.374	36.317	36.268	36.224	36.181	36.122	36.061	36.01	35.964	35.934	35.891	35.863	35.831	35.785	35.721	35.69	35.638	35.6	35.557	35.513	35.454	35.389	35.333	35.282	35.251	35.193	35.121	35.068	35.009	34.963	34.921	34.884	34.842	34.804	34.752	34.696	34.648	34.591	34.538	34.48	34.421	34.368	34.327	34.28	34.233	34.2	34.138	34.09	34.046	33.992	33.947	33.903	33.874	33.856	33.827	33.793	33.743	33.704	33.647	33.614	33.584	33.545	33.5	33.477	33.445	33.413	33.379	33.335	33.299	33.261	33.229	33.189	33.165	33.144	33.119	33.108	33.087	33.082	33.056	33.037	33.012	33	32.968	32.954	32.933	32.912	32.893	32.849	32.815	32.781	32.764	32.757	32.719	32.703	32.664	32.652	32.626	32.605	32.602	32.586	32.584	32.571	32.565	32.533	32.528	32.521	32.502	32.49	32.478	32.472	32.458	32.449	32.457	32.46	32.46	32.461	32.455	32.471	32.485	32.484	32.501	32.506	32.521	32.519	32.509	32.505
36.595	36.561	36.494	36.428	36.38	36.342	36.3	36.243	36.178	36.13	36.062	36.011	35.963	35.902	35.853	35.79	35.755	35.693	35.645	35.596	35.553	35.521	35.498	35.46	35.407	35.368	35.322	35.283	35.247	35.193	35.149	35.098	35.058	34.993	34.929	34.859	34.794	34.725	34.655	34.611	34.553	34.506	34.454	34.421	34.387	34.357	34.283	34.24	34.193	34.136	34.082	34.029	33.981	33.919	33.866	33.813	33.787	33.738	33.698	33.645	33.611	33.565	33.54	33.481	33.478	33.434	33.425	33.389	33.338	33.297	33.246	33.207	33.176	33.125	33.093	33.066	33.028	32.994	32.961	32.916	32.882	32.837	32.794	32.765	32.736	32.722	32.7	32.678	32.657	32.627	32.615	32.598	32.597	32.577	32.561	32.517	32.482	32.457	32.432	32.391	32.356	32.327	32.315	32.294	32.267	32.231	32.189	32.177	32.157	32.153	32.134	32.113	32.113	32.084	32.071	32.058	32.045	32.042	32.024	32.004	31.996	32	31.982	31.982	31.976	31.971	31.97	31.975	31.987	31.986	31.996	31.998	32.016	32.011	32.016	32.02	32.022
36.286	36.239	36.188	36.117	36.041	35.979	35.952	35.897	35.841	35.782	35.724	35.681	35.614	35.579	35.528	35.466	35.397	35.345	35.316	35.247	35.223	35.184	35.15	35.095	35.056	35.011	34.98	34.95	34.92	34.879	34.824	34.776	34.733	34.677	34.606	34.541	34.471	34.414	34.341	34.277	34.226	34.172	34.109	34.071	34.006	33.974	33.941	33.891	33.841	33.797	33.746	33.68	33.626	33.575	33.529	33.467	33.411	33.387	33.332	33.29	33.253	33.226	33.182	33.158	33.125	33.093	33.071	33.033	32.996	32.953	32.912	32.878	32.854	32.813	32.768	32.736	32.69	32.636	32.601	32.566	32.526	32.491	32.458	32.427	32.388	32.372	32.352	32.324	32.291	32.256	32.247	32.223	32.215	32.198	32.175	32.142	32.111	32.087	32.058	32.026	31.991	31.944	31.929	31.895	31.873	31.83	31.799	31.772	31.751	31.737	31.733	31.714	31.693	31.662	31.64	31.627	31.608	31.607	31.585	31.583	31.581	31.567	31.571	31.551	31.532	31.521	31.52	31.514	31.526	31.529	31.53	31.548	31.56	31.559	31.566	31.565	31.569
35.994	35.939	35.869	35.811	35.759	35.707	35.663	35.626	35.578	35.519	35.454	35.401	35.34	35.269	35.233	35.172	35.135	35.071	35.028	34.974	34.922	34.888	34.846	34.8	34.753	34.71	34.662	34.636	34.604	34.562	34.506	34.462	34.412	34.346	34.29	34.233	34.175	34.11	34.057	33.992	33.932	33.872	33.807	33.759	33.705	33.659	33.623	33.568	33.539	33.486	33.43	33.374	33.321	33.281	33.231	33.181	33.108	33.074	33.032	33.005	32.963	32.918	32.875	32.841	32.81	32.776	32.74	32.702	32.659	32.634	32.597	32.563	32.522	32.495	32.463	32.432	32.379	32.342	32.306	32.271	32.24	32.19	32.159	32.124	32.095	32.075	32.041	32.018	31.99	31.951	31.931	31.906	31.881	31.858	31.843	31.813	31.787	31.761	31.741	31.715	31.684	31.644	31.611	31.563	31.515	31.477	31.454	31.427	31.409	31.394	31.391	31.358	31.343	31.311	31.297	31.263	31.259	31.242	31.216	31.216	31.202	31.202	31.175	31.163	31.143	31.139	31.122	31.138	31.132	31.139	31.14	31.136	31.147	31.141	31.154	31.161	31.16
35.815	35.722	35.652	35.574	35.516	35.449	35.39	35.337	35.271	35.235	35.18	35.118	35.056	35.006	34.947	34.887	34.844	34.798	34.745	34.707	34.667	34.603	34.573	34.515	34.468	34.423	34.363	34.313	34.278	34.237	34.19	34.138	34.109	34.069	34.025	33.971	33.923	33.848	33.789	33.723	33.662	33.604	33.542	33.494	33.44	33.393	33.342	33.296	33.271	33.223	33.156	33.1	33.042	32.998	32.932	32.888	32.826	32.787	32.746	32.707	32.676	32.636	32.594	32.561	32.521	32.486	32.445	32.405	32.35	32.306	32.284	32.245	32.192	32.176	32.137	32.108	32.085	32.06	32.015	31.967	31.934	31.904	31.877	31.847	31.823	31.779	31.748	31.715	31.698	31.667	31.629	31.601	31.576	31.565	31.531	31.506	31.468	31.443	31.424	31.415	31.378	31.363	31.322	31.298	31.25	31.197	31.164	31.115	31.088	31.063	31.056	31.042	31.024	30.987	30.961	30.927	30.906	30.887	30.868	30.864	30.837	30.825	30.813	30.799	30.797	30.788	30.767	30.756	30.745	30.766	30.765	30.765	30.762	30.754	30.754	30.766	30.771
35.535	35.462	35.384	35.312	35.253	35.202	35.159	35.095	35.033	34.969	34.912	34.85	34.812	34.755	34.685	34.604	34.537	34.498	34.471	34.425	34.413	34.362	34.311	34.268	34.208	34.143	34.081	34.036	33.982	33.947	33.904	33.861	33.798	33.742	33.695	33.645	33.608	33.558	33.504	33.454	33.402	33.367	33.316	33.242	33.18	33.124	33.089	33.027	32.98	32.927	32.906	32.863	32.818	32.756	32.688	32.639	32.579	32.538	32.48	32.422	32.392	32.365	32.343	32.296	32.262	32.222	32.178	32.124	32.09	32.048	32.016	31.963	31.919	31.882	31.841	31.812	31.773	31.738	31.713	31.679	31.64	31.61	31.577	31.557	31.525	31.493	31.463	31.444	31.412	31.394	31.368	31.334	31.291	31.265	31.241	31.218	31.193	31.172	31.149	31.147	31.114	31.109	31.069	31.05	31.02	30.988	30.947	30.886	30.838	30.784	30.748	30.72	30.699	30.658	30.633	30.615	30.578	30.543	30.534	30.513	30.524	30.5	30.484	30.479	30.459	30.446	30.44	30.423	30.416	30.403	30.389	30.388	30.395	30.398	30.401	30.384	30.378
35.426	35.315	35.235	35.162	35.094	35.038	34.965	34.903	34.841	34.757	34.709	34.63	34.573	34.516	34.46	34.408	34.346	34.282	34.251	34.215	34.179	34.145	34.097	34.046	33.997	33.936	33.874	33.817	33.752	33.71	33.669	33.625	33.573	33.53	33.484	33.441	33.386	33.333	33.299	33.261	33.223	33.162	33.107	33.06	33.008	32.93	32.855	32.805	32.758	32.7	32.648	32.609	32.573	32.537	32.474	32.399	32.353	32.314	32.255	32.223	32.166	32.11	32.085	32.055	32.028	31.984	31.955	31.912	31.857	31.819	31.771	31.724	31.69	31.643	31.613	31.579	31.542	31.512	31.478	31.444	31.418	31.388	31.355	31.308	31.273	31.261	31.241	31.226	31.21	31.169	31.127	31.104	31.08	31.052	31.031	31.006	30.982	30.968	30.941	30.931	30.898	30.857	30.836	30.81	30.77	30.747	30.725	30.68	30.643	30.594	30.567	30.523	30.48	30.431	30.39	30.361	30.326	30.292	30.262	30.24	30.222	30.199	30.197	30.195	30.181	30.163	30.148	30.115	30.109	30.092	30.084	30.07	30.064	30.053	30.035	30.019	30.02
35.193	35.102	35.026	34.952	34.889	34.846	34.799	34.733	34.684	34.616	34.55	34.486	34.411	34.341	34.274	34.222	34.161	34.108	34.042	33.995	33.947	33.916	33.882	33.825	33.772	33.736	33.663	33.591	33.543	33.488	33.436	33.381	33.337	33.289	33.236	33.192	33.163	33.121	33.086	33.049	33.015	32.97	32.916	32.859	32.798	32.742	32.679	32.622	32.552	32.497	32.447	32.404	32.367	32.328	32.283	32.236	32.175	32.127	32.082	32.024	31.984	31.942	31.914	31.869	31.832	31.791	31.764	31.72	31.677	31.63	31.576	31.525	31.482	31.428	31.4	31.367	31.338	31.306	31.264	31.237	31.213	31.175	31.147	31.116	31.092	31.077	31.051	31.014	30.993	30.962	30.939	30.896	30.867	30.831	30.816	30.792	30.77	30.754	30.73	30.703	30.666	30.651	30.621	30.588	30.561	30.527	30.493	30.458	30.423	30.376	30.356	30.322	30.279	30.245	30.205	30.165	30.13	30.106	30.068	30.04	30	29.981	29.959	29.935	29.919	29.896	29.88	29.857	29.829	29.808	29.786	29.778	29.759	29.763	29.75	29.742	29.714
35.063	34.965	34.889	34.814	34.744	34.687	34.625	34.556	34.492	34.423	34.377	34.304	34.235	34.174	34.118	34.042	33.988	33.933	33.868	33.813	33.781	33.735	33.688	33.624	33.58	33.527	33.485	33.425	33.353	33.296	33.265	33.21	33.148	33.109	33.078	33.029	32.975	32.919	32.886	32.849	32.812	32.773	32.74	32.68	32.61	32.56	32.503	32.459	32.389	32.323	32.276	32.228	32.193	32.144	32.093	32.037	31.984	31.945	31.898	31.863	31.805	31.76	31.72	31.686	31.655	31.619	31.583	31.539	31.491	31.453	31.402	31.358	31.304	31.281	31.224	31.199	31.153	31.125	31.086	31.05	31.02	30.982	30.954	30.932	30.904	30.886	30.863	30.833	30.8	30.763	30.739	30.687	30.662	30.643	30.621	30.592	30.566	30.531	30.516	30.487	30.462	30.425	30.4	30.366	30.335	30.299	30.266	30.239	30.21	30.197	30.173	30.146	30.105	30.049	30.015	29.974	29.947	29.926	29.887	29.858	29.81	29.78	29.736	29.706	29.689	29.666	29.639	29.615	29.607	29.588	29.564	29.538	29.535	29.518	29.503	29.495	29.47
34.904	34.802	34.732	34.664	34.61	34.536	34.464	34.39	34.329	34.251	34.211	34.157	34.114	34.053	33.989	33.92	33.853	33.77	33.699	33.64	33.588	33.557	33.501	33.46	33.416	33.349	33.307	33.239	33.193	33.137	33.08	33.04	32.991	32.942	32.894	32.84	32.798	32.742	32.707	32.677	32.634	32.575	32.537	32.486	32.439	32.386	32.317	32.28	32.212	32.161	32.099	32.051	32.006	31.955	31.91	31.848	31.809	31.769	31.742	31.695	31.663	31.602	31.569	31.53	31.495	31.452	31.418	31.381	31.356	31.311	31.265	31.218	31.16	31.133	31.082	31.057	31.007	30.974	30.94	30.903	30.853	30.824	30.785	30.758	30.716	30.688	30.671	30.644	30.624	30.582	30.541	30.506	30.472	30.454	30.419	30.403	30.371	30.346	30.31	30.297	30.281	30.244	30.21	30.181	30.156	30.126	30.094	30.045	30.015	30.008	29.974	29.952	29.918	29.879	29.853	29.825	29.778	29.754	29.714	29.688	29.637	29.586	29.555	29.527	29.514	29.495	29.471	29.43	29.412	29.388	29.361	29.348	29.323	29.303	29.296	29.285	29.274
34.788	34.67	34.579	34.508	34.445	34.375	34.307	34.215	34.158	34.097	34.044	33.98	33.925	33.869	33.832	33.768	33.725	33.667	33.587	33.515	33.439	33.384	33.337	33.287	33.23	33.175	33.137	33.077	33.018	32.966	32.904	32.855	32.816	32.758	32.714	32.655	32.605	32.542	32.503	32.468	32.417	32.361	32.318	32.267	32.226	32.179	32.121	32.067	32.014	31.971	31.939	31.88	31.833	31.771	31.722	31.664	31.634	31.592	31.551	31.534	31.493	31.457	31.431	31.388	31.351	31.319	31.29	31.242	31.205	31.165	31.132	31.098	31.046	31.009	30.944	30.897	30.856	30.814	30.781	30.741	30.704	30.672	30.633	30.596	30.559	30.522	30.485	30.456	30.424	30.398	30.361	30.325	30.295	30.264	30.232	30.201	30.171	30.135	30.105	30.083	30.068	30.054	30.038	30.016	29.989	29.969	29.932	29.905	29.869	29.834	29.817	29.78	29.749	29.71	29.694	29.659	29.623	29.587	29.543	29.501	29.464	29.434	29.394	29.366	29.324	29.297	29.285	29.241	29.219	29.18	29.155	29.142	29.113	29.081	29.06	29.042	29.021
34.638	34.522	34.437	34.359	34.275	34.199	34.13	34.067	34.012	33.936	33.875	33.812	33.745	33.695	33.654	33.608	33.558	33.511	33.45	33.402	33.314	33.251	33.187	33.12	33.075	33.017	32.968	32.932	32.876	32.823	32.765	32.707	32.644	32.592	32.544	32.502	32.451	32.396	32.354	32.298	32.243	32.193	32.147	32.091	32.048	31.999	31.936	31.884	31.835	31.792	31.743	31.712	31.667	31.616	31.561	31.503	31.469	31.434	31.394	31.35	31.331	31.294	31.26	31.226	31.201	31.164	31.123	31.086	31.05	31.013	30.976	30.962	30.918	30.871	30.818	30.763	30.721	30.677	30.629	30.602	30.562	30.529	30.498	30.459	30.414	30.367	30.341	30.311	30.295	30.257	30.207	30.186	30.149	30.116	30.068	30.036	29.99	29.969	29.936	29.893	29.856	29.851	29.839	29.828	29.818	29.793	29.774	29.734	29.702	29.662	29.656	29.615	29.588	29.557	29.513	29.471	29.429	29.403	29.372	29.35	29.313	29.293	29.263	29.224	29.188	29.132	29.12	29.095	29.073	29.032	28.999	28.981	28.966	28.94	28.904	28.867	28.834
34.471	34.381	34.284	34.192	34.114	34.052	33.974	33.905	33.834	33.78	33.698	33.644	33.591	33.547	33.497	33.451	33.417	33.362	33.293	33.251	33.186	33.138	33.066	33.018	32.963	32.898	32.838	32.781	32.727	32.676	32.631	32.573	32.512	32.464	32.407	32.351	32.312	32.261	32.221	32.163	32.111	32.066	32.018	31.956	31.9	31.839	31.776	31.732	31.684	31.642	31.602	31.549	31.501	31.462	31.423	31.363	31.327	31.292	31.268	31.236	31.191	31.148	31.115	31.087	31.055	31.018	30.98	30.937	30.896	30.855	30.824	30.791	30.773	30.728	30.691	30.649	30.602	30.563	30.518	30.476	30.435	30.394	30.378	30.338	30.317	30.276	30.234	30.201	30.159	30.136	30.089	30.043	30.008	29.974	29.937	29.909	29.864	29.826	29.798	29.754	29.714	29.686	29.669	29.66	29.647	29.631	29.615	29.579	29.554	29.518	29.493	29.474	29.442	29.407	29.374	29.331	29.304	29.273	29.248	29.23	29.208	29.185	29.143	29.118	29.087	29.047	29.007	28.972	28.948	28.913	28.894	28.855	28.84	28.809	28.772	28.737	28.699
34.336	34.238	34.153	34.072	33.983	33.895	33.832	33.754	33.683	33.608	33.544	33.488	33.449	33.407	33.361	33.315	33.269	33.227	33.167	33.108	33.045	33.003	32.959	32.913	32.853	32.795	32.734	32.668	32.61	32.558	32.497	32.452	32.423	32.382	32.323	32.246	32.207	32.146	32.081	32.032	31.973	31.931	31.883	31.826	31.764	31.707	31.659	31.61	31.554	31.491	31.442	31.396	31.356	31.316	31.285	31.23	31.195	31.149	31.131	31.108	31.078	31.023	30.977	30.939	30.89	30.862	30.835	30.803	30.756	30.715	30.681	30.631	30.613	30.584	30.566	30.528	30.49	30.449	30.398	30.363	30.325	30.273	30.255	30.212	30.195	30.147	30.111	30.072	30.035	29.998	29.968	29.927	29.877	29.848	29.815	29.79	29.761	29.716	29.675	29.636	29.596	29.569	29.536	29.507	29.482	29.468	29.468	29.438	29.405	29.367	29.34	29.318	29.289	29.263	29.229	29.202	29.168	29.142	29.114	29.094	29.08	29.056	29.023	28.984	28.964	28.93	28.896	28.853	28.824	28.786	28.755	28.726	28.693	28.658	28.624	28.605	28.579
34.101	34.011	33.963	33.896	33.82	33.749	33.67	33.614	33.553	33.492	33.44	33.368	33.32	33.289	33.238	33.185	33.131	33.079	33.026	32.96	32.905	32.856	32.814	32.766	32.719	32.664	32.617	32.57	32.51	32.464	32.412	32.373	32.323	32.261	32.229	32.181	32.096	32.031	31.977	31.921	31.862	31.807	31.758	31.715	31.666	31.596	31.53	31.485	31.434	31.384	31.325	31.269	31.227	31.192	31.15	31.114	31.074	31.049	31.026	30.986	30.956	30.915	30.881	30.84	30.792	30.758	30.711	30.693	30.663	30.623	30.579	30.543	30.503	30.473	30.439	30.406	30.374	30.351	30.318	30.285	30.25	30.206	30.18	30.146	30.11	30.076	30.048	30.002	29.963	29.92	29.865	29.846	29.804	29.764	29.741	29.711	29.674	29.623	29.594	29.557	29.523	29.503	29.454	29.422	29.391	29.367	29.334	29.31	29.284	29.246	29.223	29.197	29.166	29.147	29.105	29.067	29.037	29.013	28.992	28.977	28.956	28.934	28.906	28.876	28.846	28.824	28.797	28.752	28.729	28.678	28.649	28.611	28.574	28.552	28.525	28.494	28.468
34.009	33.924	33.8	33.742	33.698	33.641	33.563	33.49	33.423	33.348	33.289	33.249	33.198	33.145	33.086	33.041	32.997	32.959	32.921	32.851	32.784	32.745	32.701	32.637	32.604	32.548	32.508	32.471	32.413	32.361	32.327	32.278	32.235	32.181	32.124	32.066	32.013	31.952	31.874	31.808	31.767	31.719	31.669	31.621	31.573	31.523	31.469	31.402	31.347	31.284	31.242	31.194	31.14	31.083	31.041	31.01	30.988	30.943	30.922	30.879	30.841	30.816	30.768	30.745	30.693	30.671	30.619	30.582	30.544	30.511	30.491	30.46	30.423	30.386	30.337	30.311	30.27	30.241	30.2	30.173	30.141	30.12	30.085	30.047	30.005	29.979	29.947	29.915	29.89	29.873	29.818	29.784	29.743	29.71	29.683	29.651	29.61	29.572	29.532	29.502	29.454	29.418	29.397	29.345	29.299	29.25	29.216	29.188	29.163	29.129	29.111	29.085	29.06	29.04	29.014	28.991	28.953	28.923	28.886	28.86	28.834	28.821	28.795	28.767	28.741	28.698	28.681	28.653	28.62	28.586	28.541	28.507	28.476	28.442	28.409	28.376	28.355
33.686	33.694	33.599	33.555	33.487	33.426	33.387	33.33	33.284	33.242	33.19	33.14	33.076	33.027	32.975	32.919	32.864	32.811	32.759	32.699	32.642	32.586	32.545	32.48	32.436	32.412	32.36	32.303	32.256	32.208	32.165	32.107	32.071	32.026	31.973	31.922	31.871	31.815	31.768	31.709	31.647	31.591	31.547	31.508	31.46	31.401	31.355	31.315	31.247	31.207	31.162	31.117	31.056	31.015	30.988	30.916	30.894	30.848	30.82	30.775	30.732	30.701	30.666	30.648	30.602	30.571	30.537	30.494	30.462	30.421	30.397	30.364	30.322	30.29	30.25	30.229	30.188	30.145	30.108	30.073	30.034	30.001	29.97	29.94	29.916	29.878	29.851	29.823	29.788	29.745	29.716	29.682	29.652	29.636	29.599	29.555	29.519	29.499	29.466	29.416	29.391	29.345	29.318	29.287	29.254	29.197	29.152	29.107	29.076	29.034	29.005	28.992	28.974	28.939	28.913	28.896	28.868	28.854	28.83	28.809	28.774	28.754	28.722	28.674	28.644	28.617	28.581	28.554	28.512	28.501	28.471	28.447	28.406	28.368	28.337	28.31	28.281
33.597	33.585	33.479	33.443	33.384	33.321	33.277	33.217	33.159	33.107	33.04	32.997	32.947	32.893	32.841	32.793	32.758	32.7	32.65	32.585	32.533	32.457	32.414	32.359	32.304	32.253	32.2	32.153	32.114	32.06	32.029	31.98	31.925	31.875	31.811	31.762	31.707	31.682	31.647	31.616	31.565	31.507	31.466	31.413	31.368	31.324	31.271	31.216	31.162	31.121	31.068	31.016	30.964	30.914	30.876	30.817	30.8	30.743	30.72	30.673	30.627	30.606	30.565	30.525	30.512	30.471	30.44	30.41	30.39	30.353	30.317	30.289	30.239	30.208	30.171	30.129	30.096	30.058	30.02	29.984	29.959	29.915	29.884	29.864	29.834	29.806	29.778	29.745	29.709	29.669	29.639	29.583	29.555	29.528	29.508	29.489	29.467	29.433	29.4	29.361	29.328	29.275	29.248	29.221	29.179	29.152	29.108	29.068	29.028	28.988	28.959	28.935	28.918	28.887	28.873	28.831	28.801	28.781	28.752	28.749	28.731	28.715	28.685	28.652	28.614	28.577	28.54	28.503	28.484	28.452	28.434	28.38	28.352	28.312	28.285	28.245	28.225
33.404	33.371	33.31	33.266	33.243	33.183	33.142	33.091	33.055	33.006	32.95	32.893	32.823	32.767	32.72	32.675	32.639	32.584	32.538	32.463	32.395	32.32	32.265	32.223	32.177	32.124	32.067	32.024	31.99	31.962	31.928	31.871	31.818	31.753	31.698	31.64	31.595	31.564	31.521	31.477	31.448	31.419	31.39	31.346	31.29	31.246	31.185	31.147	31.088	31.037	30.991	30.935	30.889	30.822	30.77	30.723	30.691	30.66	30.625	30.603	30.554	30.522	30.479	30.437	30.398	30.355	30.329	30.294	30.273	30.246	30.229	30.186	30.156	30.114	30.092	30.051	30.028	29.983	29.94	29.909	29.869	29.824	29.782	29.764	29.738	29.709	29.679	29.634	29.605	29.573	29.528	29.489	29.458	29.442	29.415	29.406	29.382	29.363	29.331	29.296	29.268	29.222	29.188	29.151	29.12	29.075	29.035	28.992	28.965	28.921	28.894	28.866	28.835	28.819	28.788	28.773	28.739	28.718	28.681	28.655	28.635	28.622	28.604	28.596	28.562	28.526	28.49	28.448	28.428	28.396	28.367	28.339	28.296	28.266	28.227	28.198	28.175
33.269	33.214	33.176	33.11	33.075	33.052	33.007	32.956	32.91	32.863	32.826	32.766	32.71	32.643	32.588	32.541	32.498	32.446	32.412	32.367	32.311	32.254	32.184	32.114	32.082	32.037	31.984	31.935	31.878	31.837	31.806	31.769	31.718	31.664	31.607	31.538	31.462	31.432	31.392	31.374	31.351	31.303	31.282	31.249	31.189	31.144	31.094	31.058	30.994	30.937	30.89	30.84	30.791	30.741	30.692	30.646	30.625	30.596	30.556	30.532	30.501	30.454	30.428	30.391	30.335	30.282	30.242	30.215	30.164	30.135	30.122	30.094	30.071	30.023	29.981	29.942	29.913	29.877	29.839	29.8	29.761	29.735	29.691	29.665	29.634	29.622	29.578	29.536	29.503	29.474	29.435	29.415	29.389	29.37	29.353	29.324	29.302	29.264	29.234	29.2	29.175	29.148	29.114	29.08	29.034	29.001	28.968	28.934	28.904	28.865	28.845	28.81	28.781	28.753	28.734	28.698	28.675	28.635	28.598	28.572	28.54	28.532	28.499	28.501	28.485	28.449	28.425	28.388	28.368	28.346	28.331	28.288	28.252	28.21	28.179	28.14	28.117
33.128	33.061	33.024	32.96	32.926	32.908	32.881	32.833	32.781	32.721	32.68	32.643	32.594	32.541	32.48	32.424	32.394	32.339	32.301	32.278	32.223	32.171	32.096	32.044	32	31.953	31.882	31.842	31.77	31.714	31.676	31.636	31.604	31.577	31.527	31.475	31.421	31.354	31.297	31.274	31.246	31.218	31.19	31.147	31.096	31.063	31.011	30.98	30.923	30.871	30.828	30.767	30.727	30.674	30.622	30.596	30.544	30.525	30.491	30.454	30.424	30.374	30.338	30.301	30.259	30.235	30.193	30.153	30.122	30.075	30.03	29.985	29.948	29.919	29.885	29.856	29.811	29.785	29.763	29.731	29.692	29.663	29.618	29.59	29.563	29.532	29.508	29.469	29.437	29.409	29.365	29.344	29.308	29.306	29.267	29.243	29.21	29.197	29.161	29.124	29.085	29.047	29.015	28.984	28.955	28.921	28.9	28.876	28.856	28.822	28.796	28.763	28.725	28.687	28.655	28.635	28.591	28.548	28.515	28.485	28.462	28.434	28.421	28.397	28.397	28.363	28.355	28.318	28.292	28.276	28.252	28.226	28.196	28.169	28.136	28.106	28.071
32.921	32.889	32.84	32.803	32.777	32.729	32.701	32.66	32.619	32.594	32.539	32.513	32.467	32.418	32.388	32.345	32.292	32.23	32.171	32.132	32.11	32.062	32.016	31.951	31.911	31.87	31.814	31.753	31.724	31.663	31.617	31.557	31.507	31.464	31.412	31.359	31.314	31.272	31.232	31.182	31.164	31.116	31.086	31.055	31.009	30.967	30.928	30.887	30.845	30.797	30.757	30.708	30.66	30.624	30.567	30.535	30.473	30.425	30.381	30.346	30.309	30.27	30.236	30.201	30.162	30.136	30.101	30.065	30.022	29.983	29.952	29.92	29.869	29.819	29.794	29.764	29.755	29.721	29.698	29.666	29.632	29.594	29.548	29.513	29.473	29.425	29.403	29.384	29.34	29.324	29.273	29.25	29.233	29.204	29.184	29.16	29.125	29.094	29.061	29.024	28.985	28.961	28.917	28.9	28.866	28.845	28.816	28.803	28.778	28.751	28.731	28.697	28.658	28.617	28.573	28.529	28.501	28.472	28.434	28.405	28.382	28.367	28.339	28.32	28.297	28.279	28.26	28.237	28.224	28.195	28.181	28.143	28.132	28.096	28.085	28.05	28.019
32.752	32.75	32.674	32.641	32.59	32.547	32.51	32.467	32.417	32.392	32.344	32.31	32.273	32.229	32.207	32.167	32.133	32.087	32.037	31.993	31.966	31.934	31.901	31.858	31.809	31.757	31.708	31.64	31.605	31.562	31.523	31.468	31.411	31.356	31.303	31.242	31.196	31.142	31.108	31.066	31.055	31.015	30.971	30.941	30.89	30.833	30.8	30.758	30.726	30.68	30.648	30.597	30.552	30.522	30.475	30.436	30.383	30.337	30.287	30.236	30.196	30.156	30.124	30.084	30.036	30.02	29.986	29.941	29.895	29.863	29.817	29.788	29.767	29.719	29.7	29.666	29.662	29.64	29.613	29.585	29.545	29.513	29.485	29.439	29.381	29.351	29.325	29.286	29.251	29.213	29.185	29.137	29.107	29.085	29.069	29.058	29.018	28.991	28.957	28.927	28.892	28.87	28.843	28.816	28.787	28.754	28.733	28.698	28.669	28.638	28.606	28.59	28.552	28.523	28.488	28.447	28.412	28.386	28.35	28.318	28.295	28.269	28.249	28.218	28.189	28.16	28.134	28.114	28.09	28.074	28.061	28.045	28.037	28.026	27.983	27.965	27.924
32.576	32.541	32.487	32.441	32.391	32.342	32.304	32.271	32.232	32.216	32.199	32.178	32.145	32.107	32.065	32.04	32.007	31.955	31.901	31.852	31.804	31.782	31.745	31.719	31.695	31.648	31.594	31.542	31.5	31.461	31.403	31.364	31.304	31.258	31.205	31.149	31.123	31.052	31.026	30.981	30.964	30.94	30.893	30.826	30.772	30.723	30.708	30.655	30.627	30.588	30.55	30.527	30.49	30.457	30.409	30.345	30.3	30.247	30.206	30.153	30.103	30.057	30.012	29.995	29.968	29.921	29.907	29.885	29.844	29.803	29.758	29.71	29.692	29.642	29.62	29.593	29.568	29.551	29.522	29.491	29.468	29.429	29.406	29.374	29.337	29.301	29.247	29.218	29.183	29.134	29.1	29.063	29.031	29.012	28.986	28.952	28.94	28.913	28.876	28.848	28.81	28.78	28.752	28.727	28.691	28.672	28.634	28.596	28.564	28.527	28.506	28.479	28.465	28.432	28.408	28.371	28.333	28.307	28.277	28.235	28.21	28.184	28.157	28.143	28.113	28.085	28.059	28.024	27.991	27.96	27.954	27.936	27.94	27.928	27.903	27.885	27.85
32.514	32.422	32.374	32.319	32.266	32.219	32.162	32.109	32.083	32.043	32.032	32.004	31.964	31.938	31.904	31.866	31.838	31.809	31.78	31.734	31.696	31.671	31.634	31.594	31.558	31.533	31.482	31.438	31.382	31.368	31.327	31.282	31.228	31.161	31.11	31.05	31.019	30.988	30.952	30.907	30.862	30.823	30.784	30.745	30.716	30.652	30.603	30.564	30.523	30.499	30.461	30.426	30.387	30.344	30.302	30.246	30.186	30.142	30.111	30.07	30.031	29.986	29.957	29.907	29.861	29.815	29.792	29.773	29.735	29.704	29.672	29.639	29.602	29.558	29.524	29.509	29.466	29.443	29.42	29.396	29.362	29.334	29.316	29.289	29.249	29.218	29.165	29.103	29.072	29.028	28.985	28.958	28.932	28.904	28.878	28.854	28.829	28.809	28.777	28.745	28.702	28.671	28.646	28.616	28.58	28.555	28.53	28.495	28.462	28.428	28.406	28.368	28.341	28.309	28.28	28.254	28.227	28.199	28.172	28.134	28.114	28.079	28.063	28.053	28.028	27.99	27.969	27.927	27.902	27.859	27.842	27.824	27.818	27.812	27.779	27.766	27.737
32.302	32.266	32.232	32.162	32.106	32.062	32.011	31.964	31.915	31.888	31.879	31.86	31.836	31.786	31.76	31.729	31.693	31.671	31.652	31.627	31.592	31.547	31.517	31.47	31.418	31.374	31.328	31.315	31.275	31.243	31.21	31.189	31.145	31.081	31.037	30.981	30.932	30.892	30.826	30.809	30.761	30.726	30.701	30.653	30.605	30.561	30.532	30.498	30.454	30.415	30.384	30.341	30.303	30.266	30.204	30.158	30.12	30.071	30.028	30.001	29.962	29.934	29.898	29.846	29.799	29.76	29.721	29.701	29.671	29.633	29.595	29.554	29.515	29.5	29.464	29.446	29.412	29.368	29.339	29.317	29.283	29.256	29.221	29.209	29.173	29.134	29.073	29.018	28.973	28.944	28.91	28.866	28.846	28.822	28.806	28.789	28.757	28.748	28.715	28.68	28.639	28.607	28.579	28.55	28.54	28.509	28.466	28.433	28.404	28.376	28.34	28.302	28.255	28.227	28.198	28.17	28.146	28.126	28.088	28.065	28.044	28.024	28.014	27.992	27.976	27.942	27.914	27.866	27.844	27.814	27.781	27.768	27.739	27.725	27.716	27.68	27.662
32.265	32.199	32.153	32.123	32.055	31.984	31.916	31.858	31.813	31.759	31.718	31.684	31.667	31.632	31.588	31.563	31.537	31.521	31.491	31.46	31.482	31.422	31.395	31.345	31.305	31.273	31.229	31.194	31.146	31.13	31.101	31.068	31.023	30.993	30.941	30.903	30.839	30.802	30.744	30.699	30.651	30.626	30.598	30.564	30.525	30.484	30.439	30.423	30.385	30.357	30.319	30.278	30.234	30.188	30.144	30.083	30.039	29.999	29.94	29.912	29.883	29.843	29.811	29.778	29.726	29.685	29.644	29.603	29.572	29.539	29.505	29.48	29.442	29.416	29.398	29.371	29.34	29.309	29.278	29.236	29.214	29.184	29.137	29.097	29.085	29.063	29.015	28.971	28.905	28.855	28.816	28.77	28.754	28.738	28.722	28.696	28.683	28.647	28.627	28.591	28.558	28.532	28.51	28.497	28.468	28.429	28.393	28.366	28.331	28.301	28.247	28.229	28.189	28.151	28.114	28.081	28.058	28.046	28.015	27.997	27.966	27.954	27.915	27.904	27.887	27.858	27.829	27.793	27.768	27.743	27.718	27.697	27.685	27.65	27.627	27.585	27.554
32.106	32.073	31.994	31.963	31.917	31.86	31.798	31.743	31.681	31.616	31.589	31.534	31.498	31.454	31.424	31.387	31.37	31.35	31.336	31.276	31.268	31.225	31.219	31.186	31.144	31.114	31.073	31.048	31.012	30.956	30.942	30.904	30.868	30.833	30.797	30.769	30.712	30.68	30.613	30.574	30.521	30.486	30.464	30.438	30.413	30.402	30.351	30.329	30.295	30.25	30.229	30.193	30.155	30.095	30.043	29.987	29.92	29.869	29.842	29.792	29.736	29.715	29.7	29.679	29.649	29.598	29.566	29.519	29.494	29.46	29.415	29.381	29.359	29.335	29.31	29.286	29.241	29.219	29.19	29.154	29.112	29.065	29.035	28.987	28.963	28.921	28.9	28.849	28.812	28.739	28.705	28.661	28.637	28.614	28.595	28.588	28.575	28.556	28.507	28.498	28.452	28.434	28.412	28.386	28.378	28.327	28.304	28.26	28.212	28.172	28.127	28.1	28.06	28.037	28.001	27.976	27.955	27.935	27.902	27.893	27.865	27.835	27.817	27.775	27.76	27.721	27.705	27.678	27.635	27.618	27.587	27.572	27.562	27.549	27.515	27.473	27.448
31.998	31.975	31.899	31.833	31.771	31.704	31.667	31.609	31.566	31.485	31.447	31.407	31.339	31.304	31.242	31.222	31.201	31.17	31.159	31.133	31.117	31.061	31.042	31.021	30.998	30.965	30.934	30.885	30.859	30.81	30.794	30.762	30.721	30.698	30.644	30.62	30.579	30.539	30.489	30.444	30.419	30.383	30.356	30.325	30.309	30.3	30.274	30.239	30.187	30.148	30.106	30.086	30.04	29.986	29.941	29.883	29.846	29.769	29.736	29.688	29.663	29.622	29.59	29.554	29.55	29.522	29.494	29.45	29.397	29.378	29.327	29.302	29.258	29.217	29.206	29.18	29.14	29.104	29.085	29.05	29.016	28.967	28.916	28.882	28.839	28.809	28.763	28.722	28.673	28.625	28.579	28.55	28.527	28.492	28.479	28.446	28.43	28.402	28.384	28.358	28.321	28.303	28.271	28.254	28.231	28.212	28.17	28.141	28.084	28.044	27.998	27.969	27.943	27.899	27.879	27.847	27.813	27.792	27.767	27.759	27.725	27.702	27.66	27.645	27.611	27.604	27.562	27.535	27.503	27.478	27.462	27.441	27.431	27.396	27.381	27.349	27.319
31.858	31.874	31.761	31.73	31.655	31.59	31.534	31.477	31.427	31.378	31.31	31.286	31.204	31.161	31.116	31.064	31.047	31.006	31.006	30.978	30.977	30.927	30.886	30.867	30.829	30.801	30.763	30.723	30.721	30.676	30.664	30.633	30.61	30.577	30.549	30.503	30.456	30.414	30.383	30.331	30.295	30.251	30.219	30.188	30.164	30.145	30.127	30.099	30.057	30.022	29.988	29.948	29.925	29.887	29.846	29.787	29.757	29.694	29.642	29.613	29.559	29.536	29.52	29.49	29.465	29.427	29.402	29.355	29.318	29.272	29.241	29.189	29.157	29.127	29.089	29.058	29.023	29.01	28.974	28.962	28.924	28.874	28.818	28.783	28.731	28.679	28.634	28.607	28.55	28.506	28.468	28.432	28.414	28.376	28.34	28.313	28.278	28.262	28.239	28.217	28.191	28.164	28.144	28.104	28.097	28.065	28.052	28.025	27.983	27.93	27.889	27.849	27.814	27.794	27.75	27.71	27.667	27.632	27.604	27.597	27.579	27.541	27.52	27.485	27.476	27.46	27.434	27.394	27.37	27.338	27.316	27.304	27.268	27.246	27.227	27.207	27.178
31.677	31.708	31.606	31.577	31.52	31.445	31.406	31.332	31.283	31.24	31.168	31.157	31.081	31.055	30.997	30.961	30.923	30.876	30.854	30.82	30.811	30.769	30.743	30.714	30.682	30.634	30.624	30.569	30.557	30.537	30.522	30.503	30.465	30.453	30.414	30.392	30.358	30.295	30.275	30.227	30.164	30.117	30.07	30.03	30.014	29.986	29.953	29.939	29.906	29.878	29.828	29.801	29.768	29.738	29.718	29.672	29.633	29.595	29.542	29.509	29.457	29.424	29.397	29.373	29.335	29.323	29.282	29.236	29.194	29.158	29.119	29.086	29.044	29.025	28.987	28.951	28.917	28.869	28.851	28.811	28.778	28.741	28.698	28.651	28.615	28.562	28.525	28.5	28.451	28.393	28.358	28.319	28.294	28.272	28.231	28.198	28.17	28.117	28.092	28.066	28.054	28.022	27.995	27.98	27.95	27.934	27.897	27.888	27.853	27.803	27.778	27.735	27.699	27.64	27.619	27.576	27.542	27.519	27.481	27.431	27.404	27.383	27.354	27.337	27.307	27.303	27.29	27.256	27.24	27.198	27.184	27.163	27.149	27.114	27.088	27.066	27.033
31.488	31.569	31.47	31.437	31.388	31.327	31.266	31.228	31.157	31.123	31.023	30.995	30.941	30.911	30.89	30.849	30.811	30.746	30.722	30.673	30.643	30.631	30.597	30.572	30.533	30.495	30.452	30.437	30.414	30.408	30.403	30.382	30.344	30.31	30.278	30.237	30.227	30.193	30.155	30.117	30.06	30.011	29.953	29.912	29.868	29.827	29.782	29.756	29.723	29.702	29.673	29.642	29.613	29.563	29.529	29.514	29.474	29.455	29.388	29.365	29.327	29.285	29.234	29.216	29.178	29.179	29.149	29.11	29.081	29.02	28.989	28.96	28.939	28.905	28.866	28.836	28.802	28.754	28.693	28.663	28.62	28.58	28.543	28.517	28.488	28.431	28.393	28.345	28.325	28.28	28.23	28.196	28.158	28.135	28.114	28.084	28.038	27.991	27.939	27.896	27.873	27.854	27.835	27.814	27.792	27.756	27.748	27.713	27.685	27.641	27.613	27.586	27.543	27.509	27.458	27.435	27.393	27.361	27.334	27.295	27.269	27.217	27.191	27.175	27.164	27.131	27.124	27.096	27.073	27.064	27.032	27.015	26.993	26.987	26.944	26.926	26.899
31.33	31.322	31.29	31.247	31.235	31.193	31.142	31.088	31.039	30.995	30.941	30.892	30.861	30.83	30.794	30.765	30.729	30.688	30.622	30.563	30.521	30.48	30.436	30.397	30.371	30.334	30.3	30.271	30.252	30.263	30.238	30.21	30.181	30.158	30.125	30.088	30.043	30.025	30.005	29.983	29.961	29.911	29.85	29.789	29.745	29.697	29.646	29.593	29.559	29.54	29.502	29.469	29.44	29.418	29.37	29.341	29.332	29.298	29.273	29.225	29.181	29.139	29.087	29.05	29.017	29.012	28.992	28.963	28.932	28.896	28.855	28.824	28.782	28.751	28.727	28.687	28.658	28.627	28.567	28.532	28.499	28.442	28.407	28.383	28.35	28.312	28.272	28.219	28.172	28.141	28.094	28.057	28.016	27.979	27.954	27.946	27.925	27.871	27.821	27.766	27.724	27.709	27.661	27.65	27.623	27.605	27.573	27.543	27.502	27.445	27.424	27.401	27.366	27.326	27.298	27.256	27.236	27.195	27.179	27.157	27.126	27.102	27.071	27.039	27.001	26.984	26.936	26.932	26.905	26.883	26.875	26.849	26.84	26.824	26.81	26.761	26.736
31.257	31.177	31.183	31.136	31.126	31.084	31.031	31.003	30.938	30.866	30.824	30.765	30.722	30.673	30.637	30.594	30.552	30.521	30.469	30.435	30.362	30.321	30.312	30.257	30.212	30.17	30.124	30.094	30.054	30.071	30.076	30.069	30.03	29.983	29.944	29.923	29.881	29.853	29.825	29.802	29.786	29.759	29.713	29.648	29.592	29.542	29.467	29.42	29.378	29.324	29.305	29.276	29.231	29.198	29.149	29.116	29.098	29.069	29.071	29.049	29	28.959	28.908	28.862	28.809	28.791	28.758	28.74	28.724	28.689	28.651	28.618	28.587	28.527	28.517	28.497	28.466	28.434	28.401	28.354	28.329	28.285	28.234	28.193	28.171	28.147	28.107	28.063	28.009	27.96	27.901	27.874	27.831	27.796	27.757	27.73	27.72	27.697	27.65	27.605	27.545	27.525	27.485	27.452	27.428	27.418	27.4	27.369	27.33	27.277	27.24	27.213	27.181	27.141	27.095	27.049	27.029	27.009	26.971	26.952	26.936	26.91	26.878	26.852	26.817	26.797	26.763	26.721	26.71	26.678	26.662	26.643	26.622	26.605	26.589	26.555	26.506
31.024	30.997	30.994	30.955	30.926	30.927	30.898	30.881	30.834	30.786	30.719	30.653	30.644	30.574	30.539	30.491	30.446	30.39	30.326	30.288	30.236	30.187	30.142	30.1	30.075	30.041	29.993	29.948	29.9	29.893	29.89	29.896	29.897	29.872	29.846	29.796	29.76	29.721	29.689	29.67	29.626	29.592	29.572	29.527	29.478	29.431	29.372	29.281	29.237	29.177	29.136	29.111	29.087	29.063	29.003	28.954	28.94	28.907	28.867	28.851	28.806	28.762	28.734	28.693	28.659	28.626	28.58	28.547	28.525	28.505	28.481	28.445	28.424	28.379	28.337	28.316	28.298	28.28	28.241	28.204	28.159	28.123	28.087	28.032	28.022	27.971	27.941	27.895	27.863	27.817	27.766	27.722	27.684	27.656	27.634	27.607	27.589	27.559	27.518	27.488	27.44	27.408	27.375	27.334	27.291	27.257	27.244	27.22	27.186	27.142	27.085	27.062	27.03	26.99	26.964	26.925	26.885	26.856	26.815	26.79	26.785	26.75	26.734	26.701	26.667	26.627	26.6	26.556	26.515	26.503	26.472	26.463	26.456	26.437	26.415	26.408	26.345
30.917	30.876	30.862	30.827	30.809	30.773	30.765	30.726	30.707	30.656	30.612	30.545	30.483	30.453	30.402	30.362	30.308	30.267	30.201	30.136	30.105	30.07	30.033	30.003	29.975	29.916	29.884	29.816	29.755	29.732	29.701	29.697	29.67	29.666	29.659	29.644	29.631	29.599	29.572	29.531	29.502	29.454	29.425	29.379	29.35	29.288	29.23	29.146	29.086	29.04	28.983	28.94	28.893	28.87	28.834	28.791	28.755	28.707	28.673	28.637	28.617	28.571	28.547	28.51	28.455	28.433	28.406	28.375	28.324	28.296	28.281	28.244	28.204	28.19	28.163	28.114	28.108	28.083	28.067	28.039	28.011	27.956	27.916	27.858	27.835	27.801	27.76	27.737	27.67	27.642	27.591	27.56	27.531	27.486	27.477	27.429	27.408	27.379	27.34	27.31	27.278	27.256	27.222	27.192	27.155	27.119	27.065	27.04	27.016	26.972	26.934	26.897	26.87	26.833	26.8	26.769	26.751	26.71	26.683	26.628	26.615	26.606	26.561	26.542	26.516	26.485	26.424	26.388	26.344	26.298	26.302	26.265	26.264	26.244	26.216	26.192	26.164
30.749	30.705	30.685	30.679	30.638	30.638	30.575	30.551	30.509	30.477	30.464	30.421	30.38	30.32	30.285	30.201	30.167	30.105	30.072	30.041	29.983	29.945	29.894	29.873	29.834	29.815	29.781	29.733	29.67	29.613	29.565	29.531	29.506	29.488	29.485	29.453	29.442	29.423	29.405	29.384	29.341	29.323	29.268	29.227	29.182	29.119	29.067	29.027	28.986	28.923	28.874	28.814	28.788	28.719	28.669	28.63	28.582	28.555	28.502	28.479	28.443	28.405	28.367	28.331	28.298	28.279	28.241	28.208	28.175	28.131	28.103	28.054	28.015	27.981	27.972	27.941	27.91	27.894	27.862	27.844	27.813	27.781	27.745	27.686	27.669	27.628	27.602	27.56	27.513	27.468	27.444	27.398	27.37	27.338	27.3	27.273	27.236	27.22	27.174	27.144	27.099	27.076	27.073	27.038	27.014	26.958	26.918	26.864	26.841	26.798	26.766	26.728	26.677	26.656	26.614	26.606	26.568	26.543	26.504	26.473	26.45	26.407	26.394	26.359	26.349	26.3	26.244	26.207	26.179	26.145	26.129	26.099	26.061	26.055	26.037	26.012	25.983
30.632	30.603	30.603	30.564	30.557	30.506	30.51	30.434	30.399	30.351	30.332	30.301	30.27	30.226	30.143	30.103	30.006	29.946	29.891	29.861	29.836	29.818	29.794	29.732	29.737	29.669	29.652	29.601	29.554	29.527	29.449	29.427	29.382	29.369	29.335	29.326	29.296	29.261	29.25	29.24	29.218	29.185	29.155	29.09	29.049	28.987	28.935	28.898	28.862	28.808	28.746	28.722	28.673	28.637	28.575	28.521	28.476	28.418	28.377	28.33	28.304	28.253	28.222	28.175	28.129	28.096	28.058	28.049	28.012	27.987	27.944	27.91	27.868	27.822	27.79	27.758	27.734	27.694	27.669	27.634	27.629	27.586	27.57	27.523	27.493	27.467	27.422	27.405	27.358	27.318	27.292	27.258	27.234	27.194	27.171	27.122	27.097	27.052	27.018	26.976	26.94	26.919	26.884	26.855	26.811	26.798	26.755	26.706	26.656	26.594	26.558	26.531	26.508	26.453	26.437	26.392	26.384	26.347	26.324	26.281	26.244	26.218	26.172	26.155	26.12	26.098	26.065	26.021	26.012	25.971	25.953	25.922	25.893	25.841	25.841	25.827	25.801
30.525	30.485	30.453	30.434	30.412	30.426	30.376	30.354	30.286	30.247	30.205	30.178	30.144	30.094	30.043	29.959	29.923	29.836	29.781	29.736	29.696	29.679	29.622	29.619	29.569	29.533	29.494	29.468	29.415	29.408	29.359	29.324	29.292	29.248	29.22	29.182	29.158	29.125	29.091	29.078	29.06	29.045	29.026	28.997	28.925	28.87	28.796	28.737	28.702	28.642	28.612	28.553	28.527	28.489	28.452	28.4	28.356	28.314	28.26	28.22	28.154	28.12	28.066	28.038	27.977	27.934	27.9	27.86	27.848	27.812	27.795	27.733	27.711	27.663	27.61	27.595	27.564	27.546	27.488	27.466	27.428	27.405	27.37	27.333	27.304	27.271	27.24	27.21	27.185	27.143	27.118	27.075	27.045	27.038	27.011	26.991	26.936	26.907	26.851	26.8	26.759	26.73	26.701	26.661	26.639	26.57	26.547	26.484	26.441	26.391	26.334	26.32	26.271	26.25	26.198	26.19	26.154	26.131	26.095	26.04	26.022	25.98	25.956	25.913	25.898	25.866	25.857	25.829	25.813	25.79	25.761	25.749	25.711	25.682	25.641	25.629	25.602
30.378	30.343	30.326	30.299	30.256	30.247	30.223	30.182	30.131	30.101	30.085	30.038	30.018	29.963	29.901	29.839	29.783	29.737	29.656	29.625	29.59	29.549	29.492	29.46	29.424	29.396	29.347	29.332	29.275	29.249	29.226	29.199	29.178	29.146	29.11	29.069	29.037	28.993	28.955	28.941	28.918	28.897	28.871	28.834	28.779	28.716	28.672	28.603	28.548	28.48	28.425	28.394	28.338	28.315	28.283	28.252	28.216	28.175	28.122	28.085	28.036	27.998	27.946	27.896	27.861	27.826	27.774	27.717	27.687	27.634	27.601	27.563	27.521	27.502	27.464	27.429	27.381	27.347	27.308	27.259	27.226	27.199	27.161	27.141	27.101	27.082	27.041	27.017	26.981	26.943	26.9	26.876	26.854	26.838	26.795	26.77	26.735	26.696	26.668	26.617	26.574	26.546	26.485	26.47	26.419	26.376	26.334	26.284	26.234	26.195	26.145	26.12	26.066	26.027	25.988	25.959	25.942	25.909	25.881	25.833	25.805	25.78	25.751	25.724	25.706	25.68	25.649	25.635	25.608	25.593	25.567	25.553	25.527	25.503	25.469	25.458	25.438
30.246	30.214	30.165	30.14	30.099	30.079	30.071	30.046	30.023	29.962	29.941	29.885	29.87	29.818	29.77	29.725	29.635	29.611	29.539	29.513	29.477	29.42	29.393	29.347	29.296	29.272	29.243	29.218	29.175	29.145	29.105	29.074	29.047	28.999	28.982	28.949	28.913	28.87	28.846	28.819	28.783	28.758	28.709	28.694	28.639	28.581	28.543	28.461	28.401	28.327	28.251	28.218	28.185	28.174	28.14	28.116	28.061	28.031	27.991	27.935	27.906	27.871	27.826	27.788	27.739	27.706	27.65	27.594	27.539	27.463	27.439	27.409	27.398	27.353	27.324	27.277	27.238	27.2	27.13	27.086	27.031	26.995	26.957	26.939	26.933	26.889	26.872	26.824	26.781	26.754	26.713	26.689	26.646	26.619	26.586	26.552	26.537	26.486	26.455	26.406	26.367	26.339	26.305	26.287	26.225	26.175	26.111	26.078	26.029	25.985	25.964	25.911	25.878	25.834	25.796	25.775	25.753	25.724	25.686	25.668	25.627	25.623	25.599	25.565	25.551	25.511	25.465	25.456	25.43	25.421	25.403	25.393	25.348	25.323	25.304	25.286	25.278
30.035	30	29.987	29.934	29.902	29.886	29.857	29.858	29.827	29.799	29.774	29.728	29.724	29.679	29.656	29.61	29.55	29.505	29.461	29.405	29.341	29.304	29.249	29.215	29.176	29.154	29.133	29.101	29.053	28.995	28.985	28.958	28.92	28.881	28.834	28.808	28.788	28.73	28.712	28.677	28.653	28.624	28.593	28.514	28.469	28.418	28.363	28.318	28.257	28.198	28.128	28.073	28.034	28.008	27.996	27.958	27.942	27.925	27.887	27.846	27.791	27.746	27.695	27.689	27.64	27.596	27.558	27.49	27.423	27.373	27.321	27.275	27.233	27.21	27.158	27.122	27.085	27.025	26.986	26.931	26.892	26.829	26.798	26.77	26.75	26.724	26.68	26.656	26.606	26.59	26.536	26.505	26.47	26.432	26.428	26.391	26.364	26.304	26.255	26.217	26.186	26.149	26.127	26.087	26.06	26.004	25.953	25.9	25.86	25.816	25.761	25.73	25.701	25.668	25.645	25.599	25.583	25.549	25.544	25.526	25.51	25.478	25.459	25.428	25.385	25.362	25.317	25.281	25.269	25.252	25.234	25.223	25.212	25.167	25.15	25.131	25.111
29.89	29.867	29.837	29.806	29.751	29.713	29.685	29.667	29.633	29.605	29.593	29.554	29.524	29.491	29.468	29.431	29.391	29.342	29.297	29.274	29.244	29.204	29.161	29.124	29.094	29.053	29.023	28.983	28.952	28.927	28.851	28.803	28.753	28.738	28.702	28.666	28.644	28.622	28.572	28.551	28.515	28.463	28.418	28.354	28.296	28.242	28.195	28.156	28.114	28.07	27.996	27.936	27.885	27.853	27.838	27.801	27.779	27.78	27.764	27.725	27.675	27.63	27.584	27.574	27.522	27.473	27.43	27.38	27.306	27.234	27.197	27.16	27.102	27.055	27.01	26.956	26.927	26.892	26.845	26.805	26.741	26.672	26.643	26.609	26.582	26.556	26.51	26.477	26.438	26.427	26.396	26.345	26.314	26.278	26.245	26.216	26.185	26.143	26.098	26.052	26.013	25.96	25.951	25.924	25.89	25.846	25.798	25.753	25.726	25.7	25.64	25.592	25.561	25.516	25.492	25.463	25.436	25.423	25.404	25.38	25.384	25.36	25.323	25.286	25.25	25.205	25.18	25.141	25.114	25.11	25.089	25.058	25.047	25.021	25.012	24.987	24.961
29.676	29.659	29.632	29.612	29.554	29.522	29.477	29.431	29.417	29.37	29.34	29.311	29.291	29.303	29.26	29.242	29.231	29.182	29.152	29.138	29.125	29.087	29.042	28.987	28.948	28.902	28.886	28.847	28.804	28.793	28.741	28.709	28.662	28.599	28.582	28.543	28.508	28.511	28.455	28.421	28.363	28.312	28.261	28.201	28.161	28.088	28.045	28	27.956	27.924	27.87	27.83	27.757	27.725	27.705	27.689	27.667	27.638	27.628	27.604	27.573	27.521	27.486	27.412	27.403	27.359	27.313	27.282	27.235	27.172	27.112	27.056	27.016	26.958	26.918	26.87	26.808	26.797	26.739	26.693	26.652	26.575	26.498	26.444	26.425	26.387	26.358	26.318	26.267	26.244	26.207	26.184	26.148	26.115	26.066	26.045	26.016	25.975	25.944	25.907	25.874	25.824	25.788	25.759	25.727	25.694	25.652	25.624	25.581	25.567	25.541	25.495	25.466	25.431	25.373	25.358	25.334	25.328	25.299	25.293	25.26	25.253	25.233	25.187	25.147	25.094	25.052	25.028	24.998	24.99	24.96	24.94	24.907	24.884	24.876	24.862	24.84
29.5	29.466	29.464	29.411	29.384	29.348	29.316	29.286	29.213	29.185	29.143	29.114	29.078	29.055	29.056	29.027	29.028	28.979	28.955	28.95	28.914	28.904	28.877	28.855	28.817	28.776	28.755	28.716	28.698	28.663	28.613	28.575	28.541	28.484	28.432	28.404	28.346	28.326	28.322	28.281	28.245	28.175	28.129	28.035	27.984	27.951	27.891	27.854	27.797	27.754	27.698	27.638	27.606	27.574	27.559	27.525	27.504	27.477	27.445	27.441	27.392	27.349	27.321	27.268	27.233	27.175	27.161	27.117	27.064	27.016	26.951	26.903	26.859	26.824	26.765	26.735	26.678	26.644	26.611	26.558	26.511	26.437	26.36	26.3	26.238	26.214	26.161	26.135	26.084	26.051	26.029	25.988	25.967	25.952	25.909	25.866	25.819	25.793	25.762	25.727	25.687	25.652	25.619	25.575	25.562	25.519	25.495	25.471	25.442	25.417	25.379	25.357	25.312	25.286	25.235	25.193	25.196	25.172	25.168	25.141	25.108	25.097	25.071	25.045	25.005	24.976	24.905	24.871	24.851	24.818	24.796	24.754	24.732	24.726	24.708	24.706	24.682
29.239	29.239	29.196	29.181	29.159	29.121	29.093	29.038	29.021	28.97	28.943	28.913	28.9	28.88	28.843	28.854	28.823	28.812	28.76	28.734	28.735	28.707	28.705	28.651	28.631	28.619	28.567	28.577	28.538	28.523	28.514	28.448	28.423	28.379	28.34	28.274	28.24	28.179	28.144	28.118	28.06	28.023	27.955	27.899	27.86	27.781	27.744	27.686	27.653	27.604	27.534	27.495	27.439	27.438	27.415	27.403	27.352	27.331	27.308	27.25	27.219	27.173	27.134	27.116	27.075	27.04	26.983	26.954	26.894	26.847	26.819	26.746	26.718	26.659	26.611	26.57	26.522	26.494	26.443	26.405	26.342	26.282	26.223	26.151	26.118	26.046	26.012	25.946	25.909	25.865	25.844	25.818	25.775	25.775	25.746	25.711	25.693	25.639	25.621	25.583	25.56	25.524	25.474	25.446	25.396	25.384	25.352	25.328	25.322	25.263	25.246	25.21	25.183	25.139	25.119	25.094	25.057	25.046	25.014	24.997	24.964	24.908	24.91	24.881	24.863	24.815	24.776	24.738	24.697	24.669	24.628	24.612	24.566	24.545	24.544	24.511	24.516
29.044	28.998	28.996	28.954	28.945	28.92	28.875	28.865	28.818	28.797	28.753	28.719	28.725	28.686	28.673	28.645	28.643	28.609	28.563	28.538	28.51	28.509	28.499	28.483	28.432	28.418	28.398	28.386	28.401	28.35	28.35	28.306	28.281	28.273	28.215	28.175	28.098	28.042	27.995	27.92	27.901	27.852	27.812	27.738	27.688	27.647	27.582	27.559	27.485	27.435	27.382	27.33	27.304	27.241	27.238	27.212	27.173	27.163	27.108	27.087	27.041	27.017	26.957	26.934	26.914	26.866	26.855	26.789	26.755	26.694	26.666	26.616	26.536	26.507	26.454	26.41	26.367	26.299	26.264	26.199	26.163	26.116	26.061	26.014	25.952	25.917	25.841	25.785	25.741	25.7	25.669	25.631	25.627	25.596	25.598	25.575	25.544	25.52	25.453	25.427	25.392	25.357	25.33	25.303	25.274	25.211	25.195	25.149	25.141	25.121	25.064	25.049	25.022	24.996	24.976	24.95	24.932	24.895	24.878	24.819	24.791	24.757	24.713	24.716	24.674	24.642	24.607	24.557	24.537	24.481	24.467	24.422	24.401	24.381	24.356	24.344	24.299
28.84	28.804	28.763	28.729	28.696	28.685	28.672	28.649	28.624	28.589	28.57	28.516	28.518	28.489	28.469	28.452	28.417	28.379	28.355	28.315	28.27	28.252	28.232	28.238	28.218	28.212	28.195	28.187	28.181	28.158	28.141	28.124	28.109	28.057	28.018	27.981	27.929	27.861	27.817	27.742	27.691	27.645	27.616	27.569	27.51	27.475	27.413	27.363	27.308	27.264	27.238	27.181	27.133	27.102	27.046	27.04	27.007	26.976	26.946	26.905	26.842	26.829	26.791	26.754	26.702	26.692	26.654	26.609	26.585	26.522	26.473	26.431	26.37	26.321	26.282	26.22	26.173	26.127	26.086	26.023	25.982	25.941	25.891	25.881	25.822	25.759	25.711	25.653	25.59	25.556	25.521	25.489	25.461	25.44	25.432	25.408	25.378	25.352	25.3	25.252	25.213	25.204	25.165	25.13	25.102	25.072	25.041	25.001	24.969	24.933	24.9	24.877	24.863	24.829	24.8	24.788	24.76	24.729	24.709	24.657	24.635	24.608	24.562	24.533	24.525	24.473	24.431	24.386	24.359	24.312	24.279	24.248	24.23	24.212	24.194	24.17	24.148
28.589	28.541	28.523	28.489	28.441	28.445	28.413	28.431	28.389	28.355	28.336	28.301	28.312	28.267	28.24	28.2	28.182	28.159	28.123	28.093	28.03	28.012	27.965	27.98	27.999	27.981	27.998	27.967	27.973	27.975	27.956	27.955	27.899	27.853	27.814	27.78	27.722	27.65	27.61	27.538	27.491	27.441	27.421	27.412	27.336	27.295	27.23	27.185	27.161	27.105	27.085	27.043	26.986	26.969	26.911	26.904	26.863	26.828	26.772	26.723	26.692	26.641	26.63	26.589	26.536	26.517	26.488	26.469	26.406	26.375	26.312	26.246	26.213	26.166	26.126	26.069	26.017	25.967	25.93	25.875	25.796	25.782	25.745	25.732	25.693	25.628	25.578	25.513	25.44	25.408	25.368	25.354	25.303	25.278	25.256	25.226	25.205	25.152	25.125	25.086	25.037	25.038	24.995	24.963	24.904	24.893	24.866	24.849	24.807	24.751	24.737	24.683	24.668	24.683	24.646	24.634	24.601	24.559	24.539	24.521	24.498	24.44	24.425	24.387	24.37	24.34	24.285	24.251	24.195	24.165	24.119	24.108	24.083	24.053	24.036	23.991	23.974
28.316	28.314	28.281	28.266	28.219	28.202	28.17	28.135	28.145	28.107	28.094	28.067	28.041	28.043	28.007	27.983	27.962	27.934	27.904	27.836	27.799	27.78	27.736	27.757	27.762	27.788	27.78	27.792	27.755	27.75	27.751	27.716	27.691	27.623	27.576	27.547	27.499	27.468	27.387	27.335	27.301	27.247	27.225	27.184	27.162	27.097	27.043	26.992	26.93	26.898	26.844	26.83	26.785	26.785	26.759	26.708	26.691	26.639	26.595	26.548	26.493	26.461	26.427	26.396	26.359	26.312	26.294	26.255	26.221	26.188	26.125	26.085	26.027	26.003	25.947	25.92	25.862	25.791	25.768	25.708	25.647	25.575	25.548	25.53	25.494	25.453	25.391	25.343	25.293	25.244	25.231	25.181	25.162	25.123	25.091	25.063	25.018	24.982	24.931	24.92	24.881	24.86	24.842	24.799	24.775	24.728	24.693	24.685	24.646	24.606	24.55	24.533	24.486	24.488	24.478	24.446	24.434	24.399	24.355	24.352	24.313	24.294	24.25	24.223	24.194	24.172	24.155	24.109	24.085	24.024	23.982	23.961	23.928	23.901	23.852	23.823	23.799
28.01	27.988	27.981	27.969	27.926	27.919	27.88	27.868	27.849	27.819	27.792	27.78	27.782	27.775	27.784	27.755	27.748	27.716	27.679	27.645	27.586	27.553	27.513	27.515	27.517	27.521	27.503	27.516	27.536	27.548	27.528	27.498	27.444	27.422	27.369	27.328	27.282	27.228	27.176	27.108	27.061	27.04	26.993	26.96	26.9	26.855	26.815	26.766	26.727	26.679	26.64	26.604	26.574	26.57	26.561	26.536	26.477	26.449	26.399	26.36	26.316	26.275	26.246	26.189	26.163	26.111	26.074	26.062	26.016	25.976	25.92	25.89	25.845	25.809	25.765	25.703	25.65	25.62	25.552	25.517	25.457	25.391	25.345	25.297	25.276	25.234	25.188	25.144	25.095	25.071	25.026	25.004	24.971	24.936	24.91	24.85	24.833	24.791	24.767	24.737	24.707	24.665	24.642	24.621	24.575	24.554	24.529	24.484	24.474	24.439	24.401	24.369	24.338	24.302	24.283	24.262	24.227	24.215	24.176	24.161	24.144	24.102	24.074	24.036	24.003	23.993	23.956	23.936	23.905	23.878	23.816	23.803	23.779	23.743	23.698	23.66	23.633
27.692	27.694	27.686	27.685	27.671	27.642	27.62	27.596	27.585	27.563	27.519	27.509	27.499	27.496	27.509	27.489	27.472	27.458	27.428	27.397	27.365	27.329	27.301	27.273	27.283	27.289	27.281	27.273	27.276	27.275	27.282	27.264	27.247	27.195	27.137	27.09	27.047	27.005	26.957	26.896	26.825	26.807	26.759	26.723	26.68	26.633	26.611	26.559	26.507	26.48	26.443	26.395	26.374	26.357	26.341	26.318	26.29	26.26	26.195	26.187	26.128	26.076	26.036	25.98	25.943	25.909	25.868	25.828	25.79	25.763	25.725	25.703	25.67	25.642	25.618	25.549	25.477	25.449	25.383	25.341	25.283	25.209	25.157	25.111	25.08	25.04	24.986	24.952	24.905	24.898	24.866	24.835	24.812	24.769	24.743	24.71	24.67	24.645	24.598	24.544	24.521	24.487	24.459	24.442	24.42	24.354	24.338	24.306	24.28	24.262	24.22	24.174	24.163	24.118	24.09	24.073	24.054	24.019	23.997	23.989	23.959	23.933	23.907	23.878	23.843	23.818	23.794	23.768	23.737	23.708	23.671	23.649	23.624	23.594	23.562	23.523	23.482
27.341	27.363	27.361	27.341	27.347	27.34	27.326	27.293	27.283	27.26	27.229	27.244	27.228	27.218	27.22	27.242	27.196	27.192	27.178	27.144	27.117	27.092	27.063	27.046	27.027	27.023	27.003	27.008	26.99	27.011	27.015	27.004	26.987	26.94	26.91	26.854	26.814	26.763	26.692	26.652	26.597	26.562	26.524	26.484	26.458	26.429	26.395	26.375	26.312	26.276	26.243	26.212	26.186	26.165	26.166	26.121	26.091	26.07	25.996	25.988	25.946	25.905	25.856	25.802	25.756	25.697	25.653	25.622	25.601	25.569	25.543	25.521	25.504	25.476	25.439	25.404	25.336	25.298	25.248	25.187	25.132	25.047	24.983	24.927	24.911	24.887	24.839	24.801	24.735	24.725	24.693	24.65	24.642	24.593	24.556	24.538	24.503	24.487	24.461	24.432	24.374	24.345	24.309	24.265	24.246	24.211	24.154	24.142	24.091	24.06	24.042	24.004	23.975	23.949	23.923	23.885	23.879	23.845	23.819	23.807	23.79	23.768	23.747	23.718	23.691	23.675	23.649	23.628	23.608	23.577	23.553	23.529	23.5	23.472	23.431	23.398	23.361
27.016	27.041	27.056	27.049	27.072	27.049	27.031	27.042	27.015	27.016	26.985	26.968	26.974	26.934	26.931	26.936	26.901	26.898	26.866	26.87	26.842	26.839	26.807	26.753	26.748	26.737	26.749	26.733	26.724	26.74	26.729	26.753	26.72	26.681	26.638	26.563	26.55	26.489	26.445	26.39	26.341	26.326	26.299	26.271	26.225	26.211	26.147	26.135	26.121	26.068	26.041	25.99	25.967	25.939	25.945	25.923	25.867	25.85	25.805	25.762	25.732	25.69	25.665	25.602	25.556	25.514	25.47	25.446	25.396	25.378	25.345	25.303	25.29	25.276	25.257	25.214	25.146	25.11	25.063	25.026	24.954	24.901	24.844	24.764	24.742	24.697	24.674	24.622	24.566	24.534	24.498	24.472	24.439	24.419	24.384	24.331	24.312	24.276	24.264	24.24	24.202	24.184	24.155	24.119	24.076	24.05	23.985	23.958	23.925	23.87	23.853	23.816	23.78	23.753	23.74	23.726	23.679	23.674	23.634	23.632	23.629	23.601	23.587	23.543	23.508	23.496	23.469	23.462	23.444	23.429	23.379	23.344	23.331	23.301	23.286	23.245	23.198
26.637	26.684	26.689	26.696	26.708	26.7	26.699	26.694	26.707	26.693	26.7	26.694	26.665	26.652	26.621	26.639	26.619	26.613	26.599	26.571	26.577	26.548	26.536	26.503	26.467	26.464	26.431	26.438	26.431	26.455	26.443	26.405	26.414	26.361	26.325	26.281	26.242	26.23	26.181	26.162	26.128	26.087	26.073	26.014	25.99	25.973	25.927	25.909	25.858	25.833	25.79	25.767	25.759	25.728	25.722	25.686	25.677	25.611	25.568	25.549	25.505	25.479	25.436	25.391	25.346	25.315	25.296	25.257	25.23	25.177	25.152	25.117	25.083	25.074	25.036	24.992	24.937	24.9	24.864	24.829	24.791	24.699	24.65	24.608	24.567	24.536	24.472	24.433	24.357	24.315	24.304	24.276	24.256	24.206	24.194	24.149	24.105	24.091	24.045	24.034	24.004	23.952	23.949	23.917	23.899	23.847	23.799	23.773	23.737	23.703	23.676	23.648	23.619	23.572	23.569	23.535	23.53	23.496	23.474	23.478	23.453	23.444	23.403	23.374	23.332	23.309	23.301	23.268	23.263	23.222	23.193	23.173	23.138	23.142	23.102	23.081	23.038
26.275	26.283	26.314	26.316	26.322	26.342	26.342	26.372	26.352	26.342	26.343	26.34	26.352	26.321	26.333	26.298	26.284	26.277	26.253	26.272	26.258	26.245	26.254	26.233	26.232	26.171	26.176	26.16	26.146	26.172	26.136	26.128	26.087	26.066	26.026	25.989	25.97	25.927	25.916	25.877	25.883	25.849	25.819	25.79	25.732	25.716	25.669	25.65	25.623	25.571	25.559	25.508	25.496	25.473	25.435	25.45	25.407	25.392	25.343	25.31	25.27	25.198	25.19	25.15	25.113	25.088	25.06	25.046	24.999	24.972	24.913	24.881	24.864	24.826	24.807	24.757	24.704	24.688	24.64	24.621	24.567	24.516	24.457	24.415	24.379	24.323	24.297	24.216	24.157	24.125	24.079	24.08	24.035	24.005	23.962	23.933	23.913	23.876	23.862	23.799	23.78	23.758	23.693	23.701	23.663	23.639	23.602	23.553	23.539	23.51	23.505	23.468	23.451	23.421	23.376	23.371	23.336	23.329	23.316	23.289	23.281	23.241	23.224	23.177	23.142	23.123	23.087	23.082	23.052	23.045	23.006	22.967	22.947	22.929	22.931	22.893	22.866
25.87	25.908	25.905	25.923	25.928	25.947	25.966	25.971	25.978	25.955	25.949	25.955	25.946	25.981	25.955	25.949	25.919	25.928	25.939	25.92	25.945	25.928	25.943	25.955	25.932	25.932	25.874	25.866	25.853	25.857	25.855	25.81	25.797	25.751	25.716	25.705	25.673	25.658	25.61	25.593	25.578	25.551	25.56	25.513	25.501	25.466	25.415	25.395	25.349	25.336	25.286	25.265	25.224	25.2	25.193	25.144	25.145	25.103	25.072	25.036	25.007	24.97	24.917	24.902	24.858	24.818	24.799	24.754	24.738	24.707	24.653	24.64	24.611	24.587	24.533	24.523	24.479	24.451	24.431	24.387	24.365	24.311	24.257	24.223	24.176	24.158	24.092	24.053	23.969	23.927	23.897	23.845	23.833	23.794	23.757	23.736	23.687	23.684	23.638	23.598	23.549	23.526	23.484	23.439	23.442	23.394	23.38	23.354	23.321	23.31	23.269	23.261	23.224	23.221	23.211	23.157	23.137	23.114	23.116	23.11	23.066	23.053	23.006	22.976	22.939	22.912	22.906	22.89	22.882	22.854	22.839	22.805	22.766	22.749	22.71	22.703	22.688
25.426	25.446	25.469	25.477	25.49	25.498	25.516	25.542	25.524	25.539	25.535	25.528	25.564	25.533	25.541	25.531	25.504	25.541	25.529	25.556	25.565	25.593	25.624	25.619	25.637	25.605	25.597	25.56	25.554	25.541	25.517	25.508	25.467	25.458	25.401	25.383	25.373	25.335	25.319	25.296	25.303	25.291	25.265	25.242	25.182	25.192	25.144	25.113	25.106	25.056	25.029	24.998	24.99	24.944	24.903	24.894	24.826	24.8	24.766	24.731	24.714	24.667	24.645	24.609	24.579	24.548	24.515	24.495	24.438	24.43	24.4	24.381	24.37	24.331	24.304	24.262	24.229	24.208	24.171	24.163	24.101	24.084	24.043	24.004	23.977	23.911	23.882	23.834	23.778	23.74	23.695	23.666	23.606	23.59	23.523	23.504	23.491	23.449	23.442	23.383	23.329	23.3	23.245	23.231	23.188	23.175	23.14	23.113	23.097	23.063	23.05	23.023	22.991	23.004	22.977	22.972	22.932	22.917	22.885	22.859	22.845	22.814	22.807	22.765	22.749	22.73	22.695	22.686	22.658	22.652	22.621	22.609	22.592	22.542	22.522	22.489	22.479
24.946	24.992	25.001	25.036	25.034	25.042	25.055	25.067	25.089	25.076	25.101	25.087	25.098	25.098	25.076	25.095	25.073	25.096	25.13	25.14	25.191	25.199	25.239	25.267	25.277	25.297	25.274	25.254	25.245	25.221	25.231	25.198	25.174	25.131	25.091	25.077	25.059	25.038	25.018	24.995	24.985	24.978	24.983	24.952	24.928	24.883	24.862	24.838	24.805	24.792	24.741	24.72	24.696	24.683	24.648	24.59	24.564	24.504	24.476	24.446	24.408	24.391	24.342	24.317	24.288	24.257	24.25	24.215	24.183	24.147	24.13	24.111	24.084	24.076	24.042	24.025	23.991	23.959	23.944	23.901	23.873	23.821	23.799	23.757	23.735	23.698	23.651	23.615	23.59	23.545	23.522	23.457	23.409	23.365	23.313	23.29	23.254	23.229	23.179	23.158	23.103	23.058	23.039	22.975	22.954	22.916	22.895	22.868	22.858	22.84	22.801	22.787	22.768	22.755	22.749	22.708	22.718	22.685	22.645	22.635	22.6	22.595	22.571	22.574	22.542	22.517	22.501	22.47	22.46	22.421	22.389	22.394	22.355	22.349	22.314	22.296	22.28
24.472	24.49	24.52	24.523	24.531	24.536	24.535	24.562	24.575	24.585	24.632	24.641	24.67	24.646	24.658	24.661	24.66	24.677	24.689	24.727	24.76	24.808	24.837	24.872	24.885	24.891	24.905	24.872	24.883	24.881	24.862	24.866	24.835	24.81	24.765	24.746	24.728	24.713	24.705	24.673	24.671	24.68	24.66	24.652	24.618	24.573	24.546	24.524	24.494	24.465	24.451	24.431	24.4	24.395	24.355	24.326	24.277	24.235	24.179	24.17	24.131	24.086	24.07	24.031	24.005	23.988	23.949	23.936	23.908	23.886	23.864	23.854	23.818	23.789	23.779	23.745	23.715	23.695	23.667	23.639	23.606	23.572	23.547	23.518	23.484	23.453	23.421	23.37	23.36	23.316	23.269	23.245	23.189	23.132	23.091	23.041	23.02	22.989	22.962	22.904	22.867	22.812	22.761	22.728	22.695	22.671	22.634	22.598	22.601	22.579	22.563	22.535	22.517	22.513	22.49	22.483	22.454	22.45	22.424	22.392	22.381	22.36	22.343	22.316	22.306	22.296	22.283	22.256	22.231	22.211	22.173	22.167	22.137	22.113	22.101	22.076	22.058
23.936	23.977	24.003	24.036	24.017	24.075	24.074	24.093	24.092	24.094	24.119	24.158	24.187	24.213	24.204	24.213	24.212	24.237	24.255	24.261	24.288	24.33	24.368	24.432	24.441	24.469	24.482	24.47	24.475	24.467	24.471	24.466	24.454	24.437	24.403	24.401	24.374	24.349	24.343	24.329	24.331	24.364	24.349	24.333	24.311	24.279	24.24	24.204	24.183	24.151	24.112	24.113	24.084	24.058	24.018	23.991	23.973	23.938	23.891	23.879	23.857	23.816	23.778	23.757	23.713	23.707	23.685	23.657	23.641	23.616	23.581	23.566	23.544	23.522	23.497	23.463	23.411	23.4	23.377	23.345	23.328	23.304	23.264	23.262	23.22	23.194	23.174	23.151	23.109	23.082	23.025	22.989	22.955	22.89	22.837	22.807	22.753	22.716	22.683	22.635	22.584	22.539	22.494	22.455	22.432	22.395	22.373	22.366	22.355	22.35	22.331	22.305	22.292	22.274	22.237	22.207	22.202	22.181	22.189	22.165	22.143	22.129	22.111	22.084	22.062	22.044	22.042	22.018	21.998	21.967	21.931	21.938	21.922	21.892	21.857	21.831	21.818
23.404	23.446	23.484	23.517	23.489	23.519	23.546	23.582	23.621	23.618	23.644	23.677	23.712	23.73	23.755	23.783	23.793	23.78	23.808	23.836	23.863	23.884	23.914	23.965	23.983	24.015	24.02	24.035	24.041	24.043	24.042	24.055	24.066	24.046	24.01	24.009	23.983	23.959	23.937	23.941	23.926	23.933	23.959	23.962	23.95	23.931	23.898	23.863	23.828	23.806	23.778	23.759	23.734	23.725	23.715	23.694	23.674	23.655	23.642	23.622	23.608	23.596	23.557	23.537	23.48	23.45	23.438	23.412	23.4	23.376	23.346	23.323	23.3	23.267	23.223	23.209	23.179	23.138	23.135	23.102	23.083	23.062	23.013	22.994	22.974	22.948	22.917	22.899	22.854	22.823	22.792	22.741	22.691	22.653	22.596	22.573	22.518	22.483	22.432	22.393	22.323	22.295	22.25	22.214	22.193	22.155	22.137	22.13	22.12	22.118	22.106	22.085	22.066	22.052	22.032	22	21.972	21.956	21.938	21.919	21.913	21.903	21.862	21.84	21.816	21.803	21.794	21.775	21.754	21.733	21.694	21.683	21.661	21.648	21.625	21.602	21.568
22.89	22.9	22.962	22.999	23.012	23.056	23.065	23.114	23.142	23.181	23.191	23.221	23.268	23.272	23.29	23.293	23.326	23.347	23.372	23.398	23.396	23.43	23.449	23.485	23.519	23.522	23.558	23.562	23.603	23.609	23.617	23.646	23.645	23.644	23.626	23.594	23.577	23.565	23.559	23.522	23.536	23.534	23.523	23.564	23.574	23.568	23.545	23.514	23.495	23.457	23.441	23.429	23.404	23.398	23.368	23.36	23.359	23.346	23.331	23.325	23.327	23.307	23.298	23.277	23.243	23.223	23.18	23.151	23.12	23.093	23.065	23.041	23.02	23.008	22.996	22.95	22.92	22.87	22.847	22.854	22.8	22.786	22.759	22.721	22.721	22.703	22.672	22.639	22.615	22.566	22.526	22.494	22.453	22.431	22.365	22.301	22.273	22.221	22.195	22.156	22.095	22.057	22.023	21.992	21.945	21.934	21.904	21.869	21.869	21.862	21.869	21.858	21.82	21.808	21.775	21.756	21.725	21.722	21.688	21.658	21.657	21.642	21.63	21.591	21.569	21.557	21.542	21.54	21.497	21.474	21.443	21.423	21.423	21.388	21.388	21.37	21.347
22.351	22.409	22.428	22.482	22.507	22.555	22.575	22.607	22.644	22.66	22.696	22.746	22.76	22.804	22.819	22.84	22.856	22.872	22.897	22.923	22.955	22.966	22.985	23.034	23.03	23.073	23.086	23.115	23.126	23.134	23.171	23.18	23.211	23.214	23.208	23.22	23.185	23.198	23.177	23.163	23.152	23.151	23.157	23.155	23.174	23.17	23.172	23.17	23.136	23.115	23.1	23.086	23.061	23.054	23.045	23.016	23.04	23.012	23.02	23.018	22.996	23.016	23.015	23.006	22.976	22.963	22.939	22.887	22.871	22.815	22.777	22.759	22.727	22.726	22.706	22.678	22.65	22.628	22.607	22.579	22.569	22.522	22.493	22.461	22.444	22.44	22.426	22.404	22.379	22.333	22.311	22.26	22.241	22.179	22.126	22.073	22.013	21.988	21.926	21.901	21.852	21.823	21.796	21.75	21.724	21.672	21.639	21.611	21.596	21.604	21.575	21.591	21.569	21.54	21.527	21.505	21.5	21.461	21.438	21.421	21.394	21.393	21.373	21.356	21.339	21.318	21.316	21.3	21.295	21.241	21.213	21.187	21.167	21.17	21.148	21.139	21.13
21.892	21.898	21.947	21.984	22.018	22.07	22.087	22.14	22.151	22.195	22.201	22.229	22.266	22.282	22.323	22.35	22.379	22.401	22.393	22.453	22.452	22.487	22.499	22.538	22.568	22.568	22.607	22.629	22.676	22.702	22.711	22.732	22.743	22.775	22.777	22.796	22.804	22.767	22.779	22.77	22.766	22.781	22.78	22.788	22.77	22.785	22.78	22.788	22.787	22.747	22.74	22.724	22.702	22.709	22.693	22.697	22.676	22.682	22.687	22.682	22.697	22.687	22.709	22.7	22.684	22.688	22.661	22.644	22.577	22.558	22.5	22.47	22.433	22.398	22.416	22.39	22.376	22.38	22.349	22.346	22.304	22.286	22.238	22.217	22.201	22.163	22.155	22.121	22.102	22.085	22.028	22.013	21.971	21.939	21.86	21.817	21.788	21.73	21.696	21.641	21.61	21.6	21.546	21.523	21.462	21.43	21.396	21.364	21.366	21.365	21.366	21.331	21.308	21.293	21.269	21.268	21.236	21.215	21.182	21.162	21.156	21.137	21.136	21.101	21.082	21.075	21.042	21.053	21.025	21.009	20.984	20.96	20.952	20.925	20.933	20.903	20.898
