34.565	34.514	34.485	34.419	34.393	34.336	34.312	34.28	34.262	34.228	34.182	34.144	34.092	34.056	34.028	33.999	33.965	33.95	33.945	33.927	33.929	33.918	33.895	33.859	33.804	33.771	33.727	33.686	33.649	33.604	33.563	33.509	33.472	33.431	33.389	33.334	33.275	33.217	33.177	33.149	33.118	33.08	33.06	33.037	32.986	32.939	32.889	32.849	32.787	32.751	32.698	32.658	32.599	32.581	32.559	32.526	32.486	32.446	32.43	32.394	32.355	32.318	32.293	32.259	32.236	32.192	32.167	32.154	32.138	32.119	32.114	32.104	32.092	32.095	32.093	32.108	32.121	32.136	32.139	32.153	32.157	32.164	32.188	32.212	32.21	32.226	32.221	32.208	32.171	32.114	32.073	32.005	31.975	31.953	31.94	31.925	31.907	31.867	31.845	31.838	31.849	31.861	31.874	31.901	31.919	31.949	31.952	31.975	31.979	31.981	31.972	31.994	32.012	31.994	31.975	31.966	31.974	31.98	31.997	31.987	32.001	32.007	31.98	31.971	31.961	31.962	31.956	31.966	31.986	32.025	32.058	32.073	32.117	32.134	32.167	32.168	32.181
34.058	34.028	33.992	33.924	33.888	33.832	33.779	33.749	33.729	33.696	33.664	33.626	33.584	33.536	33.506	33.439	33.423	33.394	33.399	33.374	33.342	33.32	33.286	33.252	33.241	33.211	33.177	33.133	33.11	33.063	33.036	32.997	32.97	32.94	32.882	32.839	32.785	32.743	32.697	32.648	32.622	32.589	32.556	32.541	32.484	32.432	32.36	32.325	32.285	32.245	32.201	32.16	32.109	32.048	32.025	31.987	31.983	31.945	31.935	31.903	31.838	31.797	31.755	31.72	31.694	31.666	31.65	31.641	31.622	31.571	31.54	31.534	31.53	31.53	31.528	31.546	31.548	31.562	31.566	31.576	31.575	31.606	31.59	31.602	31.592	31.587	31.572	31.55	31.518	31.484	31.461	31.427	31.396	31.372	31.364	31.346	31.324	31.302	31.268	31.252	31.242	31.264	31.283	31.282	31.299	31.306	31.334	31.344	31.356	31.356	31.343	31.347	31.349	31.345	31.33	31.323	31.335	31.345	31.339	31.328	31.347	31.35	31.338	31.322	31.323	31.319	31.32	31.332	31.346	31.366	31.389	31.42	31.437	31.471	31.49	31.493	31.509
33.565	33.526	33.485	33.455	33.408	33.352	33.306	33.271	33.236	33.203	33.174	33.137	33.094	33.069	33.01	32.962	32.921	32.89	32.846	32.823	32.791	32.772	32.75	32.731	32.708	32.686	32.654	32.61	32.587	32.561	32.548	32.508	32.486	32.457	32.419	32.385	32.332	32.29	32.238	32.194	32.142	32.1	32.058	31.996	31.955	31.931	31.896	31.832	31.768	31.739	31.697	31.656	31.622	31.584	31.556	31.502	31.482	31.449	31.429	31.409	31.365	31.319	31.277	31.24	31.211	31.181	31.156	31.135	31.106	31.089	31.045	31.03	31.002	30.984	30.983	30.982	30.993	31	31.015	31.006	31.023	31.033	31.044	31.063	31.032	31.018	30.99	30.975	30.949	30.936	30.885	30.844	30.835	30.804	30.789	30.771	30.759	30.746	30.743	30.727	30.708	30.717	30.722	30.743	30.734	30.742	30.735	30.74	30.74	30.751	30.742	30.748	30.752	30.761	30.761	30.728	30.736	30.73	30.728	30.748	30.735	30.735	30.728	30.723	30.727	30.731	30.725	30.744	30.759	30.77	30.787	30.81	30.837	30.838	30.857	30.873	30.898
33.169	33.136	33.125	33.104	33.04	32.967	32.913	32.855	32.814	32.747	32.71	32.695	32.674	32.637	32.601	32.558	32.503	32.451	32.413	32.373	32.323	32.292	32.3	32.301	32.272	32.237	32.209	32.179	32.128	32.104	32.087	32.053	32.037	32.003	31.974	31.943	31.902	31.86	31.818	31.783	31.715	31.651	31.607	31.561	31.508	31.454	31.401	31.37	31.322	31.272	31.215	31.171	31.153	31.113	31.099	31.075	31.046	31	30.963	30.934	30.897	30.865	30.817	30.793	30.76	30.74	30.706	30.659	30.639	30.631	30.603	30.583	30.567	30.539	30.535	30.52	30.516	30.516	30.519	30.547	30.541	30.528	30.532	30.528	30.537	30.519	30.488	30.447	30.427	30.4	30.364	30.327	30.3	30.303	30.279	30.265	30.264	30.264	30.257	30.263	30.245	30.229	30.232	30.212	30.219	30.205	30.216	30.207	30.215	30.204	30.215	30.234	30.219	30.218	30.217	30.21	30.199	30.199	30.178	30.181	30.191	30.171	30.175	30.155	30.161	30.152	30.139	30.156	30.164	30.176	30.182	30.208	30.241	30.253	30.273	30.29	30.313
32.739	32.681	32.655	32.636	32.616	32.588	32.543	32.478	32.428	32.392	32.357	32.312	32.292	32.254	32.226	32.175	32.112	32.075	32.02	31.994	31.975	31.956	31.914	31.883	31.873	31.828	31.798	31.728	31.703	31.66	31.638	31.61	31.58	31.564	31.53	31.505	31.479	31.45	31.425	31.395	31.357	31.296	31.228	31.179	31.137	31.069	30.998	30.973	30.933	30.869	30.822	30.773	30.738	30.72	30.685	30.643	30.608	30.569	30.545	30.518	30.498	30.467	30.444	30.415	30.363	30.34	30.315	30.301	30.283	30.255	30.227	30.191	30.183	30.156	30.143	30.135	30.116	30.109	30.103	30.101	30.093	30.075	30.078	30.048	30.047	30.052	30.042	30.026	29.979	29.966	29.922	29.882	29.854	29.83	29.833	29.831	29.827	29.82	29.821	29.834	29.818	29.796	29.784	29.778	29.762	29.755	29.74	29.733	29.732	29.722	29.713	29.698	29.712	29.705	29.702	29.697	29.708	29.698	29.694	29.686	29.67	29.663	29.665	29.658	29.653	29.656	29.632	29.626	29.618	29.636	29.658	29.669	29.68	29.703	29.726	29.75	29.773
32.48	32.414	32.375	32.34	32.292	32.238	32.191	32.133	32.083	32.021	31.981	31.929	31.885	31.858	31.825	31.819	31.777	31.738	31.67	31.624	31.601	31.59	31.585	31.559	31.518	31.483	31.435	31.392	31.339	31.297	31.27	31.24	31.22	31.194	31.174	31.133	31.109	31.079	31.047	31.013	30.968	30.957	30.922	30.871	30.805	30.776	30.744	30.67	30.624	30.556	30.51	30.468	30.425	30.384	30.325	30.277	30.256	30.21	30.18	30.164	30.147	30.127	30.101	30.077	30.046	30.019	29.979	29.952	29.931	29.905	29.885	29.869	29.849	29.813	29.814	29.811	29.782	29.763	29.744	29.738	29.73	29.712	29.69	29.669	29.645	29.637	29.637	29.62	29.596	29.579	29.541	29.515	29.491	29.458	29.429	29.406	29.395	29.391	29.384	29.395	29.403	29.393	29.374	29.379	29.382	29.364	29.333	29.322	29.312	29.285	29.283	29.282	29.278	29.269	29.255	29.242	29.237	29.231	29.224	29.224	29.213	29.188	29.181	29.181	29.172	29.167	29.168	29.175	29.199	29.204	29.202	29.214	29.217	29.213	29.23	29.255	29.266
32.208	32.133	32.072	32.014	31.983	31.941	31.893	31.851	31.799	31.736	31.679	31.637	31.598	31.531	31.511	31.462	31.437	31.381	31.332	31.306	31.27	31.265	31.255	31.222	31.199	31.17	31.14	31.097	31.051	31.026	31.007	30.976	30.944	30.897	30.862	30.837	30.808	30.741	30.723	30.7	30.693	30.66	30.64	30.602	30.555	30.493	30.443	30.395	30.348	30.303	30.251	30.193	30.15	30.095	30.037	29.977	29.925	29.912	29.887	29.872	29.846	29.824	29.799	29.791	29.761	29.732	29.691	29.668	29.629	29.613	29.59	29.562	29.558	29.534	29.522	29.508	29.495	29.476	29.442	29.431	29.412	29.395	29.359	29.338	29.316	29.293	29.269	29.258	29.244	29.22	29.196	29.171	29.132	29.118	29.095	29.075	29.063	29.043	29.033	29.026	29.02	29.019	29.006	29	29.004	29.003	28.993	28.958	28.952	28.925	28.918	28.916	28.894	28.894	28.873	28.852	28.83	28.809	28.788	28.78	28.788	28.777	28.773	28.776	28.769	28.746	28.75	28.762	28.779	28.793	28.799	28.805	28.814	28.82	28.821	28.837	28.846
31.981	31.926	31.885	31.827	31.756	31.69	31.629	31.565	31.519	31.449	31.401	31.348	31.297	31.253	31.218	31.173	31.135	31.092	31.044	30.993	30.973	30.954	30.942	30.923	30.909	30.87	30.843	30.803	30.778	30.738	30.701	30.675	30.65	30.625	30.597	30.564	30.511	30.482	30.437	30.39	30.369	30.335	30.315	30.271	30.233	30.189	30.147	30.112	30.049	29.998	29.959	29.919	29.862	29.802	29.741	29.695	29.645	29.619	29.594	29.559	29.544	29.518	29.492	29.448	29.414	29.41	29.396	29.382	29.358	29.344	29.321	29.305	29.266	29.249	29.239	29.225	29.213	29.189	29.17	29.15	29.112	29.075	29.027	28.99	28.963	28.957	28.922	28.903	28.89	28.873	28.865	28.841	28.799	28.756	28.733	28.698	28.695	28.667	28.631	28.622	28.599	28.585	28.587	28.596	28.588	28.582	28.572	28.57	28.551	28.55	28.522	28.522	28.512	28.491	28.474	28.451	28.446	28.415	28.381	28.37	28.358	28.352	28.341	28.34	28.349	28.352	28.342	28.347	28.36	28.372	28.397	28.397	28.397	28.396	28.415	28.41	28.427
31.768	31.689	31.629	31.575	31.522	31.453	31.398	31.348	31.273	31.23	31.188	31.159	31.107	31.035	31	30.946	30.897	30.839	30.806	30.752	30.725	30.689	30.669	30.646	30.622	30.584	30.57	30.525	30.507	30.481	30.458	30.414	30.403	30.366	30.336	30.288	30.248	30.208	30.18	30.145	30.097	30.061	30.006	29.979	29.939	29.903	29.847	29.81	29.765	29.714	29.687	29.64	29.6	29.549	29.491	29.425	29.381	29.352	29.332	29.299	29.284	29.239	29.208	29.183	29.151	29.129	29.12	29.095	29.094	29.079	29.055	29.031	29.013	29.002	29.002	28.985	28.96	28.94	28.896	28.869	28.817	28.784	28.759	28.74	28.694	28.665	28.654	28.619	28.612	28.58	28.56	28.53	28.512	28.476	28.444	28.403	28.358	28.343	28.304	28.279	28.253	28.238	28.242	28.222	28.212	28.191	28.188	28.185	28.178	28.174	28.162	28.147	28.14	28.134	28.11	28.106	28.071	28.043	28.025	28.012	27.993	27.995	27.996	27.988	28.003	27.996	27.998	28	28.019	28.015	28.03	28.034	28.035	28.045	28.024	28.014	28.038
31.561	31.501	31.464	31.377	31.32	31.24	31.2	31.14	31.073	31.008	30.952	30.905	30.846	30.806	30.768	30.732	30.683	30.632	30.602	30.544	30.518	30.488	30.452	30.412	30.374	30.35	30.307	30.294	30.264	30.239	30.21	30.187	30.166	30.14	30.097	30.069	30.028	29.971	29.924	29.885	29.855	29.822	29.797	29.743	29.7	29.649	29.584	29.537	29.481	29.445	29.411	29.368	29.328	29.279	29.243	29.19	29.156	29.126	29.091	29.044	29.009	28.972	28.951	28.908	28.903	28.872	28.851	28.826	28.8	28.806	28.789	28.774	28.75	28.729	28.729	28.711	28.699	28.664	28.658	28.597	28.551	28.515	28.467	28.453	28.411	28.383	28.348	28.346	28.32	28.297	28.279	28.233	28.223	28.18	28.154	28.113	28.077	28.041	28.018	27.969	27.958	27.931	27.916	27.906	27.895	27.891	27.878	27.861	27.845	27.848	27.836	27.81	27.797	27.773	27.782	27.747	27.731	27.714	27.703	27.697	27.7	27.691	27.671	27.667	27.66	27.668	27.666	27.658	27.671	27.696	27.711	27.726	27.721	27.712	27.706	27.695	27.693
31.335	31.272	31.209	31.165	31.101	31.032	30.998	30.946	30.865	30.811	30.741	30.698	30.653	30.595	30.55	30.505	30.484	30.434	30.415	30.367	30.352	30.308	30.265	30.215	30.175	30.145	30.107	30.077	30.048	30.032	29.989	29.961	29.941	29.902	29.869	29.838	29.787	29.738	29.685	29.642	29.588	29.564	29.534	29.514	29.48	29.436	29.383	29.318	29.271	29.228	29.192	29.152	29.12	29.066	29.034	28.966	28.928	28.906	28.882	28.85	28.812	28.773	28.736	28.692	28.669	28.641	28.622	28.594	28.564	28.534	28.526	28.508	28.506	28.471	28.457	28.456	28.426	28.412	28.386	28.362	28.32	28.279	28.229	28.202	28.168	28.137	28.113	28.068	28.06	28.026	28.012	27.992	27.968	27.947	27.91	27.868	27.84	27.807	27.761	27.732	27.724	27.696	27.68	27.654	27.648	27.62	27.608	27.582	27.579	27.537	27.527	27.531	27.509	27.489	27.467	27.471	27.442	27.421	27.4	27.407	27.42	27.407	27.414	27.4	27.395	27.384	27.378	27.368	27.351	27.369	27.38	27.395	27.406	27.4	27.404	27.401	27.397
31.09	31.048	30.998	30.957	30.922	30.854	30.805	30.739	30.69	30.618	30.552	30.525	30.467	30.423	30.372	30.323	30.276	30.241	30.202	30.161	30.143	30.104	30.061	30.037	30.005	29.958	29.917	29.884	29.841	29.825	29.795	29.759	29.719	29.677	29.639	29.609	29.564	29.52	29.49	29.431	29.397	29.355	29.319	29.291	29.257	29.219	29.18	29.127	29.091	29.061	29.022	28.993	28.957	28.92	28.841	28.781	28.739	28.708	28.679	28.643	28.616	28.587	28.554	28.506	28.457	28.434	28.389	28.376	28.346	28.341	28.3	28.279	28.247	28.229	28.204	28.196	28.185	28.163	28.173	28.153	28.11	28.061	28.016	27.987	27.946	27.923	27.88	27.863	27.831	27.805	27.774	27.749	27.733	27.729	27.711	27.691	27.66	27.623	27.576	27.552	27.527	27.51	27.503	27.488	27.46	27.449	27.406	27.381	27.351	27.314	27.286	27.256	27.253	27.221	27.198	27.179	27.19	27.178	27.164	27.177	27.171	27.182	27.162	27.146	27.144	27.151	27.123	27.121	27.102	27.091	27.097	27.085	27.102	27.091	27.098	27.096	27.096
30.967	30.919	30.858	30.814	30.766	30.692	30.609	30.541	30.487	30.444	30.379	30.324	30.272	30.231	30.198	30.149	30.111	30.059	30.03	29.986	29.97	29.935	29.916	29.878	29.842	29.816	29.77	29.726	29.664	29.639	29.588	29.558	29.528	29.482	29.452	29.41	29.382	29.319	29.27	29.224	29.178	29.147	29.115	29.086	29.066	29.032	28.985	28.958	28.932	28.888	28.849	28.813	28.785	28.758	28.67	28.62	28.563	28.54	28.499	28.467	28.432	28.402	28.344	28.312	28.267	28.235	28.213	28.183	28.168	28.136	28.118	28.093	28.05	28.022	28.001	27.974	27.958	27.959	27.94	27.918	27.893	27.861	27.822	27.788	27.751	27.702	27.676	27.64	27.622	27.583	27.566	27.546	27.53	27.521	27.493	27.461	27.434	27.41	27.384	27.365	27.332	27.339	27.326	27.322	27.295	27.259	27.236	27.196	27.165	27.117	27.089	27.061	27.026	27.01	26.98	26.959	26.935	26.93	26.92	26.916	26.919	26.906	26.908	26.89	26.878	26.865	26.837	26.839	26.832	26.837	26.816	26.814	26.811	26.816	26.807	26.812	26.805
30.762	30.708	30.685	30.614	30.578	30.528	30.48	30.424	30.373	30.3	30.253	30.203	30.151	30.103	30.039	29.989	29.922	29.904	29.858	29.799	29.788	29.756	29.734	29.711	29.677	29.626	29.573	29.531	29.485	29.442	29.393	29.366	29.315	29.269	29.24	29.184	29.146	29.11	29.071	29.02	28.97	28.927	28.916	28.877	28.829	28.813	28.816	28.799	28.771	28.732	28.708	28.66	28.6	28.553	28.496	28.462	28.404	28.367	28.321	28.285	28.247	28.205	28.171	28.119	28.085	28.05	28.03	28.016	27.988	27.962	27.931	27.896	27.865	27.832	27.799	27.792	27.771	27.75	27.729	27.696	27.672	27.641	27.613	27.598	27.577	27.543	27.498	27.461	27.42	27.383	27.345	27.317	27.309	27.288	27.282	27.258	27.237	27.219	27.202	27.172	27.145	27.148	27.134	27.126	27.104	27.077	27.037	27.003	26.978	26.942	26.917	26.874	26.839	26.81	26.794	26.779	26.749	26.712	26.697	26.674	26.673	26.654	26.636	26.627	26.614	26.606	26.591	26.565	26.565	26.566	26.563	26.55	26.552	26.545	26.543	26.537	26.549
30.681	30.607	30.571	30.523	30.471	30.417	30.365	30.308	30.257	30.194	30.134	30.08	30.025	29.967	29.905	29.859	29.81	29.77	29.728	29.695	29.645	29.616	29.587	29.539	29.506	29.465	29.419	29.372	29.308	29.265	29.211	29.167	29.129	29.094	29.071	29.028	28.982	28.929	28.902	28.852	28.83	28.778	28.743	28.709	28.686	28.645	28.619	28.617	28.612	28.581	28.53	28.496	28.451	28.398	28.338	28.285	28.269	28.238	28.201	28.168	28.141	28.071	28.026	27.992	27.956	27.921	27.899	27.871	27.847	27.826	27.784	27.756	27.73	27.686	27.661	27.633	27.597	27.566	27.535	27.5	27.468	27.43	27.411	27.384	27.372	27.348	27.33	27.297	27.247	27.213	27.173	27.163	27.138	27.111	27.081	27.057	27.042	27.032	27.008	27.011	26.986	26.962	26.947	26.928	26.912	26.896	26.874	26.832	26.793	26.762	26.747	26.712	26.68	26.65	26.628	26.61	26.588	26.564	26.544	26.513	26.479	26.455	26.436	26.41	26.398	26.38	26.358	26.327	26.337	26.331	26.326	26.32	26.317	26.309	26.309	26.297	26.297
30.54	30.463	30.417	30.368	30.298	30.252	30.217	30.171	30.122	30.078	30.03	30.001	29.967	29.911	29.852	29.769	29.719	29.682	29.632	29.575	29.524	29.501	29.474	29.434	29.379	29.324	29.268	29.225	29.174	29.128	29.068	29.004	28.98	28.944	28.903	28.858	28.826	28.796	28.756	28.729	28.699	28.664	28.615	28.587	28.552	28.523	28.501	28.474	28.452	28.434	28.404	28.361	28.315	28.248	28.199	28.153	28.125	28.103	28.072	28.046	28.008	27.967	27.932	27.894	27.858	27.824	27.805	27.76	27.73	27.694	27.658	27.629	27.609	27.578	27.547	27.511	27.467	27.44	27.373	27.338	27.304	27.267	27.241	27.2	27.177	27.144	27.128	27.109	27.09	27.054	27.018	26.972	26.963	26.954	26.938	26.914	26.89	26.884	26.871	26.851	26.836	26.814	26.801	26.781	26.768	26.738	26.711	26.678	26.652	26.597	26.567	26.535	26.508	26.502	26.478	26.464	26.436	26.421	26.378	26.371	26.334	26.313	26.281	26.244	26.209	26.183	26.161	26.139	26.134	26.125	26.119	26.119	26.105	26.105	26.099	26.101	26.081
30.47	30.393	30.356	30.298	30.234	30.165	30.116	30.034	29.997	29.931	29.89	29.851	29.819	29.797	29.758	29.706	29.644	29.597	29.534	29.485	29.458	29.403	29.376	29.314	29.283	29.204	29.147	29.098	29.066	29.026	28.971	28.915	28.853	28.829	28.803	28.772	28.707	28.656	28.643	28.609	28.569	28.531	28.51	28.465	28.414	28.392	28.359	28.327	28.29	28.282	28.242	28.207	28.165	28.117	28.059	28.014	27.983	27.974	27.94	27.907	27.882	27.837	27.803	27.766	27.744	27.713	27.682	27.647	27.61	27.577	27.539	27.511	27.458	27.426	27.396	27.372	27.342	27.299	27.264	27.225	27.193	27.13	27.091	27.071	27.022	27.015	26.983	26.969	26.935	26.921	26.901	26.849	26.828	26.815	26.791	26.784	26.769	26.751	26.744	26.724	26.711	26.682	26.661	26.66	26.648	26.637	26.604	26.583	26.549	26.509	26.462	26.41	26.383	26.345	26.338	26.329	26.31	26.298	26.241	26.234	26.197	26.175	26.145	26.118	26.085	26.046	26.021	25.991	25.97	25.956	25.948	25.93	25.919	25.908	25.892	25.887	25.878
30.325	30.232	30.174	30.124	30.067	30.027	29.972	29.929	29.88	29.828	29.789	29.73	29.686	29.65	29.648	29.592	29.565	29.496	29.463	29.399	29.358	29.304	29.243	29.195	29.141	29.106	29.054	29.008	28.962	28.927	28.892	28.837	28.79	28.731	28.703	28.65	28.612	28.575	28.531	28.488	28.438	28.406	28.369	28.343	28.3	28.275	28.21	28.197	28.164	28.125	28.1	28.069	28.042	27.993	27.946	27.909	27.869	27.855	27.811	27.799	27.757	27.74	27.696	27.668	27.621	27.587	27.566	27.52	27.497	27.466	27.442	27.409	27.358	27.326	27.279	27.262	27.215	27.182	27.126	27.097	27.054	27.024	26.975	26.937	26.909	26.882	26.861	26.825	26.826	26.803	26.785	26.767	26.748	26.722	26.678	26.676	26.651	26.647	26.622	26.606	26.584	26.56	26.545	26.504	26.511	26.486	26.481	26.441	26.417	26.388	26.342	26.293	26.257	26.226	26.197	26.19	26.142	26.13	26.099	26.086	26.063	26.026	26	25.961	25.943	25.9	25.88	25.841	25.823	25.799	25.79	25.782	25.76	25.752	25.734	25.72	25.71
30.203	30.091	30.032	29.977	29.944	29.871	29.846	29.777	29.749	29.695	29.643	29.6	29.541	29.503	29.443	29.419	29.397	29.368	29.342	29.3	29.256	29.192	29.137	29.055	29.028	28.966	28.934	28.901	28.862	28.843	28.797	28.77	28.708	28.666	28.594	28.546	28.489	28.451	28.42	28.374	28.349	28.284	28.256	28.204	28.172	28.138	28.094	28.06	28.012	27.989	27.96	27.945	27.904	27.872	27.832	27.79	27.755	27.706	27.684	27.631	27.625	27.597	27.574	27.533	27.483	27.457	27.423	27.387	27.345	27.329	27.285	27.266	27.229	27.207	27.176	27.135	27.11	27.065	27.034	26.977	26.939	26.896	26.859	26.845	26.816	26.794	26.767	26.74	26.717	26.704	26.677	26.668	26.646	26.612	26.586	26.535	26.54	26.508	26.497	26.462	26.457	26.434	26.411	26.398	26.361	26.353	26.323	26.304	26.263	26.232	26.214	26.158	26.113	26.077	26.059	26.029	26.006	25.976	25.941	25.916	25.887	25.88	25.845	25.822	25.782	25.758	25.727	25.693	25.692	25.666	25.655	25.632	25.621	25.597	25.601	25.575	25.567
30.105	29.993	29.921	29.875	29.819	29.789	29.716	29.646	29.591	29.549	29.495	29.451	29.403	29.344	29.308	29.245	29.24	29.219	29.186	29.16	29.114	29.08	29.007	28.957	28.899	28.857	28.811	28.78	28.744	28.709	28.691	28.654	28.631	28.567	28.524	28.443	28.389	28.324	28.293	28.263	28.21	28.175	28.108	28.081	28.028	28.001	27.97	27.93	27.898	27.854	27.827	27.801	27.79	27.775	27.755	27.701	27.657	27.622	27.568	27.549	27.516	27.482	27.443	27.409	27.379	27.337	27.308	27.261	27.245	27.193	27.182	27.149	27.112	27.058	27.037	27.013	26.992	26.969	26.931	26.919	26.877	26.823	26.78	26.743	26.724	26.699	26.692	26.647	26.622	26.592	26.569	26.541	26.53	26.526	26.495	26.467	26.415	26.392	26.358	26.348	26.314	26.299	26.289	26.248	26.238	26.206	26.185	26.164	26.142	26.095	26.085	26.049	26.01	25.985	25.928	25.903	25.866	25.838	25.798	25.77	25.74	25.697	25.689	25.644	25.622	25.588	25.568	25.543	25.529	25.507	25.49	25.487	25.467	25.468	25.446	25.436	25.413
29.938	29.857	29.803	29.743	29.711	29.645	29.601	29.519	29.489	29.434	29.376	29.334	29.283	29.246	29.197	29.179	29.122	29.08	29.041	29.028	28.997	28.948	28.922	28.858	28.803	28.757	28.71	28.662	28.632	28.601	28.555	28.522	28.474	28.441	28.385	28.335	28.289	28.232	28.198	28.144	28.104	28.041	28.006	27.932	27.909	27.876	27.827	27.808	27.764	27.729	27.698	27.681	27.653	27.648	27.621	27.579	27.55	27.521	27.477	27.426	27.406	27.355	27.333	27.299	27.269	27.25	27.204	27.177	27.126	27.106	27.075	27.054	27.009	26.955	26.928	26.903	26.884	26.843	26.817	26.781	26.766	26.724	26.698	26.643	26.629	26.606	26.583	26.576	26.551	26.522	26.47	26.448	26.426	26.395	26.376	26.34	26.301	26.251	26.227	26.202	26.162	26.155	26.137	26.127	26.088	26.082	26.053	26.037	26.015	25.977	25.962	25.935	25.917	25.873	25.851	25.789	25.744	25.685	25.661	25.639	25.6	25.579	25.529	25.494	25.449	25.419	25.389	25.371	25.353	25.332	25.339	25.324	25.324	25.311	25.306	25.299	25.274
29.855	29.739	29.684	29.628	29.573	29.529	29.465	29.418	29.356	29.302	29.232	29.197	29.173	29.13	29.104	29.061	29.024	28.971	28.928	28.89	28.87	28.845	28.799	28.759	28.694	28.667	28.597	28.549	28.504	28.465	28.422	28.387	28.359	28.317	28.283	28.22	28.194	28.138	28.105	28.051	27.992	27.944	27.89	27.84	27.783	27.757	27.723	27.694	27.646	27.6	27.585	27.555	27.532	27.508	27.5	27.47	27.446	27.417	27.368	27.338	27.278	27.235	27.19	27.171	27.133	27.129	27.1	27.071	27.027	26.991	26.966	26.92	26.891	26.855	26.833	26.804	26.766	26.731	26.694	26.666	26.647	26.616	26.597	26.559	26.539	26.491	26.461	26.434	26.428	26.39	26.367	26.333	26.308	26.284	26.231	26.198	26.16	26.124	26.077	26.048	26.023	26.012	25.994	25.98	25.946	25.906	25.907	25.883	25.888	25.861	25.829	25.822	25.792	25.755	25.717	25.691	25.646	25.606	25.549	25.51	25.482	25.436	25.397	25.355	25.308	25.261	25.227	25.2	25.189	25.177	25.171	25.162	25.137	25.137	25.114	25.117	25.1
29.663	29.583	29.528	29.466	29.4	29.361	29.307	29.276	29.227	29.182	29.165	29.126	29.103	29.06	29.014	28.969	28.924	28.864	28.813	28.772	28.735	28.693	28.65	28.607	28.57	28.524	28.482	28.421	28.373	28.342	28.289	28.271	28.225	28.19	28.154	28.138	28.089	28.05	28.024	27.979	27.922	27.863	27.813	27.776	27.73	27.686	27.636	27.608	27.578	27.546	27.493	27.463	27.427	27.404	27.371	27.354	27.337	27.306	27.279	27.233	27.195	27.156	27.096	27.059	27.01	27.006	26.971	26.955	26.938	26.919	26.885	26.84	26.811	26.78	26.748	26.728	26.693	26.657	26.622	26.584	26.548	26.511	26.483	26.459	26.424	26.387	26.368	26.336	26.305	26.276	26.23	26.208	26.174	26.153	26.136	26.096	26.052	26.02	25.984	25.94	25.901	25.892	25.861	25.859	25.829	25.793	25.747	25.729	25.698	25.674	25.675	25.648	25.624	25.608	25.586	25.548	25.521	25.486	25.455	25.436	25.405	25.372	25.324	25.285	25.242	25.191	25.143	25.093	25.09	25.068	25.066	25.051	25.035	25.014	24.988	24.964	24.959
29.565	29.512	29.425	29.373	29.316	29.281	29.217	29.177	29.147	29.077	29.029	29.006	29.002	28.957	28.902	28.858	28.826	28.788	28.745	28.675	28.62	28.565	28.516	28.471	28.433	28.391	28.355	28.323	28.267	28.222	28.174	28.124	28.095	28.065	28.016	27.989	27.969	27.934	27.903	27.865	27.829	27.781	27.739	27.695	27.642	27.6	27.557	27.523	27.5	27.455	27.416	27.37	27.32	27.281	27.256	27.232	27.207	27.182	27.146	27.112	27.089	27.055	26.998	26.965	26.896	26.89	26.868	26.843	26.816	26.791	26.768	26.752	26.713	26.698	26.666	26.634	26.61	26.582	26.543	26.495	26.463	26.42	26.386	26.371	26.343	26.323	26.292	26.248	26.199	26.169	26.125	26.089	26.067	26.047	26.023	26	25.957	25.907	25.875	25.84	25.798	25.768	25.749	25.707	25.688	25.664	25.636	25.595	25.565	25.525	25.517	25.502	25.476	25.446	25.423	25.403	25.382	25.352	25.325	25.33	25.313	25.289	25.251	25.212	25.169	25.118	25.079	25.033	25.016	24.995	24.977	24.968	24.948	24.92	24.888	24.859	24.837
29.287	29.296	29.232	29.204	29.145	29.122	29.092	29.054	29.025	29.008	28.948	28.935	28.909	28.875	28.841	28.78	28.747	28.693	28.637	28.552	28.503	28.466	28.41	28.361	28.312	28.291	28.225	28.185	28.145	28.115	28.092	28.013	27.977	27.927	27.884	27.842	27.813	27.778	27.749	27.725	27.7	27.681	27.638	27.605	27.571	27.516	27.476	27.421	27.405	27.369	27.331	27.278	27.24	27.207	27.191	27.138	27.106	27.069	27.059	27.026	27	26.979	26.951	26.913	26.869	26.823	26.797	26.75	26.733	26.706	26.683	26.655	26.627	26.61	26.574	26.561	26.532	26.497	26.456	26.42	26.371	26.34	26.302	26.272	26.259	26.231	26.204	26.155	26.124	26.067	26.038	26.005	25.986	25.961	25.921	25.911	25.88	25.842	25.798	25.757	25.726	25.679	25.664	25.633	25.61	25.567	25.546	25.512	25.482	25.45	25.415	25.393	25.373	25.353	25.325	25.315	25.293	25.288	25.264	25.23	25.215	25.197	25.184	25.149	25.134	25.084	25.054	25.019	24.988	24.979	24.952	24.937	24.904	24.88	24.834	24.802	24.772
29.186	29.182	29.107	29.075	29.049	28.988	28.975	28.933	28.912	28.877	28.83	28.812	28.777	28.762	28.718	28.69	28.644	28.608	28.557	28.503	28.458	28.387	28.345	28.287	28.239	28.186	28.139	28.084	28.034	27.999	27.963	27.927	27.866	27.831	27.769	27.729	27.684	27.65	27.621	27.6	27.582	27.562	27.56	27.524	27.504	27.453	27.419	27.368	27.308	27.276	27.222	27.192	27.142	27.123	27.093	27.05	27.035	26.986	26.968	26.934	26.919	26.895	26.88	26.851	26.82	26.774	26.74	26.706	26.676	26.658	26.627	26.607	26.56	26.528	26.497	26.455	26.438	26.394	26.367	26.314	26.289	26.237	26.21	26.184	26.145	26.123	26.076	26.064	26.022	25.987	25.955	25.908	25.892	25.849	25.836	25.808	25.793	25.747	25.723	25.663	25.647	25.617	25.605	25.587	25.55	25.53	25.489	25.468	25.413	25.381	25.364	25.323	25.286	25.258	25.235	25.222	25.211	25.195	25.167	25.166	25.147	25.129	25.102	25.092	25.066	25.055	25.029	25.003	24.992	24.94	24.923	24.876	24.849	24.817	24.799	24.748	24.713
29.023	28.976	28.941	28.911	28.883	28.858	28.811	28.783	28.73	28.708	28.692	28.696	28.658	28.607	28.595	28.557	28.541	28.492	28.452	28.377	28.33	28.291	28.232	28.19	28.144	28.107	28.046	27.985	27.927	27.907	27.861	27.812	27.782	27.726	27.704	27.639	27.586	27.551	27.506	27.505	27.475	27.48	27.458	27.442	27.4	27.382	27.348	27.313	27.262	27.195	27.174	27.115	27.081	27.031	27.008	26.96	26.93	26.903	26.87	26.873	26.826	26.809	26.788	26.767	26.742	26.7	26.669	26.632	26.618	26.575	26.569	26.513	26.478	26.44	26.414	26.373	26.329	26.301	26.239	26.197	26.154	26.127	26.091	26.06	26.032	26.018	25.986	25.948	25.919	25.88	25.858	25.829	25.803	25.784	25.737	25.723	25.681	25.662	25.613	25.572	25.537	25.528	25.524	25.481	25.482	25.457	25.442	25.406	25.371	25.323	25.289	25.256	25.211	25.199	25.16	25.133	25.105	25.102	25.071	25.069	25.053	25.04	25.041	25.017	25.021	25.001	25.002	24.957	24.923	24.886	24.837	24.807	24.753	24.741	24.714	24.678	24.646
28.86	28.799	28.788	28.741	28.729	28.684	28.67	28.608	28.594	28.546	28.524	28.508	28.486	28.457	28.431	28.45	28.42	28.387	28.337	28.282	28.23	28.168	28.142	28.108	28.089	28.026	27.99	27.928	27.863	27.837	27.805	27.766	27.693	27.665	27.602	27.575	27.517	27.479	27.443	27.416	27.403	27.339	27.341	27.31	27.308	27.286	27.263	27.246	27.201	27.183	27.133	27.1	27.034	26.988	26.938	26.891	26.854	26.828	26.812	26.746	26.744	26.686	26.677	26.649	26.625	26.597	26.554	26.518	26.484	26.487	26.443	26.423	26.401	26.347	26.319	26.29	26.27	26.219	26.173	26.113	26.076	26.035	26	25.986	25.941	25.927	25.909	25.884	25.841	25.819	25.766	25.736	25.706	25.706	25.686	25.639	25.617	25.566	25.533	25.499	25.465	25.447	25.441	25.423	25.39	25.385	25.35	25.331	25.285	25.256	25.234	25.203	25.18	25.138	25.135	25.079	25.058	25.009	24.996	24.985	24.975	24.974	24.947	24.974	24.953	24.95	24.925	24.902	24.873	24.829	24.788	24.726	24.714	24.666	24.644	24.606	24.587
28.682	28.62	28.588	28.564	28.524	28.528	28.466	28.44	28.389	28.358	28.342	28.327	28.33	28.298	28.285	28.251	28.268	28.233	28.206	28.168	28.117	28.101	28.041	28.004	27.954	27.926	27.878	27.837	27.786	27.764	27.759	27.697	27.675	27.598	27.553	27.489	27.465	27.418	27.386	27.362	27.316	27.283	27.232	27.231	27.187	27.169	27.142	27.131	27.111	27.079	27.067	27.023	26.997	26.936	26.876	26.83	26.788	26.781	26.715	26.706	26.647	26.625	26.578	26.552	26.523	26.495	26.477	26.431	26.419	26.37	26.355	26.308	26.291	26.252	26.227	26.21	26.171	26.152	26.101	26.059	26.005	25.962	25.912	25.898	25.885	25.86	25.839	25.799	25.786	25.747	25.72	25.694	25.65	25.648	25.616	25.613	25.55	25.525	25.476	25.443	25.399	25.374	25.343	25.313	25.301	25.263	25.242	25.208	25.199	25.162	25.135	25.123	25.092	25.073	25.039	25.018	24.984	24.956	24.927	24.913	24.912	24.897	24.9	24.874	24.89	24.857	24.848	24.809	24.783	24.759	24.725	24.699	24.638	24.613	24.577	24.55	24.516
28.459	28.434	28.405	28.363	28.357	28.307	28.293	28.223	28.21	28.185	28.166	28.164	28.146	28.144	28.117	28.127	28.081	28.087	28.059	28.028	27.998	27.939	27.923	27.87	27.848	27.792	27.769	27.725	27.686	27.653	27.631	27.6	27.548	27.532	27.477	27.44	27.396	27.345	27.327	27.272	27.254	27.179	27.165	27.114	27.082	27.044	27.005	26.982	26.971	26.953	26.927	26.904	26.864	26.838	26.769	26.734	26.695	26.669	26.656	26.604	26.593	26.552	26.51	26.457	26.418	26.398	26.361	26.359	26.321	26.301	26.266	26.235	26.206	26.171	26.161	26.119	26.103	26.048	26.022	25.97	25.931	25.874	25.836	25.815	25.788	25.787	25.749	25.734	25.711	25.703	25.642	25.607	25.587	25.546	25.535	25.507	25.491	25.445	25.422	25.364	25.32	25.293	25.246	25.223	25.176	25.151	25.097	25.073	25.037	25.026	25.013	25	24.996	24.971	24.954	24.912	24.908	24.869	24.83	24.831	24.803	24.801	24.78	24.773	24.747	24.733	24.703	24.683	24.662	24.628	24.618	24.589	24.583	24.537	24.51	24.468	24.432
28.28	28.28	28.226	28.204	28.16	28.12	28.075	28.047	28	27.997	27.983	27.968	27.974	27.944	27.965	27.955	27.934	27.904	27.9	27.865	27.85	27.813	27.763	27.738	27.696	27.676	27.633	27.594	27.562	27.53	27.518	27.473	27.438	27.387	27.361	27.288	27.258	27.2	27.196	27.163	27.11	27.06	27.018	27.004	26.953	26.914	26.868	26.834	26.825	26.784	26.778	26.746	26.715	26.701	26.663	26.621	26.573	26.553	26.537	26.505	26.453	26.425	26.379	26.352	26.29	26.269	26.248	26.213	26.209	26.188	26.168	26.136	26.099	26.064	26.045	26.013	25.97	25.94	25.873	25.854	25.793	25.751	25.728	25.703	25.68	25.661	25.666	25.65	25.641	25.606	25.587	25.528	25.486	25.445	25.396	25.386	25.348	25.321	25.282	25.252	25.203	25.171	25.139	25.101	25.077	25.024	24.983	24.93	24.911	24.876	24.868	24.871	24.844	24.84	24.821	24.792	24.761	24.752	24.715	24.699	24.677	24.64	24.624	24.6	24.584	24.561	24.549	24.528	24.511	24.491	24.48	24.469	24.451	24.44	24.415	24.393	24.345
28.074	28.055	28.029	27.998	27.981	27.943	27.91	27.87	27.84	27.822	27.823	27.824	27.808	27.8	27.81	27.798	27.784	27.756	27.714	27.692	27.673	27.659	27.606	27.584	27.557	27.51	27.49	27.45	27.406	27.402	27.376	27.368	27.324	27.284	27.22	27.178	27.123	27.061	27.028	27	26.984	26.934	26.899	26.853	26.822	26.774	26.754	26.712	26.687	26.666	26.651	26.647	26.611	26.587	26.56	26.522	26.49	26.437	26.401	26.376	26.355	26.314	26.28	26.238	26.196	26.171	26.152	26.123	26.095	26.071	26.035	26.006	25.993	25.957	25.94	25.905	25.872	25.835	25.795	25.747	25.719	25.66	25.64	25.628	25.602	25.576	25.552	25.554	25.533	25.496	25.466	25.427	25.386	25.348	25.308	25.275	25.25	25.213	25.162	25.115	25.083	25.053	25.021	24.992	24.953	24.916	24.885	24.846	24.801	24.78	24.767	24.751	24.718	24.676	24.672	24.658	24.63	24.601	24.59	24.56	24.536	24.502	24.477	24.465	24.443	24.434	24.41	24.395	24.384	24.371	24.366	24.356	24.359	24.333	24.308	24.3	24.245
27.961	27.914	27.904	27.878	27.849	27.816	27.754	27.714	27.686	27.647	27.628	27.617	27.6	27.604	27.596	27.595	27.581	27.57	27.559	27.539	27.515	27.508	27.466	27.408	27.386	27.365	27.328	27.277	27.229	27.237	27.223	27.192	27.169	27.125	27.08	27.021	26.965	26.926	26.887	26.859	26.847	26.819	26.775	26.749	26.72	26.684	26.651	26.612	26.576	26.552	26.535	26.522	26.495	26.458	26.419	26.388	26.354	26.311	26.284	26.256	26.228	26.193	26.162	26.127	26.097	26.069	26.042	26.027	25.99	25.967	25.922	25.88	25.846	25.825	25.793	25.782	25.75	25.714	25.685	25.638	25.608	25.589	25.55	25.529	25.503	25.487	25.46	25.431	25.419	25.388	25.341	25.295	25.261	25.217	25.203	25.176	25.136	25.099	25.057	25.008	24.972	24.949	24.924	24.897	24.866	24.817	24.783	24.744	24.699	24.658	24.646	24.621	24.599	24.573	24.534	24.502	24.49	24.464	24.445	24.426	24.417	24.392	24.355	24.321	24.298	24.286	24.262	24.252	24.253	24.248	24.241	24.215	24.211	24.192	24.173	24.146	24.117
27.748	27.708	27.703	27.693	27.674	27.664	27.618	27.575	27.529	27.531	27.52	27.52	27.498	27.476	27.479	27.456	27.433	27.408	27.398	27.356	27.343	27.324	27.321	27.287	27.242	27.214	27.178	27.169	27.109	27.073	27.057	27.034	27.018	26.985	26.953	26.92	26.86	26.801	26.757	26.766	26.746	26.729	26.69	26.667	26.64	26.611	26.57	26.536	26.507	26.492	26.472	26.422	26.403	26.357	26.327	26.291	26.257	26.241	26.193	26.156	26.115	26.087	26.062	26.042	25.995	25.972	25.943	25.917	25.926	25.887	25.851	25.804	25.763	25.737	25.696	25.678	25.635	25.612	25.578	25.554	25.516	25.492	25.452	25.439	25.413	25.388	25.383	25.341	25.315	25.287	25.246	25.189	25.158	25.123	25.102	25.089	25.06	25.039	24.995	24.956	24.918	24.89	24.872	24.833	24.81	24.768	24.729	24.685	24.642	24.588	24.56	24.535	24.497	24.471	24.455	24.425	24.406	24.381	24.36	24.329	24.313	24.304	24.284	24.248	24.217	24.197	24.188	24.15	24.135	24.128	24.127	24.136	24.11	24.084	24.07	24.035	24.019
27.65	27.623	27.6	27.587	27.567	27.53	27.509	27.471	27.448	27.402	27.383	27.378	27.375	27.355	27.318	27.303	27.276	27.266	27.236	27.2	27.227	27.187	27.168	27.159	27.141	27.085	27.057	27.021	27.004	26.991	26.966	26.937	26.897	26.892	26.837	26.82	26.739	26.711	26.676	26.647	26.642	26.601	26.6	26.589	26.569	26.54	26.497	26.477	26.418	26.406	26.363	26.348	26.295	26.261	26.205	26.153	26.138	26.107	26.089	26.044	26.03	25.991	25.957	25.937	25.892	25.88	25.844	25.829	25.804	25.789	25.756	25.728	25.673	25.64	25.604	25.569	25.553	25.503	25.464	25.412	25.401	25.369	25.348	25.325	25.306	25.295	25.271	25.263	25.226	25.194	25.129	25.071	25.043	25.012	24.981	24.944	24.935	24.906	24.883	24.829	24.806	24.795	24.766	24.751	24.71	24.692	24.641	24.611	24.556	24.521	24.487	24.468	24.431	24.39	24.386	24.348	24.325	24.291	24.253	24.225	24.185	24.182	24.161	24.14	24.123	24.113	24.093	24.064	24.043	24.013	23.996	23.989	23.989	23.973	23.973	23.941	23.918
27.505	27.494	27.454	27.47	27.425	27.41	27.355	27.348	27.302	27.273	27.245	27.228	27.228	27.203	27.196	27.146	27.158	27.109	27.127	27.065	27.048	27.031	27.02	26.999	26.966	26.951	26.893	26.859	26.82	26.811	26.835	26.785	26.786	26.739	26.726	26.681	26.626	26.589	26.55	26.536	26.499	26.499	26.454	26.463	26.414	26.409	26.374	26.348	26.316	26.266	26.249	26.2	26.192	26.126	26.092	26.031	25.99	25.976	25.964	25.94	25.897	25.876	25.83	25.806	25.776	25.751	25.743	25.69	25.691	25.664	25.646	25.606	25.573	25.525	25.495	25.465	25.404	25.392	25.337	25.322	25.26	25.231	25.202	25.186	25.192	25.172	25.15	25.114	25.113	25.069	25.029	24.972	24.926	24.893	24.835	24.815	24.751	24.742	24.702	24.68	24.645	24.639	24.642	24.604	24.605	24.555	24.539	24.494	24.457	24.43	24.392	24.374	24.329	24.321	24.269	24.249	24.207	24.183	24.143	24.118	24.096	24.064	24.069	24.036	24.03	24.006	23.986	23.954	23.914	23.894	23.862	23.866	23.852	23.859	23.831	23.829	23.815
27.347	27.379	27.338	27.317	27.307	27.262	27.277	27.203	27.185	27.118	27.092	27.089	27.069	27.078	27.016	27.033	26.973	26.953	26.943	26.925	26.936	26.898	26.898	26.865	26.869	26.798	26.78	26.723	26.694	26.679	26.673	26.673	26.644	26.645	26.581	26.566	26.492	26.445	26.418	26.376	26.381	26.324	26.346	26.292	26.287	26.25	26.224	26.21	26.168	26.151	26.095	26.081	26.035	25.993	25.943	25.898	25.863	25.808	25.801	25.771	25.767	25.729	25.704	25.661	25.638	25.596	25.566	25.554	25.512	25.527	25.483	25.469	25.431	25.395	25.363	25.332	25.327	25.259	25.25	25.194	25.171	25.117	25.083	25.062	25.04	25.048	25.014	25.002	24.953	24.94	24.891	24.863	24.828	24.779	24.75	24.663	24.655	24.587	24.571	24.533	24.495	24.48	24.473	24.479	24.457	24.455	24.407	24.388	24.336	24.296	24.262	24.206	24.192	24.155	24.154	24.124	24.099	24.054	24.04	24.022	23.981	23.978	23.953	23.948	23.931	23.921	23.885	23.86	23.832	23.792	23.78	23.735	23.743	23.715	23.715	23.683	23.674
27.199	27.231	27.189	27.194	27.144	27.137	27.08	27.074	27.028	26.996	26.937	26.939	26.917	26.911	26.917	26.852	26.855	26.787	26.79	26.763	26.762	26.774	26.728	26.746	26.688	26.693	26.652	26.61	26.594	26.577	26.567	26.528	26.523	26.479	26.465	26.421	26.399	26.331	26.279	26.253	26.198	26.211	26.15	26.169	26.131	26.108	26.063	26.047	26.045	26.006	25.992	25.924	25.907	25.858	25.824	25.761	25.739	25.703	25.634	25.643	25.606	25.606	25.574	25.554	25.523	25.489	25.458	25.412	25.408	25.344	25.353	25.312	25.296	25.273	25.25	25.24	25.199	25.195	25.135	25.121	25.069	25.035	24.988	24.966	24.942	24.886	24.887	24.84	24.835	24.794	24.773	24.729	24.713	24.682	24.623	24.588	24.525	24.503	24.44	24.407	24.374	24.35	24.339	24.309	24.332	24.284	24.279	24.242	24.203	24.152	24.112	24.075	24.049	24.046	23.99	24.016	23.983	23.953	23.916	23.891	23.874	23.839	23.839	23.813	23.818	23.803	23.766	23.734	23.733	23.712	23.67	23.655	23.6	23.602	23.575	23.567	23.537
27.033	27.062	26.988	26.988	26.986	26.936	26.939	26.892	26.88	26.864	26.812	26.827	26.785	26.806	26.741	26.72	26.679	26.663	26.65	26.622	26.612	26.6	26.595	26.534	26.538	26.489	26.537	26.474	26.454	26.445	26.425	26.425	26.384	26.382	26.324	26.292	26.251	26.2	26.169	26.127	26.116	26.075	26.084	26.025	26.018	25.968	25.954	25.929	25.887	25.898	25.861	25.842	25.781	25.755	25.717	25.67	25.625	25.578	25.535	25.5	25.486	25.436	25.441	25.409	25.375	25.376	25.344	25.333	25.272	25.246	25.186	25.175	25.133	25.12	25.103	25.107	25.1	25.062	25.062	25.004	24.983	24.94	24.891	24.85	24.824	24.802	24.741	24.729	24.671	24.646	24.612	24.57	24.566	24.533	24.515	24.468	24.446	24.388	24.345	24.284	24.259	24.233	24.204	24.189	24.161	24.166	24.118	24.098	24.035	23.991	23.978	23.926	23.916	23.879	23.88	23.839	23.838	23.807	23.795	23.772	23.756	23.74	23.705	23.698	23.66	23.644	23.62	23.591	23.599	23.569	23.548	23.507	23.501	23.468	23.458	23.427	23.392
26.892	26.924	26.845	26.838	26.799	26.787	26.753	26.757	26.701	26.72	26.678	26.66	26.639	26.624	26.616	26.576	26.54	26.483	26.49	26.476	26.456	26.466	26.425	26.415	26.368	26.337	26.295	26.305	26.291	26.281	26.279	26.261	26.253	26.211	26.202	26.136	26.135	26.095	26.062	26.048	26.004	26.003	25.956	25.941	25.902	25.875	25.835	25.793	25.782	25.749	25.74	25.697	25.683	25.629	25.605	25.555	25.493	25.458	25.411	25.379	25.334	25.323	25.277	25.277	25.225	25.218	25.201	25.16	25.137	25.096	25.073	25.028	24.996	24.977	24.949	24.959	24.932	24.915	24.888	24.879	24.844	24.823	24.793	24.744	24.721	24.663	24.627	24.576	24.545	24.49	24.464	24.418	24.384	24.378	24.349	24.318	24.268	24.246	24.207	24.173	24.131	24.106	24.095	24.047	24.044	24.006	23.997	23.934	23.907	23.857	23.822	23.787	23.747	23.74	23.702	23.687	23.654	23.65	23.638	23.615	23.61	23.595	23.577	23.535	23.519	23.487	23.477	23.45	23.421	23.443	23.418	23.387	23.357	23.34	23.291	23.28	23.246
26.736	26.711	26.679	26.612	26.612	26.589	26.585	26.562	26.546	26.522	26.504	26.491	26.473	26.47	26.456	26.434	26.399	26.367	26.307	26.293	26.288	26.277	26.278	26.243	26.239	26.2	26.17	26.14	26.116	26.13	26.105	26.091	26.079	26.086	26.06	26.035	25.988	25.965	25.964	25.933	25.913	25.873	25.842	25.809	25.789	25.738	25.705	25.661	25.621	25.616	25.587	25.558	25.518	25.489	25.427	25.412	25.37	25.33	25.297	25.239	25.212	25.173	25.138	25.106	25.084	25.064	25.035	25.025	24.985	24.946	24.891	24.87	24.83	24.809	24.808	24.782	24.781	24.765	24.735	24.714	24.709	24.674	24.647	24.618	24.554	24.517	24.471	24.446	24.393	24.341	24.287	24.25	24.222	24.188	24.166	24.14	24.112	24.059	24.038	24.006	23.983	23.974	23.932	23.908	23.875	23.856	23.814	23.773	23.751	23.707	23.682	23.637	23.607	23.585	23.565	23.535	23.515	23.482	23.46	23.445	23.426	23.426	23.403	23.387	23.364	23.349	23.298	23.272	23.254	23.249	23.255	23.245	23.235	23.197	23.176	23.141	23.115
26.628	26.535	26.533	26.473	26.441	26.404	26.38	26.367	26.33	26.315	26.295	26.268	26.247	26.224	26.241	26.232	26.197	26.194	26.169	26.126	26.103	26.088	26.082	26.066	26.028	25.997	25.975	25.965	25.93	25.946	25.955	25.935	25.926	25.907	25.888	25.902	25.877	25.847	25.825	25.806	25.761	25.72	25.691	25.671	25.626	25.602	25.561	25.533	25.499	25.437	25.406	25.378	25.326	25.314	25.278	25.238	25.187	25.121	25.084	25.057	25.022	24.99	24.947	24.899	24.867	24.841	24.816	24.79	24.762	24.731	24.69	24.661	24.622	24.591	24.589	24.571	24.55	24.545	24.537	24.514	24.503	24.49	24.453	24.42	24.406	24.358	24.306	24.258	24.21	24.151	24.097	24.054	24.017	24.001	23.963	23.931	23.902	23.861	23.815	23.794	23.752	23.761	23.733	23.707	23.686	23.652	23.631	23.605	23.576	23.552	23.518	23.489	23.456	23.429	23.399	23.368	23.347	23.329	23.291	23.279	23.265	23.254	23.235	23.209	23.179	23.169	23.141	23.108	23.076	23.058	23.045	23.05	23.039	23.011	22.986	22.946	22.916
26.363	26.315	26.289	26.264	26.229	26.212	26.181	26.163	26.138	26.119	26.096	26.099	26.115	26.076	26.078	26.061	26.044	26.019	26.011	25.999	25.986	25.948	25.913	25.891	25.867	25.856	25.795	25.787	25.773	25.764	25.771	25.758	25.762	25.767	25.779	25.774	25.763	25.708	25.686	25.671	25.63	25.603	25.548	25.521	25.494	25.468	25.431	25.374	25.376	25.333	25.295	25.254	25.21	25.156	25.126	25.071	25.034	25	24.944	24.902	24.861	24.817	24.777	24.746	24.717	24.694	24.665	24.634	24.621	24.568	24.534	24.479	24.475	24.431	24.395	24.392	24.377	24.353	24.338	24.332	24.306	24.3	24.284	24.256	24.253	24.192	24.155	24.106	24.05	23.988	23.939	23.899	23.864	23.838	23.815	23.78	23.742	23.712	23.658	23.634	23.593	23.564	23.553	23.532	23.511	23.475	23.459	23.437	23.413	23.383	23.342	23.333	23.303	23.291	23.268	23.25	23.209	23.18	23.142	23.133	23.144	23.126	23.109	23.067	23.039	23.008	23.002	22.968	22.931	22.925	22.894	22.887	22.88	22.868	22.828	22.824	22.773
26.191	26.17	26.151	26.108	26.091	26.047	26.044	25.992	25.98	25.926	25.908	25.913	25.898	25.902	25.869	25.862	25.806	25.795	25.788	25.771	25.778	25.776	25.776	25.74	25.733	25.679	25.653	25.619	25.61	25.603	25.595	25.605	25.567	25.587	25.605	25.618	25.605	25.572	25.533	25.492	25.479	25.441	25.431	25.371	25.347	25.276	25.247	25.216	25.175	25.176	25.126	25.098	25.048	25.022	24.974	24.938	24.885	24.833	24.793	24.747	24.716	24.661	24.628	24.586	24.53	24.523	24.483	24.476	24.435	24.42	24.386	24.358	24.306	24.282	24.259	24.212	24.212	24.18	24.166	24.132	24.125	24.082	24.071	24.052	24.046	24.026	23.979	23.942	23.866	23.819	23.757	23.724	23.704	23.654	23.638	23.609	23.591	23.563	23.525	23.467	23.419	23.387	23.35	23.354	23.329	23.314	23.282	23.261	23.219	23.189	23.183	23.154	23.15	23.106	23.095	23.061	23.046	23	22.988	22.964	22.95	22.949	22.916	22.899	22.857	22.848	22.802	22.786	22.757	22.733	22.745	22.692	22.695	22.675	22.64	22.621	22.604
25.983	25.922	25.917	25.928	25.878	25.895	25.846	25.834	25.788	25.753	25.74	25.716	25.706	25.692	25.703	25.661	25.658	25.597	25.578	25.568	25.564	25.569	25.542	25.565	25.53	25.535	25.491	25.452	25.414	25.398	25.415	25.423	25.437	25.43	25.466	25.435	25.442	25.406	25.374	25.343	25.281	25.281	25.224	25.223	25.168	25.117	25.072	25.038	25.024	24.989	24.987	24.943	24.942	24.875	24.838	24.8	24.74	24.719	24.643	24.615	24.546	24.517	24.469	24.43	24.365	24.343	24.327	24.293	24.287	24.236	24.225	24.185	24.146	24.089	24.083	24.06	24.018	24.025	23.974	23.949	23.901	23.866	23.844	23.826	23.82	23.783	23.766	23.726	23.698	23.645	23.622	23.568	23.541	23.512	23.46	23.445	23.412	23.397	23.344	23.315	23.246	23.213	23.198	23.164	23.179	23.15	23.136	23.094	23.077	23.026	23.008	22.988	22.959	22.951	22.904	22.891	22.86	22.829	22.806	22.783	22.779	22.741	22.734	22.678	22.66	22.631	22.613	22.58	22.568	22.549	22.539	22.539	22.502	22.507	22.464	22.454	22.41
25.791	25.757	25.72	25.679	25.68	25.632	25.663	25.596	25.606	25.577	25.539	25.516	25.497	25.509	25.449	25.463	25.435	25.433	25.391	25.374	25.384	25.381	25.357	25.326	25.35	25.318	25.313	25.291	25.261	25.257	25.2	25.233	25.196	25.246	25.226	25.227	25.222	25.208	25.2	25.181	25.15	25.081	25.084	25.025	25.018	24.952	24.901	24.88	24.852	24.828	24.782	24.807	24.751	24.748	24.69	24.64	24.611	24.558	24.521	24.44	24.411	24.329	24.294	24.246	24.19	24.168	24.127	24.137	24.081	24.074	24.007	23.982	23.945	23.907	23.887	23.857	23.833	23.793	23.789	23.73	23.708	23.644	23.625	23.602	23.579	23.562	23.514	23.506	23.455	23.444	23.415	23.37	23.355	23.332	23.319	23.275	23.265	23.214	23.177	23.135	23.09	23.058	23.018	23.007	22.975	22.977	22.937	22.922	22.905	22.857	22.845	22.824	22.81	22.756	22.743	22.709	22.701	22.664	22.643	22.618	22.588	22.561	22.522	22.496	22.436	22.422	22.412	22.375	22.37	22.347	22.361	22.343	22.353	22.305	22.294	22.258	22.214
25.609	25.579	25.541	25.505	25.453	25.465	25.396	25.391	25.337	25.343	25.32	25.302	25.306	25.255	25.257	25.203	25.225	25.205	25.205	25.192	25.177	25.215	25.182	25.183	25.134	25.152	25.115	25.11	25.066	25.054	25.059	25.026	25.029	25.006	25.036	25.002	25.003	24.997	24.993	24.994	24.955	24.95	24.874	24.853	24.785	24.767	24.728	24.673	24.678	24.628	24.621	24.567	24.579	24.534	24.518	24.467	24.439	24.399	24.339	24.327	24.222	24.191	24.112	24.07	24.022	23.989	23.974	23.932	23.932	23.835	23.816	23.757	23.739	23.713	23.686	23.69	23.618	23.603	23.542	23.54	23.492	23.463	23.439	23.401	23.377	23.336	23.319	23.257	23.241	23.193	23.182	23.156	23.138	23.142	23.104	23.093	23.041	23.037	22.992	22.967	22.937	22.914	22.889	22.846	22.827	22.775	22.762	22.704	22.692	22.667	22.633	22.625	22.588	22.595	22.558	22.545	22.499	22.474	22.45	22.415	22.405	22.379	22.369	22.313	22.289	22.237	22.224	22.198	22.179	22.171	22.136	22.151	22.117	22.117	22.078	22.068	22.022
25.365	25.366	25.357	25.325	25.298	25.27	25.22	25.173	25.119	25.103	25.093	25.066	25.065	25.034	25.014	25.02	24.978	24.972	24.954	24.968	24.947	24.953	24.958	24.958	24.948	24.942	24.904	24.911	24.878	24.866	24.846	24.826	24.818	24.804	24.798	24.776	24.785	24.775	24.766	24.754	24.742	24.704	24.67	24.617	24.569	24.534	24.516	24.491	24.477	24.424	24.407	24.383	24.353	24.325	24.303	24.274	24.258	24.22	24.175	24.131	24.06	24.003	23.942	23.897	23.858	23.831	23.795	23.742	23.71	23.649	23.625	23.578	23.527	23.514	23.491	23.463	23.42	23.378	23.332	23.296	23.278	23.261	23.222	23.212	23.186	23.161	23.116	23.085	23.043	23.01	22.974	22.951	22.94	22.938	22.911	22.889	22.874	22.832	22.807	22.787	22.76	22.738	22.702	22.703	22.681	22.645	22.604	22.562	22.501	22.48	22.456	22.436	22.406	22.399	22.361	22.336	22.315	22.276	22.261	22.227	22.209	22.192	22.162	22.12	22.12	22.103	22.067	22.041	21.999	21.993	21.953	21.936	21.914	21.911	21.872	21.862	21.838
25.206	25.203	25.173	25.158	25.119	25.081	25.065	25.021	24.982	24.919	24.881	24.829	24.826	24.814	24.786	24.788	24.757	24.767	24.729	24.748	24.764	24.736	24.744	24.739	24.738	24.769	24.726	24.716	24.7	24.701	24.679	24.656	24.659	24.616	24.618	24.586	24.581	24.558	24.564	24.532	24.476	24.464	24.395	24.369	24.359	24.335	24.34	24.29	24.27	24.203	24.156	24.154	24.111	24.106	24.071	24.05	24.005	23.986	23.977	23.909	23.861	23.788	23.734	23.7	23.658	23.645	23.587	23.562	23.522	23.465	23.443	23.405	23.372	23.306	23.28	23.226	23.193	23.182	23.134	23.105	23.054	23.036	22.999	22.997	22.991	22.952	22.933	22.892	22.866	22.864	22.804	22.797	22.759	22.743	22.718	22.711	22.717	22.681	22.655	22.616	22.589	22.563	22.53	22.53	22.5	22.5	22.44	22.407	22.363	22.323	22.305	22.255	22.229	22.187	22.154	22.164	22.126	22.106	22.048	22.033	21.993	21.982	21.985	21.956	21.946	21.917	21.889	21.859	21.809	21.792	21.757	21.739	21.711	21.703	21.701	21.671	21.648
24.969	24.953	24.949	24.932	24.912	24.878	24.839	24.829	24.79	24.745	24.679	24.624	24.615	24.588	24.603	24.588	24.568	24.558	24.568	24.565	24.55	24.546	24.545	24.543	24.532	24.542	24.554	24.532	24.522	24.48	24.48	24.487	24.45	24.44	24.401	24.396	24.393	24.374	24.364	24.324	24.281	24.232	24.21	24.147	24.145	24.146	24.112	24.1	24.043	24.006	23.953	23.915	23.906	23.881	23.861	23.818	23.785	23.765	23.723	23.697	23.641	23.59	23.531	23.509	23.462	23.434	23.412	23.347	23.31	23.271	23.219	23.191	23.148	23.118	23.055	23.014	22.984	22.939	22.931	22.899	22.876	22.823	22.797	22.777	22.769	22.757	22.722	22.702	22.666	22.658	22.656	22.625	22.599	22.564	22.557	22.528	22.52	22.505	22.48	22.457	22.41	22.385	22.361	22.331	22.329	22.3	22.266	22.239	22.203	22.175	22.136	22.112	22.071	22.04	21.999	21.96	21.965	21.927	21.892	21.853	21.849	21.812	21.811	21.789	21.762	21.744	21.708	21.674	21.654	21.605	21.579	21.561	21.554	21.532	21.523	21.502	21.464
24.755	24.737	24.706	24.692	24.679	24.673	24.664	24.661	24.631	24.573	24.512	24.456	24.409	24.385	24.367	24.36	24.342	24.315	24.328	24.317	24.315	24.319	24.312	24.329	24.35	24.337	24.351	24.345	24.343	24.344	24.303	24.277	24.251	24.233	24.225	24.203	24.188	24.181	24.165	24.153	24.111	24.066	24.04	23.994	23.98	23.954	23.919	23.886	23.84	23.8	23.74	23.723	23.696	23.67	23.658	23.631	23.59	23.555	23.519	23.478	23.454	23.403	23.335	23.307	23.259	23.226	23.192	23.161	23.11	23.08	23.041	22.993	22.945	22.909	22.864	22.801	22.768	22.749	22.726	22.713	22.678	22.648	22.629	22.601	22.585	22.559	22.525	22.497	22.48	22.468	22.443	22.437	22.433	22.404	22.377	22.345	22.309	22.281	22.262	22.247	22.223	22.189	22.182	22.16	22.138	22.115	22.091	22.065	22.032	22.022	21.993	21.961	21.935	21.896	21.859	21.839	21.803	21.778	21.759	21.715	21.702	21.669	21.644	21.629	21.601	21.551	21.535	21.504	21.465	21.449	21.42	21.389	21.375	21.355	21.341	21.319	21.287
24.497	24.476	24.442	24.42	24.387	24.407	24.413	24.412	24.423	24.391	24.343	24.283	24.239	24.225	24.183	24.165	24.14	24.119	24.115	24.102	24.112	24.117	24.118	24.102	24.093	24.118	24.127	24.104	24.093	24.127	24.115	24.109	24.102	24.075	24.075	24.043	24.013	24.023	23.986	23.981	23.956	23.918	23.866	23.827	23.815	23.782	23.753	23.709	23.678	23.628	23.566	23.555	23.532	23.525	23.498	23.472	23.44	23.399	23.37	23.335	23.313	23.273	23.23	23.158	23.138	23.105	23.051	23.009	22.969	22.919	22.898	22.856	22.811	22.766	22.721	22.664	22.607	22.585	22.552	22.536	22.527	22.489	22.467	22.443	22.428	22.396	22.382	22.361	22.322	22.306	22.279	22.267	22.24	22.229	22.196	22.193	22.166	22.129	22.098	22.065	22.049	22.018	21.981	21.98	21.948	21.94	21.916	21.899	21.875	21.854	21.825	21.791	21.774	21.746	21.704	21.704	21.653	21.626	21.61	21.595	21.549	21.527	21.493	21.476	21.455	21.409	21.354	21.339	21.307	21.292	21.277	21.255	21.235	21.207	21.172	21.147	21.126
24.261	24.24	24.245	24.201	24.179	24.163	24.173	24.186	24.162	24.163	24.141	24.129	24.061	24.023	24.001	23.964	23.968	23.915	23.921	23.934	23.911	23.919	23.9	23.909	23.887	23.872	23.899	23.894	23.905	23.892	23.889	23.874	23.888	23.902	23.882	23.867	23.826	23.796	23.797	23.787	23.8	23.743	23.712	23.65	23.607	23.594	23.539	23.504	23.449	23.424	23.375	23.349	23.341	23.303	23.291	23.237	23.222	23.2	23.15	23.147	23.093	23.062	23.041	22.997	22.966	22.916	22.893	22.831	22.779	22.738	22.7	22.684	22.625	22.595	22.536	22.493	22.456	22.417	22.396	22.351	22.338	22.298	22.29	22.279	22.248	22.223	22.196	22.195	22.157	22.118	22.106	22.064	22.055	22.022	21.995	21.987	21.958	21.943	21.907	21.887	21.844	21.817	21.789	21.752	21.742	21.719	21.707	21.698	21.676	21.671	21.662	21.647	21.599	21.586	21.548	21.52	21.504	21.46	21.445	21.41	21.381	21.374	21.348	21.328	21.281	21.268	21.205	21.179	21.164	21.126	21.117	21.085	21.068	21.047	21.011	21	20.955
23.923	23.929	23.904	23.901	23.891	23.887	23.911	23.894	23.908	23.871	23.891	23.872	23.844	23.822	23.782	23.768	23.727	23.737	23.706	23.697	23.708	23.688	23.702	23.647	23.654	23.668	23.643	23.664	23.646	23.652	23.661	23.637	23.663	23.648	23.687	23.668	23.644	23.596	23.573	23.566	23.532	23.528	23.49	23.46	23.432	23.362	23.359	23.302	23.273	23.224	23.184	23.164	23.119	23.128	23.08	23.053	23.006	22.986	22.962	22.922	22.915	22.872	22.838	22.815	22.774	22.759	22.71	22.678	22.61	22.564	22.544	22.483	22.459	22.407	22.378	22.323	22.268	22.241	22.196	22.193	22.165	22.152	22.122	22.095	22.082	22.036	22.027	21.98	21.958	21.939	21.917	21.89	21.85	21.85	21.794	21.77	21.755	21.711	21.704	21.675	21.647	21.612	21.584	21.561	21.523	21.523	21.497	21.478	21.478	21.457	21.473	21.452	21.447	21.402	21.368	21.342	21.318	21.325	21.274	21.261	21.246	21.212	21.201	21.166	21.158	21.081	21.051	21.02	20.987	20.971	20.934	20.936	20.896	20.89	20.863	20.837	20.839
23.612	23.591	23.613	23.578	23.585	23.576	23.596	23.628	23.6	23.607	23.574	23.571	23.578	23.542	23.554	23.501	23.483	23.456	23.44	23.462	23.427	23.44	23.429	23.438	23.404	23.435	23.436	23.417	23.438	23.397	23.437	23.431	23.424	23.449	23.433	23.453	23.416	23.395	23.362	23.308	23.315	23.283	23.262	23.232	23.201	23.194	23.133	23.118	23.053	23.018	22.986	22.936	22.931	22.862	22.87	22.831	22.791	22.803	22.759	22.765	22.705	22.691	22.63	22.604	22.613	22.582	22.571	22.514	22.479	22.403	22.364	22.332	22.25	22.223	22.173	22.131	22.109	22.035	22.009	21.962	21.955	21.946	21.918	21.913	21.884	21.869	21.82	21.796	21.748	21.714	21.706	21.667	21.668	21.623	21.6	21.564	21.518	21.511	21.473	21.455	21.425	21.399	21.388	21.351	21.343	21.293	21.304	21.279	21.274	21.278	21.236	21.254	21.243	21.218	21.188	21.159	21.154	21.123	21.127	21.09	21.079	21.068	21.026	21.02	20.973	20.934	20.894	20.842	20.821	20.773	20.769	20.743	20.734	20.713	20.694	20.701	20.675
23.254	23.283	23.287	23.271	23.255	23.255	23.267	23.28	23.303	23.282	23.27	23.253	23.251	23.257	23.255	23.244	23.206	23.182	23.162	23.176	23.172	23.176	23.16	23.162	23.149	23.173	23.165	23.174	23.174	23.181	23.183	23.2	23.21	23.217	23.222	23.199	23.162	23.154	23.147	23.109	23.06	23.032	23.027	23.01	22.995	22.979	22.954	22.899	22.813	22.775	22.758	22.721	22.695	22.662	22.612	22.623	22.605	22.575	22.571	22.553	22.493	22.475	22.448	22.43	22.412	22.4	22.365	22.318	22.29	22.24	22.191	22.139	22.084	22.036	22.006	21.955	21.924	21.87	21.838	21.781	21.748	21.733	21.708	21.705	21.66	21.628	21.616	21.576	21.539	21.522	21.497	21.475	21.443	21.41	21.384	21.362	21.336	21.332	21.298	21.27	21.23	21.214	21.18	21.163	21.141	21.099	21.076	21.069	21.077	21.083	21.07	21.057	21.049	21.033	21.016	21.006	20.995	20.963	20.951	20.911	20.893	20.894	20.872	20.838	20.801	20.754	20.73	20.691	20.664	20.628	20.597	20.579	20.571	20.558	20.541	20.521	20.506
22.889	22.868	22.904	22.891	22.888	22.922	22.905	22.951	22.928	22.926	22.932	22.919	22.947	22.93	22.933	22.921	22.911	22.903	22.872	22.888	22.861	22.894	22.865	22.888	22.912	22.888	22.911	22.889	22.896	22.928	22.944	22.981	22.955	22.972	22.942	22.927	22.931	22.877	22.868	22.819	22.814	22.792	22.779	22.778	22.751	22.739	22.71	22.671	22.622	22.558	22.548	22.497	22.455	22.457	22.409	22.421	22.388	22.382	22.345	22.338	22.332	22.277	22.273	22.237	22.209	22.217	22.177	22.145	22.076	22.048	21.982	21.937	21.913	21.851	21.832	21.781	21.741	21.699	21.664	21.642	21.577	21.565	21.507	21.477	21.453	21.407	21.39	21.359	21.319	21.313	21.271	21.26	21.219	21.198	21.162	21.133	21.125	21.082	21.083	21.052	21.009	21.015	20.971	20.962	20.924	20.893	20.868	20.869	20.871	20.852	20.877	20.857	20.845	20.859	20.821	20.824	20.794	20.768	20.745	20.73	20.714	20.688	20.683	20.647	20.624	20.594	20.567	20.541	20.479	20.458	20.431	20.414	20.399	20.376	20.363	20.334	20.308
22.522	22.513	22.48	22.517	22.509	22.538	22.536	22.542	22.567	22.553	22.57	22.58	22.562	22.585	22.565	22.554	22.558	22.551	22.578	22.562	22.583	22.594	22.581	22.615	22.605	22.628	22.606	22.638	22.626	22.644	22.681	22.674	22.694	22.683	22.651	22.639	22.601	22.597	22.554	22.544	22.532	22.541	22.541	22.495	22.494	22.453	22.422	22.405	22.365	22.34	22.28	22.262	22.203	22.183	22.16	22.133	22.146	22.135	22.123	22.123	22.095	22.077	22.03	22.014	21.988	21.95	21.948	21.904	21.872	21.83	21.784	21.754	21.696	21.673	21.61	21.583	21.541	21.486	21.459	21.412	21.39	21.346	21.323	21.293	21.249	21.221	21.163	21.143	21.111	21.078	21.071	21.033	21.009	20.98	20.969	20.943	20.916	20.875	20.83	20.828	20.795	20.785	20.762	20.726	20.718	20.69	20.667	20.681	20.667	20.659	20.628	20.644	20.626	20.624	20.607	20.581	20.586	20.559	20.527	20.514	20.487	20.487	20.46	20.456	20.424	20.392	20.371	20.335	20.299	20.26	20.234	20.215	20.179	20.176	20.156	20.144	20.123
22.114	22.114	22.112	22.096	22.097	22.132	22.137	22.159	22.154	22.172	22.169	22.17	22.18	22.186	22.184	22.176	22.188	22.194	22.202	22.232	22.253	22.261	22.277	22.297	22.309	22.298	22.304	22.296	22.322	22.347	22.365	22.392	22.384	22.378	22.352	22.338	22.313	22.279	22.27	22.241	22.22	22.257	22.239	22.227	22.194	22.165	22.133	22.09	22.079	22.05	22.036	22.001	21.973	21.943	21.906	21.896	21.877	21.882	21.861	21.862	21.848	21.827	21.81	21.743	21.729	21.687	21.663	21.657	21.624	21.605	21.567	21.556	21.51	21.433	21.392	21.33	21.292	21.268	21.218	21.182	21.134	21.105	21.078	21.042	21.02	20.98	20.95	20.901	20.864	20.849	20.819	20.792	20.759	20.752	20.733	20.714	20.713	20.683	20.655	20.628	20.6	20.577	20.557	20.529	20.492	20.469	20.454	20.428	20.424	20.395	20.393	20.392	20.392	20.399	20.382	20.353	20.335	20.334	20.289	20.274	20.263	20.255	20.254	20.231	20.206	20.193	20.164	20.133	20.1	20.067	20.019	20.004	19.997	19.943	19.923	19.912	19.905
21.707	21.716	21.698	21.691	21.692	21.706	21.734	21.754	21.776	21.78	21.76	21.774	21.765	21.772	21.778	21.77	21.784	21.811	21.827	21.862	21.904	21.929	21.954	21.965	21.983	21.999	22.007	22.011	22.039	22.045	22.044	22.049	22.067	22.051	22.024	22.008	21.991	21.967	21.949	21.935	21.913	21.936	21.925	21.893	21.885	21.84	21.83	21.799	21.752	21.757	21.753	21.721	21.71	21.682	21.656	21.616	21.596	21.599	21.563	21.594	21.569	21.545	21.524	21.48	21.454	21.449	21.422	21.372	21.346	21.333	21.29	21.272	21.233	21.187	21.141	21.091	21.03	21.005	20.963	20.938	20.906	20.863	20.822	20.798	20.773	20.74	20.694	20.669	20.626	20.62	20.586	20.565	20.549	20.517	20.515	20.513	20.484	20.447	20.423	20.404	20.394	20.381	20.357	20.326	20.291	20.267	20.254	20.228	20.203	20.184	20.165	20.147	20.144	20.137	20.127	20.129	20.1	20.07	20.049	20.039	20.028	20.024	20.022	20.008	19.991	19.96	19.955	19.935	19.906	19.872	19.838	19.809	19.782	19.751	19.727	19.71	19.677
21.241	21.27	21.289	21.295	21.296	21.305	21.333	21.328	21.348	21.373	21.382	21.398	21.399	21.39	21.404	21.428	21.423	21.475	21.497	21.538	21.577	21.591	21.607	21.648	21.675	21.686	21.679	21.707	21.721	21.752	21.763	21.757	21.758	21.727	21.713	21.684	21.67	21.656	21.618	21.614	21.592	21.622	21.631	21.624	21.614	21.573	21.536	21.527	21.492	21.479	21.478	21.46	21.433	21.419	21.413	21.362	21.338	21.331	21.292	21.308	21.299	21.296	21.273	21.236	21.186	21.164	21.177	21.157	21.121	21.086	21.037	21.017	20.983	20.944	20.894	20.874	20.803	20.77	20.74	20.71	20.678	20.638	20.603	20.585	20.562	20.526	20.482	20.459	20.426	20.421	20.399	20.362	20.344	20.314	20.28	20.282	20.259	20.241	20.222	20.224	20.181	20.175	20.153	20.124	20.104	20.077	20.043	20.043	20.004	20.002	19.978	19.96	19.942	19.939	19.92	19.904	19.888	19.855	19.831	19.826	19.812	19.809	19.793	19.769	19.758	19.741	19.75	19.752	19.723	19.671	19.646	19.613	19.584	19.559	19.525	19.508	19.481
20.799	20.815	20.874	20.889	20.909	20.905	20.899	20.923	20.92	20.953	20.961	20.976	21.026	21.038	21.066	21.062	21.079	21.116	21.143	21.204	21.222	21.268	21.264	21.277	21.333	21.362	21.386	21.396	21.41	21.456	21.46	21.49	21.475	21.443	21.42	21.381	21.393	21.365	21.357	21.322	21.305	21.322	21.342	21.363	21.326	21.319	21.254	21.247	21.248	21.232	21.243	21.204	21.181	21.156	21.135	21.109	21.051	21.036	20.998	20.981	20.986	20.98	20.981	20.953	20.917	20.891	20.88	20.881	20.852	20.829	20.8	20.748	20.732	20.693	20.661	20.618	20.574	20.533	20.489	20.47	20.423	20.396	20.365	20.325	20.304	20.276	20.256	20.221	20.192	20.182	20.162	20.157	20.115	20.081	20.059	20.029	20.045	20.014	20	19.986	19.957	19.95	19.935	19.908	19.869	19.869	19.823	19.81	19.796	19.756	19.752	19.722	19.691	19.701	19.701	19.693	19.663	19.65	19.6	19.593	19.597	19.586	19.573	19.537	19.503	19.505	19.503	19.51	19.492	19.479	19.439	19.412	19.388	19.344	19.329	19.284	19.257
20.338	20.384	20.395	20.421	20.423	20.432	20.469	20.461	20.495	20.507	20.531	20.564	20.581	20.623	20.634	20.679	20.705	20.734	20.785	20.798	20.859	20.863	20.887	20.924	20.942	20.998	20.999	21.034	21.062	21.115	21.146	21.142	21.157	21.12	21.098	21.075	21.041	21.066	21.034	21.016	21.006	20.982	21.014	21	21.018	20.996	20.942	20.947	20.947	20.97	20.955	20.931	20.91	20.885	20.874	20.829	20.796	20.747	20.703	20.695	20.672	20.676	20.639	20.634	20.616	20.616	20.624	20.585	20.58	20.542	20.522	20.492	20.456	20.436	20.39	20.359	20.318	20.287	20.243	20.208	20.197	20.127	20.089	20.073	20.05	20.042	20.006	19.976	19.943	19.914	19.901	19.882	19.877	19.834	19.814	19.79	19.769	19.77	19.741	19.743	19.731	19.69	19.689	19.658	19.651	19.614	19.586	19.578	19.562	19.547	19.5	19.486	19.464	19.441	19.46	19.442	19.441	19.409	19.371	19.368	19.342	19.347	19.323	19.308	19.277	19.266	19.265	19.258	19.263	19.244	19.218	19.204	19.162	19.142	19.101	19.074	19.035
19.848	19.889	19.944	19.95	19.963	19.993	20.008	20.038	20.044	20.08	20.105	20.134	20.179	20.182	20.234	20.229	20.265	20.322	20.346	20.398	20.409	20.442	20.481	20.503	20.562	20.571	20.605	20.638	20.666	20.721	20.738	20.789	20.774	20.784	20.764	20.756	20.748	20.716	20.729	20.689	20.688	20.668	20.652	20.669	20.64	20.648	20.607	20.616	20.624	20.6	20.632	20.593	20.57	20.564	20.54	20.535	20.493	20.459	20.409	20.4	20.385	20.338	20.333	20.319	20.31	20.316	20.302	20.304	20.256	20.237	20.206	20.194	20.178	20.149	20.152	20.11	20.065	20.045	19.995	19.994	19.938	19.895	19.854	19.817	19.809	19.781	19.774	19.731	19.707	19.696	19.642	19.634	19.594	19.58	19.553	19.535	19.532	19.491	19.5	19.464	19.465	19.452	19.401	19.406	19.369	19.347	19.332	19.309	19.309	19.291	19.288	19.237	19.219	19.202	19.182	19.2	19.193	19.192	19.152	19.12	19.129	19.093	19.094	19.072	19.064	19.036	19.018	19.029	18.999	18.997	18.97	18.964	18.944	18.905	18.89	18.851	18.81
19.366	19.432	19.451	19.495	19.506	19.547	19.589	19.592	19.624	19.629	19.651	19.696	19.735	19.777	19.775	19.804	19.819	19.866	19.907	19.917	19.981	19.984	20.022	20.061	20.096	20.145	20.161	20.218	20.244	20.278	20.33	20.33	20.376	20.377	20.38	20.398	20.363	20.373	20.354	20.344	20.331	20.32	20.345	20.273	20.272	20.245	20.228	20.253	20.233	20.251	20.23	20.229	20.218	20.213	20.205	20.179	20.176	20.127	20.095	20.085	20.071	20.072	20.021	20.016	19.985	19.985	19.997	19.97	19.964	19.936	19.912	19.914	19.883	19.885	19.847	19.84	19.803	19.772	19.768	19.726	19.697	19.645	19.616	19.593	19.545	19.546	19.504	19.492	19.451	19.44	19.426	19.38	19.379	19.336	19.307	19.299	19.261	19.261	19.227	19.216	19.183	19.175	19.164	19.124	19.116	19.064	19.055	19.052	19.033	19.043	19.009	18.986	18.963	18.941	18.948	18.929	18.933	18.915	18.894	18.878	18.856	18.863	18.836	18.83	18.817	18.799	18.797	18.769	18.773	18.751	18.719	18.721	18.699	18.703	18.655	18.624	18.584
18.914	18.939	19.001	19.029	19.059	19.12	19.149	19.186	19.181	19.219	19.226	19.251	19.313	19.331	19.368	19.386	19.4	19.44	19.452	19.501	19.499	19.53	19.571	19.593	19.64	19.651	19.704	19.727	19.788	19.842	19.866	19.91	19.901	19.938	19.919	19.941	19.937	19.91	19.94	19.946	19.949	19.947	19.946	19.945	19.888	19.885	19.86	19.866	19.878	19.863	19.864	19.855	19.864	19.859	19.852	19.853	19.813	19.796	19.774	19.763	19.78	19.757	19.75	19.725	19.712	19.704	19.674	19.679	19.639	19.641	19.619	19.61	19.62	19.588	19.58	19.547	19.52	19.503	19.475	19.466	19.42	19.394	19.358	19.331	19.323	19.277	19.275	19.257	19.233	19.216	19.193	19.178	19.142	19.12	19.07	19.053	19.035	18.98	18.959	18.933	18.906	18.907	18.882	18.882	18.836	18.812	18.78	18.768	18.769	18.727	18.749	18.727	18.696	18.696	18.677	18.689	18.659	18.657	18.636	18.638	18.629	18.607	18.608	18.57	18.565	18.567	18.542	18.546	18.519	18.517	18.495	18.474	18.48	18.451	18.44	18.394	18.358
18.434	18.492	18.526	18.581	18.615	18.666	18.743	18.768	18.795	18.788	18.834	18.85	18.882	18.928	18.935	18.981	18.982	19.023	19.045	19.051	19.092	19.096	19.125	19.165	19.174	19.207	19.233	19.27	19.324	19.355	19.401	19.419	19.454	19.456	19.473	19.503	19.5	19.525	19.525	19.551	19.565	19.564	19.581	19.564	19.554	19.518	19.509	19.502	19.493	19.508	19.498	19.503	19.497	19.495	19.494	19.482	19.478	19.424	19.426	19.42	19.411	19.427	19.41	19.401	19.382	19.364	19.357	19.329	19.336	19.317	19.3	19.299	19.289	19.298	19.276	19.268	19.254	19.221	19.212	19.174	19.153	19.121	19.106	19.082	19.05	19.049	19.013	18.993	18.976	18.949	18.955	18.915	18.886	18.847	18.816	18.782	18.749	18.713	18.661	18.647	18.62	18.595	18.607	18.577	18.563	18.537	18.535	18.51	18.495	18.497	18.472	18.47	18.446	18.438	18.43	18.412	18.411	18.396	18.379	18.397	18.378	18.365	18.34	18.333	18.311	18.299	18.289	18.271	18.274	18.263	18.247	18.242	18.226	18.221	18.195	18.172	18.146
17.993	18.026	18.06	18.096	18.139	18.194	18.24	18.301	18.335	18.356	18.403	18.42	18.46	18.483	18.517	18.537	18.56	18.609	18.624	18.644	18.643	18.677	18.695	18.725	18.753	18.769	18.793	18.794	18.833	18.869	18.892	18.931	18.956	18.993	19.025	19.06	19.096	19.106	19.13	19.135	19.163	19.182	19.167	19.178	19.156	19.145	19.138	19.134	19.123	19.116	19.114	19.109	19.1	19.13	19.116	19.121	19.116	19.098	19.068	19.067	19.066	19.057	19.055	19.048	19.018	19.016	18.985	18.979	18.971	18.977	18.959	18.968	18.973	18.96	18.952	18.93	18.917	18.922	18.889	18.882	18.852	18.833	18.821	18.796	18.775	18.748	18.739	18.704	18.702	18.691	18.658	18.641	18.61	18.573	18.557	18.522	18.497	18.455	18.416	18.381	18.345	18.325	18.311	18.304	18.277	18.263	18.257	18.242	18.24	18.227	18.218	18.2	18.193	18.191	18.166	18.156	18.14	18.155	18.146	18.147	18.147	18.113	18.089	18.075	18.052	18.042	18.034	18.031	18.01	18.002	17.984	17.977	17.957	17.942	17.935	17.914	17.911
17.544	17.594	17.626	17.663	17.692	17.761	17.789	17.839	17.876	17.905	17.947	17.987	18.036	18.071	18.089	18.107	18.129	18.16	18.21	18.235	18.251	18.259	18.259	18.292	18.322	18.353	18.378	18.384	18.414	18.439	18.456	18.48	18.511	18.534	18.554	18.597	18.629	18.667	18.696	18.699	18.711	18.735	18.74	18.749	18.752	18.747	18.748	18.739	18.746	18.752	18.752	18.747	18.735	18.73	18.738	18.736	18.729	18.701	18.693	18.707	18.707	18.697	18.688	18.683	18.664	18.641	18.624	18.612	18.598	18.589	18.585	18.597	18.613	18.606	18.575	18.565	18.556	18.561	18.559	18.55	18.54	18.527	18.49	18.501	18.47	18.454	18.445	18.426	18.404	18.403	18.372	18.345	18.314	18.283	18.245	18.242	18.215	18.178	18.153	18.135	18.103	18.072	18.049	18.043	18.028	17.992	17.984	17.992	17.975	17.953	17.942	17.933	17.917	17.912	17.902	17.892	17.883	17.861	17.874	17.869	17.865	17.848	17.82	17.803	17.788	17.776	17.772	17.757	17.73	17.717	17.71	17.72	17.7	17.68	17.654	17.642	17.645
17.134	17.167	17.206	17.259	17.269	17.321	17.369	17.412	17.458	17.482	17.52	17.547	17.597	17.64	17.67	17.722	17.749	17.746	17.792	17.824	17.863	17.89	17.901	17.914	17.931	17.959	17.97	17.986	17.995	18.008	18.053	18.076	18.11	18.136	18.161	18.186	18.199	18.237	18.264	18.279	18.281	18.281	18.31	18.328	18.349	18.359	18.364	18.373	18.374	18.39	18.397	18.401	18.393	18.375	18.381	18.376	18.359	18.347	18.349	18.355	18.377	18.366	18.347	18.332	18.322	18.312	18.298	18.268	18.265	18.244	18.247	18.253	18.257	18.257	18.243	18.245	18.231	18.219	18.231	18.218	18.212	18.216	18.19	18.185	18.179	18.173	18.154	18.145	18.111	18.109	18.097	18.052	18.023	18.006	17.965	17.959	17.938	17.915	17.89	17.869	17.826	17.834	17.817	17.798	17.774	17.755	17.746	17.746	17.732	17.716	17.696	17.674	17.649	17.645	17.64	17.638	17.623	17.605	17.605	17.612	17.597	17.591	17.568	17.553	17.536	17.516	17.51	17.489	17.492	17.482	17.463	17.468	17.45	17.442	17.424	17.418	17.402
16.747	16.77	16.815	16.864	16.886	16.948	16.959	17.013	17.054	17.094	17.126	17.157	17.193	17.219	17.267	17.282	17.329	17.359	17.386	17.432	17.441	17.478	17.495	17.525	17.556	17.568	17.581	17.589	17.606	17.618	17.633	17.662	17.675	17.706	17.736	17.751	17.801	17.826	17.862	17.869	17.893	17.906	17.92	17.941	17.948	17.979	17.984	17.983	18.006	18.011	18.023	18.009	18.004	18.018	18.02	18.026	18.009	17.997	17.996	17.995	18.025	18.019	18.011	17.991	17.969	17.983	17.966	17.951	17.923	17.923	17.915	17.904	17.911	17.909	17.93	17.905	17.918	17.911	17.912	17.916	17.888	17.887	17.888	17.87	17.887	17.88	17.872	17.85	17.829	17.805	17.784	17.779	17.743	17.722	17.681	17.644	17.648	17.633	17.618	17.597	17.571	17.57	17.553	17.555	17.531	17.505	17.494	17.479	17.478	17.456	17.449	17.422	17.403	17.394	17.381	17.378	17.356	17.344	17.328	17.32	17.331	17.326	17.33	17.303	17.279	17.261	17.239	17.234	17.212	17.225	17.211	17.2	17.195	17.178	17.166	17.168	17.17
16.357	16.402	16.427	16.487	16.514	16.552	16.592	16.634	16.685	16.705	16.738	16.774	16.783	16.84	16.875	16.921	16.944	16.973	17.017	17.026	17.069	17.068	17.096	17.134	17.132	17.18	17.188	17.207	17.207	17.21	17.245	17.276	17.311	17.319	17.327	17.352	17.367	17.416	17.432	17.474	17.489	17.503	17.534	17.547	17.578	17.572	17.569	17.592	17.59	17.617	17.617	17.636	17.644	17.664	17.678	17.666	17.682	17.657	17.667	17.669	17.666	17.699	17.688	17.693	17.664	17.67	17.659	17.628	17.63	17.602	17.608	17.619	17.595	17.628	17.615	17.608	17.613	17.609	17.622	17.611	17.62	17.591	17.584	17.579	17.577	17.587	17.56	17.539	17.526	17.51	17.495	17.475	17.462	17.425	17.407	17.382	17.353	17.356	17.339	17.327	17.306	17.296	17.295	17.278	17.284	17.25	17.229	17.231	17.216	17.209	17.176	17.172	17.163	17.144	17.128	17.098	17.092	17.07	17.046	17.045	17.042	17.059	17.038	17.029	17.028	17.007	16.996	16.971	16.979	16.964	16.962	16.957	16.941	16.954	16.935	16.932	16.935
16.029	16.038	16.094	16.114	16.154	16.21	16.231	16.278	16.304	16.345	16.363	16.387	16.432	16.448	16.525	16.554	16.585	16.625	16.635	16.671	16.666	16.689	16.706	16.73	16.759	16.76	16.803	16.813	16.841	16.865	16.871	16.919	16.933	16.964	16.972	16.995	17.018	17.029	17.078	17.086	17.108	17.151	17.169	17.2	17.184	17.215	17.201	17.217	17.236	17.232	17.253	17.254	17.267	17.296	17.297	17.333	17.331	17.351	17.337	17.327	17.345	17.337	17.352	17.357	17.343	17.348	17.334	17.334	17.295	17.297	17.291	17.308	17.308	17.291	17.31	17.307	17.315	17.332	17.322	17.334	17.309	17.305	17.284	17.295	17.295	17.282	17.282	17.234	17.209	17.202	17.174	17.183	17.151	17.135	17.119	17.098	17.098	17.086	17.091	17.058	17.03	17.025	16.999	17.016	16.999	16.984	16.972	16.948	16.962	16.942	16.933	16.903	16.91	16.893	16.873	16.862	16.829	16.822	16.785	16.771	16.785	16.771	16.78	16.76	16.762	16.763	16.738	16.744	16.723	16.727	16.724	16.72	16.72	16.704	16.712	16.695	16.702
