30.405	30.368	30.363	30.316	30.306	30.285	30.263	30.245	30.197	30.147	30.115	30.113	30.088	30.052	30.042	30.018	29.973	29.931	29.908	29.856	29.819	29.787	29.725	29.71	29.67	29.663	29.651	29.626	29.595	29.56	29.527	29.486	29.454	29.406	29.364	29.327	29.279	29.237	29.206	29.155	29.109	29.057	29.012	28.991	28.954	28.921	28.897	28.888	28.884	28.875	28.844	28.832	28.795	28.778	28.721	28.678	28.65	28.639	28.603	28.566	28.537	28.532	28.512	28.489	28.467	28.454	28.447	28.439	28.424	28.439	28.424	28.417	28.392	28.393	28.384	28.385	28.395	28.384	28.384	28.375	28.39	28.401	28.418	28.422	28.418	28.427	28.41	28.401	28.362	28.349	28.353	28.318	28.282	28.245	28.227	28.213	28.214	28.208	28.195	28.178	28.154	28.163	28.196	28.223	28.221	28.224	28.226	28.226	28.228	28.219	28.221	28.227	28.245	28.257	28.286	28.287	28.304	28.305	28.321	28.309	28.309	28.323	28.327	28.338	28.334	28.344	28.35	28.345	28.375	28.382	28.398	28.401	28.409	28.399	28.427	28.427	28.439
30.118	30.049	30.016	29.977	29.959	29.932	29.908	29.888	29.854	29.807	29.784	29.767	29.735	29.695	29.652	29.597	29.554	29.495	29.467	29.422	29.404	29.389	29.344	29.32	29.293	29.269	29.248	29.215	29.188	29.155	29.134	29.082	29.044	29.009	28.968	28.927	28.872	28.833	28.797	28.744	28.714	28.67	28.632	28.578	28.544	28.511	28.468	28.471	28.469	28.467	28.46	28.424	28.425	28.382	28.336	28.286	28.257	28.231	28.201	28.175	28.141	28.123	28.11	28.104	28.073	28.068	28.064	28.052	28.048	28.011	28.012	27.987	27.978	27.965	27.937	27.954	27.947	27.947	27.945	27.959	27.936	27.951	27.953	27.984	27.967	27.976	27.97	27.956	27.941	27.909	27.881	27.852	27.827	27.793	27.769	27.742	27.74	27.744	27.743	27.723	27.715	27.724	27.724	27.74	27.782	27.787	27.781	27.766	27.757	27.772	27.781	27.798	27.806	27.804	27.821	27.843	27.831	27.835	27.844	27.848	27.843	27.842	27.852	27.841	27.839	27.841	27.844	27.853	27.876	27.895	27.898	27.916	27.912	27.933	27.941	27.945	27.946
29.814	29.76	29.729	29.68	29.658	29.615	29.591	29.539	29.522	29.47	29.422	29.398	29.371	29.35	29.322	29.261	29.2	29.131	29.082	29.056	29.044	29.023	28.975	28.957	28.933	28.905	28.848	28.803	28.793	28.789	28.747	28.694	28.676	28.64	28.608	28.571	28.514	28.471	28.412	28.395	28.353	28.316	28.293	28.259	28.194	28.163	28.138	28.12	28.08	28.079	28.041	28.01	27.965	27.963	27.956	27.91	27.908	27.866	27.86	27.823	27.779	27.758	27.754	27.717	27.7	27.691	27.688	27.689	27.674	27.652	27.644	27.618	27.599	27.572	27.561	27.566	27.556	27.564	27.559	27.561	27.543	27.546	27.522	27.532	27.548	27.572	27.552	27.528	27.488	27.474	27.435	27.415	27.394	27.366	27.352	27.323	27.307	27.312	27.33	27.33	27.324	27.322	27.315	27.316	27.308	27.313	27.317	27.313	27.289	27.309	27.31	27.342	27.362	27.36	27.364	27.378	27.386	27.381	27.374	27.376	27.365	27.397	27.373	27.379	27.373	27.376	27.375	27.367	27.372	27.393	27.395	27.398	27.416	27.439	27.464	27.463	27.475
29.524	29.489	29.447	29.39	29.318	29.27	29.228	29.188	29.149	29.091	29.061	29.042	29.029	28.992	28.991	28.973	28.932	28.877	28.802	28.765	28.732	28.7	28.677	28.642	28.628	28.572	28.524	28.447	28.42	28.391	28.41	28.376	28.344	28.299	28.275	28.236	28.204	28.169	28.113	28.082	28.055	28.019	27.969	27.922	27.898	27.862	27.819	27.798	27.768	27.748	27.709	27.668	27.645	27.607	27.596	27.578	27.56	27.532	27.505	27.47	27.438	27.42	27.401	27.384	27.351	27.342	27.342	27.327	27.314	27.311	27.283	27.263	27.224	27.202	27.211	27.209	27.2	27.206	27.207	27.21	27.193	27.168	27.166	27.145	27.154	27.149	27.167	27.123	27.094	27.074	27.037	27.005	26.987	26.982	26.948	26.929	26.91	26.917	26.917	26.935	26.939	26.944	26.926	26.916	26.919	26.904	26.913	26.893	26.888	26.875	26.883	26.888	26.88	26.9	26.905	26.925	26.931	26.955	26.928	26.929	26.924	26.929	26.935	26.923	26.93	26.926	26.922	26.925	26.909	26.911	26.914	26.925	26.949	26.955	26.971	26.989	27.003
29.156	29.119	29.078	29.016	28.973	28.94	28.904	28.84	28.809	28.756	28.782	28.732	28.714	28.687	28.672	28.626	28.575	28.535	28.515	28.475	28.454	28.411	28.359	28.323	28.309	28.266	28.208	28.153	28.141	28.095	28.069	28.058	28.036	28.011	27.995	27.955	27.914	27.888	27.863	27.851	27.81	27.779	27.729	27.679	27.63	27.587	27.529	27.521	27.486	27.466	27.446	27.422	27.39	27.349	27.306	27.269	27.258	27.24	27.225	27.164	27.128	27.1	27.075	27.068	27.034	27.043	27.03	27.021	26.997	26.979	26.976	26.94	26.924	26.892	26.884	26.874	26.858	26.865	26.85	26.842	26.832	26.825	26.834	26.817	26.809	26.776	26.773	26.749	26.734	26.728	26.691	26.657	26.635	26.625	26.607	26.59	26.587	26.565	26.547	26.548	26.55	26.574	26.565	26.574	26.561	26.569	26.56	26.542	26.532	26.5	26.494	26.485	26.494	26.478	26.487	26.514	26.51	26.51	26.524	26.527	26.526	26.526	26.518	26.514	26.512	26.51	26.485	26.505	26.503	26.512	26.517	26.518	26.524	26.537	26.534	26.542	26.557
28.951	28.898	28.874	28.821	28.762	28.714	28.652	28.61	28.561	28.513	28.483	28.444	28.427	28.399	28.376	28.349	28.297	28.272	28.238	28.216	28.194	28.152	28.125	28.096	28.058	28.012	27.96	27.91	27.873	27.844	27.834	27.807	27.791	27.752	27.707	27.668	27.652	27.649	27.642	27.62	27.597	27.572	27.525	27.455	27.395	27.367	27.32	27.275	27.256	27.231	27.204	27.191	27.148	27.12	27.075	27.035	27.026	26.976	26.941	26.917	26.882	26.83	26.791	26.782	26.769	26.791	26.792	26.772	26.739	26.712	26.683	26.65	26.635	26.612	26.616	26.602	26.57	26.553	26.552	26.543	26.531	26.513	26.513	26.538	26.531	26.509	26.492	26.472	26.445	26.427	26.406	26.377	26.367	26.328	26.312	26.294	26.278	26.28	26.277	26.255	26.236	26.224	26.232	26.233	26.243	26.23	26.238	26.227	26.202	26.183	26.185	26.168	26.166	26.151	26.128	26.127	26.126	26.122	26.127	26.133	26.139	26.126	26.148	26.155	26.159	26.148	26.132	26.123	26.124	26.135	26.143	26.162	26.163	26.173	26.182	26.175	26.165
28.697	28.633	28.598	28.576	28.552	28.513	28.456	28.431	28.39	28.359	28.32	28.289	28.262	28.219	28.193	28.138	28.109	28.064	28	27.976	27.923	27.915	27.887	27.851	27.827	27.805	27.755	27.727	27.683	27.668	27.65	27.618	27.587	27.534	27.494	27.469	27.45	27.41	27.413	27.418	27.411	27.38	27.343	27.31	27.233	27.192	27.13	27.095	27.066	27.005	26.962	26.939	26.919	26.894	26.873	26.843	26.822	26.787	26.745	26.72	26.691	26.665	26.62	26.591	26.565	26.57	26.569	26.56	26.537	26.491	26.463	26.431	26.405	26.375	26.365	26.348	26.333	26.321	26.295	26.292	26.294	26.276	26.269	26.266	26.265	26.249	26.247	26.219	26.216	26.171	26.143	26.135	26.111	26.099	26.06	26.034	26.016	26.015	26.009	26.013	25.995	25.973	25.949	25.942	25.925	25.92	25.915	25.897	25.903	25.875	25.863	25.859	25.83	25.833	25.833	25.821	25.813	25.828	25.818	25.824	25.825	25.828	25.835	25.822	25.831	25.831	25.822	25.805	25.81	25.822	25.819	25.835	25.838	25.84	25.848	25.862	25.858
28.504	28.448	28.414	28.38	28.361	28.307	28.278	28.234	28.199	28.153	28.107	28.068	28.038	28.011	27.981	27.94	27.897	27.84	27.814	27.75	27.726	27.696	27.659	27.624	27.606	27.584	27.56	27.527	27.51	27.484	27.468	27.429	27.388	27.355	27.308	27.28	27.26	27.23	27.215	27.193	27.179	27.158	27.112	27.085	27.054	27.005	26.958	26.923	26.88	26.835	26.789	26.743	26.697	26.672	26.651	26.629	26.597	26.565	26.536	26.491	26.462	26.425	26.41	26.371	26.341	26.337	26.329	26.301	26.301	26.277	26.245	26.216	26.187	26.147	26.138	26.118	26.116	26.093	26.089	26.08	26.059	26.053	26.039	26.029	25.996	25.986	25.965	25.951	25.931	25.925	25.901	25.892	25.875	25.863	25.848	25.806	25.788	25.753	25.745	25.732	25.71	25.7	25.667	25.649	25.614	25.604	25.596	25.604	25.579	25.577	25.567	25.566	25.552	25.528	25.538	25.539	25.523	25.502	25.496	25.507	25.499	25.511	25.516	25.505	25.494	25.51	25.494	25.491	25.495	25.499	25.511	25.503	25.513	25.506	25.508	25.508	25.516
28.333	28.275	28.252	28.232	28.191	28.151	28.124	28.07	28.01	27.96	27.899	27.889	27.855	27.79	27.753	27.731	27.703	27.659	27.625	27.59	27.567	27.529	27.499	27.479	27.423	27.403	27.382	27.361	27.31	27.28	27.262	27.229	27.21	27.193	27.148	27.128	27.101	27.054	27.012	27.006	26.963	26.952	26.92	26.891	26.863	26.823	26.785	26.76	26.709	26.669	26.641	26.61	26.569	26.524	26.469	26.421	26.405	26.38	26.335	26.315	26.286	26.233	26.208	26.171	26.154	26.142	26.135	26.124	26.103	26.081	26.054	26.03	25.993	25.97	25.972	25.954	25.946	25.91	25.893	25.873	25.843	25.84	25.823	25.804	25.762	25.731	25.712	25.692	25.697	25.658	25.66	25.628	25.613	25.61	25.601	25.589	25.557	25.533	25.491	25.477	25.447	25.429	25.422	25.393	25.385	25.35	25.35	25.332	25.306	25.285	25.271	25.26	25.261	25.247	25.24	25.231	25.232	25.226	25.21	25.212	25.214	25.214	25.228	25.205	25.218	25.208	25.208	25.197	25.198	25.196	25.206	25.221	25.224	25.235	25.222	25.217	25.203
28.193	28.134	28.093	28.066	28.035	27.981	27.962	27.886	27.842	27.786	27.714	27.69	27.649	27.625	27.574	27.552	27.516	27.476	27.444	27.432	27.417	27.364	27.338	27.289	27.265	27.22	27.209	27.18	27.136	27.104	27.081	27.05	27.026	27.003	26.977	26.957	26.915	26.87	26.825	26.804	26.781	26.742	26.721	26.678	26.652	26.615	26.581	26.554	26.527	26.494	26.458	26.42	26.381	26.35	26.301	26.253	26.236	26.178	26.149	26.112	26.084	26.054	26.016	25.988	25.979	25.957	25.958	25.941	25.906	25.907	25.882	25.861	25.827	25.78	25.757	25.737	25.728	25.705	25.689	25.665	25.646	25.627	25.6	25.584	25.553	25.536	25.506	25.481	25.454	25.434	25.414	25.39	25.399	25.368	25.368	25.329	25.313	25.297	25.294	25.26	25.228	25.211	25.184	25.163	25.148	25.138	25.095	25.096	25.064	25.039	25.035	25.012	25.009	24.977	24.986	24.962	24.953	24.94	24.938	24.942	24.939	24.939	24.937	24.943	24.942	24.94	24.935	24.915	24.923	24.931	24.94	24.944	24.962	24.957	24.951	24.938	24.929
28.102	28.055	27.991	27.94	27.883	27.845	27.796	27.768	27.719	27.662	27.589	27.532	27.484	27.444	27.413	27.355	27.329	27.286	27.266	27.221	27.22	27.211	27.163	27.115	27.084	27.073	27.026	26.999	26.972	26.95	26.924	26.891	26.895	26.847	26.805	26.776	26.748	26.701	26.663	26.642	26.616	26.59	26.548	26.529	26.478	26.428	26.399	26.385	26.359	26.319	26.291	26.256	26.22	26.172	26.152	26.104	26.071	26.042	25.998	25.967	25.918	25.882	25.848	25.828	25.83	25.809	25.797	25.764	25.749	25.722	25.699	25.662	25.652	25.611	25.579	25.571	25.533	25.516	25.485	25.466	25.452	25.445	25.422	25.422	25.405	25.374	25.352	25.316	25.294	25.252	25.231	25.212	25.202	25.195	25.175	25.145	25.116	25.12	25.11	25.093	25.07	25.04	25.046	25.011	24.984	24.952	24.916	24.877	24.858	24.822	24.805	24.793	24.776	24.778	24.749	24.757	24.728	24.718	24.696	24.692	24.701	24.7	24.711	24.694	24.701	24.695	24.702	24.711	24.71	24.713	24.695	24.708	24.698	24.706	24.715	24.699	24.681
28.026	27.962	27.906	27.857	27.813	27.737	27.699	27.627	27.573	27.518	27.45	27.426	27.366	27.323	27.243	27.21	27.151	27.12	27.073	27.052	27.056	27.033	27.005	26.957	26.94	26.902	26.865	26.831	26.78	26.779	26.762	26.744	26.72	26.676	26.617	26.58	26.553	26.511	26.486	26.467	26.437	26.413	26.391	26.361	26.33	26.291	26.271	26.249	26.214	26.196	26.148	26.117	26.086	26.054	26.003	25.988	25.97	25.936	25.883	25.829	25.806	25.748	25.704	25.693	25.67	25.67	25.653	25.629	25.6	25.581	25.553	25.515	25.475	25.444	25.423	25.402	25.389	25.36	25.342	25.315	25.295	25.292	25.275	25.264	25.269	25.249	25.216	25.178	25.142	25.112	25.075	25.044	25.03	25.024	25.002	24.997	24.972	24.948	24.945	24.919	24.894	24.878	24.862	24.849	24.82	24.796	24.774	24.732	24.695	24.65	24.626	24.609	24.595	24.574	24.579	24.557	24.543	24.521	24.503	24.493	24.471	24.466	24.451	24.468	24.461	24.476	24.451	24.469	24.485	24.486	24.486	24.452	24.452	24.445	24.457	24.431	24.44
27.944	27.88	27.819	27.771	27.696	27.643	27.588	27.52	27.444	27.396	27.321	27.263	27.227	27.167	27.135	27.069	27.013	26.98	26.956	26.93	26.897	26.871	26.84	26.816	26.787	26.76	26.709	26.674	26.61	26.604	26.573	26.566	26.548	26.515	26.478	26.425	26.408	26.347	26.327	26.312	26.284	26.254	26.221	26.197	26.161	26.153	26.126	26.099	26.083	26.044	26.014	25.967	25.936	25.892	25.85	25.803	25.757	25.748	25.722	25.704	25.675	25.647	25.587	25.55	25.518	25.505	25.492	25.473	25.457	25.423	25.399	25.375	25.353	25.323	25.285	25.273	25.248	25.229	25.198	25.181	25.148	25.13	25.107	25.1	25.097	25.067	25.036	24.997	24.968	24.941	24.916	24.88	24.863	24.857	24.82	24.812	24.798	24.784	24.761	24.735	24.706	24.704	24.67	24.661	24.646	24.604	24.574	24.535	24.508	24.476	24.461	24.443	24.416	24.401	24.384	24.386	24.371	24.353	24.324	24.3	24.279	24.26	24.272	24.254	24.256	24.245	24.221	24.217	24.221	24.237	24.234	24.231	24.206	24.194	24.183	24.2	24.182
27.75	27.696	27.643	27.583	27.533	27.472	27.431	27.378	27.337	27.277	27.248	27.21	27.157	27.105	27.041	26.968	26.906	26.857	26.798	26.763	26.754	26.72	26.686	26.662	26.634	26.608	26.577	26.538	26.494	26.477	26.41	26.371	26.346	26.333	26.312	26.266	26.21	26.187	26.181	26.138	26.116	26.075	26.063	26.018	25.992	25.965	25.947	25.916	25.89	25.855	25.85	25.845	25.784	25.729	25.659	25.616	25.589	25.572	25.559	25.534	25.521	25.496	25.475	25.434	25.396	25.375	25.344	25.312	25.269	25.254	25.239	25.215	25.192	25.156	25.141	25.106	25.081	25.06	25.034	25	24.984	24.938	24.901	24.894	24.902	24.879	24.846	24.836	24.796	24.77	24.736	24.716	24.709	24.69	24.683	24.646	24.629	24.602	24.571	24.567	24.531	24.533	24.497	24.475	24.445	24.42	24.393	24.358	24.315	24.266	24.259	24.237	24.231	24.214	24.193	24.181	24.162	24.157	24.147	24.13	24.128	24.124	24.111	24.087	24.068	24.052	24.062	24.03	24.013	24.009	23.988	23.975	23.982	23.971	23.969	23.959	23.965
27.69	27.608	27.545	27.499	27.438	27.377	27.321	27.249	27.208	27.158	27.119	27.073	27.043	27.002	26.966	26.915	26.848	26.78	26.722	26.688	26.652	26.598	26.556	26.521	26.492	26.459	26.433	26.401	26.351	26.336	26.304	26.264	26.211	26.164	26.151	26.127	26.079	26.039	26.013	25.979	25.964	25.944	25.898	25.878	25.874	25.846	25.826	25.805	25.774	25.737	25.693	25.652	25.638	25.599	25.56	25.502	25.463	25.434	25.407	25.395	25.363	25.33	25.321	25.309	25.289	25.244	25.205	25.158	25.127	25.107	25.082	25.068	25.059	25.024	25.01	24.989	24.95	24.915	24.882	24.852	24.813	24.777	24.774	24.749	24.729	24.724	24.687	24.658	24.649	24.617	24.589	24.57	24.55	24.52	24.509	24.491	24.468	24.435	24.397	24.38	24.352	24.344	24.327	24.3	24.288	24.255	24.232	24.192	24.17	24.128	24.119	24.101	24.077	24.061	24.033	24.019	24.001	23.977	23.972	23.966	23.956	23.956	23.954	23.946	23.923	23.904	23.898	23.869	23.856	23.82	23.816	23.804	23.787	23.767	23.769	23.749	23.753
27.525	27.464	27.397	27.331	27.281	27.228	27.184	27.154	27.125	27.084	27.048	27.006	26.998	26.954	26.921	26.862	26.795	26.713	26.652	26.598	26.559	26.518	26.488	26.444	26.398	26.377	26.342	26.307	26.272	26.261	26.243	26.196	26.166	26.108	26.073	26.028	26.005	25.97	25.934	25.91	25.882	25.863	25.817	25.796	25.765	25.747	25.74	25.723	25.698	25.671	25.641	25.583	25.551	25.487	25.467	25.42	25.382	25.359	25.322	25.305	25.278	25.244	25.23	25.194	25.177	25.143	25.117	25.079	25.061	25.027	24.998	24.971	24.935	24.896	24.886	24.865	24.834	24.801	24.755	24.715	24.692	24.652	24.616	24.595	24.584	24.555	24.531	24.5	24.499	24.478	24.459	24.42	24.397	24.392	24.361	24.357	24.324	24.313	24.301	24.278	24.247	24.238	24.227	24.196	24.16	24.122	24.089	24.076	24.058	24.002	23.99	23.957	23.931	23.91	23.902	23.895	23.872	23.863	23.832	23.846	23.836	23.832	23.822	23.806	23.797	23.787	23.756	23.716	23.704	23.683	23.65	23.633	23.613	23.6	23.588	23.576	23.56
27.433	27.357	27.301	27.226	27.182	27.125	27.09	27.035	27.006	26.957	26.934	26.922	26.886	26.873	26.822	26.806	26.759	26.721	26.648	26.575	26.544	26.477	26.445	26.403	26.377	26.327	26.315	26.265	26.236	26.218	26.183	26.168	26.111	26.082	26.023	25.995	25.939	25.882	25.873	25.841	25.826	25.775	25.766	25.718	25.699	25.658	25.635	25.645	25.607	25.591	25.535	25.486	25.435	25.412	25.371	25.349	25.32	25.304	25.255	25.206	25.203	25.16	25.136	25.097	25.06	25.039	25.016	25.002	24.964	24.934	24.88	24.863	24.835	24.809	24.785	24.77	24.739	24.695	24.665	24.613	24.574	24.54	24.507	24.483	24.438	24.438	24.409	24.393	24.374	24.358	24.337	24.29	24.273	24.249	24.245	24.225	24.228	24.216	24.215	24.181	24.161	24.153	24.126	24.116	24.075	24.058	24.024	23.991	23.961	23.924	23.904	23.855	23.833	23.796	23.789	23.778	23.767	23.757	23.728	23.724	23.694	23.703	23.684	23.674	23.653	23.643	23.625	23.595	23.563	23.546	23.527	23.495	23.481	23.456	23.447	23.435	23.413
27.293	27.206	27.156	27.123	27.065	27.016	26.943	26.903	26.86	26.834	26.783	26.777	26.787	26.753	26.743	26.692	26.673	26.613	26.581	26.513	26.455	26.434	26.348	26.335	26.291	26.262	26.216	26.192	26.165	26.148	26.145	26.116	26.1	26.023	26.008	25.922	25.873	25.824	25.814	25.786	25.745	25.731	25.691	25.679	25.611	25.592	25.527	25.504	25.482	25.452	25.425	25.38	25.364	25.303	25.269	25.25	25.231	25.224	25.18	25.165	25.113	25.114	25.086	25.059	25.006	24.954	24.931	24.876	24.862	24.808	24.773	24.734	24.701	24.7	24.656	24.65	24.618	24.594	24.545	24.521	24.467	24.434	24.399	24.38	24.365	24.338	24.339	24.298	24.279	24.231	24.207	24.187	24.173	24.166	24.131	24.143	24.119	24.114	24.085	24.063	24.027	24.015	24.015	24.005	24.012	23.979	23.958	23.917	23.892	23.853	23.82	23.776	23.732	23.715	23.671	23.668	23.637	23.625	23.594	23.598	23.577	23.552	23.541	23.525	23.54	23.505	23.497	23.455	23.439	23.417	23.387	23.372	23.353	23.348	23.309	23.293	23.267
27.165	27.056	27.012	26.951	26.946	26.884	26.863	26.782	26.756	26.698	26.661	26.634	26.625	26.622	26.58	26.567	26.521	26.488	26.436	26.408	26.36	26.315	26.305	26.222	26.203	26.137	26.12	26.077	26.063	26.063	26.043	26.044	25.993	25.988	25.911	25.871	25.796	25.738	25.72	25.681	25.679	25.629	25.634	25.577	25.545	25.493	25.445	25.411	25.369	25.35	25.301	25.295	25.263	25.238	25.189	25.149	25.132	25.112	25.094	25.058	25.055	25.023	25.019	24.968	24.924	24.887	24.851	24.827	24.774	24.748	24.695	24.66	24.598	24.579	24.546	24.512	24.505	24.456	24.443	24.394	24.373	24.334	24.287	24.28	24.261	24.252	24.228	24.223	24.176	24.161	24.105	24.092	24.075	24.076	24.08	24.032	24.034	23.988	23.977	23.95	23.918	23.886	23.867	23.86	23.846	23.86	23.829	23.808	23.788	23.752	23.726	23.683	23.653	23.612	23.6	23.546	23.525	23.497	23.465	23.465	23.436	23.42	23.378	23.369	23.359	23.349	23.332	23.301	23.284	23.255	23.257	23.23	23.219	23.179	23.18	23.138	23.126
27.023	26.917	26.854	26.818	26.755	26.742	26.683	26.66	26.623	26.59	26.535	26.53	26.518	26.459	26.465	26.413	26.421	26.378	26.32	26.272	26.244	26.235	26.174	26.143	26.068	26.039	26.004	25.968	25.956	25.94	25.935	25.905	25.899	25.855	25.845	25.778	25.735	25.656	25.639	25.622	25.588	25.577	25.495	25.483	25.437	25.41	25.351	25.32	25.29	25.255	25.242	25.196	25.19	25.147	25.138	25.097	25.064	25.038	24.997	24.977	24.946	24.934	24.897	24.867	24.839	24.81	24.79	24.751	24.725	24.661	24.635	24.568	24.532	24.487	24.456	24.428	24.389	24.381	24.308	24.279	24.234	24.208	24.184	24.145	24.147	24.124	24.136	24.094	24.067	24.033	24.006	23.994	23.984	23.983	23.951	23.962	23.906	23.901	23.864	23.844	23.811	23.8	23.783	23.742	23.743	23.726	23.737	23.699	23.686	23.645	23.623	23.583	23.541	23.512	23.462	23.451	23.409	23.393	23.352	23.336	23.313	23.283	23.267	23.208	23.189	23.15	23.139	23.113	23.115	23.118	23.12	23.123	23.095	23.087	23.046	23.033	22.979
26.894	26.791	26.739	26.662	26.64	26.582	26.573	26.508	26.519	26.469	26.417	26.402	26.386	26.365	26.315	26.303	26.259	26.257	26.213	26.183	26.159	26.12	26.103	26.034	26.014	25.954	25.907	25.859	25.829	25.824	25.818	25.816	25.781	25.764	25.719	25.708	25.666	25.607	25.596	25.533	25.527	25.484	25.462	25.397	25.376	25.312	25.257	25.223	25.19	25.195	25.155	25.148	25.107	25.083	25.036	25.014	25.002	24.975	24.936	24.89	24.883	24.833	24.811	24.769	24.742	24.723	24.693	24.669	24.631	24.606	24.546	24.494	24.451	24.397	24.379	24.34	24.329	24.285	24.257	24.212	24.191	24.137	24.113	24.095	24.072	24.054	24.008	23.995	23.95	23.939	23.908	23.886	23.869	23.847	23.854	23.823	23.816	23.765	23.764	23.726	23.677	23.667	23.66	23.664	23.624	23.617	23.596	23.586	23.571	23.533	23.511	23.471	23.441	23.39	23.355	23.305	23.293	23.261	23.231	23.208	23.176	23.161	23.119	23.091	23.046	23.013	22.983	22.952	22.949	22.947	22.963	22.948	22.956	22.936	22.931	22.908	22.874
26.82	26.717	26.645	26.594	26.521	26.5	26.447	26.446	26.408	26.375	26.318	26.268	26.26	26.217	26.195	26.162	26.164	26.134	26.124	26.084	26.05	26.039	26.002	25.964	25.903	25.885	25.819	25.769	25.722	25.708	25.704	25.688	25.683	25.646	25.626	25.585	25.58	25.537	25.5	25.496	25.458	25.44	25.393	25.372	25.302	25.261	25.209	25.171	25.132	25.083	25.078	25.029	25.004	24.955	24.934	24.899	24.874	24.879	24.855	24.84	24.8	24.771	24.721	24.69	24.64	24.634	24.606	24.585	24.549	24.514	24.494	24.424	24.394	24.346	24.315	24.281	24.243	24.22	24.168	24.137	24.099	24.067	24.03	24.001	24.011	23.974	23.943	23.908	23.899	23.846	23.818	23.778	23.756	23.743	23.711	23.705	23.672	23.637	23.593	23.571	23.522	23.505	23.515	23.501	23.502	23.464	23.458	23.415	23.406	23.382	23.361	23.355	23.312	23.271	23.218	23.191	23.153	23.112	23.079	23.064	23.051	23.008	22.979	22.933	22.901	22.863	22.842	22.811	22.799	22.794	22.791	22.811	22.8	22.798	22.783	22.773	22.744
26.647	26.576	26.548	26.495	26.411	26.365	26.348	26.32	26.303	26.267	26.25	26.197	26.161	26.14	26.092	26.064	26.039	26.019	25.99	25.965	25.958	25.905	25.873	25.829	25.796	25.747	25.726	25.692	25.641	25.637	25.604	25.583	25.572	25.537	25.519	25.507	25.443	25.421	25.408	25.4	25.395	25.359	25.329	25.294	25.26	25.196	25.142	25.117	25.075	25.037	24.987	24.956	24.913	24.894	24.84	24.801	24.781	24.771	24.768	24.742	24.725	24.669	24.623	24.581	24.539	24.539	24.499	24.5	24.482	24.465	24.433	24.402	24.344	24.299	24.25	24.206	24.184	24.155	24.125	24.07	24.044	23.987	23.964	23.956	23.921	23.905	23.879	23.852	23.809	23.763	23.694	23.676	23.642	23.624	23.606	23.585	23.56	23.521	23.484	23.441	23.387	23.374	23.351	23.361	23.349	23.34	23.297	23.265	23.236	23.22	23.215	23.18	23.142	23.103	23.067	23.023	22.997	22.971	22.943	22.927	22.896	22.882	22.865	22.843	22.802	22.769	22.712	22.675	22.667	22.639	22.626	22.633	22.655	22.66	22.679	22.665	22.651
26.569	26.514	26.426	26.4	26.364	26.321	26.271	26.23	26.2	26.152	26.091	26.081	26.054	26.06	26.018	25.978	25.949	25.9	25.871	25.852	25.845	25.815	25.771	25.73	25.691	25.645	25.597	25.574	25.538	25.494	25.48	25.453	25.435	25.418	25.396	25.363	25.326	25.307	25.294	25.258	25.258	25.251	25.225	25.21	25.17	25.122	25.086	25.058	25.009	24.957	24.899	24.853	24.811	24.774	24.732	24.7	24.669	24.644	24.636	24.61	24.587	24.563	24.515	24.492	24.432	24.409	24.396	24.363	24.349	24.341	24.327	24.308	24.262	24.221	24.174	24.157	24.122	24.086	24.049	24.005	23.972	23.919	23.874	23.857	23.827	23.81	23.789	23.749	23.699	23.657	23.595	23.538	23.505	23.479	23.461	23.454	23.443	23.402	23.369	23.335	23.276	23.25	23.24	23.204	23.197	23.201	23.168	23.146	23.12	23.086	23.067	23.047	23.022	22.981	22.951	22.907	22.869	22.835	22.815	22.817	22.797	22.775	22.77	22.736	22.703	22.657	22.639	22.614	22.588	22.561	22.542	22.517	22.508	22.498	22.501	22.496	22.499
26.316	26.33	26.272	26.258	26.222	26.194	26.164	26.134	26.097	26.073	26.022	26.005	26.008	26.006	26.002	25.955	25.93	25.844	25.808	25.742	25.716	25.705	25.681	25.653	25.598	25.564	25.515	25.467	25.419	25.401	25.398	25.356	25.337	25.292	25.286	25.254	25.227	25.18	25.162	25.152	25.111	25.105	25.108	25.104	25.064	25.012	24.998	24.978	24.955	24.895	24.856	24.796	24.744	24.674	24.652	24.594	24.584	24.556	24.533	24.513	24.502	24.48	24.444	24.408	24.349	24.306	24.292	24.248	24.25	24.233	24.23	24.202	24.174	24.145	24.085	24.062	24.047	24.027	23.969	23.923	23.865	23.843	23.806	23.775	23.763	23.727	23.692	23.657	23.631	23.57	23.523	23.473	23.435	23.409	23.382	23.36	23.33	23.317	23.271	23.238	23.209	23.169	23.167	23.14	23.136	23.126	23.097	23.058	23.035	23.008	22.993	22.973	22.945	22.911	22.879	22.863	22.815	22.777	22.738	22.714	22.702	22.68	22.667	22.662	22.641	22.614	22.596	22.577	22.545	22.525	22.503	22.48	22.445	22.44	22.423	22.428	22.409
26.215	26.202	26.145	26.11	26.091	26.055	26.051	25.995	25.976	25.947	25.895	25.884	25.876	25.906	25.894	25.894	25.853	25.815	25.77	25.715	25.671	25.627	25.622	25.569	25.562	25.481	25.447	25.394	25.343	25.303	25.266	25.279	25.254	25.249	25.197	25.175	25.12	25.08	25.06	25.022	24.996	24.954	24.958	24.938	24.934	24.918	24.891	24.889	24.848	24.832	24.761	24.711	24.666	24.639	24.575	24.51	24.493	24.449	24.453	24.428	24.419	24.397	24.389	24.326	24.304	24.253	24.201	24.169	24.119	24.113	24.082	24.067	24.037	23.998	23.991	23.948	23.943	23.898	23.877	23.821	23.796	23.733	23.711	23.685	23.664	23.656	23.625	23.602	23.558	23.515	23.471	23.413	23.375	23.324	23.31	23.276	23.24	23.186	23.176	23.131	23.122	23.101	23.062	23.051	23.033	23.026	23.001	22.985	22.946	22.914	22.898	22.88	22.869	22.823	22.79	22.75	22.721	22.691	22.645	22.639	22.61	22.593	22.583	22.578	22.565	22.554	22.537	22.53	22.522	22.472	22.454	22.419	22.401	22.381	22.364	22.328	22.32
26.084	26.022	25.981	25.961	25.915	25.906	25.86	25.856	25.82	25.807	25.754	25.734	25.745	25.724	25.77	25.754	25.775	25.722	25.695	25.646	25.6	25.576	25.495	25.487	25.434	25.421	25.358	25.31	25.252	25.232	25.211	25.166	25.178	25.142	25.124	25.078	25.03	24.98	24.924	24.901	24.853	24.857	24.826	24.811	24.8	24.807	24.784	24.769	24.747	24.709	24.697	24.619	24.583	24.523	24.51	24.464	24.425	24.4	24.337	24.333	24.298	24.293	24.266	24.227	24.192	24.163	24.137	24.059	24.051	23.983	23.968	23.91	23.889	23.857	23.853	23.837	23.807	23.802	23.756	23.74	23.697	23.654	23.61	23.592	23.57	23.529	23.532	23.508	23.493	23.449	23.397	23.353	23.327	23.288	23.231	23.22	23.181	23.167	23.123	23.09	23.046	23.016	22.993	22.942	22.941	22.913	22.91	22.861	22.839	22.803	22.789	22.778	22.742	22.721	22.672	22.65	22.615	22.588	22.56	22.549	22.54	22.509	22.502	22.486	22.51	22.501	22.492	22.474	22.461	22.441	22.406	22.391	22.345	22.335	22.288	22.271	22.262
25.971	25.897	25.881	25.813	25.8	25.757	25.76	25.713	25.699	25.652	25.615	25.605	25.581	25.6	25.574	25.608	25.585	25.605	25.589	25.54	25.512	25.488	25.464	25.399	25.389	25.323	25.299	25.225	25.19	25.17	25.114	25.096	25.048	25.068	25.023	24.996	24.939	24.92	24.879	24.822	24.798	24.748	24.756	24.706	24.696	24.682	24.646	24.646	24.607	24.604	24.53	24.516	24.464	24.446	24.408	24.376	24.362	24.329	24.304	24.228	24.228	24.176	24.175	24.138	24.101	24.074	24.022	23.999	23.935	23.913	23.862	23.823	23.792	23.749	23.741	23.733	23.729	23.689	23.689	23.636	23.617	23.565	23.513	23.515	23.485	23.471	23.435	23.447	23.392	23.38	23.334	23.299	23.266	23.222	23.179	23.139	23.134	23.089	23.07	23.018	22.981	22.947	22.921	22.882	22.825	22.821	22.768	22.777	22.742	22.717	22.683	22.654	22.648	22.609	22.59	22.555	22.557	22.518	22.499	22.482	22.458	22.445	22.417	22.435	22.424	22.444	22.455	22.436	22.435	22.412	22.39	22.361	22.352	22.305	22.3	22.254	22.233
25.836	25.751	25.705	25.689	25.643	25.643	25.575	25.604	25.546	25.53	25.492	25.48	25.48	25.456	25.461	25.419	25.436	25.412	25.422	25.41	25.385	25.372	25.33	25.332	25.268	25.248	25.184	25.156	25.095	25.063	25.048	24.984	24.979	24.92	24.921	24.893	24.867	24.828	24.795	24.756	24.702	24.696	24.63	24.627	24.579	24.567	24.533	24.511	24.505	24.464	24.454	24.385	24.373	24.341	24.314	24.293	24.251	24.266	24.231	24.225	24.156	24.14	24.1	24.07	24.004	23.961	23.934	23.881	23.871	23.794	23.783	23.75	23.726	23.679	23.652	23.65	23.607	23.61	23.577	23.563	23.523	23.497	23.455	23.428	23.41	23.391	23.386	23.338	23.331	23.294	23.259	23.21	23.158	23.156	23.11	23.074	23.011	23.004	22.969	22.94	22.908	22.883	22.866	22.823	22.808	22.727	22.705	22.661	22.643	22.616	22.59	22.58	22.541	22.556	22.531	22.511	22.482	22.456	22.432	22.416	22.406	22.378	22.38	22.352	22.373	22.347	22.345	22.334	22.334	22.327	22.303	22.302	22.285	22.28	22.253	22.224	22.174
25.617	25.605	25.563	25.522	25.51	25.44	25.45	25.392	25.405	25.373	25.35	25.348	25.31	25.332	25.294	25.319	25.282	25.278	25.241	25.225	25.227	25.205	25.201	25.138	25.131	25.104	25.081	25.037	25.02	24.974	24.945	24.91	24.827	24.813	24.736	24.74	24.717	24.687	24.691	24.626	24.613	24.546	24.527	24.477	24.46	24.416	24.394	24.373	24.358	24.344	24.318	24.298	24.243	24.25	24.204	24.186	24.159	24.132	24.132	24.094	24.098	24.067	24.035	23.983	23.944	23.911	23.838	23.82	23.751	23.728	23.658	23.658	23.631	23.6	23.581	23.531	23.514	23.47	23.466	23.434	23.411	23.38	23.358	23.337	23.31	23.301	23.281	23.266	23.22	23.215	23.161	23.132	23.098	23.044	23.034	22.977	22.942	22.895	22.89	22.842	22.804	22.796	22.775	22.775	22.738	22.707	22.634	22.607	22.561	22.526	22.499	22.483	22.468	22.435	22.427	22.398	22.407	22.374	22.342	22.328	22.31	22.313	22.268	22.271	22.248	22.24	22.228	22.216	22.234	22.225	22.226	22.193	22.182	22.155	22.158	22.125	22.097
25.406	25.423	25.392	25.365	25.327	25.325	25.277	25.262	25.182	25.182	25.151	25.14	25.136	25.093	25.101	25.058	25.078	25.064	25.077	25.063	25.047	25.035	24.99	24.976	24.937	24.929	24.901	24.882	24.861	24.837	24.834	24.776	24.733	24.672	24.649	24.591	24.581	24.517	24.524	24.501	24.465	24.421	24.365	24.347	24.326	24.298	24.257	24.227	24.231	24.183	24.188	24.166	24.134	24.096	24.072	24.03	24.018	24.009	23.972	23.967	23.927	23.913	23.876	23.862	23.809	23.787	23.736	23.674	23.634	23.579	23.564	23.518	23.514	23.474	23.457	23.435	23.411	23.384	23.324	23.302	23.278	23.258	23.25	23.214	23.192	23.156	23.142	23.137	23.127	23.07	23.048	23.013	22.98	22.946	22.914	22.889	22.835	22.808	22.768	22.748	22.711	22.691	22.676	22.65	22.627	22.58	22.547	22.48	22.448	22.403	22.373	22.358	22.332	22.339	22.31	22.297	22.261	22.254	22.218	22.202	22.208	22.183	22.165	22.132	22.144	22.11	22.113	22.091	22.092	22.091	22.08	22.052	22.017	22.017	21.996	22.003	21.962
25.182	25.18	25.195	25.175	25.167	25.128	25.119	25.075	25.05	24.993	24.963	24.961	24.95	24.943	24.909	24.9	24.879	24.886	24.866	24.887	24.88	24.846	24.821	24.794	24.789	24.753	24.747	24.726	24.705	24.692	24.651	24.617	24.567	24.531	24.482	24.463	24.429	24.391	24.372	24.353	24.33	24.3	24.273	24.224	24.193	24.16	24.157	24.107	24.093	24.068	24.014	23.995	23.968	23.955	23.929	23.904	23.9	23.873	23.848	23.811	23.79	23.757	23.732	23.702	23.683	23.668	23.648	23.601	23.549	23.518	23.474	23.426	23.401	23.368	23.356	23.33	23.304	23.266	23.239	23.198	23.177	23.129	23.097	23.079	23.056	23.041	23.001	22.985	22.959	22.935	22.895	22.877	22.851	22.836	22.81	22.763	22.751	22.722	22.701	22.658	22.621	22.594	22.57	22.554	22.523	22.494	22.448	22.397	22.345	22.298	22.274	22.245	22.23	22.209	22.206	22.186	22.15	22.108	22.072	22.029	22.015	22.014	22	21.987	21.97	21.969	21.944	21.932	21.922	21.916	21.925	21.913	21.892	21.872	21.849	21.842	21.813
25.065	25.025	25.051	25.031	25.032	24.999	24.959	24.92	24.883	24.834	24.804	24.798	24.775	24.745	24.728	24.738	24.747	24.728	24.701	24.695	24.7	24.704	24.682	24.653	24.628	24.6	24.579	24.562	24.528	24.526	24.491	24.473	24.436	24.402	24.366	24.313	24.257	24.23	24.217	24.219	24.19	24.172	24.147	24.11	24.076	24.02	23.991	23.973	23.963	23.933	23.89	23.847	23.808	23.795	23.791	23.759	23.745	23.721	23.704	23.664	23.612	23.585	23.552	23.526	23.506	23.495	23.473	23.481	23.447	23.414	23.372	23.326	23.288	23.26	23.224	23.213	23.172	23.147	23.12	23.071	23.044	23.013	22.976	22.938	22.9	22.866	22.848	22.824	22.806	22.791	22.762	22.737	22.724	22.705	22.688	22.664	22.633	22.611	22.582	22.548	22.517	22.501	22.456	22.422	22.401	22.375	22.349	22.322	22.275	22.216	22.188	22.148	22.139	22.122	22.094	22.069	22.031	21.98	21.936	21.901	21.878	21.85	21.837	21.834	21.83	21.809	21.796	21.763	21.758	21.732	21.741	21.731	21.729	21.721	21.698	21.68	21.672
24.838	24.809	24.811	24.844	24.829	24.839	24.808	24.779	24.735	24.711	24.677	24.676	24.661	24.612	24.602	24.589	24.601	24.58	24.581	24.542	24.524	24.536	24.543	24.538	24.518	24.491	24.453	24.426	24.376	24.366	24.366	24.337	24.31	24.275	24.258	24.235	24.198	24.141	24.082	24.102	24.088	24.079	24.026	23.998	23.976	23.954	23.903	23.873	23.854	23.83	23.8	23.746	23.727	23.697	23.683	23.636	23.649	23.636	23.606	23.608	23.553	23.491	23.437	23.408	23.378	23.385	23.394	23.379	23.354	23.313	23.285	23.232	23.201	23.181	23.127	23.108	23.083	23.067	23.036	23.018	22.98	22.942	22.89	22.884	22.851	22.81	22.796	22.754	22.737	22.716	22.697	22.644	22.631	22.609	22.588	22.582	22.553	22.525	22.512	22.486	22.439	22.408	22.387	22.345	22.324	22.294	22.265	22.225	22.207	22.152	22.11	22.08	22.046	22.037	22.006	21.978	21.95	21.916	21.862	21.824	21.796	21.762	21.75	21.72	21.704	21.695	21.693	21.661	21.66	21.649	21.64	21.637	21.606	21.6	21.609	21.592	21.577
24.698	24.691	24.678	24.681	24.697	24.642	24.635	24.616	24.61	24.571	24.538	24.502	24.46	24.449	24.398	24.417	24.407	24.428	24.414	24.391	24.419	24.38	24.407	24.359	24.369	24.344	24.327	24.296	24.263	24.258	24.214	24.183	24.154	24.142	24.097	24.105	24.055	24.041	23.987	23.968	23.971	23.932	23.921	23.86	23.846	23.826	23.777	23.76	23.707	23.696	23.663	23.641	23.599	23.583	23.538	23.497	23.49	23.471	23.474	23.453	23.442	23.391	23.357	23.319	23.266	23.254	23.232	23.256	23.242	23.237	23.196	23.178	23.129	23.087	23.057	23.02	23.005	22.967	22.951	22.908	22.876	22.848	22.801	22.793	22.775	22.761	22.702	22.674	22.643	22.633	22.597	22.569	22.544	22.514	22.512	22.469	22.468	22.422	22.409	22.359	22.322	22.3	22.264	22.245	22.203	22.196	22.16	22.131	22.083	22.058	22.026	21.998	21.964	21.914	21.909	21.855	21.827	21.807	21.77	21.75	21.703	21.693	21.644	21.619	21.599	21.587	21.577	21.56	21.556	21.541	21.538	21.518	21.518	21.482	21.477	21.489	21.479
24.484	24.475	24.44	24.464	24.425	24.427	24.38	24.394	24.38	24.375	24.381	24.344	24.354	24.299	24.285	24.226	24.234	24.167	24.192	24.161	24.199	24.202	24.179	24.203	24.136	24.153	24.111	24.121	24.116	24.081	24.08	24.013	24.033	23.97	23.962	23.931	23.893	23.859	23.847	23.844	23.815	23.808	23.75	23.739	23.68	23.665	23.615	23.586	23.57	23.521	23.512	23.466	23.469	23.419	23.394	23.346	23.304	23.294	23.278	23.281	23.264	23.255	23.211	23.205	23.165	23.133	23.139	23.103	23.126	23.11	23.115	23.066	23.037	22.98	22.954	22.936	22.891	22.884	22.83	22.811	22.746	22.708	22.673	22.647	22.633	22.594	22.589	22.55	22.538	22.489	22.463	22.441	22.402	22.397	22.37	22.37	22.325	22.323	22.264	22.227	22.169	22.138	22.121	22.082	22.089	22.041	22.022	21.971	21.933	21.904	21.861	21.846	21.799	21.793	21.751	21.739	21.695	21.672	21.627	21.615	21.6	21.574	21.565	21.524	21.522	21.492	21.471	21.449	21.412	21.405	21.387	21.409	21.392	21.405	21.371	21.375	21.37
24.297	24.305	24.265	24.251	24.266	24.208	24.237	24.175	24.184	24.142	24.149	24.175	24.156	24.165	24.076	24.095	24.031	24.011	23.997	23.955	23.976	23.974	24.007	23.978	23.998	23.94	23.948	23.917	23.932	23.908	23.887	23.89	23.842	23.835	23.788	23.795	23.745	23.728	23.698	23.667	23.683	23.634	23.632	23.576	23.547	23.497	23.475	23.455	23.419	23.402	23.329	23.339	23.277	23.263	23.228	23.196	23.173	23.11	23.114	23.065	23.093	23.058	23.064	23.039	23.036	23.013	22.981	22.972	22.945	22.962	22.933	22.944	22.906	22.866	22.848	22.828	22.817	22.744	22.716	22.67	22.648	22.582	22.543	22.509	22.463	22.456	22.408	22.422	22.38	22.374	22.325	22.279	22.257	22.248	22.236	22.201	22.194	22.153	22.122	22.084	22.031	22.003	21.962	21.934	21.881	21.886	21.835	21.838	21.789	21.755	21.734	21.686	21.678	21.635	21.638	21.591	21.581	21.545	21.506	21.481	21.451	21.454	21.438	21.428	21.392	21.393	21.366	21.348	21.328	21.298	21.295	21.264	21.276	21.256	21.248	21.236	21.232
24.125	24.143	24.083	24.099	24.051	24.079	24.031	24.03	23.985	23.975	23.954	23.976	23.978	23.962	23.962	23.872	23.883	23.814	23.812	23.773	23.774	23.807	23.788	23.814	23.773	23.793	23.763	23.759	23.75	23.748	23.773	23.731	23.751	23.711	23.708	23.653	23.625	23.57	23.555	23.555	23.515	23.538	23.486	23.491	23.43	23.413	23.376	23.346	23.327	23.275	23.247	23.178	23.173	23.121	23.086	23.047	23.02	22.987	22.945	22.952	22.889	22.903	22.864	22.861	22.858	22.836	22.833	22.812	22.819	22.769	22.804	22.782	22.769	22.76	22.725	22.717	22.658	22.632	22.572	22.545	22.505	22.463	22.397	22.356	22.334	22.273	22.287	22.247	22.249	22.213	22.199	22.147	22.117	22.105	22.07	22.069	22.013	22	21.955	21.918	21.89	21.846	21.837	21.778	21.774	21.706	21.702	21.657	21.653	21.614	21.592	21.565	21.518	21.511	21.472	21.471	21.433	21.413	21.383	21.348	21.338	21.299	21.321	21.285	21.307	21.279	21.251	21.235	21.24	21.217	21.183	21.18	21.148	21.154	21.126	21.11	21.095
23.931	23.954	23.886	23.903	23.917	23.861	23.887	23.834	23.833	23.807	23.765	23.773	23.76	23.798	23.763	23.764	23.719	23.7	23.66	23.638	23.648	23.629	23.647	23.62	23.64	23.576	23.617	23.589	23.584	23.591	23.59	23.61	23.58	23.611	23.574	23.565	23.523	23.48	23.459	23.435	23.446	23.417	23.419	23.344	23.341	23.277	23.249	23.22	23.186	23.173	23.1	23.075	22.996	22.971	22.929	22.901	22.879	22.864	22.871	22.809	22.804	22.732	22.729	22.696	22.664	22.659	22.639	22.661	22.634	22.636	22.598	22.619	22.613	22.615	22.603	22.591	22.576	22.51	22.489	22.414	22.378	22.333	22.281	22.251	22.215	22.197	22.135	22.123	22.069	22.066	22.039	22.002	21.982	21.957	21.962	21.911	21.897	21.85	21.816	21.762	21.747	21.725	21.694	21.682	21.615	21.595	21.529	21.525	21.498	21.47	21.459	21.414	21.401	21.352	21.351	21.317	21.31	21.267	21.259	21.249	21.231	21.222	21.173	21.184	21.156	21.172	21.163	21.154	21.148	21.128	21.11	21.074	21.064	21.022	21.019	20.994	20.959
23.733	23.799	23.734	23.729	23.697	23.704	23.674	23.669	23.608	23.625	23.561	23.563	23.563	23.552	23.572	23.546	23.549	23.511	23.522	23.51	23.486	23.49	23.482	23.513	23.496	23.482	23.435	23.433	23.424	23.431	23.438	23.451	23.464	23.446	23.442	23.408	23.433	23.398	23.375	23.366	23.314	23.315	23.273	23.259	23.186	23.167	23.126	23.099	23.077	23.029	22.992	22.923	22.886	22.809	22.783	22.767	22.726	22.727	22.688	22.685	22.625	22.59	22.538	22.509	22.465	22.462	22.468	22.445	22.452	22.415	22.409	22.389	22.398	22.395	22.408	22.427	22.404	22.378	22.316	22.303	22.242	22.212	22.169	22.129	22.125	22.06	22.025	21.944	21.92	21.875	21.861	21.834	21.809	21.809	21.77	21.764	21.733	21.706	21.659	21.616	21.581	21.551	21.548	21.52	21.508	21.459	21.442	21.383	21.357	21.319	21.296	21.287	21.256	21.238	21.198	21.191	21.163	21.162	21.164	21.139	21.13	21.099	21.082	21.048	21.062	21.036	21.04	21.031	21.019	21.026	20.99	20.964	20.92	20.907	20.843	20.837	20.815
23.525	23.523	23.528	23.492	23.504	23.451	23.447	23.402	23.401	23.372	23.361	23.367	23.371	23.372	23.341	23.346	23.334	23.328	23.296	23.308	23.31	23.292	23.284	23.262	23.284	23.291	23.296	23.26	23.229	23.261	23.265	23.269	23.274	23.294	23.296	23.288	23.249	23.259	23.246	23.216	23.203	23.163	23.151	23.117	23.095	23.045	23	22.961	22.912	22.892	22.864	22.815	22.76	22.718	22.631	22.6	22.583	22.549	22.529	22.495	22.477	22.409	22.376	22.341	22.305	22.295	22.268	22.267	22.251	22.239	22.216	22.204	22.186	22.197	22.185	22.164	22.172	22.153	22.14	22.115	22.096	22.037	22.014	21.982	21.947	21.916	21.866	21.808	21.743	21.712	21.675	21.645	21.64	21.619	21.603	21.584	21.572	21.524	21.496	21.449	21.405	21.397	21.366	21.347	21.326	21.297	21.26	21.252	21.21	21.164	21.152	21.131	21.112	21.085	21.073	21.037	21.028	21.001	21	21.013	20.992	20.995	20.962	20.932	20.909	20.906	20.858	20.859	20.855	20.834	20.832	20.801	20.779	20.734	20.703	20.649	20.632
23.331	23.262	23.29	23.274	23.273	23.262	23.244	23.206	23.174	23.148	23.141	23.123	23.163	23.151	23.14	23.123	23.115	23.116	23.111	23.139	23.119	23.106	23.132	23.121	23.108	23.111	23.099	23.098	23.057	23.064	23.069	23.083	23.084	23.082	23.087	23.099	23.089	23.056	23.033	23.011	23.008	22.986	22.97	22.946	22.915	22.889	22.84	22.804	22.775	22.719	22.703	22.684	22.637	22.601	22.541	22.457	22.399	22.359	22.336	22.297	22.253	22.218	22.197	22.172	22.142	22.109	22.074	22.072	22.059	22.035	22.011	21.988	21.981	21.954	21.964	21.953	21.941	21.934	21.923	21.917	21.888	21.843	21.805	21.779	21.765	21.724	21.697	21.65	21.587	21.542	21.48	21.458	21.427	21.406	21.391	21.377	21.365	21.339	21.302	21.267	21.195	21.169	21.152	21.15	21.137	21.11	21.077	21.05	21.031	21	20.977	20.965	20.933	20.907	20.877	20.858	20.835	20.824	20.805	20.811	20.801	20.796	20.789	20.776	20.761	20.739	20.707	20.686	20.678	20.664	20.63	20.617	20.595	20.56	20.548	20.512	20.459
23.07	23.029	23.038	23.051	23.051	23.05	23.011	23.03	23.02	23.007	22.98	22.967	23	22.979	22.983	22.961	22.961	22.955	22.937	22.939	22.947	22.961	22.931	22.954	22.953	22.952	22.939	22.931	22.902	22.892	22.902	22.9	22.925	22.921	22.925	22.919	22.929	22.891	22.865	22.818	22.78	22.771	22.761	22.756	22.721	22.694	22.67	22.628	22.628	22.588	22.571	22.543	22.532	22.489	22.436	22.354	22.295	22.263	22.201	22.165	22.105	22.071	22.036	22.015	21.974	21.945	21.938	21.913	21.902	21.877	21.862	21.804	21.807	21.784	21.762	21.78	21.768	21.768	21.736	21.712	21.665	21.634	21.601	21.57	21.57	21.531	21.5	21.464	21.424	21.381	21.344	21.306	21.278	21.245	21.2	21.176	21.162	21.156	21.119	21.1	21.051	21.004	21.004	20.985	20.968	20.942	20.928	20.895	20.865	20.844	20.799	20.787	20.768	20.739	20.729	20.707	20.677	20.668	20.665	20.649	20.659	20.641	20.637	20.625	20.613	20.589	20.558	20.538	20.508	20.499	20.47	20.453	20.435	20.422	20.387	20.396	20.335
22.918	22.884	22.867	22.837	22.846	22.826	22.857	22.845	22.885	22.845	22.838	22.806	22.779	22.804	22.768	22.794	22.781	22.784	22.769	22.749	22.771	22.768	22.772	22.755	22.787	22.767	22.785	22.77	22.72	22.72	22.726	22.765	22.729	22.755	22.738	22.767	22.758	22.733	22.717	22.659	22.639	22.6	22.578	22.541	22.539	22.48	22.467	22.45	22.407	22.439	22.388	22.386	22.347	22.327	22.263	22.209	22.151	22.097	22.057	21.995	21.966	21.909	21.884	21.843	21.797	21.788	21.745	21.751	21.721	21.709	21.68	21.67	21.628	21.605	21.588	21.561	21.578	21.565	21.565	21.534	21.496	21.428	21.405	21.366	21.342	21.329	21.298	21.267	21.21	21.201	21.153	21.115	21.103	21.065	21.055	21.006	20.989	20.956	20.936	20.919	20.877	20.852	20.812	20.814	20.786	20.765	20.725	20.724	20.673	20.657	20.656	20.606	20.604	20.566	20.558	20.523	20.517	20.491	20.501	20.488	20.461	20.46	20.437	20.429	20.412	20.401	20.363	20.358	20.352	20.322	20.315	20.275	20.264	20.236	20.224	20.199	20.181
22.726	22.695	22.663	22.665	22.618	22.646	22.63	22.663	22.653	22.659	22.636	22.618	22.619	22.609	22.638	22.607	22.629	22.598	22.623	22.614	22.619	22.632	22.568	22.587	22.554	22.587	22.576	22.593	22.575	22.556	22.567	22.56	22.596	22.557	22.585	22.547	22.56	22.537	22.518	22.502	22.441	22.439	22.376	22.371	22.336	22.305	22.267	22.239	22.215	22.171	22.2	22.173	22.193	22.125	22.078	22.022	21.967	21.947	21.88	21.867	21.796	21.782	21.715	21.687	21.645	21.629	21.616	21.592	21.588	21.55	21.543	21.503	21.491	21.434	21.422	21.412	21.377	21.384	21.361	21.353	21.327	21.294	21.25	21.205	21.184	21.13	21.105	21.046	21.021	20.979	20.952	20.921	20.91	20.878	20.846	20.84	20.803	20.798	20.773	20.756	20.727	20.703	20.69	20.649	20.637	20.605	20.598	20.562	20.54	20.505	20.497	20.487	20.447	20.432	20.38	20.384	20.342	20.339	20.327	20.341	20.34	20.304	20.307	20.268	20.254	20.216	20.187	20.153	20.165	20.151	20.141	20.144	20.105	20.085	20.048	20.029	20.008
22.541	22.509	22.514	22.492	22.466	22.417	22.455	22.41	22.438	22.413	22.407	22.414	22.399	22.42	22.387	22.426	22.398	22.419	22.396	22.407	22.415	22.421	22.414	22.369	22.399	22.361	22.385	22.368	22.368	22.37	22.35	22.371	22.318	22.366	22.35	22.356	22.332	22.322	22.306	22.286	22.27	22.197	22.209	22.145	22.142	22.1	22.055	22.047	22.008	21.99	21.946	21.964	21.919	21.912	21.852	21.816	21.803	21.749	21.73	21.65	21.641	21.586	21.566	21.506	21.47	21.446	21.412	21.416	21.364	21.361	21.315	21.304	21.288	21.274	21.267	21.251	21.223	21.193	21.183	21.147	21.138	21.09	21.071	21.03	20.988	20.954	20.883	20.865	20.786	20.754	20.71	20.691	20.688	20.664	20.65	20.618	20.625	20.596	20.595	20.559	20.536	20.528	20.506	20.499	20.459	20.462	20.418	20.398	20.379	20.349	20.333	20.307	20.299	20.249	20.239	20.19	20.182	20.144	20.132	20.134	20.126	20.131	20.089	20.094	20.038	20.026	19.992	19.955	19.967	19.942	19.945	19.931	19.915	19.874	19.856	19.836	19.81
22.309	22.292	22.296	22.288	22.267	22.278	22.229	22.237	22.197	22.178	22.158	22.146	22.169	22.161	22.175	22.13	22.175	22.143	22.152	22.165	22.142	22.156	22.14	22.175	22.135	22.163	22.141	22.134	22.106	22.116	22.123	22.08	22.105	22.062	22.108	22.093	22.11	22.091	22.071	22.071	22.037	22.016	21.935	21.943	21.884	21.879	21.844	21.805	21.8	21.746	21.772	21.714	21.712	21.684	21.648	21.615	21.587	21.561	21.505	21.481	21.404	21.397	21.329	21.303	21.247	21.22	21.203	21.186	21.203	21.147	21.133	21.076	21.093	21.082	21.057	21.07	21.014	21.016	20.955	20.951	20.919	20.888	20.846	20.799	20.79	20.746	20.716	20.641	20.6	20.545	20.524	20.491	20.468	20.449	20.437	20.451	20.42	20.422	20.392	20.368	20.333	20.314	20.318	20.318	20.333	20.268	20.265	20.218	20.208	20.18	20.151	20.152	20.105	20.092	20.033	20.033	19.991	19.987	19.968	19.95	19.953	19.914	19.908	19.859	19.845	19.805	19.808	19.765	19.739	19.733	19.702	19.709	19.7	19.669	19.632	19.625	19.609
22.028	22.037	22.054	22.043	22.026	22.014	21.992	21.982	21.951	21.937	21.921	21.887	21.878	21.854	21.883	21.889	21.879	21.876	21.86	21.885	21.88	21.868	21.882	21.889	21.894	21.882	21.853	21.857	21.851	21.862	21.838	21.839	21.836	21.827	21.807	21.82	21.842	21.835	21.829	21.812	21.796	21.757	21.71	21.662	21.61	21.569	21.574	21.552	21.542	21.509	21.5	21.482	21.448	21.424	21.4	21.366	21.332	21.3	21.274	21.256	21.203	21.179	21.129	21.068	21.039	21.016	20.992	20.977	20.96	20.927	20.901	20.883	20.853	20.861	20.842	20.828	20.789	20.76	20.73	20.71	20.705	20.684	20.637	20.59	20.555	20.523	20.49	20.448	20.402	20.373	20.329	20.31	20.302	20.285	20.264	20.257	20.253	20.241	20.231	20.206	20.162	20.151	20.142	20.147	20.122	20.103	20.074	20.047	20.018	20.012	20.007	19.979	19.935	19.903	19.863	19.826	19.796	19.76	19.755	19.741	19.729	19.723	19.697	19.646	19.63	19.617	19.589	19.578	19.561	19.55	19.516	19.497	19.474	19.451	19.438	19.417	19.413
21.766	21.803	21.765	21.785	21.779	21.765	21.761	21.727	21.739	21.705	21.684	21.627	21.628	21.611	21.583	21.605	21.591	21.616	21.596	21.589	21.606	21.592	21.623	21.605	21.607	21.639	21.619	21.633	21.599	21.595	21.578	21.563	21.593	21.583	21.587	21.555	21.567	21.562	21.565	21.58	21.547	21.528	21.463	21.411	21.377	21.315	21.299	21.268	21.269	21.247	21.228	21.237	21.206	21.204	21.166	21.129	21.087	21.056	21.043	21.006	20.985	20.948	20.9	20.859	20.823	20.798	20.747	20.731	20.712	20.672	20.684	20.674	20.674	20.632	20.617	20.579	20.557	20.553	20.515	20.503	20.46	20.46	20.415	20.385	20.362	20.328	20.315	20.26	20.218	20.213	20.187	20.185	20.145	20.126	20.086	20.076	20.067	20.036	20.04	20.019	19.991	19.977	19.961	19.963	19.921	19.905	19.856	19.834	19.815	19.812	19.803	19.773	19.762	19.74	19.714	19.682	19.636	19.593	19.554	19.554	19.517	19.496	19.474	19.429	19.434	19.39	19.361	19.374	19.37	19.366	19.333	19.324	19.269	19.25	19.243	19.222	19.22
21.488	21.471	21.487	21.461	21.485	21.495	21.465	21.462	21.439	21.445	21.42	21.385	21.385	21.353	21.352	21.332	21.336	21.342	21.353	21.358	21.345	21.341	21.325	21.331	21.325	21.331	21.349	21.336	21.313	21.296	21.307	21.321	21.309	21.333	21.33	21.335	21.316	21.298	21.317	21.294	21.281	21.262	21.241	21.178	21.143	21.099	21.045	21.021	20.996	21	20.983	20.967	20.965	20.955	20.947	20.916	20.886	20.857	20.825	20.816	20.775	20.734	20.684	20.678	20.632	20.599	20.567	20.514	20.486	20.477	20.471	20.467	20.437	20.401	20.365	20.341	20.325	20.29	20.288	20.263	20.246	20.212	20.197	20.182	20.154	20.129	20.076	20.076	20.037	20.023	20.026	20.006	19.99	19.969	19.952	19.905	19.893	19.871	19.85	19.841	19.818	19.788	19.768	19.742	19.739	19.707	19.673	19.643	19.634	19.612	19.58	19.565	19.542	19.528	19.522	19.495	19.47	19.427	19.399	19.377	19.346	19.299	19.275	19.249	19.218	19.206	19.18	19.166	19.173	19.158	19.156	19.133	19.11	19.084	19.073	19.067	19.045
21.22	21.217	21.195	21.217	21.206	21.204	21.198	21.2	21.178	21.157	21.148	21.116	21.089	21.084	21.082	21.075	21.074	21.053	21.062	21.057	21.07	21.08	21.069	21.068	21.071	21.084	21.101	21.107	21.104	21.093	21.067	21.085	21.096	21.106	21.115	21.122	21.115	21.084	21.063	21.062	21.05	21.019	20.974	20.935	20.923	20.877	20.847	20.798	20.759	20.729	20.724	20.737	20.703	20.707	20.695	20.666	20.641	20.626	20.616	20.591	20.571	20.55	20.505	20.472	20.432	20.389	20.362	20.333	20.291	20.279	20.271	20.256	20.24	20.202	20.164	20.102	20.088	20.075	20.069	20.047	20.027	20.009	20.007	19.981	19.959	19.92	19.887	19.86	19.835	19.837	19.822	19.817	19.794	19.764	19.752	19.727	19.7	19.677	19.658	19.624	19.604	19.566	19.553	19.519	19.496	19.489	19.477	19.452	19.436	19.42	19.39	19.368	19.34	19.306	19.319	19.311	19.286	19.263	19.241	19.19	19.16	19.131	19.114	19.083	19.068	19.045	19.033	18.998	18.978	18.974	18.956	18.934	18.909	18.89	18.904	18.884	18.86
20.897	20.913	20.9	20.921	20.914	20.892	20.877	20.874	20.881	20.865	20.868	20.852	20.825	20.831	20.831	20.821	20.813	20.817	20.811	20.796	20.804	20.784	20.779	20.766	20.767	20.805	20.84	20.849	20.825	20.839	20.822	20.836	20.864	20.86	20.89	20.898	20.887	20.867	20.825	20.819	20.795	20.775	20.758	20.739	20.726	20.711	20.68	20.633	20.583	20.549	20.513	20.512	20.497	20.495	20.47	20.454	20.422	20.402	20.409	20.391	20.374	20.334	20.306	20.256	20.242	20.21	20.173	20.158	20.122	20.117	20.087	20.06	20.041	20.011	19.983	19.926	19.874	19.877	19.874	19.868	19.859	19.846	19.822	19.787	19.76	19.722	19.685	19.651	19.625	19.632	19.606	19.593	19.585	19.574	19.528	19.506	19.495	19.477	19.471	19.434	19.415	19.396	19.347	19.324	19.305	19.296	19.272	19.259	19.24	19.225	19.205	19.171	19.164	19.156	19.117	19.137	19.107	19.107	19.098	19.076	19.004	18.974	18.955	18.928	18.914	18.888	18.853	18.838	18.811	18.803	18.779	18.762	18.743	18.741	18.745	18.741	18.725
20.568	20.56	20.58	20.567	20.583	20.557	20.559	20.581	20.567	20.575	20.538	20.546	20.55	20.534	20.542	20.51	20.515	20.514	20.523	20.553	20.533	20.535	20.51	20.514	20.507	20.491	20.53	20.533	20.556	20.569	20.569	20.579	20.593	20.613	20.62	20.651	20.627	20.619	20.599	20.556	20.541	20.507	20.508	20.479	20.462	20.471	20.45	20.42	20.347	20.307	20.261	20.24	20.234	20.217	20.216	20.192	20.195	20.189	20.178	20.177	20.126	20.09	20.048	20.005	19.997	19.971	19.966	19.929	19.913	19.91	19.877	19.849	19.819	19.8	19.752	19.718	19.674	19.653	19.649	19.635	19.628	19.61	19.593	19.566	19.537	19.515	19.466	19.467	19.439	19.397	19.4	19.376	19.366	19.356	19.329	19.309	19.276	19.274	19.229	19.212	19.159	19.143	19.133	19.097	19.096	19.064	19.059	19.033	19.022	19.014	18.988	18.981	18.947	18.949	18.928	18.921	18.927	18.917	18.926	18.903	18.856	18.841	18.811	18.78	18.745	18.731	18.667	18.629	18.628	18.605	18.581	18.559	18.563	18.566	18.562	18.574	18.551
20.193	20.214	20.194	20.211	20.205	20.199	20.214	20.231	20.253	20.224	20.224	20.211	20.214	20.23	20.208	20.219	20.202	20.228	20.237	20.244	20.258	20.234	20.249	20.2	20.205	20.237	20.212	20.245	20.252	20.299	20.319	20.311	20.349	20.341	20.359	20.333	20.334	20.305	20.294	20.292	20.252	20.243	20.199	20.185	20.176	20.155	20.16	20.132	20.106	20.055	20.011	20.01	19.973	19.994	19.969	19.971	19.965	19.966	19.961	19.929	19.915	19.867	19.819	19.789	19.751	19.743	19.692	19.695	19.677	19.658	19.648	19.6	19.601	19.571	19.546	19.499	19.473	19.455	19.434	19.435	19.396	19.38	19.36	19.327	19.316	19.283	19.274	19.242	19.236	19.218	19.178	19.185	19.154	19.146	19.12	19.096	19.074	19.033	19.026	18.987	18.96	18.92	18.892	18.882	18.856	18.863	18.84	18.829	18.825	18.787	18.792	18.77	18.77	18.728	18.739	18.744	18.741	18.764	18.727	18.703	18.671	18.632	18.635	18.6	18.589	18.548	18.511	18.474	18.459	18.459	18.42	18.412	18.387	18.389	18.39	18.374	18.374
19.828	19.842	19.874	19.868	19.887	19.894	19.899	19.912	19.9	19.906	19.902	19.896	19.897	19.881	19.904	19.885	19.922	19.917	19.937	19.953	19.928	19.949	19.917	19.915	19.884	19.925	19.946	19.943	19.991	19.967	20.009	20.033	20.035	20.072	20.046	20.06	20.033	20.011	20.004	19.964	19.972	19.926	19.925	19.89	19.878	19.881	19.864	19.875	19.838	19.812	19.785	19.738	19.744	19.715	19.725	19.705	19.69	19.712	19.706	19.709	19.672	19.666	19.621	19.591	19.555	19.498	19.496	19.45	19.449	19.413	19.405	19.399	19.363	19.358	19.317	19.28	19.261	19.225	19.223	19.176	19.148	19.122	19.098	19.105	19.089	19.096	19.066	19.031	19.015	19.002	18.996	18.965	18.972	18.928	18.904	18.872	18.839	18.823	18.792	18.785	18.731	18.706	18.688	18.657	18.675	18.633	18.63	18.609	18.603	18.604	18.55	18.562	18.551	18.555	18.556	18.556	18.574	18.543	18.534	18.475	18.46	18.433	18.405	18.412	18.375	18.364	18.334	18.306	18.313	18.286	18.291	18.249	18.216	18.206	18.17	18.178	18.164
19.434	19.463	19.478	19.508	19.526	19.56	19.582	19.574	19.565	19.538	19.548	19.541	19.555	19.558	19.554	19.57	19.575	19.576	19.597	19.625	19.639	19.632	19.622	19.619	19.599	19.63	19.662	19.679	19.692	19.674	19.702	19.721	19.745	19.751	19.752	19.747	19.722	19.727	19.719	19.687	19.664	19.629	19.623	19.616	19.61	19.608	19.607	19.627	19.606	19.572	19.546	19.51	19.495	19.492	19.461	19.469	19.452	19.449	19.445	19.428	19.416	19.421	19.392	19.38	19.32	19.278	19.259	19.222	19.23	19.193	19.18	19.152	19.134	19.107	19.082	19.048	19.026	19.003	18.989	18.94	18.915	18.909	18.871	18.875	18.871	18.85	18.834	18.81	18.796	18.806	18.789	18.783	18.772	18.741	18.697	18.663	18.64	18.608	18.578	18.553	18.508	18.491	18.467	18.458	18.44	18.437	18.419	18.396	18.389	18.384	18.378	18.365	18.355	18.343	18.344	18.359	18.345	18.317	18.296	18.254	18.235	18.24	18.226	18.207	18.188	18.148	18.129	18.121	18.117	18.119	18.111	18.088	18.046	18.013	17.981	17.976	17.974
19.037	19.035	19.088	19.096	19.108	19.144	19.136	19.145	19.135	19.122	19.125	19.137	19.173	19.181	19.215	19.218	19.24	19.269	19.268	19.297	19.297	19.311	19.303	19.321	19.332	19.316	19.359	19.365	19.382	19.414	19.403	19.439	19.416	19.423	19.417	19.415	19.428	19.396	19.398	19.371	19.385	19.358	19.343	19.354	19.311	19.313	19.296	19.3	19.322	19.309	19.301	19.249	19.218	19.222	19.211	19.227	19.218	19.209	19.189	19.192	19.175	19.159	19.156	19.118	19.093	19.068	19.043	19.047	19.015	19.003	18.962	18.931	18.919	18.88	18.872	18.823	18.792	18.77	18.736	18.735	18.715	18.705	18.639	18.637	18.654	18.632	18.63	18.614	18.579	18.586	18.563	18.579	18.548	18.519	18.479	18.456	18.443	18.4	18.378	18.349	18.293	18.29	18.257	18.259	18.218	18.215	18.192	18.169	18.166	18.15	18.156	18.144	18.135	18.148	18.134	18.146	18.11	18.095	18.067	18.041	18.034	18.005	18.026	18.013	17.995	17.97	17.942	17.92	17.884	17.884	17.882	17.891	17.876	17.837	17.81	17.78	17.766
18.638	18.66	18.654	18.663	18.657	18.678	18.679	18.67	18.703	18.714	18.738	18.745	18.764	18.786	18.801	18.825	18.842	18.861	18.902	18.905	18.938	18.95	18.941	18.977	18.997	19.036	19.049	19.069	19.085	19.096	19.118	19.104	19.094	19.076	19.09	19.103	19.095	19.094	19.057	19.067	19.05	19.052	19.064	19.04	19.039	19.007	18.999	19.007	19.003	18.995	18.984	18.982	18.947	18.926	18.939	18.928	18.938	18.932	18.917	18.935	18.918	18.909	18.861	18.834	18.815	18.801	18.8	18.765	18.761	18.742	18.732	18.713	18.67	18.648	18.61	18.598	18.565	18.531	18.518	18.475	18.484	18.45	18.413	18.406	18.396	18.398	18.369	18.378	18.372	18.358	18.355	18.331	18.327	18.29	18.257	18.234	18.199	18.178	18.154	18.146	18.104	18.071	18.052	18.017	18.002	17.976	17.954	17.961	17.946	17.941	17.922	17.926	17.902	17.904	17.913	17.888	17.871	17.845	17.82	17.827	17.802	17.8	17.775	17.776	17.758	17.737	17.736	17.695	17.681	17.653	17.643	17.659	17.642	17.643	17.613	17.588	17.563
18.213	18.214	18.22	18.224	18.22	18.242	18.237	18.24	18.254	18.285	18.313	18.348	18.367	18.392	18.424	18.439	18.468	18.466	18.495	18.517	18.533	18.563	18.585	18.607	18.636	18.669	18.701	18.741	18.774	18.806	18.811	18.808	18.788	18.764	18.747	18.752	18.754	18.735	18.721	18.702	18.711	18.731	18.735	18.732	18.705	18.691	18.704	18.714	18.72	18.693	18.685	18.662	18.65	18.646	18.655	18.66	18.649	18.643	18.628	18.636	18.626	18.607	18.598	18.562	18.552	18.52	18.506	18.49	18.47	18.452	18.441	18.448	18.445	18.417	18.379	18.331	18.303	18.302	18.265	18.252	18.235	18.203	18.166	18.142	18.143	18.127	18.13	18.111	18.091	18.092	18.081	18.08	18.055	18.035	18.001	17.969	17.977	17.943	17.922	17.884	17.867	17.846	17.82	17.8	17.776	17.765	17.753	17.722	17.727	17.722	17.71	17.7	17.688	17.671	17.667	17.665	17.644	17.635	17.598	17.571	17.571	17.562	17.543	17.526	17.525	17.524	17.51	17.487	17.461	17.462	17.434	17.423	17.426	17.405	17.376	17.352	17.345
17.774	17.77	17.775	17.785	17.799	17.792	17.814	17.824	17.848	17.869	17.869	17.924	17.966	17.982	18.033	18.042	18.062	18.096	18.09	18.102	18.136	18.157	18.192	18.219	18.263	18.302	18.344	18.383	18.432	18.462	18.478	18.495	18.486	18.459	18.428	18.404	18.394	18.386	18.392	18.389	18.365	18.394	18.405	18.413	18.421	18.395	18.383	18.376	18.377	18.37	18.38	18.349	18.347	18.347	18.356	18.375	18.379	18.387	18.338	18.362	18.324	18.287	18.282	18.257	18.252	18.234	18.209	18.189	18.174	18.184	18.171	18.171	18.158	18.15	18.124	18.082	18.039	18.037	18.009	18	17.993	17.967	17.936	17.928	17.916	17.897	17.864	17.851	17.809	17.827	17.816	17.799	17.783	17.744	17.726	17.714	17.691	17.669	17.654	17.631	17.605	17.584	17.565	17.567	17.551	17.521	17.523	17.509	17.494	17.498	17.485	17.445	17.435	17.415	17.419	17.404	17.382	17.362	17.362	17.335	17.316	17.314	17.314	17.307	17.299	17.291	17.289	17.285	17.257	17.24	17.213	17.202	17.177	17.161	17.138	17.114	17.097
17.339	17.351	17.355	17.353	17.366	17.365	17.371	17.38	17.411	17.457	17.481	17.517	17.551	17.586	17.617	17.662	17.688	17.719	17.754	17.747	17.768	17.784	17.809	17.849	17.878	17.919	17.953	18.017	18.06	18.129	18.152	18.163	18.175	18.156	18.119	18.086	18.07	18.072	18.069	18.062	18.045	18.042	18.066	18.066	18.082	18.083	18.072	18.071	18.06	18.062	18.048	18.039	18.033	18.048	18.081	18.064	18.074	18.068	18.04	18.052	18.027	18.008	17.984	17.974	17.956	17.955	17.963	17.951	17.949	17.932	17.903	17.897	17.9	17.886	17.84	17.826	17.777	17.768	17.775	17.768	17.76	17.738	17.706	17.691	17.682	17.672	17.641	17.622	17.581	17.568	17.567	17.555	17.533	17.512	17.477	17.466	17.448	17.433	17.405	17.384	17.345	17.345	17.333	17.318	17.316	17.287	17.25	17.253	17.232	17.236	17.235	17.223	17.203	17.181	17.166	17.155	17.148	17.126	17.111	17.104	17.086	17.09	17.081	17.067	17.064	17.063	17.063	17.046	17.044	17.028	17.01	16.983	16.956	16.931	16.899	16.875	16.87
16.924	16.935	16.956	16.946	16.954	16.963	16.983	17.008	17.035	17.077	17.099	17.136	17.176	17.199	17.221	17.245	17.282	17.303	17.337	17.372	17.396	17.422	17.434	17.458	17.511	17.547	17.605	17.643	17.674	17.737	17.754	17.789	17.813	17.816	17.795	17.752	17.732	17.713	17.718	17.709	17.714	17.735	17.725	17.748	17.74	17.741	17.701	17.698	17.711	17.711	17.725	17.723	17.733	17.734	17.752	17.76	17.748	17.751	17.716	17.701	17.701	17.697	17.706	17.678	17.676	17.673	17.66	17.654	17.632	17.623	17.614	17.595	17.603	17.588	17.591	17.57	17.535	17.526	17.508	17.52	17.508	17.504	17.481	17.452	17.457	17.442	17.422	17.396	17.369	17.353	17.329	17.323	17.303	17.275	17.253	17.226	17.224	17.185	17.164	17.147	17.119	17.104	17.089	17.081	17.058	17.054	17.008	16.989	16.977	16.963	16.973	16.953	16.939	16.937	16.923	16.912	16.892	16.894	16.874	16.865	16.866	16.845	16.84	16.82	16.812	16.818	16.811	16.806	16.792	16.787	16.762	16.747	16.744	16.71	16.686	16.65	16.626
16.533	16.563	16.564	16.57	16.592	16.597	16.622	16.632	16.659	16.679	16.712	16.752	16.78	16.819	16.826	16.844	16.869	16.894	16.926	16.939	16.992	17.012	17.051	17.09	17.124	17.178	17.216	17.272	17.302	17.347	17.365	17.387	17.415	17.406	17.41	17.393	17.352	17.359	17.333	17.329	17.342	17.336	17.371	17.372	17.389	17.368	17.355	17.35	17.326	17.342	17.343	17.348	17.367	17.378	17.411	17.395	17.417	17.393	17.374	17.376	17.375	17.392	17.376	17.382	17.356	17.35	17.342	17.316	17.317	17.294	17.289	17.29	17.286	17.292	17.292	17.29	17.268	17.263	17.266	17.256	17.267	17.246	17.229	17.215	17.194	17.195	17.158	17.153	17.121	17.095	17.088	17.059	17.056	17.013	17.005	16.969	16.952	16.941	16.905	16.878	16.868	16.838	16.845	16.828	16.82	16.787	16.757	16.735	16.706	16.702	16.675	16.673	16.671	16.656	16.668	16.655	16.658	16.648	16.635	16.638	16.603	16.614	16.593	16.587	16.572	16.558	16.569	16.549	16.556	16.545	16.539	16.533	16.51	16.506	16.464	16.443	16.41
16.157	16.183	16.225	16.229	16.244	16.268	16.27	16.298	16.293	16.319	16.337	16.364	16.412	16.429	16.467	16.476	16.486	16.507	16.534	16.574	16.602	16.637	16.669	16.69	16.747	16.775	16.853	16.886	16.914	16.971	16.988	17.022	17.018	17.021	17.021	17.013	17.024	16.996	16.998	16.959	16.968	16.98	16.994	17.026	17.022	17.012	16.978	16.985	16.995	16.967	16.981	16.975	16.992	17.014	17.009	17.032	17.007	17.029	17.013	17.022	17.04	17.033	17.057	17.041	17.027	17.027	17.007	17.005	16.976	16.964	16.951	16.959	16.966	16.96	16.979	16.969	16.967	16.984	16.976	16.983	16.972	16.962	16.943	16.939	16.941	16.92	16.912	16.879	16.856	16.849	16.804	16.811	16.774	16.756	16.726	16.711	16.7	16.665	16.658	16.621	16.62	16.607	16.584	16.589	16.569	16.531	16.508	16.485	16.462	16.433	16.436	16.407	16.412	16.404	16.387	16.397	16.377	16.378	16.371	16.373	16.372	16.346	16.354	16.34	16.344	16.341	16.325	16.335	16.309	16.322	16.297	16.279	16.28	16.257	16.24	16.213	16.185
15.767	15.824	15.838	15.874	15.873	15.903	15.935	15.935	15.949	15.95	15.982	16.022	16.041	16.086	16.099	16.126	16.133	16.163	16.207	16.218	16.25	16.255	16.279	16.31	16.346	16.411	16.424	16.484	16.513	16.56	16.602	16.608	16.638	16.63	16.629	16.632	16.62	16.634	16.626	16.624	16.618	16.62	16.66	16.656	16.678	16.666	16.635	16.645	16.629	16.644	16.628	16.64	16.647	16.667	16.691	16.676	16.703	16.699	16.7	16.71	16.724	16.745	16.713	16.727	16.706	16.704	16.704	16.679	16.681	16.648	16.631	16.639	16.634	16.655	16.653	16.676	16.674	16.684	16.687	16.671	16.68	16.679	16.67	16.671	16.66	16.679	16.641	16.617	16.581	16.562	16.535	16.498	16.493	16.464	16.442	16.434	16.396	16.394	16.375	16.37	16.354	16.359	16.35	16.32	16.317	16.287	16.269	16.243	16.2	16.185	16.167	16.171	16.156	16.144	16.145	16.113	16.119	16.102	16.11	16.121	16.109	16.117	16.103	16.095	16.089	16.096	16.095	16.077	16.087	16.079	16.066	16.054	16.03	16.032	16	15.986	15.958
15.401	15.428	15.472	15.492	15.527	15.562	15.578	15.613	15.607	15.631	15.639	15.659	15.701	15.711	15.746	15.767	15.788	15.829	15.842	15.881	15.888	15.915	15.939	15.963	16.019	16.032	16.073	16.09	16.116	16.17	16.207	16.245	16.234	16.261	16.259	16.254	16.26	16.25	16.269	16.263	16.259	16.287	16.288	16.303	16.278	16.318	16.316	16.308	16.31	16.291	16.311	16.32	16.347	16.351	16.358	16.378	16.376	16.396	16.414	16.426	16.455	16.443	16.459	16.439	16.425	16.407	16.376	16.383	16.352	16.352	16.335	16.321	16.322	16.321	16.344	16.342	16.357	16.366	16.373	16.388	16.374	16.38	16.376	16.367	16.381	16.361	16.343	16.322	16.298	16.284	16.256	16.247	16.197	16.194	16.165	16.147	16.141	16.112	16.118	16.097	16.08	16.084	16.072	16.072	16.046	16.041	16.008	15.985	15.974	15.935	15.923	15.91	15.908	15.913	15.881	15.885	15.858	15.86	15.866	15.875	15.886	15.864	15.866	15.84	15.829	15.844	15.834	15.841	15.82	15.821	15.812	15.818	15.811	15.784	15.778	15.744	15.725
15.068	15.106	15.126	15.164	15.19	15.218	15.255	15.266	15.284	15.286	15.333	15.341	15.369	15.393	15.409	15.453	15.455	15.49	15.515	15.537	15.576	15.591	15.619	15.647	15.679	15.724	15.743	15.769	15.792	15.814	15.847	15.855	15.888	15.901	15.899	15.924	15.909	15.914	15.905	15.919	15.925	15.933	15.96	15.947	15.958	15.953	15.971	15.982	15.977	15.973	15.991	16.004	16.012	16.018	16.034	16.038	16.06	16.065	16.095	16.13	16.14	16.162	16.151	16.155	16.142	16.122	16.101	16.069	16.06	16.035	16.037	16.026	16.015	16.028	16.031	16.038	16.042	16.047	16.073	16.071	16.081	16.074	16.073	16.066	16.06	16.057	16.027	16.028	16.025	15.995	15.986	15.948	15.939	15.913	15.895	15.882	15.869	15.865	15.835	15.846	15.823	15.813	15.813	15.799	15.796	15.788	15.785	15.763	15.737	15.715	15.688	15.694	15.671	15.675	15.667	15.652	15.639	15.628	15.623	15.639	15.626	15.63	15.611	15.604	15.59	15.608	15.622	15.607	15.603	15.589	15.573	15.579	15.566	15.554	15.532	15.515	15.504
14.752	14.774	14.806	14.828	14.851	14.876	14.896	14.937	14.964	14.987	15.006	15.033	15.063	15.087	15.112	15.138	15.164	15.193	15.196	15.228	15.248	15.279	15.293	15.319	15.339	15.373	15.409	15.428	15.46	15.483	15.498	15.53	15.542	15.565	15.579	15.59	15.583	15.578	15.584	15.574	15.585	15.602	15.607	15.621	15.628	15.637	15.634	15.64	15.649	15.642	15.668	15.686	15.687	15.71	15.698	15.71	15.724	15.733	15.748	15.783	15.8	15.822	15.823	15.801	15.802	15.806	15.79	15.773	15.741	15.729	15.727	15.741	15.746	15.743	15.749	15.751	15.75	15.769	15.77	15.777	15.769	15.768	15.756	15.766	15.756	15.746	15.743	15.708	15.712	15.697	15.686	15.677	15.662	15.649	15.65	15.62	15.619	15.596	15.579	15.555	15.556	15.541	15.535	15.534	15.531	15.534	15.531	15.513	15.513	15.502	15.497	15.476	15.448	15.448	15.421	15.418	15.398	15.387	15.377	15.367	15.377	15.379	15.377	15.362	15.36	15.37	15.376	15.377	15.357	15.362	15.339	15.338	15.337	15.319	15.305	15.287	15.296
14.433	14.454	14.482	14.501	14.513	14.565	14.584	14.619	14.656	14.679	14.713	14.731	14.743	14.769	14.795	14.818	14.836	14.859	14.884	14.907	14.925	14.95	14.963	14.992	15.014	15.042	15.063	15.089	15.122	15.15	15.168	15.177	15.194	15.208	15.202	15.228	15.24	15.244	15.243	15.236	15.232	15.259	15.274	15.283	15.294	15.304	15.292	15.296	15.305	15.31	15.322	15.35	15.353	15.369	15.372	15.379	15.394	15.411	15.416	15.427	15.441	15.449	15.455	15.459	15.444	15.453	15.459	15.444	15.424	15.419	15.406	15.421	15.434	15.434	15.442	15.452	15.449	15.472	15.472	15.466	15.459	15.453	15.437	15.466	15.454	15.453	15.439	15.43	15.419	15.41	15.413	15.407	15.413	15.402	15.375	15.372	15.348	15.337	15.319	15.304	15.283	15.265	15.25	15.259	15.266	15.261	15.267	15.263	15.255	15.248	15.23	15.227	15.219	15.206	15.18	15.161	15.146	15.133	15.127	15.116	15.115	15.121	15.126	15.122	15.12	15.116	15.124	15.114	15.104	15.096	15.082	15.091	15.083	15.076	15.071	15.06	15.054
14.143	14.169	14.184	14.22	14.218	14.253	14.288	14.327	14.366	14.384	14.411	14.431	14.455	14.49	14.514	14.538	14.553	14.553	14.59	14.616	14.643	14.667	14.689	14.72	14.727	14.744	14.759	14.793	14.811	14.825	14.855	14.855	14.87	14.879	14.875	14.898	14.918	14.929	14.93	14.943	14.948	14.97	14.988	14.994	14.995	14.995	15.003	14.994	14.987	15.007	15.026	15.04	15.06	15.066	15.081	15.093	15.098	15.106	15.124	15.122	15.134	15.147	15.138	15.143	15.137	15.136	15.146	15.141	15.137	15.133	15.131	15.133	15.138	15.139	15.135	15.142	15.145	15.15	15.172	15.175	15.18	15.192	15.177	15.193	15.199	15.2	15.189	15.186	15.162	15.168	15.171	15.157	15.161	15.164	15.136	15.13	15.118	15.107	15.087	15.087	15.055	15.056	15.049	15.033	15.04	15.033	15.028	15.027	15.018	14.997	14.985	14.981	14.967	14.954	14.959	14.943	14.922	14.898	14.881	14.885	14.874	14.874	14.87	14.879	14.876	14.871	14.875	14.876	14.879	14.879	14.858	14.856	14.844	14.847	14.844	14.835	14.819
13.882	13.895	13.924	13.95	13.955	13.99	14.006	14.048	14.072	14.099	14.127	14.144	14.179	14.195	14.231	14.246	14.262	14.282	14.301	14.326	14.345	14.383	14.391	14.426	14.452	14.46	14.482	14.497	14.521	14.543	14.552	14.567	14.562	14.577	14.587	14.597	14.621	14.628	14.653	14.654	14.671	14.689	14.692	14.706	14.705	14.717	14.712	14.699	14.713	14.716	14.752	14.757	14.774	14.796	14.8	14.819	14.823	14.84	14.842	14.837	14.852	14.839	14.839	14.825	14.817	14.834	14.83	14.84	14.836	14.842	14.846	14.848	14.849	14.849	14.857	14.848	14.864	14.868	14.881	14.899	14.901	14.919	14.929	14.916	14.939	14.942	14.944	14.93	14.933	14.932	14.932	14.917	14.899	14.902	14.89	14.873	14.882	14.87	14.87	14.867	14.845	14.845	14.82	14.82	14.804	14.805	14.8	14.788	14.798	14.775	14.768	14.748	14.726	14.73	14.716	14.716	14.685	14.672	14.645	14.644	14.638	14.621	14.633	14.63	14.637	14.651	14.642	14.657	14.653	14.652	14.638	14.625	14.625	14.609	14.604	14.603	14.591
13.621	13.655	13.669	13.704	13.709	13.738	13.769	13.781	13.823	13.838	13.867	13.897	13.912	13.944	13.961	13.986	13.99	14.009	14.045	14.047	14.081	14.101	14.124	14.15	14.16	14.189	14.201	14.223	14.23	14.252	14.271	14.274	14.295	14.296	14.314	14.338	14.329	14.365	14.381	14.395	14.401	14.41	14.423	14.411	14.433	14.425	14.416	14.432	14.44	14.474	14.473	14.499	14.505	14.515	14.535	14.538	14.56	14.566	14.57	14.563	14.55	14.557	14.54	14.534	14.525	14.549	14.564	14.564	14.577	14.575	14.578	14.592	14.588	14.612	14.605	14.609	14.625	14.634	14.647	14.639	14.65	14.647	14.671	14.68	14.669	14.684	14.679	14.682	14.693	14.687	14.701	14.692	14.699	14.676	14.675	14.661	14.64	14.659	14.634	14.642	14.639	14.631	14.645	14.612	14.608	14.577	14.572	14.569	14.56	14.558	14.537	14.531	14.519	14.505	14.504	14.489	14.485	14.451	14.428	14.426	14.406	14.407	14.395	14.41	14.401	14.401	14.423	14.418	14.439	14.424	14.407	14.413	14.403	14.409	14.384	14.385	14.389
13.41	13.413	13.438	13.456	13.48	13.503	13.522	13.566	13.578	13.61	13.623	13.642	13.668	13.67	13.715	13.719	13.737	13.757	13.763	13.799	13.802	13.83	13.847	13.873	13.888	13.895	13.93	13.938	13.952	13.983	13.997	14.015	14.023	14.05	14.044	14.059	14.085	14.09	14.126	14.133	14.138	14.156	14.154	14.173	14.15	14.166	14.162	14.171	14.195	14.204	14.227	14.24	14.248	14.263	14.26	14.282	14.279	14.294	14.296	14.299	14.302	14.289	14.297	14.285	14.279	14.29	14.306	14.324	14.32	14.334	14.336	14.349	14.368	14.358	14.383	14.377	14.384	14.406	14.407	14.419	14.414	14.419	14.417	14.434	14.445	14.438	14.446	14.439	14.454	14.465	14.459	14.475	14.458	14.462	14.449	14.434	14.434	14.417	14.422	14.417	14.413	14.422	14.404	14.402	14.38	14.373	14.355	14.339	14.341	14.33	14.342	14.314	14.307	14.296	14.28	14.284	14.271	14.261	14.24	14.235	14.233	14.209	14.221	14.197	14.193	14.194	14.18	14.202	14.196	14.203	14.202	14.189	14.193	14.176	14.181	14.16	14.17
