25.031	25.005	24.995	24.98	24.93	24.901	24.876	24.839	24.787	24.755	24.711	24.652	24.586	24.607	24.582	24.634	24.618	24.605	24.594	24.568	24.582	24.554	24.56	24.516	24.467	24.401	24.363	24.299	24.255	24.217	24.197	24.143	24.091	24.093	24.084	24.096	24.084	24.059	24.065	24.055	24.076	24.043	24.08	24.045	24.003	23.946	23.919	23.927	23.915	23.932	23.885	23.874	23.852	23.802	23.761	23.725	23.689	23.644	23.619	23.577	23.547	23.525	23.505	23.499	23.477	23.463	23.424	23.381	23.364	23.335	23.283	23.283	23.302	23.329	23.364	23.383	23.408	23.449	23.499	23.466	23.484	23.504	23.533	23.568	23.575	23.592	23.595	23.588	23.572	23.51	23.464	23.423	23.424	23.386	23.356	23.341	23.341	23.336	23.331	23.316	23.317	23.311	23.317	23.337	23.301	23.299	23.28	23.295	23.282	23.276	23.271	23.247	23.27	23.244	23.24	23.209	23.179	23.158	23.13	23.109	23.08	23.121	23.121	23.167	23.145	23.158	23.149	23.155	23.116	23.061	23.043	23.05	23.026	22.993	22.988	22.967	22.967
24.845	24.81	24.798	24.782	24.788	24.735	24.693	24.627	24.631	24.563	24.511	24.483	24.449	24.436	24.437	24.404	24.425	24.382	24.39	24.366	24.344	24.382	24.358	24.345	24.316	24.282	24.254	24.181	24.126	24.074	24.065	24.021	23.989	23.936	23.911	23.876	23.87	23.843	23.854	23.841	23.824	23.845	23.815	23.832	23.776	23.703	23.664	23.679	23.664	23.646	23.637	23.612	23.588	23.566	23.537	23.493	23.465	23.411	23.365	23.355	23.318	23.283	23.24	23.217	23.2	23.151	23.132	23.142	23.136	23.131	23.104	23.061	23.04	23.047	23.074	23.122	23.173	23.199	23.203	23.214	23.189	23.222	23.208	23.215	23.255	23.272	23.258	23.246	23.241	23.211	23.172	23.103	23.111	23.091	23.072	23.053	23.028	23.017	23.038	23.035	23.028	23.011	23.022	23.019	23.025	22.988	22.984	22.971	22.978	22.991	23.009	23.016	22.974	22.964	22.946	22.939	22.928	22.889	22.854	22.854	22.851	22.823	22.848	22.841	22.824	22.788	22.784	22.753	22.781	22.752	22.723	22.707	22.698	22.697	22.712	22.689	22.674
24.537	24.523	24.531	24.58	24.578	24.547	24.523	24.48	24.425	24.412	24.374	24.318	24.307	24.29	24.266	24.263	24.205	24.195	24.15	24.155	24.148	24.162	24.157	24.125	24.098	24.065	24.058	23.987	23.948	23.909	23.889	23.858	23.799	23.769	23.723	23.716	23.659	23.627	23.596	23.589	23.572	23.563	23.569	23.549	23.535	23.508	23.48	23.476	23.444	23.397	23.353	23.325	23.303	23.285	23.273	23.229	23.223	23.194	23.207	23.181	23.115	23.05	22.999	22.993	22.951	22.908	22.881	22.866	22.854	22.843	22.832	22.819	22.815	22.804	22.827	22.856	22.884	22.927	22.952	22.935	22.941	22.93	22.924	22.949	22.955	22.989	22.981	22.943	22.93	22.906	22.851	22.835	22.785	22.79	22.771	22.744	22.725	22.706	22.72	22.733	22.723	22.734	22.749	22.759	22.738	22.742	22.716	22.707	22.687	22.692	22.716	22.763	22.732	22.718	22.719	22.695	22.68	22.656	22.589	22.579	22.547	22.55	22.525	22.523	22.488	22.481	22.466	22.438	22.415	22.445	22.429	22.397	22.416	22.394	22.411	22.416	22.408
24.336	24.331	24.347	24.344	24.348	24.37	24.337	24.28	24.223	24.177	24.151	24.125	24.09	24.035	24.038	24.019	23.986	23.955	23.935	23.927	23.901	23.902	23.889	23.874	23.834	23.851	23.816	23.786	23.745	23.709	23.706	23.637	23.614	23.584	23.556	23.522	23.49	23.44	23.421	23.393	23.353	23.335	23.308	23.302	23.272	23.253	23.209	23.205	23.2	23.184	23.151	23.114	23.068	23.015	22.998	22.961	22.942	22.923	22.911	22.909	22.894	22.85	22.8	22.75	22.68	22.653	22.636	22.603	22.59	22.588	22.577	22.556	22.537	22.561	22.566	22.6	22.634	22.671	22.668	22.695	22.71	22.695	22.689	22.697	22.727	22.727	22.739	22.715	22.676	22.645	22.618	22.578	22.534	22.526	22.493	22.476	22.445	22.432	22.41	22.408	22.425	22.445	22.486	22.486	22.46	22.417	22.42	22.435	22.446	22.427	22.468	22.483	22.49	22.464	22.413	22.399	22.365	22.377	22.337	22.307	22.275	22.25	22.236	22.231	22.22	22.196	22.152	22.137	22.142	22.152	22.163	22.158	22.148	22.145	22.145	22.138	22.131
24.174	24.119	24.105	24.094	24.115	24.123	24.124	24.115	24.059	24.018	23.976	23.933	23.898	23.854	23.838	23.819	23.798	23.783	23.737	23.68	23.71	23.713	23.682	23.671	23.692	23.67	23.64	23.58	23.568	23.547	23.513	23.491	23.472	23.451	23.419	23.389	23.33	23.268	23.258	23.21	23.165	23.153	23.135	23.118	23.085	23.027	23.009	23.004	22.968	22.943	22.914	22.891	22.85	22.806	22.772	22.736	22.727	22.705	22.7	22.686	22.691	22.687	22.654	22.602	22.528	22.482	22.45	22.398	22.375	22.339	22.354	22.37	22.38	22.371	22.386	22.4	22.431	22.462	22.494	22.498	22.513	22.498	22.486	22.454	22.46	22.469	22.468	22.47	22.457	22.418	22.363	22.304	22.282	22.268	22.254	22.222	22.23	22.18	22.172	22.147	22.123	22.167	22.147	22.168	22.171	22.169	22.141	22.146	22.141	22.119	22.156	22.156	22.206	22.21	22.162	22.141	22.104	22.089	22.063	22.05	22.047	22.034	22.017	21.984	21.949	21.93	21.899	21.941	21.929	21.914	21.938	21.959	21.977	21.985	21.974	21.971	21.942
24.084	24.053	24.025	24.018	23.995	23.984	23.966	23.933	23.895	23.851	23.796	23.762	23.735	23.701	23.698	23.684	23.654	23.629	23.6	23.563	23.533	23.573	23.575	23.558	23.527	23.491	23.496	23.459	23.411	23.378	23.344	23.321	23.301	23.308	23.289	23.253	23.216	23.186	23.156	23.111	23.067	23.048	23.031	23.006	22.974	22.936	22.896	22.855	22.811	22.78	22.758	22.721	22.685	22.653	22.607	22.567	22.566	22.554	22.546	22.532	22.505	22.496	22.492	22.445	22.386	22.347	22.277	22.244	22.213	22.183	22.194	22.186	22.213	22.186	22.231	22.251	22.253	22.271	22.297	22.3	22.313	22.277	22.284	22.282	22.264	22.259	22.272	22.248	22.214	22.217	22.18	22.13	22.095	22.048	22.029	22.004	21.981	21.994	21.984	21.974	21.953	21.962	21.933	21.963	21.964	21.931	21.9	21.913	21.927	21.92	21.923	21.928	21.943	21.953	21.953	21.905	21.903	21.88	21.834	21.794	21.769	21.77	21.768	21.742	21.751	21.732	21.733	21.726	21.746	21.775	21.794	21.8	21.788	21.784	21.773	21.77	21.755
23.978	23.932	23.897	23.9	23.89	23.898	23.883	23.844	23.794	23.735	23.7	23.649	23.644	23.592	23.575	23.532	23.514	23.515	23.487	23.448	23.422	23.413	23.414	23.39	23.374	23.349	23.343	23.296	23.248	23.241	23.221	23.172	23.167	23.132	23.135	23.122	23.097	23.021	23.025	22.993	22.984	22.982	22.954	22.922	22.881	22.83	22.767	22.724	22.725	22.668	22.646	22.592	22.538	22.507	22.457	22.426	22.381	22.378	22.376	22.377	22.369	22.361	22.344	22.313	22.272	22.223	22.168	22.115	22.086	22.061	22.069	22.072	22.084	22.07	22.061	22.09	22.105	22.12	22.103	22.112	22.111	22.099	22.076	22.092	22.066	22.042	22.032	22.055	22.042	22.035	21.99	21.974	21.938	21.938	21.905	21.901	21.88	21.876	21.843	21.82	21.791	21.769	21.765	21.745	21.772	21.747	21.737	21.701	21.692	21.684	21.684	21.692	21.692	21.716	21.726	21.74	21.734	21.717	21.686	21.657	21.636	21.609	21.599	21.58	21.558	21.546	21.53	21.534	21.541	21.564	21.579	21.602	21.604	21.594	21.573	21.596	21.58
23.884	23.856	23.843	23.795	23.779	23.758	23.761	23.702	23.649	23.583	23.52	23.493	23.461	23.459	23.435	23.437	23.399	23.384	23.356	23.304	23.255	23.233	23.241	23.231	23.236	23.199	23.162	23.157	23.13	23.124	23.066	23.039	22.987	23.003	22.955	22.957	22.896	22.856	22.849	22.813	22.781	22.787	22.766	22.733	22.701	22.697	22.667	22.64	22.603	22.58	22.523	22.486	22.418	22.357	22.286	22.256	22.231	22.223	22.225	22.231	22.222	22.183	22.186	22.148	22.1	22.081	22.016	21.975	21.946	21.919	21.919	21.923	21.896	21.885	21.897	21.898	21.958	21.943	21.929	21.917	21.922	21.911	21.895	21.895	21.86	21.833	21.809	21.817	21.809	21.814	21.802	21.797	21.799	21.769	21.741	21.722	21.706	21.681	21.678	21.674	21.635	21.619	21.588	21.582	21.521	21.525	21.515	21.511	21.487	21.491	21.491	21.492	21.466	21.468	21.489	21.493	21.515	21.494	21.455	21.459	21.447	21.455	21.434	21.437	21.387	21.373	21.333	21.344	21.347	21.337	21.355	21.362	21.367	21.336	21.345	21.337	21.344
23.742	23.711	23.685	23.652	23.637	23.629	23.614	23.598	23.538	23.498	23.439	23.399	23.374	23.303	23.337	23.32	23.312	23.25	23.214	23.14	23.136	23.113	23.079	23.11	23.054	23.066	23.048	23.025	23.015	22.992	22.985	22.926	22.887	22.809	22.789	22.76	22.717	22.664	22.649	22.642	22.595	22.602	22.55	22.537	22.545	22.528	22.503	22.493	22.463	22.422	22.413	22.336	22.3	22.223	22.176	22.114	22.098	22.1	22.069	22.088	22.067	22.056	22.011	21.977	21.937	21.898	21.895	21.86	21.841	21.794	21.783	21.751	21.738	21.74	21.751	21.748	21.747	21.767	21.723	21.74	21.74	21.728	21.725	21.713	21.722	21.678	21.645	21.598	21.582	21.551	21.571	21.559	21.581	21.594	21.576	21.543	21.525	21.53	21.49	21.485	21.484	21.479	21.455	21.423	21.411	21.371	21.359	21.335	21.314	21.318	21.296	21.314	21.302	21.28	21.265	21.279	21.261	21.271	21.25	21.231	21.224	21.22	21.255	21.255	21.262	21.26	21.251	21.192	21.174	21.16	21.153	21.169	21.148	21.16	21.138	21.109	21.096
23.615	23.594	23.579	23.56	23.548	23.516	23.559	23.518	23.488	23.445	23.385	23.347	23.287	23.261	23.19	23.202	23.145	23.112	23.051	22.996	22.996	22.982	22.991	22.965	22.96	22.924	22.93	22.901	22.858	22.83	22.788	22.811	22.747	22.726	22.689	22.662	22.598	22.533	22.522	22.498	22.508	22.446	22.441	22.395	22.361	22.363	22.333	22.337	22.34	22.33	22.288	22.251	22.187	22.127	22.074	22.046	22.023	22.01	21.982	21.951	21.95	21.893	21.907	21.887	21.863	21.806	21.767	21.753	21.726	21.731	21.692	21.67	21.626	21.602	21.612	21.618	21.621	21.591	21.594	21.553	21.552	21.535	21.526	21.55	21.53	21.512	21.488	21.454	21.42	21.395	21.402	21.377	21.374	21.364	21.37	21.356	21.37	21.374	21.37	21.339	21.312	21.308	21.298	21.301	21.271	21.246	21.207	21.212	21.164	21.164	21.139	21.117	21.116	21.077	21.076	21.073	21.075	21.06	21.056	21.062	21.05	21.073	21.054	21.084	21.064	21.065	21.05	21.039	21.034	21.022	21.008	20.97	20.982	20.953	20.958	20.934	20.921
23.534	23.512	23.499	23.514	23.486	23.508	23.449	23.452	23.392	23.378	23.333	23.319	23.282	23.209	23.185	23.078	23.037	23.005	22.994	22.921	22.919	22.897	22.898	22.903	22.831	22.849	22.813	22.81	22.769	22.707	22.677	22.632	22.63	22.567	22.611	22.568	22.508	22.439	22.394	22.365	22.343	22.357	22.307	22.282	22.211	22.192	22.18	22.191	22.222	22.201	22.201	22.133	22.093	22.028	22.026	21.983	21.98	21.985	21.94	21.934	21.873	21.898	21.859	21.841	21.818	21.756	21.728	21.666	21.684	21.652	21.669	21.643	21.62	21.588	21.54	21.543	21.484	21.478	21.458	21.449	21.425	21.428	21.417	21.435	21.416	21.384	21.373	21.313	21.284	21.258	21.258	21.232	21.221	21.199	21.211	21.201	21.181	21.212	21.213	21.205	21.184	21.18	21.186	21.152	21.155	21.133	21.127	21.076	21.05	21.028	21.032	21.033	20.997	20.986	20.967	20.968	20.933	20.953	20.942	20.936	20.927	20.906	20.923	20.884	20.887	20.861	20.852	20.852	20.826	20.84	20.814	20.83	20.793	20.808	20.759	20.754	20.715
23.388	23.343	23.347	23.326	23.353	23.304	23.323	23.288	23.271	23.244	23.216	23.23	23.211	23.179	23.096	23.039	22.986	22.978	22.92	22.836	22.854	22.838	22.846	22.793	22.77	22.703	22.689	22.666	22.633	22.607	22.542	22.51	22.467	22.493	22.493	22.497	22.435	22.366	22.322	22.278	22.275	22.203	22.179	22.114	22.083	22.047	22.041	22.036	22.046	22.036	21.991	21.989	21.986	21.992	21.963	21.944	21.944	21.928	21.89	21.866	21.861	21.812	21.798	21.774	21.773	21.778	21.733	21.698	21.643	21.646	21.602	21.601	21.573	21.527	21.52	21.463	21.423	21.393	21.394	21.382	21.375	21.329	21.313	21.322	21.309	21.31	21.274	21.262	21.197	21.176	21.161	21.143	21.131	21.108	21.102	21.082	21.09	21.073	21.041	21.016	21.015	21.05	21.048	21.052	21.027	21.04	21.013	20.974	20.935	20.93	20.939	20.907	20.909	20.863	20.85	20.815	20.815	20.803	20.807	20.821	20.79	20.769	20.757	20.746	20.699	20.718	20.685	20.698	20.685	20.657	20.655	20.634	20.648	20.619	20.609	20.591	20.551
23.317	23.246	23.203	23.179	23.162	23.17	23.148	23.146	23.094	23.097	23.078	23.06	23.05	23.02	22.988	22.945	22.918	22.854	22.824	22.778	22.755	22.763	22.741	22.742	22.69	22.657	22.617	22.605	22.55	22.516	22.51	22.456	22.421	22.361	22.366	22.369	22.379	22.321	22.245	22.201	22.131	22.087	22.009	21.93	21.889	21.893	21.9	21.903	21.92	21.917	21.903	21.869	21.877	21.879	21.842	21.811	21.801	21.813	21.821	21.824	21.817	21.785	21.732	21.723	21.69	21.72	21.716	21.683	21.675	21.642	21.615	21.576	21.533	21.487	21.466	21.436	21.394	21.371	21.337	21.317	21.293	21.291	21.243	21.22	21.248	21.233	21.228	21.162	21.121	21.082	21.044	21.041	21.032	21.042	21.03	21.004	20.98	20.972	20.939	20.902	20.871	20.899	20.891	20.907	20.893	20.834	20.842	20.803	20.785	20.757	20.754	20.767	20.764	20.739	20.704	20.691	20.665	20.656	20.657	20.66	20.664	20.645	20.658	20.618	20.6	20.557	20.54	20.524	20.523	20.525	20.502	20.497	20.483	20.49	20.454	20.441	20.42
23.155	23.147	23.1	23.037	23.006	22.978	22.968	22.945	22.914	22.88	22.88	22.892	22.875	22.848	22.837	22.805	22.747	22.706	22.66	22.616	22.64	22.631	22.619	22.59	22.562	22.521	22.502	22.485	22.467	22.438	22.385	22.362	22.321	22.307	22.255	22.228	22.212	22.172	22.159	22.089	22.022	21.963	21.906	21.842	21.798	21.756	21.743	21.751	21.73	21.737	21.763	21.786	21.779	21.749	21.721	21.707	21.703	21.698	21.712	21.711	21.728	21.716	21.682	21.631	21.592	21.589	21.587	21.59	21.604	21.602	21.564	21.508	21.418	21.371	21.351	21.335	21.318	21.273	21.27	21.232	21.211	21.171	21.161	21.151	21.131	21.132	21.101	21.068	21.035	20.992	20.947	20.909	20.917	20.9	20.885	20.881	20.855	20.811	20.788	20.777	20.736	20.754	20.72	20.717	20.693	20.682	20.638	20.603	20.611	20.579	20.589	20.578	20.575	20.523	20.527	20.522	20.512	20.498	20.478	20.468	20.469	20.473	20.473	20.471	20.438	20.442	20.424	20.407	20.408	20.378	20.365	20.334	20.325	20.308	20.289	20.267	20.261
23.103	23.056	23.063	23.018	22.962	22.921	22.872	22.808	22.747	22.702	22.68	22.712	22.707	22.69	22.671	22.665	22.642	22.599	22.549	22.529	22.518	22.493	22.502	22.491	22.488	22.449	22.396	22.327	22.285	22.293	22.274	22.252	22.227	22.2	22.186	22.158	22.101	22.03	22	21.985	21.959	21.905	21.838	21.78	21.741	21.693	21.647	21.616	21.612	21.598	21.576	21.56	21.579	21.573	21.568	21.566	21.569	21.587	21.6	21.626	21.623	21.617	21.615	21.596	21.534	21.472	21.471	21.477	21.457	21.448	21.418	21.379	21.337	21.286	21.247	21.251	21.218	21.198	21.179	21.153	21.117	21.087	21.052	21.034	21.013	20.986	20.965	20.927	20.918	20.896	20.829	20.79	20.765	20.729	20.739	20.717	20.72	20.719	20.687	20.701	20.65	20.608	20.604	20.587	20.574	20.569	20.53	20.48	20.452	20.417	20.405	20.385	20.377	20.339	20.319	20.316	20.318	20.326	20.324	20.306	20.31	20.316	20.287	20.29	20.297	20.292	20.267	20.263	20.277	20.257	20.246	20.242	20.201	20.176	20.144	20.109	20.097
23.027	22.955	22.934	22.93	22.909	22.884	22.814	22.777	22.691	22.647	22.606	22.574	22.63	22.617	22.607	22.582	22.569	22.547	22.518	22.458	22.4	22.426	22.405	22.388	22.361	22.346	22.328	22.298	22.251	22.233	22.192	22.151	22.158	22.137	22.096	22.074	22.031	21.994	21.943	21.909	21.869	21.835	21.787	21.775	21.714	21.673	21.612	21.596	21.557	21.499	21.486	21.473	21.456	21.409	21.411	21.443	21.462	21.481	21.487	21.514	21.526	21.532	21.551	21.539	21.524	21.484	21.47	21.424	21.419	21.387	21.371	21.34	21.298	21.262	21.223	21.207	21.17	21.156	21.129	21.119	21.08	21.042	21.019	20.966	20.973	20.929	20.937	20.89	20.852	20.819	20.8	20.73	20.716	20.712	20.698	20.687	20.677	20.643	20.625	20.626	20.623	20.624	20.61	20.568	20.519	20.475	20.452	20.422	20.389	20.32	20.309	20.298	20.233	20.208	20.178	20.182	20.158	20.169	20.157	20.165	20.16	20.168	20.18	20.151	20.164	20.139	20.134	20.12	20.115	20.115	20.105	20.116	20.095	20.071	20.033	20.033	19.977
23.017	22.918	22.865	22.81	22.821	22.752	22.754	22.686	22.64	22.564	22.522	22.535	22.525	22.563	22.526	22.545	22.538	22.515	22.448	22.411	22.419	22.37	22.378	22.341	22.314	22.283	22.298	22.279	22.271	22.258	22.192	22.155	22.09	22.072	22.053	22.052	21.989	21.949	21.933	21.874	21.818	21.758	21.758	21.718	21.67	21.627	21.576	21.593	21.52	21.499	21.45	21.42	21.382	21.383	21.347	21.326	21.338	21.348	21.4	21.409	21.447	21.441	21.456	21.466	21.452	21.458	21.436	21.407	21.351	21.365	21.307	21.301	21.262	21.235	21.197	21.166	21.155	21.092	21.082	21.042	21.023	20.984	20.981	20.965	20.908	20.877	20.841	20.837	20.788	20.759	20.753	20.724	20.708	20.654	20.643	20.642	20.669	20.624	20.621	20.593	20.573	20.571	20.563	20.54	20.503	20.455	20.414	20.364	20.312	20.284	20.26	20.214	20.179	20.14	20.098	20.058	20.042	20.053	20.039	20.05	19.996	20.004	20.018	20.041	20.042	20.042	20.028	20.022	20.01	19.983	19.986	19.987	20.005	19.992	19.965	19.932	19.919
22.954	22.819	22.736	22.699	22.644	22.667	22.601	22.627	22.546	22.511	22.452	22.411	22.447	22.416	22.461	22.477	22.477	22.4	22.379	22.316	22.322	22.328	22.283	22.299	22.262	22.257	22.225	22.209	22.175	22.185	22.191	22.096	22.063	21.995	21.996	21.947	21.935	21.915	21.884	21.887	21.829	21.788	21.707	21.69	21.639	21.627	21.565	21.534	21.528	21.467	21.458	21.4	21.41	21.344	21.307	21.263	21.233	21.24	21.234	21.283	21.284	21.335	21.329	21.336	21.307	21.311	21.309	21.257	21.259	21.2	21.203	21.16	21.146	21.107	21.086	21.082	21.045	21.046	20.981	20.954	20.9	20.881	20.871	20.877	20.869	20.817	20.797	20.746	20.715	20.675	20.659	20.655	20.629	20.608	20.561	20.577	20.539	20.55	20.517	20.508	20.495	20.48	20.471	20.439	20.446	20.417	20.403	20.349	20.297	20.244	20.192	20.151	20.096	20.081	20.044	20.021	19.975	19.977	19.917	19.903	19.891	19.85	19.855	19.847	19.883	19.862	19.908	19.888	19.883	19.868	19.857	19.876	19.844	19.865	19.847	19.821	19.794
22.804	22.705	22.631	22.595	22.596	22.534	22.539	22.478	22.486	22.399	22.345	22.325	22.318	22.31	22.288	22.333	22.327	22.328	22.302	22.273	22.272	22.24	22.226	22.15	22.191	22.15	22.135	22.086	22.069	22.079	22.036	22.032	21.996	21.981	21.906	21.92	21.876	21.889	21.902	21.865	21.869	21.813	21.788	21.683	21.655	21.604	21.565	21.543	21.492	21.492	21.429	21.448	21.365	21.359	21.326	21.278	21.238	21.203	21.216	21.165	21.222	21.196	21.222	21.198	21.173	21.174	21.166	21.166	21.103	21.121	21.067	21.055	21.006	20.965	20.943	20.924	20.95	20.903	20.945	20.881	20.856	20.816	20.785	20.768	20.745	20.731	20.693	20.68	20.621	20.613	20.564	20.545	20.53	20.521	20.533	20.464	20.475	20.412	20.412	20.39	20.377	20.377	20.378	20.412	20.393	20.412	20.373	20.345	20.279	20.206	20.176	20.112	20.083	20.001	19.988	19.934	19.904	19.851	19.804	19.799	19.774	19.778	19.723	19.751	19.735	19.729	19.728	19.738	19.758	19.754	19.764	19.721	19.755	19.735	19.737	19.734	19.734
22.686	22.597	22.535	22.506	22.442	22.463	22.372	22.359	22.288	22.289	22.227	22.181	22.211	22.173	22.201	22.156	22.212	22.175	22.192	22.202	22.184	22.185	22.12	22.139	22.095	22.09	22.023	22	21.953	21.947	21.95	21.899	21.936	21.866	21.876	21.839	21.837	21.824	21.83	21.852	21.8	21.807	21.747	21.733	21.632	21.61	21.578	21.532	21.517	21.444	21.457	21.384	21.402	21.328	21.294	21.249	21.218	21.207	21.133	21.143	21.108	21.138	21.101	21.093	21.067	21.067	21.061	21.041	21.054	20.983	20.99	20.937	20.914	20.879	20.848	20.837	20.813	20.837	20.78	20.809	20.738	20.699	20.663	20.661	20.643	20.588	20.592	20.525	20.518	20.473	20.453	20.403	20.366	20.39	20.364	20.373	20.318	20.322	20.254	20.238	20.201	20.216	20.232	20.242	20.304	20.306	20.313	20.248	20.219	20.144	20.102	20.057	19.99	19.96	19.889	19.873	19.814	19.771	19.713	19.678	19.657	19.654	19.683	19.643	19.632	19.58	19.572	19.574	19.609	19.655	19.653	19.677	19.645	19.687	19.643	19.638	19.629
22.557	22.504	22.47	22.401	22.379	22.284	22.309	22.225	22.236	22.19	22.161	22.157	22.136	22.164	22.111	22.144	22.077	22.11	22.053	22.068	22.085	22.074	22.089	22.027	22.051	22.01	21.994	21.928	21.911	21.904	21.872	21.86	21.787	21.78	21.733	21.753	21.729	21.731	21.755	21.764	21.777	21.752	21.754	21.726	21.713	21.636	21.592	21.571	21.524	21.512	21.459	21.456	21.384	21.367	21.292	21.238	21.192	21.141	21.131	21.039	21.055	21.013	21.013	20.998	21.009	20.998	20.987	20.986	20.955	20.936	20.858	20.829	20.778	20.728	20.733	20.698	20.698	20.677	20.695	20.641	20.626	20.561	20.542	20.505	20.508	20.502	20.436	20.423	20.361	20.339	20.291	20.256	20.235	20.196	20.191	20.168	20.172	20.131	20.148	20.122	20.104	20.097	20.076	20.09	20.082	20.132	20.117	20.121	20.101	20.059	20.023	19.984	19.932	19.864	19.828	19.77	19.728	19.659	19.616	19.608	19.559	19.536	19.537	19.555	19.533	19.517	19.456	19.451	19.5	19.508	19.559	19.554	19.583	19.571	19.568	19.544	19.508
22.439	22.33	22.32	22.325	22.255	22.215	22.191	22.167	22.088	22.078	22.037	22.04	22.069	22.016	22.046	22.005	22.04	22.014	22.039	22.017	22.001	21.978	21.965	21.969	21.934	21.946	21.892	21.874	21.828	21.801	21.769	21.705	21.679	21.64	21.628	21.594	21.64	21.644	21.635	21.702	21.708	21.733	21.688	21.683	21.61	21.605	21.557	21.559	21.552	21.517	21.511	21.467	21.449	21.361	21.321	21.269	21.204	21.156	21.097	21.078	21.007	20.996	20.963	20.977	20.935	20.965	20.97	20.923	20.883	20.821	20.8	20.717	20.693	20.667	20.64	20.646	20.592	20.596	20.55	20.549	20.491	20.461	20.445	20.408	20.419	20.383	20.372	20.339	20.299	20.23	20.183	20.124	20.084	20.07	20.017	20.009	19.978	20.007	19.99	19.987	19.998	19.979	19.992	19.966	19.953	19.947	19.978	19.958	19.961	19.92	19.896	19.879	19.828	19.804	19.736	19.696	19.641	19.583	19.528	19.524	19.531	19.492	19.472	19.459	19.469	19.446	19.414	19.377	19.364	19.357	19.379	19.403	19.431	19.443	19.438	19.447	19.424
22.243	22.174	22.199	22.185	22.13	22.093	22.092	22.07	22.048	21.992	21.992	21.966	21.938	21.962	21.919	21.913	21.885	21.894	21.889	21.898	21.921	21.887	21.886	21.817	21.821	21.781	21.759	21.715	21.684	21.7	21.662	21.647	21.593	21.553	21.525	21.531	21.508	21.531	21.566	21.579	21.589	21.591	21.589	21.568	21.568	21.511	21.461	21.454	21.424	21.414	21.388	21.397	21.371	21.31	21.23	21.203	21.167	21.137	21.11	21.044	21.014	20.973	20.932	20.89	20.869	20.874	20.858	20.852	20.803	20.735	20.656	20.65	20.589	20.593	20.584	20.549	20.534	20.501	20.464	20.422	20.418	20.361	20.349	20.329	20.31	20.328	20.295	20.287	20.245	20.214	20.143	20.108	20.032	19.981	19.946	19.894	19.863	19.836	19.851	19.862	19.857	19.889	19.867	19.843	19.833	19.837	19.833	19.841	19.819	19.785	19.764	19.73	19.696	19.647	19.62	19.547	19.512	19.466	19.458	19.469	19.425	19.427	19.39	19.373	19.369	19.366	19.334	19.296	19.278	19.271	19.295	19.315	19.34	19.338	19.327	19.329	19.343
22.175	22.113	22.012	22.008	22.04	22.016	22.008	21.968	21.944	21.886	21.835	21.882	21.879	21.882	21.827	21.791	21.766	21.756	21.765	21.764	21.778	21.777	21.762	21.728	21.695	21.651	21.6	21.575	21.548	21.531	21.551	21.556	21.553	21.511	21.462	21.447	21.434	21.431	21.439	21.458	21.464	21.465	21.433	21.427	21.396	21.366	21.33	21.308	21.288	21.285	21.277	21.23	21.201	21.163	21.1	21.049	21.07	21.052	21.04	21.01	20.962	20.911	20.859	20.802	20.761	20.749	20.72	20.703	20.682	20.655	20.627	20.573	20.511	20.488	20.483	20.455	20.429	20.386	20.356	20.312	20.286	20.287	20.228	20.239	20.199	20.184	20.182	20.185	20.198	20.175	20.123	20.092	20.065	19.991	19.917	19.852	19.815	19.761	19.723	19.711	19.698	19.708	19.73	19.695	19.703	19.71	19.689	19.665	19.637	19.614	19.616	19.577	19.563	19.535	19.48	19.43	19.409	19.386	19.354	19.364	19.357	19.317	19.286	19.257	19.264	19.25	19.253	19.232	19.196	19.176	19.175	19.184	19.206	19.216	19.218	19.21	19.189
22.046	22.021	21.957	21.95	21.908	21.909	21.913	21.925	21.889	21.881	21.796	21.798	21.797	21.808	21.807	21.767	21.774	21.747	21.74	21.717	21.724	21.721	21.695	21.65	21.589	21.57	21.503	21.483	21.471	21.443	21.434	21.423	21.46	21.438	21.451	21.442	21.424	21.373	21.38	21.407	21.38	21.376	21.345	21.317	21.271	21.272	21.252	21.22	21.218	21.183	21.175	21.129	21.129	21.092	21.062	20.99	21	20.998	20.973	20.974	20.934	20.885	20.814	20.788	20.723	20.686	20.695	20.641	20.65	20.605	20.568	20.514	20.463	20.429	20.42	20.439	20.395	20.344	20.307	20.284	20.241	20.202	20.166	20.142	20.169	20.148	20.181	20.164	20.153	20.118	20.088	20.048	20.03	20.009	19.943	19.872	19.798	19.769	19.694	19.631	19.606	19.595	19.614	19.61	19.603	19.587	19.576	19.543	19.52	19.481	19.479	19.48	19.458	19.425	19.39	19.393	19.361	19.345	19.315	19.295	19.296	19.278	19.254	19.21	19.185	19.172	19.172	19.145	19.107	19.109	19.116	19.136	19.135	19.12	19.12	19.118	19.103
22.043	22.02	21.943	21.879	21.889	21.811	21.864	21.807	21.826	21.768	21.743	21.734	21.711	21.747	21.729	21.736	21.716	21.717	21.685	21.656	21.674	21.635	21.665	21.636	21.612	21.517	21.485	21.425	21.386	21.351	21.313	21.348	21.326	21.362	21.351	21.367	21.332	21.336	21.319	21.3	21.308	21.269	21.283	21.228	21.204	21.17	21.155	21.124	21.072	21.082	21.049	21.054	21.003	21.002	20.977	20.928	20.957	20.9	20.906	20.85	20.826	20.767	20.732	20.666	20.648	20.63	20.59	20.587	20.566	20.55	20.474	20.448	20.391	20.353	20.361	20.34	20.342	20.296	20.25	20.184	20.164	20.113	20.086	20.092	20.067	20.071	20.059	20.066	20.043	20.037	20.021	20.006	20.01	19.954	19.901	19.84	19.807	19.74	19.72	19.596	19.551	19.523	19.481	19.494	19.453	19.457	19.446	19.45	19.415	19.414	19.429	19.4	19.391	19.365	19.338	19.304	19.291	19.29	19.242	19.252	19.237	19.221	19.186	19.165	19.135	19.114	19.122	19.115	19.108	19.054	19.051	19.018	19.021	19.004	19	18.972	18.967
21.982	21.915	21.878	21.873	21.794	21.808	21.737	21.735	21.674	21.644	21.614	21.62	21.657	21.617	21.677	21.649	21.67	21.626	21.607	21.561	21.546	21.549	21.531	21.568	21.536	21.525	21.409	21.365	21.335	21.298	21.304	21.253	21.259	21.233	21.256	21.23	21.223	21.215	21.195	21.239	21.196	21.228	21.161	21.187	21.131	21.111	21.063	21.045	21.006	20.955	20.957	20.948	20.982	20.924	20.932	20.895	20.873	20.87	20.793	20.799	20.721	20.725	20.643	20.59	20.54	20.522	20.523	20.489	20.515	20.488	20.465	20.396	20.365	20.3	20.319	20.335	20.299	20.306	20.224	20.201	20.129	20.08	20.028	20.003	20.007	19.975	19.983	19.944	19.988	19.953	19.952	19.917	19.913	19.908	19.839	19.831	19.772	19.741	19.63	19.596	19.531	19.478	19.473	19.427	19.414	19.379	19.393	19.351	19.378	19.35	19.349	19.361	19.33	19.325	19.273	19.279	19.218	19.225	19.191	19.18	19.184	19.137	19.123	19.07	19.085	19.067	19.051	19.043	19.055	19.029	18.983	18.974	18.927	18.935	18.901	18.87	18.867
21.854	21.819	21.838	21.78	21.792	21.736	21.748	21.65	21.639	21.561	21.53	21.511	21.499	21.533	21.49	21.557	21.511	21.51	21.485	21.463	21.429	21.4	21.447	21.404	21.451	21.376	21.362	21.317	21.292	21.264	21.212	21.234	21.164	21.188	21.137	21.157	21.106	21.118	21.141	21.132	21.168	21.093	21.121	21.041	21.068	21.025	20.996	21	20.947	20.93	20.883	20.902	20.88	20.894	20.863	20.84	20.831	20.805	20.797	20.729	20.706	20.599	20.57	20.537	20.5	20.481	20.456	20.477	20.431	20.457	20.433	20.412	20.355	20.306	20.287	20.277	20.291	20.236	20.267	20.194	20.175	20.071	19.997	19.971	19.953	19.967	19.903	19.919	19.858	19.86	19.819	19.826	19.828	19.818	19.793	19.719	19.734	19.677	19.644	19.564	19.506	19.492	19.459	19.449	19.385	19.378	19.305	19.299	19.291	19.281	19.275	19.258	19.256	19.239	19.239	19.204	19.197	19.165	19.148	19.144	19.101	19.106	19.044	19.06	18.999	18.992	18.967	18.957	18.974	18.923	18.925	18.888	18.913	18.887	18.861	18.817	18.781
21.757	21.694	21.697	21.675	21.615	21.622	21.577	21.6	21.523	21.502	21.429	21.385	21.411	21.381	21.419	21.362	21.394	21.362	21.374	21.335	21.296	21.307	21.267	21.337	21.281	21.305	21.24	21.236	21.228	21.206	21.205	21.162	21.163	21.078	21.074	21.03	21.03	21.001	20.997	21.013	20.997	21.013	20.95	20.964	20.92	20.927	20.891	20.875	20.853	20.8	20.817	20.747	20.778	20.727	20.708	20.722	20.724	20.746	20.684	20.662	20.598	20.572	20.488	20.437	20.388	20.385	20.37	20.327	20.372	20.314	20.333	20.283	20.274	20.256	20.256	20.258	20.241	20.221	20.147	20.14	20.066	20.05	19.978	19.925	19.919	19.856	19.862	19.788	19.784	19.724	19.708	19.715	19.703	19.729	19.723	19.714	19.619	19.603	19.544	19.533	19.489	19.465	19.451	19.393	19.403	19.332	19.308	19.242	19.25	19.231	19.21	19.219	19.19	19.209	19.157	19.148	19.121	19.115	19.091	19.079	19.072	19.029	19.011	18.957	18.974	18.91	18.912	18.878	18.855	18.846	18.816	18.822	18.783	18.794	18.76	18.752	18.723
21.577	21.579	21.534	21.511	21.526	21.427	21.42	21.336	21.355	21.334	21.293	21.291	21.257	21.28	21.268	21.286	21.225	21.234	21.207	21.184	21.175	21.172	21.221	21.177	21.215	21.159	21.146	21.108	21.111	21.118	21.1	21.1	21.044	21.037	20.974	20.973	20.946	20.9	20.911	20.883	20.894	20.861	20.875	20.82	20.811	20.772	20.753	20.744	20.729	20.715	20.647	20.661	20.619	20.637	20.59	20.581	20.574	20.581	20.594	20.558	20.561	20.515	20.477	20.364	20.304	20.299	20.245	20.239	20.188	20.217	20.162	20.169	20.132	20.118	20.147	20.14	20.174	20.127	20.109	20.019	19.989	19.959	19.932	19.887	19.842	19.807	19.728	19.707	19.669	19.668	19.613	19.592	19.603	19.55	19.559	19.541	19.527	19.462	19.475	19.424	19.4	19.396	19.34	19.313	19.276	19.268	19.229	19.208	19.158	19.145	19.135	19.123	19.147	19.122	19.129	19.055	19.038	19.008	18.983	18.993	18.98	18.977	18.922	18.91	18.856	18.856	18.832	18.815	18.81	18.776	18.769	18.686	18.686	18.646	18.644	18.628	18.63
21.384	21.384	21.36	21.35	21.29	21.282	21.224	21.222	21.123	21.16	21.146	21.148	21.153	21.1	21.11	21.088	21.107	21.054	21.073	21.062	21.047	21.075	21.051	21.093	21.071	21.073	21.026	20.999	20.983	20.986	21.013	20.975	20.958	20.899	20.873	20.845	20.855	20.802	20.798	20.803	20.783	20.768	20.74	20.731	20.643	20.632	20.605	20.573	20.572	20.545	20.532	20.456	20.479	20.463	20.458	20.46	20.462	20.457	20.439	20.453	20.44	20.446	20.354	20.306	20.22	20.201	20.204	20.172	20.148	20.088	20.077	20.023	20.03	20.029	20.023	20.03	20.016	20.044	19.999	19.978	19.922	19.885	19.864	19.824	19.775	19.709	19.689	19.624	19.59	19.53	19.506	19.445	19.442	19.427	19.4	19.387	19.35	19.334	19.316	19.296	19.256	19.242	19.209	19.182	19.172	19.133	19.114	19.052	19.041	19.009	18.995	18.999	18.972	19.003	18.983	18.974	18.922	18.9	18.865	18.854	18.868	18.821	18.795	18.759	18.744	18.708	18.709	18.711	18.693	18.668	18.622	18.597	18.548	18.548	18.513	18.517	18.476
21.136	21.133	21.149	21.143	21.141	21.111	21.069	21.033	20.991	20.957	21.002	21.041	21.021	21	20.981	20.978	20.959	20.948	20.908	20.917	20.952	20.949	20.951	20.939	20.921	20.9	20.931	20.898	20.888	20.883	20.853	20.868	20.816	20.793	20.747	20.715	20.675	20.663	20.645	20.628	20.628	20.621	20.595	20.557	20.513	20.432	20.393	20.38	20.35	20.353	20.341	20.362	20.327	20.324	20.308	20.292	20.332	20.299	20.32	20.318	20.337	20.332	20.285	20.214	20.169	20.145	20.106	20.087	20.052	20.014	19.95	19.91	19.857	19.86	19.872	19.884	19.886	19.873	19.87	19.858	19.843	19.797	19.767	19.73	19.721	19.688	19.603	19.556	19.495	19.438	19.371	19.342	19.318	19.282	19.27	19.226	19.208	19.174	19.151	19.118	19.111	19.105	19.086	19.08	19.026	18.997	18.953	18.944	18.909	18.867	18.863	18.838	18.814	18.794	18.809	18.79	18.765	18.749	18.753	18.694	18.688	18.682	18.635	18.621	18.584	18.546	18.516	18.525	18.532	18.533	18.526	18.489	18.469	18.446	18.424	18.395	18.338
21.029	20.967	20.983	20.988	20.971	20.961	20.939	20.885	20.856	20.811	20.818	20.844	20.855	20.832	20.805	20.801	20.797	20.779	20.762	20.739	20.734	20.734	20.742	20.744	20.748	20.732	20.728	20.712	20.7	20.705	20.681	20.668	20.652	20.632	20.591	20.529	20.47	20.475	20.462	20.451	20.42	20.419	20.385	20.372	20.35	20.293	20.239	20.208	20.177	20.148	20.143	20.136	20.133	20.092	20.103	20.091	20.112	20.113	20.127	20.132	20.142	20.166	20.177	20.138	20.084	20.068	20.041	20.014	19.985	19.965	19.901	19.822	19.788	19.755	19.728	19.721	19.713	19.724	19.71	19.671	19.633	19.631	19.619	19.598	19.576	19.567	19.502	19.431	19.408	19.383	19.31	19.251	19.219	19.195	19.181	19.15	19.124	19.088	19.06	19.023	18.991	18.992	18.978	18.962	18.95	18.916	18.86	18.818	18.805	18.762	18.752	18.7	18.692	18.693	18.679	18.644	18.635	18.589	18.588	18.575	18.579	18.571	18.539	18.52	18.481	18.444	18.41	18.362	18.378	18.364	18.358	18.352	18.348	18.338	18.3	18.267	18.228
20.825	20.797	20.761	20.766	20.728	20.722	20.724	20.726	20.686	20.676	20.666	20.686	20.713	20.691	20.674	20.661	20.659	20.661	20.673	20.674	20.621	20.587	20.585	20.602	20.571	20.578	20.555	20.58	20.565	20.537	20.546	20.533	20.52	20.468	20.429	20.373	20.348	20.314	20.273	20.273	20.273	20.28	20.252	20.233	20.218	20.207	20.162	20.12	20.073	20.064	20.063	20.035	20.019	19.991	20.003	19.978	19.962	20.005	19.963	19.99	19.976	19.988	19.993	19.99	19.949	19.947	19.959	19.965	19.967	19.909	19.866	19.794	19.761	19.743	19.693	19.708	19.681	19.679	19.648	19.632	19.59	19.543	19.497	19.487	19.473	19.447	19.42	19.376	19.346	19.328	19.309	19.254	19.214	19.205	19.18	19.137	19.08	19.073	19.047	19.003	18.961	18.922	18.925	18.897	18.895	18.865	18.877	18.839	18.8	18.734	18.675	18.649	18.599	18.589	18.584	18.575	18.543	18.515	18.484	18.455	18.464	18.472	18.476	18.443	18.431	18.364	18.322	18.252	18.232	18.225	18.224	18.257	18.231	18.218	18.198	18.176	18.145
20.616	20.585	20.576	20.553	20.548	20.507	20.525	20.504	20.501	20.491	20.473	20.501	20.488	20.518	20.48	20.49	20.431	20.439	20.441	20.456	20.502	20.442	20.447	20.403	20.409	20.408	20.42	20.363	20.367	20.394	20.375	20.363	20.33	20.357	20.299	20.296	20.222	20.173	20.149	20.117	20.145	20.124	20.146	20.116	20.105	20.076	20.043	20.03	19.997	19.964	19.916	19.917	19.882	19.872	19.842	19.818	19.805	19.788	19.826	19.8	19.82	19.805	19.818	19.811	19.8	19.821	19.789	19.805	19.799	19.795	19.766	19.75	19.703	19.676	19.633	19.585	19.604	19.567	19.564	19.526	19.511	19.446	19.42	19.388	19.356	19.323	19.257	19.241	19.214	19.206	19.167	19.14	19.14	19.112	19.112	19.081	19.08	19.025	18.994	18.955	18.906	18.869	18.8	18.818	18.786	18.784	18.764	18.732	18.684	18.648	18.603	18.553	18.506	18.43	18.426	18.398	18.404	18.362	18.349	18.329	18.293	18.325	18.297	18.299	18.267	18.25	18.23	18.176	18.144	18.095	18.12	18.098	18.124	18.105	18.094	18.058	18.019
20.368	20.369	20.338	20.355	20.311	20.337	20.306	20.347	20.331	20.333	20.302	20.312	20.322	20.295	20.307	20.283	20.312	20.239	20.207	20.168	20.201	20.242	20.22	20.234	20.189	20.219	20.195	20.22	20.176	20.157	20.184	20.157	20.199	20.133	20.137	20.121	20.086	20.045	20.005	19.986	19.941	19.993	19.962	19.987	19.942	19.925	19.881	19.851	19.836	19.796	19.78	19.726	19.742	19.702	19.697	19.685	19.635	19.638	19.621	19.655	19.627	19.666	19.637	19.677	19.648	19.624	19.673	19.659	19.677	19.641	19.638	19.598	19.602	19.575	19.543	19.54	19.488	19.515	19.452	19.447	19.376	19.325	19.299	19.269	19.259	19.194	19.163	19.086	19.08	19.016	19.01	18.999	18.989	19.024	18.991	18.991	18.917	18.91	18.862	18.859	18.822	18.795	18.782	18.732	18.728	18.662	18.655	18.603	18.565	18.528	18.482	18.464	18.387	18.359	18.267	18.28	18.243	18.254	18.227	18.211	18.201	18.154	18.16	18.13	18.132	18.092	18.09	18.076	18.065	18.064	18.019	18.027	17.986	18.01	17.987	17.959	17.932
20.148	20.141	20.099	20.076	20.095	20.069	20.116	20.071	20.099	20.067	20.079	20.091	20.076	20.089	20.035	20.069	20.028	20.02	19.986	19.911	19.937	19.926	19.963	19.972	20.004	19.969	19.982	19.967	19.97	19.952	19.945	19.981	19.956	19.996	19.948	19.957	19.918	19.882	19.862	19.805	19.808	19.744	19.794	19.76	19.764	19.713	19.693	19.671	19.641	19.628	19.6	19.585	19.511	19.508	19.459	19.452	19.472	19.434	19.467	19.434	19.473	19.431	19.439	19.448	19.471	19.481	19.474	19.505	19.474	19.509	19.459	19.462	19.445	19.423	19.403	19.384	19.398	19.342	19.353	19.273	19.264	19.198	19.193	19.175	19.117	19.104	19.031	18.992	18.922	18.911	18.877	18.851	18.858	18.853	18.874	18.819	18.796	18.719	18.712	18.667	18.638	18.643	18.611	18.622	18.596	18.609	18.525	18.488	18.434	18.397	18.37	18.328	18.289	18.216	18.216	18.14	18.13	18.093	18.074	18.062	18.015	18.013	17.975	17.989	17.959	17.967	17.95	17.945	17.934	17.909	17.908	17.86	17.904	17.866	17.879	17.834	17.828
19.936	19.934	19.876	19.887	19.826	19.855	19.806	19.823	19.814	19.842	19.845	19.853	19.851	19.849	19.839	19.775	19.812	19.756	19.753	19.702	19.715	19.729	19.706	19.736	19.701	19.734	19.737	19.757	19.73	19.721	19.741	19.741	19.79	19.767	19.784	19.765	19.769	19.736	19.719	19.704	19.657	19.637	19.536	19.556	19.535	19.512	19.483	19.458	19.451	19.432	19.464	19.406	19.395	19.332	19.303	19.26	19.262	19.258	19.239	19.277	19.212	19.251	19.225	19.25	19.274	19.284	19.305	19.286	19.333	19.281	19.286	19.255	19.283	19.28	19.272	19.274	19.232	19.252	19.193	19.199	19.13	19.109	19.062	19.044	19.025	18.951	18.941	18.844	18.842	18.793	18.767	18.736	18.715	18.719	18.683	18.683	18.602	18.611	18.535	18.518	18.497	18.468	18.445	18.441	18.466	18.426	18.428	18.333	18.295	18.236	18.221	18.205	18.174	18.143	18.079	18.05	17.986	17.963	17.931	17.89	17.883	17.841	17.845	17.812	17.823	17.799	17.785	17.775	17.782	17.794	17.744	17.742	17.71	17.723	17.708	17.7	17.688
19.738	19.757	19.702	19.675	19.64	19.579	19.612	19.561	19.579	19.604	19.619	19.66	19.625	19.675	19.656	19.634	19.587	19.595	19.553	19.542	19.538	19.537	19.562	19.499	19.511	19.451	19.516	19.517	19.531	19.529	19.517	19.563	19.57	19.616	19.601	19.605	19.564	19.552	19.566	19.545	19.524	19.496	19.476	19.422	19.424	19.354	19.344	19.33	19.298	19.323	19.289	19.297	19.231	19.23	19.158	19.134	19.115	19.094	19.088	19.074	19.073	19.028	19.063	19.072	19.074	19.07	19.061	19.065	19.049	19.079	19.049	19.081	19.082	19.103	19.128	19.124	19.129	19.109	19.128	19.075	19.032	18.971	18.927	18.897	18.862	18.848	18.764	18.772	18.722	18.698	18.641	18.608	18.581	18.539	18.541	18.524	18.488	18.441	18.43	18.349	18.344	18.313	18.288	18.285	18.241	18.241	18.193	18.177	18.127	18.084	18.075	18.039	18.041	18.004	17.984	17.909	17.879	17.825	17.783	17.781	17.757	17.733	17.699	17.7	17.673	17.65	17.6	17.597	17.602	17.594	17.61	17.58	17.569	17.557	17.573	17.556	17.516
19.494	19.528	19.501	19.491	19.442	19.44	19.408	19.4	19.325	19.369	19.352	19.398	19.421	19.439	19.458	19.443	19.431	19.418	19.41	19.421	19.409	19.417	19.369	19.389	19.334	19.293	19.258	19.304	19.305	19.336	19.352	19.364	19.399	19.391	19.408	19.382	19.382	19.344	19.336	19.345	19.303	19.313	19.278	19.291	19.265	19.252	19.218	19.189	19.165	19.134	19.144	19.111	19.102	19.042	19.008	18.981	18.962	18.944	18.898	18.899	18.884	18.885	18.848	18.841	18.824	18.831	18.846	18.825	18.857	18.828	18.833	18.798	18.826	18.847	18.883	18.953	18.973	18.967	18.939	18.958	18.903	18.861	18.817	18.791	18.769	18.706	18.656	18.6	18.589	18.521	18.5	18.464	18.428	18.399	18.332	18.352	18.32	18.298	18.25	18.213	18.182	18.164	18.149	18.103	18.076	18.022	18.014	17.962	17.937	17.891	17.888	17.861	17.832	17.82	17.779	17.759	17.702	17.669	17.639	17.594	17.607	17.58	17.586	17.542	17.531	17.502	17.49	17.448	17.426	17.452	17.449	17.444	17.419	17.414	17.384	17.367	17.348
19.243	19.246	19.265	19.236	19.237	19.185	19.162	19.145	19.115	19.083	19.076	19.094	19.135	19.191	19.214	19.232	19.218	19.219	19.194	19.208	19.224	19.24	19.233	19.184	19.159	19.103	19.085	19.048	19.059	19.13	19.147	19.195	19.212	19.245	19.224	19.221	19.198	19.195	19.187	19.174	19.133	19.113	19.118	19.108	19.114	19.077	19.07	19.049	18.988	18.954	18.915	18.923	18.908	18.907	18.844	18.817	18.8	18.768	18.741	18.706	18.689	18.661	18.64	18.653	18.647	18.627	18.629	18.607	18.586	18.592	18.561	18.528	18.494	18.531	18.613	18.664	18.726	18.715	18.708	18.706	18.714	18.664	18.645	18.633	18.584	18.548	18.516	18.466	18.409	18.392	18.33	18.288	18.272	18.227	18.19	18.152	18.153	18.105	18.082	18.049	18.001	17.987	17.949	17.93	17.884	17.872	17.807	17.76	17.721	17.692	17.688	17.643	17.621	17.599	17.588	17.568	17.557	17.502	17.469	17.443	17.427	17.439	17.439	17.426	17.387	17.365	17.31	17.3	17.288	17.285	17.303	17.308	17.305	17.274	17.252	17.21	17.192
19.039	18.987	19.022	19.006	19.002	18.971	18.941	18.909	18.854	18.833	18.83	18.817	18.849	18.872	18.914	18.942	18.948	18.964	18.969	18.979	18.979	18.991	19.018	19.015	18.972	18.937	18.905	18.898	18.89	18.906	18.961	19.006	19.035	19.029	19.026	19.019	19.028	19.029	19.01	18.985	18.97	18.954	18.937	18.927	18.884	18.868	18.835	18.822	18.792	18.774	18.767	18.73	18.692	18.681	18.664	18.643	18.6	18.549	18.515	18.501	18.486	18.472	18.443	18.427	18.441	18.443	18.434	18.417	18.401	18.391	18.381	18.339	18.301	18.256	18.321	18.354	18.407	18.442	18.436	18.445	18.465	18.453	18.427	18.402	18.4	18.363	18.33	18.29	18.238	18.206	18.16	18.132	18.124	18.105	18.074	18.016	17.983	17.95	17.93	17.908	17.869	17.846	17.795	17.762	17.724	17.68	17.636	17.587	17.54	17.483	17.456	17.438	17.411	17.385	17.366	17.352	17.326	17.31	17.266	17.246	17.247	17.257	17.268	17.252	17.234	17.207	17.183	17.17	17.14	17.132	17.136	17.143	17.142	17.124	17.078	17.049	17.02
18.763	18.741	18.729	18.726	18.706	18.736	18.713	18.674	18.661	18.624	18.578	18.581	18.607	18.606	18.65	18.677	18.698	18.733	18.765	18.763	18.798	18.847	18.81	18.797	18.807	18.832	18.811	18.805	18.779	18.778	18.806	18.818	18.817	18.84	18.847	18.818	18.799	18.811	18.804	18.793	18.789	18.789	18.771	18.76	18.719	18.7	18.674	18.63	18.62	18.563	18.542	18.536	18.515	18.461	18.463	18.437	18.415	18.397	18.345	18.316	18.279	18.263	18.247	18.242	18.228	18.232	18.239	18.234	18.217	18.2	18.177	18.128	18.136	18.119	18.12	18.159	18.172	18.208	18.217	18.228	18.224	18.209	18.193	18.183	18.178	18.123	18.111	18.103	18.082	18.044	17.993	17.96	17.94	17.952	17.944	17.92	17.871	17.854	17.828	17.796	17.74	17.716	17.673	17.632	17.582	17.532	17.496	17.439	17.391	17.338	17.287	17.268	17.223	17.192	17.169	17.175	17.128	17.089	17.089	17.059	17.067	17.066	17.08	17.086	17.079	17.068	17.045	17.03	16.994	16.997	16.993	16.981	16.965	16.952	16.925	16.931	16.876
18.523	18.527	18.529	18.528	18.512	18.501	18.502	18.474	18.462	18.399	18.377	18.357	18.357	18.393	18.38	18.441	18.447	18.492	18.507	18.523	18.57	18.613	18.664	18.634	18.651	18.614	18.64	18.642	18.639	18.64	18.624	18.629	18.6	18.62	18.617	18.612	18.59	18.558	18.557	18.534	18.542	18.548	18.542	18.509	18.516	18.479	18.466	18.439	18.404	18.39	18.353	18.346	18.309	18.286	18.228	18.219	18.21	18.187	18.172	18.136	18.143	18.11	18.113	18.114	18.059	18.062	18.017	18.015	18	17.989	17.98	17.98	17.956	17.952	17.974	17.946	17.989	17.998	18.026	18.016	18.048	18.008	17.982	17.996	17.966	17.951	17.916	17.917	17.883	17.866	17.82	17.799	17.802	17.758	17.76	17.747	17.741	17.705	17.688	17.645	17.605	17.571	17.514	17.486	17.425	17.391	17.327	17.293	17.224	17.172	17.139	17.088	17.071	17.014	16.995	16.963	16.946	16.904	16.899	16.893	16.878	16.9	16.888	16.904	16.9	16.895	16.863	16.876	16.84	16.793	16.802	16.784	16.791	16.762	16.734	16.717	16.718
18.273	18.272	18.267	18.285	18.272	18.299	18.269	18.252	18.228	18.199	18.156	18.148	18.161	18.138	18.192	18.204	18.279	18.273	18.291	18.315	18.342	18.387	18.404	18.438	18.438	18.471	18.438	18.447	18.445	18.43	18.428	18.39	18.399	18.385	18.422	18.424	18.432	18.403	18.377	18.363	18.317	18.304	18.244	18.259	18.234	18.233	18.218	18.21	18.205	18.164	18.174	18.124	18.102	18.072	18.065	18.055	18.013	18.011	17.989	17.98	17.942	17.949	17.945	17.946	17.912	17.899	17.886	17.852	17.851	17.809	17.808	17.792	17.776	17.768	17.788	17.798	17.764	17.812	17.806	17.837	17.849	17.842	17.833	17.8	17.798	17.745	17.748	17.713	17.688	17.662	17.642	17.597	17.583	17.581	17.545	17.566	17.547	17.55	17.515	17.474	17.43	17.392	17.335	17.27	17.244	17.208	17.173	17.113	17.088	17.043	16.997	16.941	16.868	16.853	16.805	16.805	16.787	16.749	16.731	16.708	16.7	16.684	16.711	16.692	16.696	16.698	16.694	16.675	16.655	16.626	16.599	16.605	16.579	16.577	16.569	16.562	16.549
17.981	17.988	18	18.003	18.034	18.023	18.059	18.016	18.014	17.987	17.961	17.946	17.944	17.957	17.935	18.003	18.012	18.034	18.038	18.055	18.071	18.118	18.147	18.159	18.216	18.222	18.246	18.214	18.186	18.183	18.156	18.165	18.154	18.167	18.166	18.186	18.183	18.191	18.185	18.141	18.109	18.031	18.054	17.99	17.995	17.97	17.959	17.96	17.955	17.948	17.893	17.883	17.866	17.862	17.821	17.819	17.806	17.769	17.79	17.749	17.758	17.74	17.748	17.724	17.703	17.698	17.673	17.668	17.628	17.615	17.579	17.556	17.568	17.558	17.567	17.578	17.589	17.571	17.61	17.588	17.619	17.616	17.61	17.586	17.554	17.53	17.494	17.49	17.44	17.436	17.416	17.392	17.372	17.359	17.361	17.325	17.342	17.307	17.294	17.249	17.2	17.172	17.124	17.09	17.032	16.998	16.938	16.905	16.871	16.844	16.807	16.748	16.705	16.638	16.622	16.588	16.593	16.572	16.565	16.548	16.527	16.534	16.5	16.505	16.48	16.487	16.487	16.482	16.486	16.465	16.458	16.422	16.399	16.372	16.367	16.353	16.334
17.709	17.713	17.708	17.727	17.743	17.789	17.75	17.766	17.739	17.75	17.731	17.703	17.703	17.672	17.701	17.684	17.735	17.728	17.735	17.752	17.744	17.787	17.799	17.874	17.885	17.924	17.934	17.933	17.883	17.865	17.859	17.858	17.891	17.88	17.913	17.902	17.92	17.917	17.899	17.881	17.845	17.832	17.765	17.753	17.7	17.712	17.689	17.66	17.671	17.636	17.655	17.626	17.645	17.612	17.588	17.55	17.527	17.518	17.498	17.523	17.477	17.527	17.504	17.492	17.463	17.459	17.458	17.438	17.443	17.405	17.396	17.359	17.349	17.32	17.33	17.362	17.337	17.368	17.343	17.355	17.327	17.339	17.332	17.298	17.307	17.284	17.271	17.219	17.19	17.163	17.19	17.164	17.163	17.178	17.159	17.183	17.131	17.118	17.071	17.031	16.981	16.939	16.908	16.861	16.837	16.774	16.738	16.684	16.646	16.605	16.586	16.573	16.528	16.483	16.419	16.417	16.399	16.397	16.393	16.39	16.388	16.368	16.362	16.311	16.305	16.272	16.277	16.277	16.272	16.277	16.26	16.263	16.253	16.218	16.187	16.185	16.141
17.429	17.42	17.437	17.456	17.473	17.472	17.478	17.472	17.465	17.481	17.482	17.471	17.461	17.429	17.414	17.448	17.437	17.438	17.454	17.481	17.477	17.462	17.479	17.491	17.529	17.553	17.563	17.603	17.598	17.562	17.533	17.512	17.524	17.556	17.56	17.573	17.585	17.591	17.594	17.592	17.566	17.528	17.494	17.465	17.426	17.395	17.402	17.392	17.378	17.387	17.371	17.377	17.364	17.334	17.314	17.315	17.299	17.279	17.265	17.261	17.242	17.231	17.221	17.219	17.195	17.169	17.162	17.175	17.198	17.211	17.207	17.192	17.144	17.12	17.1	17.09	17.079	17.067	17.069	17.05	17.06	17.046	17.036	17.028	17.021	17.017	16.985	16.973	16.948	16.92	16.896	16.908	16.925	16.93	16.926	16.941	16.928	16.892	16.874	16.839	16.776	16.724	16.68	16.656	16.617	16.573	16.517	16.485	16.434	16.414	16.389	16.367	16.338	16.31	16.268	16.25	16.214	16.225	16.243	16.223	16.22	16.194	16.175	16.14	16.124	16.106	16.072	16.067	16.063	16.076	16.048	16.034	16.036	16.03	15.995	15.977	15.95
17.121	17.156	17.137	17.162	17.153	17.158	17.18	17.183	17.185	17.182	17.197	17.19	17.193	17.207	17.173	17.167	17.131	17.136	17.146	17.146	17.179	17.18	17.184	17.16	17.169	17.187	17.183	17.222	17.229	17.237	17.225	17.19	17.184	17.159	17.191	17.199	17.229	17.256	17.271	17.268	17.218	17.213	17.159	17.146	17.135	17.125	17.123	17.083	17.071	17.06	17.056	17.067	17.057	17.043	17.031	17.02	16.994	16.996	17.004	16.986	16.981	16.952	16.95	16.942	16.921	16.923	16.91	16.912	16.934	16.944	16.954	16.956	16.942	16.914	16.9	16.849	16.841	16.849	16.817	16.805	16.791	16.801	16.795	16.768	16.772	16.76	16.74	16.716	16.69	16.673	16.66	16.655	16.635	16.645	16.632	16.645	16.656	16.624	16.629	16.592	16.57	16.506	16.448	16.409	16.358	16.32	16.293	16.282	16.247	16.234	16.244	16.215	16.173	16.135	16.097	16.075	16.049	16.05	16.031	16.062	16.043	16.017	15.998	15.96	15.97	15.942	15.899	15.903	15.887	15.891	15.854	15.842	15.801	15.788	15.779	15.753	15.724
16.794	16.797	16.82	16.803	16.811	16.834	16.826	16.837	16.845	16.86	16.861	16.877	16.9	16.895	16.923	16.925	16.918	16.861	16.859	16.859	16.841	16.837	16.86	16.881	16.886	16.901	16.925	16.923	16.901	16.88	16.882	16.906	16.872	16.85	16.856	16.855	16.873	16.887	16.921	16.892	16.876	16.848	16.831	16.789	16.815	16.802	16.798	16.791	16.761	16.765	16.742	16.757	16.769	16.759	16.752	16.736	16.738	16.74	16.732	16.732	16.707	16.683	16.66	16.665	16.665	16.663	16.653	16.649	16.662	16.675	16.681	16.706	16.711	16.707	16.676	16.656	16.633	16.624	16.617	16.603	16.594	16.571	16.555	16.541	16.524	16.498	16.493	16.5	16.485	16.474	16.462	16.452	16.428	16.399	16.405	16.392	16.389	16.378	16.351	16.333	16.294	16.268	16.243	16.183	16.146	16.114	16.087	16.064	16.059	16.048	16.032	16.031	15.997	15.968	15.951	15.914	15.892	15.88	15.861	15.847	15.855	15.848	15.823	15.802	15.763	15.747	15.721	15.71	15.706	15.697	15.68	15.642	15.628	15.588	15.565	15.547	15.518
16.516	16.507	16.515	16.522	16.521	16.509	16.513	16.526	16.527	16.528	16.55	16.554	16.567	16.575	16.586	16.596	16.613	16.596	16.599	16.573	16.56	16.562	16.569	16.552	16.562	16.564	16.595	16.622	16.624	16.596	16.58	16.6	16.585	16.584	16.56	16.556	16.556	16.542	16.555	16.568	16.538	16.514	16.493	16.472	16.492	16.5	16.49	16.484	16.451	16.435	16.43	16.44	16.438	16.447	16.457	16.45	16.454	16.465	16.459	16.483	16.461	16.434	16.394	16.388	16.393	16.387	16.367	16.373	16.375	16.395	16.427	16.438	16.456	16.471	16.454	16.409	16.389	16.368	16.364	16.356	16.357	16.325	16.309	16.297	16.283	16.252	16.246	16.244	16.238	16.249	16.258	16.256	16.249	16.214	16.202	16.181	16.155	16.138	16.118	16.092	16.063	16.023	16.016	15.987	15.957	15.939	15.912	15.896	15.867	15.865	15.848	15.838	15.8	15.773	15.765	15.742	15.721	15.701	15.687	15.668	15.668	15.652	15.627	15.618	15.596	15.566	15.532	15.498	15.481	15.477	15.457	15.432	15.414	15.38	15.371	15.342	15.318
16.172	16.188	16.195	16.204	16.187	16.19	16.201	16.222	16.239	16.242	16.26	16.243	16.259	16.302	16.307	16.315	16.307	16.318	16.312	16.273	16.272	16.259	16.261	16.272	16.302	16.308	16.305	16.313	16.308	16.295	16.265	16.268	16.287	16.271	16.275	16.261	16.26	16.249	16.224	16.226	16.214	16.217	16.199	16.193	16.212	16.224	16.233	16.22	16.214	16.217	16.177	16.217	16.19	16.199	16.178	16.178	16.173	16.171	16.181	16.18	16.193	16.174	16.17	16.147	16.171	16.188	16.162	16.157	16.145	16.139	16.159	16.172	16.182	16.189	16.199	16.176	16.144	16.143	16.124	16.128	16.13	16.12	16.088	16.064	16.056	16.038	16.017	16.007	15.988	16.01	16.024	16.02	16.001	15.99	15.981	15.965	15.963	15.934	15.915	15.884	15.87	15.837	15.813	15.782	15.764	15.751	15.731	15.714	15.689	15.675	15.669	15.658	15.63	15.616	15.591	15.591	15.574	15.539	15.511	15.488	15.461	15.45	15.425	15.407	15.405	15.381	15.35	15.339	15.306	15.297	15.27	15.255	15.221	15.2	15.17	15.152	15.13
15.833	15.86	15.895	15.898	15.9	15.898	15.896	15.928	15.936	15.957	15.959	15.966	15.974	15.967	15.99	15.997	15.998	15.994	15.986	15.993	15.96	15.961	15.954	15.984	16	16.014	16.02	16.003	16.018	15.987	15.987	15.985	16.005	16.022	15.992	15.984	15.955	15.937	15.939	15.947	15.95	15.926	15.937	15.929	15.946	15.97	15.979	15.996	15.972	15.969	15.947	15.938	15.945	15.927	15.942	15.92	15.91	15.896	15.884	15.912	15.902	15.895	15.901	15.878	15.88	15.88	15.932	15.947	15.937	15.929	15.94	15.945	15.939	15.951	15.95	15.951	15.927	15.901	15.916	15.9	15.89	15.867	15.852	15.843	15.815	15.801	15.795	15.788	15.779	15.771	15.797	15.783	15.797	15.78	15.752	15.744	15.723	15.725	15.693	15.691	15.661	15.643	15.632	15.631	15.609	15.561	15.554	15.539	15.527	15.513	15.491	15.481	15.452	15.426	15.405	15.386	15.387	15.352	15.325	15.291	15.225	15.215	15.187	15.18	15.162	15.171	15.157	15.136	15.134	15.114	15.093	15.064	15.049	15.005	14.974	14.961	14.929
15.485	15.54	15.533	15.558	15.56	15.569	15.576	15.576	15.595	15.579	15.621	15.636	15.662	15.679	15.673	15.687	15.68	15.698	15.672	15.671	15.673	15.651	15.662	15.653	15.671	15.691	15.676	15.69	15.679	15.688	15.698	15.707	15.75	15.755	15.757	15.722	15.689	15.662	15.65	15.665	15.66	15.67	15.644	15.672	15.682	15.697	15.722	15.729	15.743	15.71	15.702	15.698	15.679	15.686	15.659	15.644	15.633	15.627	15.62	15.612	15.638	15.626	15.623	15.613	15.604	15.624	15.646	15.667	15.681	15.69	15.707	15.697	15.705	15.689	15.696	15.698	15.716	15.696	15.693	15.689	15.647	15.628	15.609	15.597	15.585	15.566	15.571	15.551	15.551	15.531	15.527	15.545	15.523	15.538	15.525	15.503	15.498	15.467	15.462	15.438	15.434	15.423	15.414	15.414	15.388	15.382	15.338	15.312	15.309	15.293	15.286	15.267	15.236	15.203	15.185	15.154	15.134	15.123	15.082	15.052	15.014	14.997	15.001	14.974	14.957	14.928	14.921	14.92	14.916	14.912	14.879	14.864	14.833	14.815	14.796	14.766	14.753
15.203	15.208	15.228	15.218	15.247	15.255	15.258	15.282	15.272	15.293	15.289	15.305	15.32	15.325	15.353	15.359	15.37	15.373	15.355	15.365	15.351	15.37	15.353	15.375	15.366	15.396	15.408	15.399	15.44	15.423	15.433	15.434	15.457	15.477	15.47	15.471	15.443	15.403	15.404	15.373	15.414	15.419	15.42	15.427	15.432	15.458	15.454	15.482	15.466	15.456	15.432	15.423	15.418	15.406	15.414	15.402	15.381	15.404	15.398	15.381	15.361	15.356	15.337	15.348	15.358	15.356	15.378	15.376	15.412	15.414	15.449	15.473	15.457	15.474	15.45	15.447	15.47	15.465	15.46	15.441	15.423	15.379	15.365	15.365	15.345	15.343	15.318	15.294	15.288	15.284	15.299	15.285	15.298	15.287	15.291	15.297	15.271	15.252	15.228	15.215	15.206	15.199	15.193	15.166	15.174	15.139	15.129	15.088	15.075	15.063	15.049	15.058	15.041	15.015	14.981	14.95	14.939	14.918	14.895	14.839	14.813	14.804	14.773	14.78	14.757	14.741	14.725	14.703	14.708	14.697	14.695	14.649	14.625	14.609	14.589	14.583	14.547
14.899	14.923	14.927	14.943	14.951	14.977	14.974	14.966	14.973	14.968	14.982	14.98	15.007	14.999	15.016	15.041	15.051	15.053	15.069	15.068	15.06	15.069	15.08	15.092	15.091	15.12	15.146	15.15	15.156	15.161	15.174	15.21	15.214	15.218	15.202	15.179	15.172	15.16	15.15	15.132	15.144	15.143	15.173	15.19	15.199	15.199	15.218	15.215	15.209	15.201	15.173	15.146	15.142	15.127	15.097	15.112	15.112	15.116	15.139	15.132	15.107	15.107	15.11	15.094	15.102	15.109	15.118	15.134	15.164	15.18	15.202	15.221	15.218	15.216	15.203	15.2	15.198	15.224	15.229	15.21	15.203	15.178	15.143	15.13	15.106	15.087	15.073	15.066	15.043	15.05	15.046	15.05	15.043	15.044	15.052	15.051	15.043	15.023	15.007	14.971	14.962	14.969	14.958	14.949	14.938	14.914	14.909	14.896	14.881	14.872	14.861	14.854	14.834	14.813	14.788	14.766	14.742	14.708	14.7	14.665	14.636	14.632	14.603	14.582	14.573	14.553	14.551	14.526	14.523	14.498	14.478	14.457	14.432	14.428	14.412	14.4	14.385
14.595	14.605	14.627	14.647	14.657	14.679	14.67	14.682	14.678	14.662	14.674	14.695	14.696	14.704	14.721	14.736	14.737	14.756	14.759	14.769	14.763	14.765	14.762	14.785	14.807	14.827	14.868	14.875	14.901	14.918	14.914	14.953	14.939	14.964	14.947	14.934	14.933	14.904	14.908	14.879	14.89	14.903	14.903	14.92	14.914	14.934	14.92	14.93	14.93	14.907	14.892	14.871	14.83	14.831	14.814	14.829	14.828	14.834	14.827	14.836	14.856	14.851	14.86	14.86	14.866	14.889	14.898	14.902	14.894	14.923	14.912	14.946	14.984	14.957	14.98	14.947	14.936	14.956	14.966	14.972	14.97	14.971	14.934	14.909	14.883	14.847	14.839	14.823	14.81	14.821	14.811	14.822	14.808	14.803	14.793	14.785	14.78	14.749	14.743	14.738	14.723	14.742	14.728	14.741	14.709	14.707	14.686	14.691	14.673	14.656	14.653	14.657	14.639	14.616	14.576	14.567	14.542	14.524	14.515	14.495	14.465	14.43	14.424	14.395	14.392	14.396	14.381	14.365	14.317	14.303	14.29	14.278	14.267	14.252	14.257	14.241	14.225
14.321	14.351	14.347	14.374	14.364	14.364	14.36	14.343	14.353	14.36	14.374	14.381	14.378	14.405	14.412	14.42	14.425	14.443	14.464	14.457	14.464	14.461	14.472	14.489	14.512	14.562	14.58	14.607	14.634	14.652	14.659	14.674	14.693	14.697	14.684	14.692	14.672	14.67	14.649	14.668	14.648	14.65	14.653	14.626	14.626	14.617	14.615	14.63	14.622	14.622	14.601	14.589	14.571	14.559	14.562	14.548	14.552	14.553	14.561	14.566	14.579	14.588	14.588	14.595	14.603	14.628	14.645	14.66	14.652	14.65	14.662	14.684	14.696	14.708	14.7	14.706	14.679	14.676	14.7	14.698	14.708	14.699	14.677	14.644	14.631	14.616	14.597	14.6	14.563	14.553	14.564	14.57	14.57	14.557	14.537	14.517	14.512	14.49	14.479	14.502	14.474	14.478	14.491	14.482	14.497	14.485	14.47	14.467	14.469	14.458	14.449	14.454	14.43	14.416	14.38	14.361	14.347	14.34	14.304	14.299	14.268	14.246	14.217	14.198	14.179	14.176	14.166	14.147	14.139	14.108	14.077	14.087	14.089	14.094	14.082	14.085	14.076
14.014	14.036	14.054	14.063	14.044	14.068	14.069	14.077	14.058	14.06	14.068	14.089	14.097	14.109	14.134	14.137	14.15	14.157	14.164	14.156	14.156	14.168	14.169	14.173	14.206	14.246	14.275	14.313	14.35	14.383	14.398	14.417	14.432	14.44	14.432	14.443	14.444	14.439	14.438	14.431	14.395	14.387	14.37	14.372	14.377	14.346	14.353	14.343	14.357	14.346	14.347	14.333	14.323	14.308	14.309	14.317	14.303	14.299	14.287	14.298	14.296	14.313	14.33	14.316	14.351	14.363	14.382	14.392	14.401	14.416	14.41	14.432	14.432	14.443	14.456	14.436	14.45	14.46	14.436	14.433	14.43	14.424	14.435	14.426	14.404	14.387	14.377	14.36	14.345	14.335	14.311	14.309	14.295	14.288	14.269	14.253	14.261	14.252	14.263	14.252	14.266	14.265	14.253	14.255	14.249	14.256	14.254	14.223	14.228	14.228	14.239	14.237	14.22	14.197	14.174	14.141	14.122	14.114	14.1	14.065	14.058	14.042	14.018	13.997	13.987	13.975	13.957	13.933	13.911	13.896	13.878	13.88	13.874	13.865	13.865	13.861	13.86
13.709	13.719	13.748	13.767	13.762	13.747	13.759	13.77	13.769	13.771	13.737	13.773	13.799	13.815	13.835	13.833	13.837	13.854	13.865	13.875	13.882	13.885	13.891	13.903	13.921	13.949	13.995	14.043	14.073	14.115	14.134	14.167	14.177	14.183	14.185	14.193	14.185	14.179	14.18	14.171	14.149	14.144	14.116	14.099	14.102	14.087	14.083	14.072	14.076	14.077	14.071	14.048	14.055	14.069	14.071	14.068	14.067	14.059	14.033	14.046	14.038	14.04	14.061	14.056	14.088	14.113	14.139	14.146	14.155	14.173	14.168	14.178	14.187	14.189	14.198	14.2	14.196	14.193	14.181	14.162	14.153	14.148	14.154	14.158	14.144	14.13	14.119	14.111	14.086	14.1	14.082	14.067	14.05	14.038	14.043	14.036	14.018	14.017	14.012	14.013	14.002	14.012	14.031	14.025	14.014	13.999	14.01	13.987	13.992	13.995	13.988	13.986	13.991	13.965	13.943	13.915	13.894	13.877	13.871	13.846	13.824	13.809	13.792	13.793	13.774	13.76	13.745	13.726	13.708	13.683	13.684	13.687	13.682	13.676	13.668	13.664	13.661
13.44	13.465	13.472	13.469	13.476	13.464	13.48	13.485	13.5	13.505	13.503	13.516	13.521	13.544	13.555	13.577	13.569	13.586	13.609	13.614	13.634	13.627	13.644	13.661	13.656	13.69	13.712	13.776	13.817	13.865	13.912	13.922	13.94	13.942	13.945	13.937	13.933	13.92	13.916	13.921	13.898	13.892	13.873	13.86	13.86	13.854	13.836	13.85	13.839	13.851	13.851	13.843	13.838	13.841	13.845	13.851	13.836	13.828	13.799	13.794	13.792	13.801	13.808	13.824	13.847	13.853	13.884	13.897	13.905	13.922	13.922	13.941	13.947	13.957	13.957	13.971	13.96	13.938	13.933	13.926	13.921	13.928	13.921	13.899	13.9	13.888	13.868	13.869	13.842	13.853	13.842	13.83	13.841	13.831	13.807	13.81	13.814	13.806	13.796	13.789	13.76	13.765	13.77	13.772	13.785	13.783	13.754	13.773	13.765	13.776	13.767	13.769	13.754	13.749	13.724	13.704	13.69	13.666	13.658	13.649	13.632	13.62	13.601	13.591	13.587	13.579	13.56	13.535	13.521	13.518	13.502	13.497	13.501	13.507	13.507	13.502	13.488
13.179	13.19	13.208	13.202	13.214	13.215	13.214	13.225	13.224	13.227	13.222	13.222	13.247	13.255	13.283	13.297	13.313	13.339	13.334	13.359	13.361	13.369	13.375	13.39	13.413	13.433	13.484	13.521	13.548	13.608	13.631	13.679	13.698	13.702	13.689	13.666	13.671	13.671	13.672	13.685	13.666	13.656	13.648	13.636	13.612	13.611	13.584	13.587	13.591	13.594	13.608	13.611	13.605	13.599	13.6	13.601	13.578	13.571	13.553	13.547	13.546	13.553	13.574	13.588	13.601	13.616	13.621	13.641	13.648	13.662	13.669	13.674	13.697	13.705	13.744	13.753	13.752	13.743	13.719	13.706	13.702	13.704	13.69	13.678	13.686	13.669	13.661	13.637	13.626	13.638	13.627	13.616	13.601	13.595	13.59	13.573	13.596	13.577	13.583	13.57	13.545	13.525	13.527	13.545	13.534	13.552	13.528	13.534	13.538	13.528	13.536	13.522	13.516	13.524	13.526	13.522	13.502	13.491	13.463	13.451	13.44	13.421	13.413	13.394	13.394	13.389	13.373	13.37	13.353	13.34	13.319	13.309	13.31	13.313	13.323	13.316	13.308
12.916	12.946	12.953	12.948	12.955	12.958	12.959	12.941	12.947	12.957	12.967	12.963	12.969	13.003	13.02	13.057	13.059	13.074	13.093	13.082	13.101	13.102	13.13	13.144	13.152	13.199	13.214	13.264	13.286	13.33	13.361	13.368	13.414	13.421	13.427	13.406	13.385	13.401	13.4	13.408	13.407	13.397	13.404	13.381	13.391	13.358	13.348	13.374	13.349	13.381	13.368	13.367	13.365	13.36	13.36	13.348	13.348	13.317	13.308	13.315	13.313	13.322	13.332	13.345	13.346	13.377	13.399	13.412	13.428	13.424	13.437	13.459	13.473	13.502	13.509	13.512	13.516	13.526	13.503	13.494	13.483	13.469	13.465	13.47	13.449	13.45	13.439	13.428	13.411	13.418	13.422	13.411	13.409	13.381	13.371	13.367	13.367	13.37	13.37	13.376	13.371	13.339	13.352	13.34	13.353	13.339	13.33	13.326	13.317	13.315	13.3	13.292	13.295	13.298	13.307	13.287	13.287	13.27	13.251	13.229	13.215	13.224	13.212	13.202	13.191	13.182	13.177	13.165	13.179	13.168	13.157	13.14	13.124	13.128	13.114	13.118	13.123
12.663	12.67	12.693	12.693	12.695	12.705	12.7	12.708	12.693	12.702	12.705	12.722	12.747	12.764	12.805	12.823	12.827	12.857	12.852	12.863	12.857	12.886	12.916	12.918	12.958	12.966	13.006	13.022	13.043	13.074	13.092	13.12	13.13	13.145	13.141	13.138	13.14	13.121	13.147	13.134	13.131	13.129	13.119	13.135	13.116	13.12	13.107	13.122	13.123	13.133	13.158	13.15	13.145	13.142	13.129	13.139	13.118	13.105	13.088	13.072	13.084	13.085	13.101	13.095	13.102	13.121	13.128	13.161	13.163	13.202	13.204	13.217	13.238	13.256	13.271	13.281	13.29	13.295	13.286	13.278	13.261	13.25	13.24	13.242	13.243	13.234	13.218	13.197	13.193	13.201	13.183	13.189	13.172	13.159	13.141	13.158	13.167	13.16	13.172	13.157	13.16	13.153	13.127	13.132	13.131	13.126	13.12	13.117	13.128	13.114	13.112	13.086	13.089	13.091	13.07	13.068	13.045	13.037	13.023	13.012	13.019	13.02	13.02	13.002	13.006	13.004	12.994	13.005	12.987	12.987	12.965	12.948	12.945	12.932	12.932	12.917	12.929
12.416	12.449	12.447	12.471	12.465	12.461	12.466	12.46	12.47	12.469	12.473	12.485	12.501	12.548	12.557	12.59	12.604	12.631	12.652	12.657	12.67	12.672	12.692	12.717	12.736	12.772	12.776	12.805	12.802	12.818	12.846	12.844	12.861	12.87	12.865	12.877	12.868	12.873	12.858	12.878	12.879	12.879	12.892	12.879	12.882	12.888	12.883	12.894	12.887	12.905	12.907	12.92	12.923	12.919	12.92	12.906	12.901	12.869	12.853	12.836	12.839	12.862	12.859	12.864	12.868	12.877	12.907	12.916	12.937	12.947	12.961	12.985	12.988	13.01	13.033	13.056	13.048	13.06	13.061	13.048	13.039	13.028	13.017	13.023	13.018	13.009	12.992	12.989	12.964	12.959	12.96	12.941	12.947	12.941	12.933	12.95	12.939	12.953	12.954	12.959	12.953	12.962	12.955	12.937	12.929	12.908	12.904	12.907	12.905	12.911	12.896	12.89	12.866	12.856	12.852	12.835	12.827	12.807	12.815	12.819	12.808	12.819	12.81	12.815	12.821	12.818	12.827	12.827	12.818	12.809	12.789	12.778	12.766	12.773	12.743	12.735	12.739
12.199	12.204	12.234	12.238	12.244	12.249	12.234	12.243	12.23	12.245	12.256	12.271	12.295	12.303	12.336	12.359	12.37	12.405	12.416	12.449	12.458	12.474	12.491	12.511	12.531	12.536	12.578	12.572	12.584	12.589	12.594	12.606	12.593	12.601	12.597	12.608	12.614	12.605	12.615	12.612	12.636	12.641	12.647	12.654	12.643	12.664	12.663	12.659	12.67	12.677	12.703	12.696	12.696	12.702	12.69	12.688	12.677	12.656	12.634	12.619	12.633	12.637	12.639	12.634	12.639	12.662	12.683	12.708	12.7	12.711	12.725	12.743	12.756	12.759	12.786	12.804	12.801	12.81	12.806	12.807	12.789	12.789	12.804	12.799	12.784	12.765	12.776	12.757	12.748	12.742	12.748	12.737	12.734	12.734	12.734	12.742	12.768	12.749	12.764	12.749	12.753	12.773	12.759	12.76	12.752	12.738	12.717	12.707	12.71	12.698	12.696	12.688	12.664	12.661	12.646	12.647	12.633	12.627	12.621	12.622	12.622	12.616	12.629	12.623	12.623	12.629	12.626	12.626	12.609	12.607	12.599	12.599	12.591	12.587	12.585	12.569	12.578
11.96	11.987	12.008	12.017	12.023	12.037	12.035	12.038	12.043	12.037	12.065	12.075	12.093	12.125	12.118	12.14	12.145	12.179	12.199	12.216	12.245	12.253	12.27	12.299	12.316	12.342	12.348	12.361	12.37	12.362	12.361	12.353	12.352	12.35	12.358	12.376	12.386	12.392	12.387	12.396	12.4	12.402	12.418	12.424	12.428	12.416	12.428	12.436	12.445	12.466	12.461	12.481	12.476	12.496	12.482	12.486	12.486	12.466	12.45	12.443	12.428	12.428	12.422	12.43	12.438	12.44	12.468	12.476	12.479	12.492	12.518	12.529	12.549	12.57	12.577	12.583	12.589	12.595	12.59	12.583	12.588	12.585	12.588	12.583	12.563	12.56	12.545	12.541	12.531	12.518	12.543	12.549	12.555	12.565	12.574	12.576	12.585	12.584	12.565	12.565	12.554	12.566	12.581	12.574	12.567	12.556	12.539	12.52	12.523	12.516	12.518	12.515	12.495	12.487	12.464	12.454	12.446	12.432	12.432	12.437	12.437	12.431	12.429	12.446	12.448	12.443	12.445	12.436	12.429	12.424	12.415	12.422	12.418	12.417	12.403	12.403	12.407
11.753	11.776	11.789	11.807	11.809	11.817	11.828	11.851	11.864	11.855	11.871	11.874	11.9	11.911	11.932	11.938	11.939	11.962	11.986	12.008	12.019	12.05	12.064	12.098	12.116	12.132	12.144	12.137	12.136	12.144	12.15	12.143	12.133	12.129	12.13	12.154	12.17	12.185	12.194	12.186	12.182	12.185	12.176	12.182	12.194	12.196	12.199	12.218	12.233	12.238	12.251	12.254	12.261	12.285	12.283	12.291	12.28	12.272	12.258	12.259	12.258	12.245	12.241	12.228	12.224	12.224	12.234	12.253	12.253	12.274	12.294	12.321	12.327	12.334	12.354	12.368	12.373	12.39	12.384	12.383	12.373	12.371	12.368	12.358	12.342	12.332	12.323	12.298	12.298	12.305	12.311	12.33	12.347	12.365	12.387	12.412	12.431	12.418	12.417	12.398	12.395	12.388	12.377	12.379	12.368	12.355	12.347	12.341	12.347	12.338	12.338	12.333	12.317	12.31	12.291	12.268	12.252	12.241	12.24	12.241	12.242	12.237	12.252	12.247	12.261	12.261	12.254	12.255	12.246	12.252	12.245	12.243	12.242	12.233	12.248	12.233	12.245
11.559	11.576	11.58	11.592	11.586	11.625	11.631	11.648	11.663	11.666	11.684	11.694	11.703	11.72	11.727	11.737	11.754	11.774	11.796	11.805	11.83	11.856	11.874	11.911	11.923	11.927	11.934	11.935	11.941	11.939	11.946	11.943	11.944	11.937	11.931	11.946	11.945	11.965	11.975	11.98	11.975	11.984	11.983	11.984	11.991	11.986	11.98	11.984	12.005	12.013	12.027	12.044	12.048	12.057	12.067	12.08	12.085	12.078	12.071	12.071	12.075	12.059	12.048	12.034	12.019	12.024	12.036	12.042	12.055	12.069	12.069	12.092	12.107	12.126	12.136	12.155	12.152	12.158	12.159	12.148	12.144	12.142	12.135	12.159	12.138	12.137	12.126	12.123	12.111	12.12	12.119	12.134	12.152	12.18	12.195	12.221	12.223	12.232	12.228	12.218	12.227	12.225	12.212	12.197	12.191	12.167	12.161	12.174	12.181	12.18	12.184	12.179	12.162	12.131	12.1	12.083	12.063	12.049	12.049	12.048	12.042	12.043	12.048	12.046	12.046	12.065	12.073	12.063	12.062	12.055	12.049	12.061	12.056	12.05	12.047	12.04	12.038
11.375	11.389	11.399	11.414	11.395	11.42	11.445	11.457	11.485	11.495	11.509	11.518	11.535	11.556	11.569	11.577	11.587	11.591	11.617	11.633	11.65	11.673	11.688	11.707	11.716	11.735	11.737	11.742	11.746	11.754	11.764	11.76	11.765	11.772	11.776	11.776	11.777	11.782	11.79	11.808	11.798	11.796	11.807	11.804	11.797	11.788	11.797	11.801	11.813	11.838	11.837	11.843	11.871	11.884	11.888	11.889	11.89	11.884	11.883	11.873	11.868	11.865	11.857	11.869	11.869	11.874	11.895	11.902	11.909	11.903	11.906	11.927	11.933	11.938	11.941	11.959	11.971	11.958	11.963	11.959	11.954	11.963	11.948	11.945	11.955	11.955	11.949	11.958	11.957	11.972	11.995	11.995	12.012	12.033	12.042	12.061	12.063	12.066	12.052	12.06	12.048	12.057	12.051	12.038	12.023	12.007	12	11.997	12.003	12.014	12.026	12.021	11.994	11.978	11.954	11.927	11.904	11.885	11.87	11.879	11.872	11.878	11.879	11.874	11.884	11.894	11.908	11.9	11.895	11.9	11.882	11.891	11.889	11.901	11.895	11.903	11.88
11.215	11.206	11.221	11.231	11.232	11.242	11.249	11.279	11.3	11.316	11.324	11.335	11.366	11.375	11.397	11.396	11.408	11.421	11.43	11.457	11.473	11.507	11.503	11.517	11.537	11.538	11.554	11.548	11.564	11.568	11.582	11.597	11.592	11.6	11.6	11.607	11.61	11.624	11.643	11.642	11.634	11.633	11.619	11.628	11.626	11.625	11.629	11.64	11.648	11.649	11.674	11.673	11.674	11.682	11.672	11.684	11.679	11.677	11.675	11.672	11.675	11.668	11.676	11.683	11.698	11.72	11.73	11.744	11.747	11.758	11.758	11.762	11.763	11.762	11.779	11.763	11.784	11.782	11.778	11.786	11.774	11.782	11.787	11.773	11.779	11.777	11.79	11.791	11.814	11.828	11.842	11.866	11.874	11.895	11.897	11.901	11.908	11.91	11.908	11.899	11.89	11.887	11.886	11.881	11.878	11.86	11.861	11.84	11.851	11.847	11.855	11.838	11.833	11.824	11.801	11.777	11.749	11.734	11.708	11.708	11.701	11.701	11.703	11.706	11.708	11.715	11.714	11.722	11.713	11.718	11.722	11.712	11.725	11.728	11.729	11.732	11.723
11.027	11.038	11.042	11.048	11.044	11.055	11.076	11.088	11.119	11.141	11.16	11.176	11.191	11.209	11.214	11.24	11.232	11.254	11.265	11.271	11.305	11.32	11.332	11.346	11.348	11.357	11.362	11.377	11.385	11.392	11.409	11.422	11.433	11.422	11.422	11.429	11.424	11.462	11.471	11.47	11.464	11.456	11.462	11.455	11.466	11.464	11.465	11.481	11.486	11.493	11.483	11.493	11.483	11.489	11.487	11.483	11.495	11.477	11.481	11.483	11.48	11.484	11.503	11.532	11.542	11.569	11.573	11.567	11.586	11.589	11.592	11.594	11.583	11.604	11.6	11.605	11.613	11.626	11.628	11.624	11.629	11.626	11.632	11.626	11.607	11.618	11.618	11.638	11.66	11.679	11.7	11.717	11.741	11.736	11.754	11.757	11.751	11.769	11.758	11.742	11.735	11.724	11.719	11.708	11.719	11.706	11.703	11.706	11.691	11.7	11.681	11.684	11.674	11.661	11.656	11.637	11.611	11.589	11.567	11.558	11.556	11.561	11.549	11.551	11.557	11.557	11.552	11.568	11.577	11.57	11.576	11.575	11.575	11.581	11.576	11.57	11.568
10.877	10.87	10.875	10.881	10.891	10.903	10.914	10.945	10.953	10.975	10.987	11.006	11.031	11.039	11.06	11.059	11.06	11.078	11.084	11.1	11.111	11.142	11.156	11.17	11.176	11.175	11.186	11.197	11.209	11.225	11.239	11.254	11.26	11.266	11.256	11.262	11.279	11.276	11.298	11.31	11.305	11.304	11.301	11.298	11.29	11.308	11.301	11.312	11.32	11.316	11.323	11.321	11.314	11.32	11.324	11.319	11.312	11.317	11.32	11.319	11.323	11.322	11.353	11.369	11.389	11.407	11.407	11.419	11.421	11.428	11.409	11.408	11.417	11.412	11.426	11.433	11.454	11.461	11.464	11.474	11.484	11.497	11.48	11.487	11.482	11.473	11.495	11.515	11.531	11.564	11.567	11.591	11.603	11.612	11.615	11.619	11.621	11.615	11.613	11.604	11.597	11.592	11.577	11.578	11.569	11.563	11.554	11.553	11.556	11.546	11.549	11.527	11.521	11.51	11.495	11.481	11.454	11.438	11.435	11.423	11.427	11.424	11.417	11.412	11.412	11.419	11.412	11.425	11.41	11.421	11.418	11.418	11.415	11.406	11.416	11.404	11.408
