50.078	50.055	50.036	50.001	49.987	49.945	49.917	49.894	49.875	49.845	49.819	49.795	49.773	49.747	49.726	49.706	49.69	49.67	49.654	49.643	49.617	49.597	49.576	49.545	49.513	49.49	49.47	49.433	49.403	49.369	49.34	49.302	49.265	49.243	49.209	49.171	49.139	49.101	49.072	49.037	48.999	48.96	48.937	48.907	48.873	48.84	48.808	48.781	48.752	48.726	48.701	48.672	48.638	48.612	48.579	48.555	48.522	48.493	48.465	48.437	48.414	48.384	48.354	48.321	48.289	48.257	48.234	48.205	48.179	48.152	48.128	48.117	48.092	48.086	48.062	48.049	48.027	48.007	47.994	47.98	47.968	47.955	47.934	47.918	47.895	47.873	47.847	47.824	47.796	47.757	47.734	47.696	47.669	47.641	47.618	47.594	47.575	47.556	47.538	47.53	47.521	47.508	47.505	47.498	47.492	47.49	47.481	47.477	47.468	47.465	47.464	47.461	47.454	47.442	47.436	47.43	47.424	47.412	47.407	47.39	47.384	47.37	47.359	47.348	47.34	47.334	47.326	47.323	47.32	47.314	47.319	47.324	47.33	47.333	47.338	47.341	47.342
49.766	49.745	49.72	49.684	49.663	49.62	49.593	49.571	49.545	49.515	49.486	49.464	49.435	49.409	49.388	49.349	49.333	49.308	49.289	49.263	49.238	49.221	49.188	49.158	49.135	49.112	49.082	49.045	49.022	48.98	48.959	48.918	48.88	48.852	48.817	48.785	48.742	48.715	48.672	48.642	48.606	48.566	48.536	48.506	48.467	48.433	48.394	48.372	48.339	48.308	48.283	48.246	48.211	48.184	48.154	48.114	48.097	48.058	48.034	48.005	47.967	47.936	47.905	47.864	47.843	47.806	47.783	47.755	47.729	47.698	47.675	47.65	47.627	47.606	47.581	47.564	47.54	47.519	47.501	47.487	47.468	47.454	47.424	47.411	47.383	47.359	47.333	47.301	47.273	47.246	47.219	47.181	47.16	47.129	47.106	47.082	47.059	47.04	47.025	47.016	47.003	46.996	46.984	46.97	46.964	46.953	46.943	46.935	46.921	46.926	46.91	46.908	46.9	46.887	46.877	46.872	46.864	46.85	46.848	46.831	46.823	46.813	46.802	46.794	46.786	46.779	46.779	46.771	46.768	46.763	46.762	46.768	46.77	46.773	46.783	46.78	46.785
49.438	49.409	49.375	49.356	49.34	49.302	49.275	49.244	49.22	49.197	49.166	49.136	49.103	49.081	49.046	49.004	48.972	48.946	48.914	48.888	48.865	48.836	48.799	48.776	48.753	48.725	48.691	48.659	48.637	48.596	48.572	48.522	48.497	48.47	48.428	48.395	48.344	48.325	48.283	48.248	48.206	48.172	48.143	48.102	48.055	48.02	47.987	47.954	47.917	47.891	47.85	47.811	47.775	47.75	47.729	47.682	47.658	47.623	47.601	47.564	47.525	47.487	47.456	47.42	47.397	47.359	47.333	47.307	47.275	47.243	47.213	47.189	47.164	47.128	47.109	47.077	47.055	47.032	47.014	46.994	46.975	46.955	46.926	46.905	46.873	46.853	46.82	46.788	46.757	46.735	46.701	46.668	46.646	46.614	46.593	46.569	46.545	46.527	46.518	46.501	46.484	46.474	46.456	46.442	46.424	46.412	46.399	46.388	46.372	46.372	46.353	46.352	46.341	46.331	46.321	46.306	46.3	46.288	46.278	46.27	46.259	46.248	46.24	46.232	46.227	46.22	46.22	46.208	46.206	46.211	46.205	46.209	46.211	46.211	46.221	46.219	46.23
49.147	49.132	49.103	49.076	49.035	48.991	48.958	48.929	48.902	48.856	48.824	48.799	48.771	48.737	48.706	48.673	48.644	48.604	48.573	48.546	48.503	48.473	48.448	48.419	48.385	48.354	48.329	48.282	48.249	48.213	48.197	48.159	48.135	48.098	48.048	48.017	47.982	47.945	47.897	47.863	47.824	47.794	47.752	47.704	47.663	47.626	47.585	47.552	47.513	47.476	47.431	47.394	47.364	47.318	47.289	47.26	47.227	47.195	47.159	47.123	47.092	47.057	47.016	46.993	46.947	46.925	46.899	46.865	46.832	46.801	46.773	46.739	46.707	46.668	46.652	46.614	46.593	46.567	46.54	46.52	46.494	46.467	46.442	46.414	46.392	46.36	46.325	46.296	46.268	46.232	46.204	46.176	46.138	46.115	46.088	46.064	46.046	46.029	46.008	45.994	45.98	45.953	45.939	45.917	45.896	45.88	45.866	45.849	45.843	45.827	45.815	45.814	45.795	45.787	45.777	45.76	45.749	45.742	45.726	45.715	45.702	45.694	45.686	45.675	45.669	45.665	45.656	45.665	45.654	45.655	45.653	45.656	45.658	45.659	45.663	45.663	45.671
48.818	48.782	48.742	48.717	48.703	48.679	48.648	48.611	48.58	48.545	48.536	48.488	48.461	48.424	48.389	48.346	48.301	48.264	48.223	48.181	48.149	48.122	48.081	48.051	48.025	47.99	47.949	47.905	47.9	47.854	47.821	47.78	47.738	47.703	47.674	47.639	47.591	47.555	47.521	47.489	47.447	47.406	47.36	47.317	47.286	47.229	47.183	47.155	47.105	47.067	47.027	46.984	46.944	46.912	46.877	46.836	46.796	46.764	46.735	46.698	46.663	46.629	46.592	46.571	46.52	46.507	46.458	46.432	46.396	46.362	46.33	46.289	46.266	46.227	46.192	46.162	46.137	46.106	46.077	46.049	46.019	45.993	45.969	45.936	45.908	45.876	45.847	45.816	45.782	45.751	45.722	45.682	45.65	45.629	45.598	45.576	45.556	45.534	45.512	45.487	45.469	45.444	45.425	45.397	45.377	45.361	45.34	45.32	45.305	45.285	45.272	45.254	45.247	45.234	45.224	45.219	45.206	45.189	45.186	45.169	45.159	45.148	45.14	45.129	45.119	45.117	45.101	45.115	45.101	45.102	45.105	45.106	45.106	45.109	45.116	45.114	45.122
48.555	48.518	48.508	48.469	48.423	48.372	48.328	48.292	48.26	48.216	48.182	48.133	48.119	48.085	48.059	48.025	47.984	47.95	47.897	47.868	47.82	47.784	47.745	47.716	47.681	47.638	47.605	47.565	47.521	47.479	47.451	47.423	47.389	47.351	47.306	47.259	47.225	47.197	47.15	47.102	47.063	47.034	47	46.949	46.891	46.85	46.817	46.755	46.713	46.665	46.624	46.579	46.531	46.497	46.451	46.411	46.387	46.335	46.304	46.264	46.226	46.194	46.154	46.123	46.084	46.065	46.018	45.998	45.955	45.916	45.89	45.848	45.816	45.773	45.746	45.717	45.68	45.648	45.619	45.587	45.556	45.528	45.49	45.468	45.434	45.404	45.374	45.338	45.304	45.28	45.238	45.209	45.184	45.143	45.113	45.087	45.057	45.032	45.017	44.983	44.956	44.929	44.904	44.88	44.856	44.83	44.808	44.792	44.766	44.753	44.744	44.719	44.713	44.697	44.682	44.676	44.664	44.651	44.642	44.614	44.613	44.593	44.586	44.579	44.568	44.565	44.558	44.551	44.55	44.559	44.552	44.554	44.559	44.559	44.56	44.56	44.557
48.238	48.188	48.157	48.121	48.099	48.066	48.033	47.996	47.954	47.913	47.888	47.862	47.829	47.779	47.746	47.707	47.662	47.623	47.568	47.542	47.479	47.452	47.416	47.381	47.344	47.305	47.27	47.227	47.188	47.167	47.121	47.069	47.028	46.984	46.941	46.91	46.873	46.815	46.782	46.747	46.709	46.66	46.61	46.568	46.531	46.483	46.427	46.371	46.337	46.277	46.231	46.195	46.154	46.107	46.066	46.022	45.983	45.939	45.902	45.86	45.822	45.787	45.745	45.72	45.679	45.649	45.612	45.576	45.537	45.502	45.469	45.425	45.394	45.351	45.319	45.28	45.25	45.217	45.181	45.146	45.114	45.081	45.046	45.017	44.985	44.951	44.918	44.887	44.857	44.823	44.79	44.761	44.719	44.691	44.658	44.627	44.597	44.569	44.53	44.496	44.475	44.44	44.413	44.385	44.36	44.334	44.31	44.284	44.263	44.24	44.217	44.206	44.185	44.176	44.168	44.155	44.141	44.129	44.115	44.097	44.088	44.073	44.063	44.052	44.038	44.028	44.024	44.026	44.022	44.022	44.023	44.026	44.028	44.027	44.03	44.037	44.027
47.966	47.936	47.899	47.861	47.824	47.769	47.727	47.681	47.64	47.604	47.563	47.518	47.483	47.451	47.421	47.382	47.343	47.307	47.257	47.221	47.171	47.134	47.09	47.053	47.02	46.98	46.935	46.9	46.866	46.813	46.771	46.728	46.689	46.646	46.599	46.555	46.505	46.466	46.426	46.361	46.323	46.291	46.245	46.193	46.147	46.093	46.048	46	45.931	45.89	45.843	45.799	45.75	45.704	45.668	45.621	45.575	45.538	45.493	45.446	45.405	45.365	45.325	45.292	45.252	45.222	45.191	45.152	45.116	45.08	45.037	45	44.964	44.918	44.886	44.845	44.813	44.77	44.733	44.701	44.664	44.629	44.597	44.559	44.527	44.495	44.459	44.426	44.393	44.358	44.333	44.299	44.263	44.231	44.193	44.151	44.119	44.086	44.049	44.02	43.983	43.949	43.923	43.891	43.859	43.833	43.803	43.774	43.752	43.735	43.705	43.699	43.675	43.659	43.647	43.63	43.622	43.598	43.583	43.571	43.547	43.541	43.528	43.516	43.511	43.504	43.489	43.486	43.485	43.484	43.488	43.481	43.481	43.485	43.485	43.48	43.483
47.678	47.645	47.598	47.564	47.524	47.477	47.447	47.404	47.356	47.312	47.272	47.242	47.199	47.146	47.114	47.076	47.042	46.991	46.949	46.903	46.861	46.818	46.785	46.744	46.695	46.651	46.62	46.58	46.543	46.495	46.453	46.395	46.354	46.305	46.258	46.214	46.169	46.119	46.065	46.018	45.968	45.929	45.876	45.824	45.781	45.737	45.675	45.635	45.569	45.526	45.477	45.429	45.384	45.331	45.284	45.241	45.2	45.155	45.106	45.061	45.017	44.973	44.939	44.897	44.867	44.825	44.793	44.756	44.719	44.679	44.638	44.6	44.555	44.516	44.478	44.437	44.396	44.356	44.317	44.283	44.24	44.206	44.165	44.134	44.097	44.059	44.024	43.988	43.954	43.92	43.89	43.851	43.826	43.784	43.752	43.71	43.669	43.633	43.598	43.563	43.526	43.496	43.462	43.428	43.395	43.356	43.322	43.299	43.266	43.249	43.217	43.203	43.184	43.167	43.149	43.133	43.117	43.094	43.079	43.065	43.048	43.039	43.028	43.014	43.008	42.994	42.989	42.975	42.977	42.97	42.968	42.964	42.964	42.966	42.964	42.96	42.963
47.425	47.39	47.342	47.305	47.262	47.207	47.178	47.121	47.075	47.031	46.988	46.95	46.899	46.853	46.814	46.776	46.733	46.682	46.652	46.601	46.566	46.516	46.48	46.435	46.386	46.348	46.314	46.268	46.23	46.184	46.131	46.077	46.041	45.992	45.935	45.89	45.836	45.782	45.725	45.676	45.627	45.575	45.521	45.473	45.425	45.384	45.318	45.279	45.223	45.175	45.119	45.071	45.017	44.962	44.919	44.87	44.826	44.781	44.733	44.687	44.644	44.6	44.566	44.518	44.49	44.442	44.41	44.372	44.331	44.292	44.249	44.209	44.167	44.131	44.083	44.044	44.001	43.961	43.922	43.879	43.837	43.802	43.754	43.725	43.68	43.643	43.606	43.57	43.529	43.493	43.46	43.42	43.393	43.35	43.316	43.271	43.23	43.202	43.166	43.126	43.092	43.056	43.019	42.983	42.947	42.908	42.866	42.84	42.802	42.78	42.752	42.729	42.711	42.684	42.666	42.649	42.628	42.61	42.593	42.573	42.563	42.551	42.539	42.526	42.514	42.5	42.494	42.475	42.474	42.467	42.463	42.461	42.461	42.452	42.452	42.446	42.446
47.174	47.138	47.088	47.047	46.996	46.941	46.903	46.846	46.799	46.755	46.71	46.664	46.612	46.569	46.53	46.477	46.434	46.386	46.355	46.302	46.271	46.221	46.181	46.136	46.094	46.056	46.009	45.97	45.923	45.873	45.818	45.767	45.731	45.671	45.614	45.565	45.506	45.454	45.402	45.341	45.292	45.241	45.18	45.132	45.078	45.033	44.981	44.93	44.876	44.823	44.768	44.717	44.662	44.608	44.566	44.511	44.465	44.422	44.371	44.325	44.286	44.242	44.202	44.158	44.122	44.074	44.041	43.995	43.955	43.914	43.871	43.83	43.79	43.749	43.7	43.663	43.615	43.574	43.536	43.492	43.45	43.41	43.369	43.331	43.286	43.248	43.21	43.167	43.126	43.082	43.048	43.006	42.971	42.933	42.897	42.852	42.815	42.788	42.747	42.708	42.672	42.628	42.597	42.554	42.518	42.48	42.439	42.398	42.366	42.33	42.303	42.279	42.257	42.23	42.206	42.189	42.163	42.147	42.124	42.104	42.091	42.075	42.063	42.041	42.03	42.016	42.002	41.99	41.975	41.97	41.958	41.957	41.955	41.945	41.943	41.934	41.933
46.924	46.88	46.825	46.777	46.729	46.674	46.638	46.586	46.535	46.484	46.442	46.403	46.351	46.299	46.252	46.199	46.151	46.104	46.063	46.016	45.978	45.93	45.892	45.843	45.801	45.761	45.709	45.676	45.618	45.571	45.517	45.463	45.407	45.346	45.291	45.245	45.191	45.131	45.083	45.019	44.976	44.914	44.852	44.804	44.754	44.7	44.656	44.595	44.544	44.494	44.436	44.385	44.335	44.284	44.224	44.176	44.13	44.081	44.027	43.981	43.941	43.898	43.854	43.816	43.772	43.727	43.686	43.638	43.596	43.555	43.51	43.47	43.423	43.381	43.338	43.295	43.245	43.207	43.169	43.129	43.087	43.04	43.006	42.961	42.917	42.877	42.829	42.786	42.744	42.698	42.657	42.614	42.576	42.538	42.502	42.465	42.428	42.389	42.345	42.308	42.269	42.228	42.191	42.145	42.106	42.069	42.029	41.983	41.952	41.906	41.88	41.845	41.824	41.795	41.771	41.747	41.724	41.703	41.676	41.662	41.637	41.625	41.607	41.583	41.563	41.553	41.524	41.523	41.494	41.484	41.47	41.46	41.458	41.447	41.443	41.436	41.431
46.722	46.666	46.609	46.56	46.503	46.439	46.384	46.325	46.271	46.229	46.175	46.122	46.072	46.024	45.985	45.934	45.883	45.832	45.791	45.752	45.707	45.655	45.615	45.564	45.518	45.478	45.427	45.383	45.318	45.281	45.21	45.159	45.108	45.054	45.001	44.937	44.895	44.819	44.771	44.719	44.657	44.597	44.544	44.498	44.451	44.385	44.334	44.28	44.238	44.176	44.113	44.061	44.012	43.965	43.9	43.859	43.8	43.749	43.704	43.655	43.606	43.559	43.514	43.477	43.431	43.388	43.343	43.297	43.253	43.205	43.159	43.117	43.069	43.033	42.985	42.936	42.898	42.859	42.816	42.773	42.736	42.691	42.651	42.6	42.558	42.51	42.466	42.419	42.37	42.325	42.28	42.237	42.2	42.157	42.116	42.079	42.038	41.999	41.965	41.919	41.876	41.847	41.792	41.761	41.72	41.676	41.636	41.59	41.555	41.508	41.483	41.441	41.41	41.38	41.349	41.323	41.297	41.274	41.248	41.228	41.198	41.176	41.16	41.137	41.117	41.101	41.067	41.057	41.027	41.019	40.998	40.986	40.975	40.959	40.945	40.949	40.936
46.465	46.409	46.349	46.288	46.234	46.184	46.14	46.088	46.035	45.984	45.934	45.886	45.839	45.787	45.729	45.666	45.611	45.568	45.516	45.453	45.419	45.372	45.325	45.279	45.235	45.186	45.129	45.085	45.026	44.984	44.91	44.867	44.798	44.733	44.684	44.621	44.584	44.526	44.473	44.411	44.347	44.3	44.249	44.187	44.129	44.082	44.036	43.971	43.913	43.855	43.811	43.763	43.704	43.651	43.597	43.546	43.488	43.445	43.391	43.34	43.294	43.25	43.206	43.157	43.113	43.066	43.017	42.971	42.922	42.877	42.831	42.779	42.732	42.687	42.639	42.606	42.559	42.515	42.474	42.432	42.389	42.343	42.299	42.252	42.211	42.158	42.117	42.068	42.015	41.975	41.92	41.873	41.825	41.786	41.749	41.706	41.665	41.623	41.58	41.542	41.495	41.471	41.419	41.385	41.338	41.294	41.256	41.208	41.17	41.124	41.081	41.041	41.009	40.971	40.94	40.913	40.882	40.856	40.833	40.797	40.783	40.754	40.726	40.699	40.671	40.649	40.631	40.602	40.583	40.56	40.534	40.517	40.507	40.495	40.482	40.467	40.454
46.319	46.247	46.172	46.118	46.056	45.989	45.923	45.859	45.802	45.74	45.698	45.646	45.587	45.536	45.489	45.441	45.387	45.325	45.28	45.232	45.183	45.128	45.08	45.029	44.98	44.93	44.877	44.832	44.756	44.711	44.645	44.591	44.525	44.47	44.428	44.37	44.305	44.243	44.193	44.14	44.093	44.03	43.97	43.923	43.872	43.806	43.74	43.687	43.64	43.579	43.515	43.458	43.412	43.365	43.308	43.252	43.204	43.156	43.101	43.058	43.009	42.953	42.908	42.862	42.823	42.772	42.728	42.681	42.63	42.582	42.532	42.481	42.439	42.388	42.339	42.297	42.248	42.207	42.166	42.12	42.076	42.029	41.987	41.928	41.886	41.839	41.797	41.752	41.704	41.655	41.593	41.556	41.501	41.453	41.407	41.362	41.326	41.285	41.234	41.211	41.156	41.114	41.076	41.032	40.988	40.95	40.909	40.859	40.821	40.777	40.734	40.689	40.65	40.611	40.575	40.543	40.509	40.476	40.451	40.413	40.382	40.352	40.324	40.3	40.272	40.244	40.225	40.186	40.172	40.138	40.121	40.099	40.072	40.05	40.034	40.016	40.011
46.104	46.022	45.946	45.883	45.815	45.757	45.703	45.643	45.595	45.543	45.49	45.434	45.387	45.337	45.277	45.213	45.155	45.093	45.042	44.98	44.927	44.871	44.829	44.775	44.724	44.678	44.617	44.565	44.506	44.461	44.397	44.328	44.272	44.205	44.135	44.077	44.032	43.981	43.933	43.865	43.814	43.758	43.707	43.655	43.589	43.536	43.486	43.424	43.357	43.304	43.248	43.197	43.147	43.088	43.034	42.992	42.933	42.886	42.84	42.792	42.742	42.694	42.655	42.602	42.558	42.506	42.461	42.409	42.362	42.312	42.26	42.21	42.153	42.104	42.056	42.005	41.962	41.916	41.86	41.811	41.771	41.713	41.67	41.618	41.573	41.528	41.483	41.437	41.389	41.34	41.29	41.232	41.184	41.136	41.095	41.047	41.002	40.961	40.917	40.871	40.83	40.792	40.746	40.701	40.659	40.611	40.564	40.528	40.483	40.429	40.389	40.339	40.294	40.257	40.22	40.183	40.152	40.117	40.071	40.051	40.006	39.979	39.944	39.909	39.882	39.852	39.828	39.797	39.774	39.739	39.712	39.686	39.663	39.643	39.618	39.604	39.58
45.963	45.863	45.786	45.713	45.641	45.571	45.51	45.437	45.378	45.316	45.268	45.219	45.159	45.108	45.056	44.998	44.943	44.886	44.828	44.761	44.719	44.652	44.604	44.546	44.494	44.442	44.384	44.334	44.278	44.213	44.167	44.096	44.025	43.96	43.904	43.85	43.779	43.711	43.669	43.615	43.559	43.502	43.449	43.394	43.334	43.291	43.219	43.17	43.106	43.049	42.986	42.931	42.877	42.822	42.774	42.721	42.669	42.625	42.575	42.524	42.476	42.428	42.379	42.331	42.294	42.24	42.197	42.142	42.094	42.043	41.99	41.943	41.884	41.84	41.784	41.737	41.684	41.631	41.578	41.526	41.476	41.419	41.373	41.322	41.27	41.224	41.179	41.134	41.085	41.032	40.99	40.928	40.886	40.829	40.784	40.744	40.698	40.65	40.612	40.558	40.521	40.472	40.428	40.382	40.337	40.29	40.246	40.205	40.155	40.115	40.062	40.016	39.97	39.922	39.883	39.844	39.802	39.771	39.718	39.688	39.637	39.609	39.573	39.539	39.511	39.477	39.454	39.42	39.39	39.364	39.333	39.299	39.273	39.243	39.213	39.197	39.174
45.782	45.682	45.591	45.521	45.45	45.377	45.312	45.243	45.19	45.133	45.077	45.022	44.964	44.91	44.857	44.8	44.744	44.677	44.623	44.56	44.504	44.441	44.386	44.33	44.271	44.216	44.167	44.107	44.058	43.998	43.942	43.885	43.813	43.741	43.683	43.606	43.544	43.493	43.434	43.378	43.322	43.263	43.208	43.154	43.096	43.048	42.978	42.937	42.872	42.815	42.754	42.7	42.649	42.592	42.541	42.484	42.44	42.388	42.338	42.289	42.239	42.189	42.145	42.099	42.053	41.994	41.953	41.899	41.85	41.8	41.747	41.695	41.635	41.592	41.524	41.483	41.427	41.374	41.32	41.266	41.208	41.159	41.1	41.051	41	40.955	40.907	40.859	40.811	40.759	40.713	40.66	40.614	40.565	40.509	40.467	40.419	40.372	40.326	40.274	40.236	40.179	40.141	40.091	40.046	39.999	39.955	39.904	39.855	39.817	39.761	39.714	39.67	39.62	39.579	39.542	39.488	39.454	39.398	39.365	39.316	39.275	39.24	39.204	39.174	39.135	39.11	39.072	39.044	39.01	38.979	38.946	38.913	38.881	38.857	38.832	38.808
45.623	45.51	45.419	45.339	45.266	45.194	45.128	45.051	44.991	44.931	44.874	44.816	44.76	44.705	44.645	44.587	44.546	44.485	44.428	44.373	44.306	44.255	44.193	44.128	44.069	44.011	43.961	43.9	43.845	43.794	43.726	43.669	43.607	43.536	43.473	43.401	43.336	43.277	43.218	43.16	43.104	43.046	42.99	42.928	42.869	42.817	42.76	42.709	42.643	42.59	42.535	42.481	42.427	42.368	42.322	42.263	42.216	42.16	42.111	42.057	42.008	41.96	41.915	41.86	41.813	41.759	41.71	41.657	41.607	41.556	41.506	41.455	41.391	41.347	41.281	41.232	41.176	41.122	41.068	41.013	40.958	40.901	40.841	40.797	40.74	40.696	40.65	40.602	40.555	40.507	40.455	40.412	40.355	40.312	40.257	40.2	40.152	40.103	40.055	40.003	39.961	39.907	39.864	39.814	39.772	39.726	39.673	39.625	39.577	39.527	39.484	39.429	39.386	39.338	39.297	39.248	39.197	39.154	39.098	39.06	39.013	38.972	38.932	38.896	38.855	38.815	38.782	38.738	38.713	38.672	38.641	38.609	38.576	38.543	38.517	38.484	38.457
45.449	45.331	45.25	45.164	45.084	45.013	44.942	44.864	44.802	44.741	44.685	44.626	44.568	44.512	44.452	44.395	44.354	44.302	44.239	44.195	44.124	44.075	44.007	43.942	43.888	43.83	43.774	43.72	43.653	43.6	43.535	43.479	43.417	43.348	43.285	43.219	43.153	43.08	43.033	42.971	42.91	42.852	42.788	42.726	42.666	42.61	42.551	42.497	42.437	42.387	42.332	42.283	42.229	42.173	42.126	42.064	42.013	41.957	41.905	41.851	41.8	41.753	41.7	41.644	41.595	41.54	41.487	41.436	41.386	41.332	41.282	41.231	41.17	41.115	41.059	41.004	40.949	40.894	40.836	40.782	40.728	40.665	40.616	40.564	40.51	40.461	40.415	40.365	40.318	40.274	40.219	40.181	40.123	40.078	40.022	39.965	39.911	39.862	39.812	39.761	39.71	39.663	39.615	39.567	39.526	39.478	39.425	39.376	39.33	39.273	39.239	39.18	39.134	39.086	39.033	38.984	38.933	38.885	38.835	38.792	38.743	38.701	38.66	38.616	38.575	38.527	38.488	38.441	38.407	38.368	38.337	38.304	38.275	38.242	38.206	38.177	38.142
45.257	45.152	45.072	44.981	44.904	44.829	44.758	44.687	44.634	44.572	44.514	44.456	44.402	44.348	44.295	44.237	44.184	44.131	44.067	44.026	43.956	43.901	43.837	43.775	43.721	43.665	43.604	43.552	43.487	43.427	43.371	43.313	43.251	43.182	43.116	43.049	42.991	42.924	42.874	42.804	42.741	42.68	42.615	42.547	42.491	42.429	42.36	42.312	42.255	42.201	42.155	42.106	42.053	42	41.946	41.885	41.833	41.776	41.72	41.667	41.617	41.561	41.504	41.454	41.397	41.339	41.286	41.237	41.181	41.127	41.072	41.018	40.967	40.905	40.854	40.798	40.745	40.69	40.633	40.579	40.524	40.465	40.424	40.356	40.32	40.265	40.215	40.165	40.11	40.067	40.007	39.964	39.913	39.863	39.806	39.754	39.701	39.644	39.594	39.543	39.488	39.443	39.391	39.347	39.294	39.247	39.204	39.149	39.108	39.057	39.013	38.962	38.913	38.857	38.805	38.752	38.701	38.651	38.605	38.559	38.511	38.467	38.418	38.374	38.328	38.276	38.23	38.186	38.141	38.1	38.07	38.032	38.002	37.971	37.931	37.906	37.864
45.094	44.994	44.908	44.816	44.745	44.669	44.598	44.524	44.454	44.387	44.334	44.273	44.234	44.173	44.118	44.068	44.02	43.975	43.914	43.859	43.803	43.747	43.69	43.621	43.559	43.505	43.447	43.381	43.331	43.27	43.205	43.148	43.092	43.032	42.969	42.9	42.845	42.777	42.709	42.644	42.585	42.524	42.46	42.39	42.317	42.262	42.199	42.138	42.068	42.02	41.98	41.927	41.868	41.814	41.758	41.705	41.649	41.589	41.539	41.485	41.429	41.37	41.309	41.258	41.192	41.147	41.093	41.037	40.979	40.927	40.877	40.813	40.767	40.707	40.657	40.602	40.547	40.492	40.437	40.385	40.334	40.272	40.234	40.162	40.134	40.067	40.016	39.966	39.911	39.863	39.807	39.755	39.696	39.651	39.596	39.544	39.491	39.437	39.384	39.33	39.276	39.232	39.174	39.132	39.076	39.027	38.988	38.931	38.89	38.84	38.788	38.747	38.693	38.636	38.583	38.531	38.478	38.431	38.378	38.332	38.289	38.24	38.19	38.14	38.091	38.04	37.991	37.941	37.903	37.856	37.82	37.782	37.745	37.712	37.67	37.637	37.6
44.864	44.78	44.723	44.646	44.562	44.489	44.424	44.361	44.302	44.245	44.2	44.122	44.077	44.026	43.978	43.927	43.869	43.804	43.749	43.689	43.642	43.578	43.519	43.465	43.407	43.345	43.29	43.228	43.171	43.111	43.057	43.004	42.94	42.873	42.814	42.758	42.689	42.624	42.571	42.507	42.435	42.364	42.302	42.242	42.173	42.108	42.032	41.975	41.923	41.871	41.812	41.755	41.704	41.657	41.597	41.537	41.477	41.424	41.376	41.318	41.264	41.209	41.145	41.086	41.023	40.976	40.907	40.865	40.81	40.752	40.699	40.64	40.587	40.529	40.476	40.427	40.373	40.322	40.264	40.206	40.159	40.091	40.057	39.996	39.947	39.89	39.843	39.79	39.73	39.677	39.612	39.575	39.512	39.462	39.41	39.355	39.303	39.249	39.195	39.143	39.084	39.041	38.98	38.935	38.886	38.834	38.782	38.729	38.679	38.624	38.585	38.529	38.477	38.428	38.376	38.323	38.271	38.227	38.175	38.136	38.084	38.035	37.988	37.937	37.883	37.833	37.786	37.722	37.688	37.638	37.602	37.566	37.525	37.485	37.451	37.406	37.373
44.757	44.692	44.574	44.504	44.441	44.377	44.302	44.228	44.166	44.084	44.029	43.987	43.928	43.879	43.822	43.77	43.723	43.67	43.627	43.56	43.497	43.448	43.385	43.328	43.269	43.202	43.142	43.091	43.031	42.973	42.914	42.852	42.802	42.747	42.684	42.624	42.564	42.508	42.435	42.362	42.307	42.25	42.18	42.106	42.041	41.977	41.912	41.847	41.776	41.716	41.664	41.614	41.555	41.486	41.433	41.376	41.329	41.269	41.214	41.16	41.106	41.046	40.979	40.929	40.857	40.808	40.746	40.697	40.643	40.588	40.537	40.484	40.426	40.377	40.317	40.272	40.212	40.162	40.107	40.048	40.002	39.943	39.893	39.839	39.789	39.74	39.685	39.627	39.577	39.531	39.458	39.41	39.351	39.299	39.247	39.195	39.142	39.082	39.024	38.978	38.912	38.862	38.815	38.754	38.702	38.653	38.6	38.551	38.499	38.439	38.399	38.339	38.296	38.243	38.19	38.143	38.089	38.036	37.985	37.947	37.897	37.853	37.8	37.748	37.697	37.639	37.594	37.547	37.5	37.456	37.409	37.369	37.328	37.284	37.243	37.197	37.16
44.468	44.486	44.394	44.342	44.266	44.2	44.142	44.08	44.027	43.974	43.909	43.856	43.793	43.751	43.696	43.641	43.59	43.522	43.455	43.401	43.336	43.283	43.224	43.16	43.103	43.048	42.986	42.92	42.866	42.811	42.76	42.698	42.642	42.585	42.523	42.465	42.403	42.337	42.279	42.223	42.152	42.089	42.026	41.961	41.899	41.827	41.764	41.703	41.639	41.586	41.525	41.462	41.403	41.348	41.304	41.227	41.18	41.12	41.072	41.015	40.958	40.9	40.836	40.781	40.709	40.655	40.602	40.539	40.489	40.439	40.385	40.33	40.271	40.226	40.158	40.115	40.057	40.004	39.953	39.896	39.837	39.785	39.733	39.683	39.633	39.577	39.527	39.478	39.421	39.359	39.31	39.256	39.202	39.152	39.094	39.039	38.983	38.927	38.872	38.809	38.765	38.699	38.652	38.598	38.543	38.488	38.432	38.372	38.321	38.27	38.219	38.166	38.119	38.063	38.012	37.966	37.908	37.868	37.817	37.769	37.717	37.674	37.619	37.569	37.525	37.471	37.421	37.378	37.325	37.288	37.242	37.197	37.153	37.108	37.06	37.019	36.977
44.374	44.371	44.264	44.211	44.144	44.081	44.024	43.958	43.888	43.835	43.765	43.715	43.661	43.609	43.557	43.502	43.449	43.391	43.335	43.276	43.215	43.144	43.092	43.035	42.973	42.905	42.84	42.782	42.732	42.663	42.61	42.556	42.5	42.442	42.384	42.327	42.262	42.205	42.137	42.079	42.015	41.959	41.898	41.832	41.768	41.712	41.647	41.584	41.516	41.458	41.392	41.333	41.281	41.22	41.165	41.097	41.058	40.989	40.941	40.879	40.82	40.766	40.703	40.639	40.587	40.516	40.461	40.402	40.351	40.298	40.241	40.195	40.133	40.086	40.025	39.97	39.92	39.864	39.81	39.758	39.703	39.649	39.596	39.542	39.491	39.437	39.382	39.332	39.283	39.226	39.176	39.116	39.066	39.011	38.958	38.911	38.854	38.794	38.745	38.672	38.631	38.569	38.515	38.463	38.405	38.35	38.297	38.241	38.187	38.133	38.083	38.03	37.979	37.928	37.878	37.825	37.767	37.725	37.661	37.628	37.572	37.526	37.48	37.43	37.377	37.328	37.286	37.243	37.2	37.147	37.102	37.053	37.006	36.958	36.913	36.864	36.82
44.218	44.183	44.115	44.055	44.003	43.935	43.869	43.802	43.753	43.696	43.637	43.583	43.529	43.468	43.418	43.369	43.315	43.254	43.197	43.123	43.071	43.009	42.944	42.889	42.832	42.767	42.704	42.64	42.582	42.526	42.469	42.404	42.351	42.297	42.239	42.178	42.112	42.063	41.994	41.936	41.884	41.825	41.764	41.7	41.641	41.585	41.521	41.469	41.398	41.34	41.275	41.213	41.157	41.099	41.051	40.986	40.936	40.872	40.82	40.762	40.701	40.643	40.583	40.518	40.464	40.394	40.34	40.273	40.222	40.168	40.114	40.06	40.001	39.95	39.899	39.84	39.787	39.733	39.679	39.625	39.572	39.515	39.463	39.411	39.355	39.308	39.251	39.194	39.143	39.092	39.037	38.985	38.937	38.885	38.826	38.779	38.724	38.667	38.616	38.554	38.499	38.443	38.391	38.334	38.279	38.223	38.167	38.11	38.055	38.001	37.952	37.9	37.852	37.799	37.745	37.69	37.642	37.598	37.537	37.498	37.444	37.395	37.348	37.302	37.253	37.205	37.162	37.109	37.072	37.019	36.973	36.924	36.873	36.824	36.778	36.728	36.688
44.084	44.018	43.975	43.905	43.85	43.796	43.73	43.664	43.612	43.544	43.496	43.431	43.38	43.322	43.266	43.216	43.165	43.105	43.052	42.991	42.93	42.873	42.811	42.755	42.698	42.633	42.569	42.507	42.443	42.387	42.332	42.269	42.214	42.16	42.098	42.04	41.978	41.92	41.861	41.804	41.749	41.686	41.625	41.575	41.515	41.46	41.394	41.344	41.277	41.219	41.156	41.094	41.041	40.985	40.931	40.869	40.814	40.766	40.707	40.65	40.589	40.526	40.466	40.4	40.339	40.272	40.213	40.149	40.093	40.039	39.982	39.925	39.877	39.821	39.768	39.717	39.662	39.608	39.554	39.5	39.446	39.394	39.337	39.29	39.231	39.181	39.133	39.075	39.021	38.968	38.912	38.866	38.806	38.761	38.703	38.647	38.592	38.539	38.483	38.432	38.375	38.32	38.269	38.212	38.158	38.102	38.044	37.988	37.933	37.88	37.831	37.778	37.731	37.682	37.628	37.578	37.527	37.474	37.427	37.376	37.328	37.28	37.223	37.177	37.133	37.082	37.045	36.993	36.952	36.9	36.852	36.8	36.749	36.705	36.659	36.612	36.572
43.94	43.872	43.826	43.757	43.703	43.649	43.586	43.519	43.466	43.397	43.351	43.287	43.236	43.182	43.125	43.07	43.019	42.961	42.903	42.856	42.787	42.732	42.677	42.622	42.569	42.503	42.442	42.381	42.323	42.257	42.203	42.144	42.088	42.035	41.973	41.912	41.854	41.789	41.739	41.678	41.627	41.564	41.503	41.453	41.391	41.339	41.275	41.223	41.159	41.104	41.042	40.987	40.934	40.876	40.814	40.768	40.703	40.658	40.596	40.538	40.483	40.42	40.359	40.293	40.231	40.168	40.103	40.047	39.991	39.93	39.873	39.814	39.767	39.709	39.654	39.606	39.551	39.498	39.445	39.391	39.336	39.288	39.229	39.18	39.127	39.074	39.026	38.97	38.915	38.865	38.808	38.76	38.697	38.65	38.595	38.538	38.482	38.429	38.373	38.323	38.267	38.214	38.161	38.107	38.054	37.994	37.936	37.88	37.824	37.772	37.723	37.673	37.625	37.576	37.524	37.474	37.425	37.368	37.323	37.271	37.224	37.177	37.12	37.076	37.032	36.978	36.941	36.891	36.844	36.795	36.746	36.694	36.648	36.604	36.56	36.515	36.473
43.764	43.735	43.667	43.614	43.561	43.494	43.431	43.367	43.317	43.258	43.202	43.149	43.095	43.039	42.991	42.936	42.876	42.82	42.754	42.705	42.642	42.593	42.537	42.481	42.428	42.377	42.317	42.251	42.199	42.136	42.078	42.019	41.955	41.901	41.846	41.778	41.727	41.662	41.615	41.55	41.506	41.443	41.382	41.332	41.268	41.216	41.156	41.104	41.049	40.994	40.943	40.889	40.835	40.776	40.709	40.671	40.596	40.548	40.489	40.432	40.377	40.317	40.255	40.189	40.127	40.069	40	39.948	39.886	39.825	39.772	39.715	39.66	39.605	39.555	39.498	39.445	39.392	39.339	39.289	39.233	39.182	39.131	39.074	39.03	38.976	38.928	38.872	38.815	38.77	38.71	38.656	38.604	38.543	38.489	38.437	38.381	38.325	38.274	38.218	38.162	38.112	38.054	38.004	37.947	37.887	37.831	37.774	37.719	37.668	37.617	37.573	37.523	37.479	37.426	37.37	37.325	37.272	37.217	37.173	37.124	37.075	37.029	36.985	36.937	36.885	36.837	36.786	36.74	36.689	36.641	36.595	36.55	36.506	36.464	36.42	36.372
43.613	43.619	43.534	43.48	43.42	43.353	43.293	43.231	43.164	43.108	43.042	42.99	42.936	42.878	42.835	42.779	42.712	42.662	42.609	42.564	42.504	42.454	42.396	42.341	42.288	42.235	42.192	42.124	42.066	42.015	41.956	41.899	41.831	41.77	41.715	41.651	41.604	41.529	41.491	41.429	41.377	41.311	41.254	41.21	41.153	41.089	41.033	40.977	40.926	40.871	40.823	40.772	40.715	40.67	40.6	40.547	40.484	40.437	40.377	40.316	40.258	40.199	40.139	40.077	40.009	39.951	39.887	39.83	39.772	39.716	39.661	39.605	39.553	39.495	39.449	39.387	39.34	39.285	39.228	39.177	39.127	39.069	39.03	38.969	38.917	38.866	38.822	38.771	38.714	38.662	38.608	38.547	38.497	38.431	38.379	38.33	38.275	38.216	38.164	38.105	38.049	37.998	37.938	37.886	37.83	37.775	37.719	37.659	37.609	37.559	37.502	37.458	37.407	37.367	37.322	37.266	37.212	37.161	37.104	37.06	37.012	36.965	36.919	36.87	36.818	36.774	36.721	36.677	36.628	36.574	36.529	36.482	36.44	36.397	36.356	36.317	36.257
43.454	43.433	43.37	43.327	43.268	43.206	43.147	43.084	43.018	42.966	42.923	42.861	42.815	42.755	42.698	42.642	42.587	42.53	42.463	42.421	42.352	42.31	42.255	42.207	42.156	42.1	42.054	42.01	41.951	41.898	41.829	41.78	41.718	41.656	41.598	41.533	41.487	41.409	41.365	41.304	41.259	41.208	41.148	41.087	41.023	40.97	40.929	40.862	40.82	40.763	40.72	40.674	40.62	40.569	40.505	40.453	40.399	40.335	40.275	40.22	40.166	40.105	40.034	39.978	39.917	39.857	39.802	39.741	39.685	39.628	39.567	39.51	39.467	39.399	39.356	39.304	39.249	39.196	39.14	39.086	39.039	38.982	38.929	38.876	38.831	38.777	38.721	38.669	38.616	38.557	38.511	38.454	38.391	38.345	38.289	38.23	38.177	38.124	38.066	38.012	37.957	37.898	37.845	37.789	37.733	37.677	37.621	37.563	37.505	37.449	37.399	37.35	37.301	37.252	37.208	37.165	37.112	37.06	37.017	36.955	36.914	36.865	36.819	36.774	36.725	36.676	36.62	36.58	36.522	36.475	36.433	36.385	36.346	36.308	36.255	36.23	36.17
43.386	43.316	43.275	43.214	43.151	43.085	43.011	42.949	42.898	42.814	42.769	42.701	42.649	42.598	42.544	42.489	42.435	42.381	42.324	42.289	42.23	42.191	42.132	42.072	42.029	41.987	41.93	41.876	41.812	41.779	41.719	41.662	41.596	41.538	41.483	41.414	41.36	41.305	41.258	41.198	41.139	41.083	41.026	40.976	40.928	40.861	40.807	40.742	40.702	40.649	40.597	40.548	40.497	40.443	40.393	40.331	40.265	40.208	40.16	40.099	40.034	39.976	39.919	39.856	39.798	39.734	39.68	39.628	39.573	39.519	39.467	39.408	39.35	39.301	39.249	39.2	39.142	39.095	39.046	38.989	38.937	38.893	38.838	38.785	38.724	38.678	38.623	38.567	38.515	38.455	38.391	38.344	38.288	38.231	38.178	38.124	38.069	38.013	37.954	37.901	37.843	37.786	37.735	37.679	37.629	37.575	37.517	37.464	37.406	37.348	37.295	37.23	37.188	37.143	37.093	37.047	37	36.94	36.899	36.842	36.803	36.75	36.699	36.652	36.604	36.557	36.514	36.465	36.42	36.367	36.324	36.274	36.232	36.195	36.146	36.111	36.07
43.168	43.134	43.107	43.046	42.989	42.936	42.87	42.801	42.742	42.669	42.634	42.575	42.523	42.459	42.408	42.351	42.29	42.241	42.187	42.126	42.075	42.02	41.985	41.933	41.88	41.832	41.782	41.748	41.689	41.633	41.575	41.527	41.471	41.413	41.356	41.301	41.244	41.178	41.111	41.072	41.02	40.97	40.915	40.857	40.804	40.742	40.701	40.65	40.589	40.542	40.491	40.44	40.388	40.329	40.273	40.211	40.163	40.101	40.04	39.983	39.925	39.866	39.806	39.741	39.687	39.635	39.574	39.524	39.471	39.414	39.36	39.307	39.245	39.208	39.137	39.095	39.046	38.992	38.942	38.894	38.842	38.791	38.729	38.694	38.629	38.578	38.526	38.466	38.408	38.357	38.301	38.24	38.191	38.131	38.079	38.025	37.965	37.907	37.856	37.798	37.747	37.694	37.641	37.583	37.532	37.481	37.426	37.373	37.315	37.256	37.2	37.143	37.084	37.038	36.993	36.945	36.902	36.851	36.803	36.751	36.7	36.65	36.602	36.553	36.503	36.456	36.417	36.353	36.326	36.264	36.222	36.18	36.131	36.087	36.052	36.001	35.963
43.084	43.042	42.984	42.946	42.877	42.807	42.743	42.681	42.615	42.55	42.492	42.417	42.378	42.311	42.257	42.203	42.145	42.093	42.04	41.983	41.96	41.896	41.859	41.808	41.759	41.72	41.669	41.617	41.563	41.521	41.47	41.414	41.362	41.305	41.247	41.195	41.132	41.087	41.02	40.965	40.907	40.86	40.809	40.757	40.705	40.661	40.598	40.55	40.489	40.441	40.381	40.325	40.271	40.211	40.161	40.098	40.041	39.981	39.919	39.865	39.808	39.744	39.683	39.633	39.573	39.516	39.466	39.408	39.362	39.309	39.255	39.206	39.145	39.097	39.039	38.989	38.943	38.895	38.846	38.795	38.74	38.699	38.638	38.592	38.544	38.487	38.432	38.376	38.319	38.256	38.207	38.142	38.092	38.039	37.982	37.923	37.865	37.81	37.757	37.699	37.651	37.59	37.541	37.489	37.438	37.387	37.339	37.286	37.23	37.179	37.11	37.072	37.007	36.956	36.91	36.86	36.813	36.767	36.714	36.67	36.613	36.566	36.509	36.46	36.417	36.367	36.33	36.275	36.235	36.185	36.133	36.088	36.039	35.99	35.949	35.906	35.869
42.903	42.892	42.822	42.779	42.725	42.658	42.6	42.536	42.469	42.4	42.348	42.287	42.233	42.179	42.12	42.062	42.006	41.945	41.899	41.833	41.794	41.744	41.714	41.663	41.618	41.578	41.531	41.488	41.435	41.382	41.337	41.28	41.231	41.181	41.124	41.08	41.012	40.964	40.892	40.843	40.793	40.739	40.689	40.64	40.589	40.543	40.48	40.438	40.377	40.319	40.261	40.207	40.153	40.09	40.037	39.977	39.916	39.859	39.803	39.743	39.68	39.621	39.566	39.511	39.463	39.399	39.355	39.293	39.246	39.195	39.141	39.092	39.038	38.982	38.935	38.881	38.83	38.783	38.738	38.687	38.634	38.586	38.54	38.483	38.433	38.386	38.327	38.27	38.213	38.148	38.095	38.034	37.979	37.923	37.867	37.81	37.754	37.698	37.643	37.589	37.539	37.484	37.433	37.379	37.33	37.281	37.231	37.181	37.12	37.082	37.014	36.968	36.916	36.863	36.817	36.768	36.723	36.679	36.624	36.585	36.525	36.484	36.427	36.376	36.333	36.278	36.238	36.195	36.136	36.095	36.041	35.993	35.948	35.902	35.851	35.806	35.769
42.765	42.767	42.692	42.643	42.582	42.521	42.462	42.397	42.336	42.265	42.203	42.151	42.076	42.029	41.97	41.912	41.865	41.802	41.757	41.698	41.656	41.611	41.576	41.538	41.493	41.447	41.401	41.358	41.312	41.254	41.212	41.157	41.112	41.062	41.004	40.958	40.9	40.851	40.782	40.723	40.673	40.619	40.569	40.524	40.472	40.426	40.37	40.318	40.254	40.198	40.14	40.086	40.029	39.969	39.914	39.853	39.798	39.729	39.674	39.621	39.558	39.503	39.449	39.389	39.352	39.285	39.237	39.179	39.128	39.077	39.028	38.979	38.931	38.876	38.827	38.778	38.728	38.679	38.634	38.591	38.544	38.484	38.437	38.387	38.327	38.28	38.225	38.168	38.109	38.047	37.986	37.924	37.87	37.81	37.755	37.696	37.64	37.587	37.533	37.478	37.423	37.373	37.328	37.274	37.234	37.184	37.129	37.083	37.02	36.976	36.921	36.872	36.821	36.77	36.724	36.68	36.634	36.592	36.539	36.501	36.442	36.398	36.35	36.299	36.252	36.202	36.153	36.112	36.057	36.009	35.958	35.908	35.863	35.81	35.762	35.713	35.672
42.636	42.64	42.538	42.5	42.437	42.376	42.324	42.259	42.202	42.138	42.062	42.022	41.944	41.906	41.848	41.788	41.741	41.675	41.629	41.569	41.529	41.484	41.435	41.397	41.353	41.307	41.269	41.218	41.184	41.128	41.087	41.032	40.987	40.948	40.89	40.839	40.786	40.729	40.675	40.611	40.556	40.502	40.448	40.404	40.357	40.309	40.251	40.193	40.132	40.077	40.019	39.966	39.908	39.852	39.798	39.731	39.68	39.611	39.553	39.5	39.436	39.38	39.335	39.277	39.233	39.177	39.125	39.075	39.024	38.97	38.921	38.871	38.822	38.776	38.723	38.676	38.625	38.575	38.534	38.492	38.445	38.391	38.334	38.287	38.227	38.17	38.115	38.058	37.998	37.938	37.876	37.815	37.76	37.699	37.645	37.586	37.533	37.481	37.423	37.368	37.318	37.263	37.22	37.167	37.127	37.079	37.024	36.979	36.922	36.869	36.824	36.774	36.73	36.678	36.634	36.59	36.539	36.498	36.447	36.404	36.352	36.3	36.251	36.202	36.155	36.114	36.064	36.016	35.976	35.922	35.873	35.823	35.773	35.72	35.675	35.626	35.576
42.478	42.506	42.381	42.353	42.289	42.227	42.176	42.116	42.051	42.003	41.929	41.894	41.824	41.785	41.732	41.673	41.62	41.555	41.514	41.446	41.399	41.353	41.303	41.262	41.217	41.165	41.136	41.077	41.048	40.993	40.952	40.897	40.85	40.811	40.761	40.707	40.662	40.596	40.551	40.49	40.436	40.382	40.329	40.277	40.234	40.183	40.123	40.069	40.011	39.953	39.898	39.844	39.787	39.73	39.679	39.613	39.555	39.501	39.44	39.384	39.32	39.257	39.214	39.161	39.103	39.062	39.009	38.961	38.912	38.858	38.809	38.76	38.707	38.665	38.612	38.568	38.513	38.466	38.424	38.377	38.323	38.282	38.222	38.168	38.116	38.054	37.993	37.936	37.876	37.814	37.755	37.696	37.639	37.58	37.526	37.471	37.419	37.369	37.309	37.252	37.209	37.146	37.104	37.05	37.001	36.953	36.903	36.852	36.807	36.755	36.709	36.66	36.618	36.569	36.524	36.48	36.427	36.385	36.339	36.288	36.248	36.19	36.142	36.093	36.04	35.999	35.955	35.906	35.866	35.819	35.77	35.721	35.671	35.621	35.574	35.531	35.476
42.326	42.388	42.277	42.228	42.169	42.102	42.045	41.99	41.922	41.877	41.802	41.755	41.684	41.643	41.599	41.55	41.495	41.432	41.395	41.337	41.286	41.239	41.182	41.141	41.093	41.037	40.994	40.939	40.911	40.853	40.815	40.771	40.72	40.673	40.621	40.565	40.534	40.478	40.427	40.369	40.313	40.26	40.206	40.156	40.105	40.053	40	39.942	39.878	39.824	39.77	39.713	39.656	39.594	39.542	39.494	39.422	39.371	39.312	39.258	39.206	39.149	39.086	39.034	38.974	38.935	38.878	38.834	38.789	38.738	38.687	38.64	38.588	38.54	38.487	38.449	38.4	38.347	38.297	38.253	38.199	38.149	38.097	38.039	37.991	37.929	37.867	37.806	37.746	37.685	37.625	37.565	37.507	37.453	37.399	37.345	37.291	37.239	37.193	37.13	37.08	37.025	36.98	36.931	36.877	36.827	36.783	36.728	36.682	36.627	36.587	36.541	36.495	36.446	36.396	36.348	36.298	36.252	36.218	36.161	36.119	36.065	36.015	35.965	35.915	35.867	35.825	35.787	35.736	35.699	35.655	35.603	35.559	35.515	35.459	35.423	35.374
42.219	42.199	42.121	42.063	42.025	41.964	41.904	41.853	41.795	41.739	41.677	41.634	41.586	41.54	41.488	41.435	41.389	41.34	41.278	41.228	41.174	41.116	41.051	40.996	40.953	40.906	40.855	40.801	40.757	40.716	40.671	40.621	40.575	40.536	40.495	40.44	40.389	40.342	40.296	40.243	40.189	40.131	40.077	40.024	39.97	39.916	39.86	39.801	39.748	39.701	39.645	39.583	39.528	39.48	39.406	39.361	39.3	39.248	39.198	39.14	39.082	39.027	38.966	38.919	38.859	38.808	38.762	38.716	38.666	38.614	38.563	38.513	38.463	38.417	38.369	38.313	38.273	38.225	38.168	38.118	38.073	38.011	37.969	37.913	37.849	37.792	37.733	37.673	37.613	37.555	37.494	37.437	37.376	37.326	37.269	37.222	37.171	37.115	37.068	37.011	36.956	36.916	36.849	36.806	36.754	36.699	36.65	36.601	36.564	36.5	36.46	36.41	36.361	36.318	36.269	36.217	36.174	36.112	36.079	36.031	35.986	35.942	35.892	35.837	35.788	35.744	35.686	35.655	35.608	35.563	35.525	35.483	35.441	35.4	35.353	35.305	35.262
42.159	42.067	42.032	41.962	41.9	41.838	41.781	41.729	41.665	41.605	41.561	41.491	41.433	41.382	41.342	41.294	41.244	41.205	41.15	41.116	41.044	40.999	40.957	40.896	40.832	40.773	40.716	40.68	40.609	40.575	40.526	40.483	40.436	40.38	40.329	40.296	40.251	40.211	40.16	40.107	40.056	40	39.94	39.879	39.82	39.769	39.705	39.653	39.596	39.524	39.477	39.426	39.365	39.314	39.254	39.199	39.146	39.08	39.033	38.981	38.928	38.877	38.821	38.757	38.702	38.651	38.603	38.557	38.507	38.46	38.414	38.361	38.316	38.254	38.222	38.165	38.111	38.069	38.022	37.968	37.918	37.865	37.807	37.746	37.698	37.638	37.577	37.513	37.451	37.393	37.33	37.286	37.218	37.177	37.121	37.07	37.023	36.97	36.914	36.873	36.803	36.764	36.702	36.657	36.605	36.558	36.512	36.452	36.406	36.356	36.31	36.266	36.21	36.163	36.108	36.052	36.011	35.963	35.919	35.87	35.824	35.774	35.732	35.684	35.633	35.59	35.539	35.487	35.449	35.405	35.363	35.328	35.284	35.24	35.206	35.155	35.099
41.964	41.904	41.872	41.814	41.764	41.709	41.652	41.595	41.54	41.482	41.426	41.37	41.335	41.272	41.23	41.184	41.131	41.089	41.031	40.993	40.942	40.883	40.819	40.759	40.715	40.664	40.595	40.552	40.485	40.447	40.39	40.344	40.301	40.255	40.208	40.16	40.11	40.067	40.018	39.97	39.911	39.856	39.802	39.744	39.684	39.624	39.568	39.498	39.452	39.391	39.337	39.284	39.225	39.171	39.123	39.058	39.013	38.957	38.899	38.847	38.793	38.737	38.685	38.63	38.583	38.531	38.474	38.433	38.384	38.335	38.285	38.228	38.193	38.133	38.079	38.038	37.984	37.93	37.878	37.827	37.772	37.72	37.669	37.599	37.549	37.477	37.419	37.361	37.298	37.245	37.176	37.134	37.073	37.026	36.984	36.93	36.885	36.841	36.783	36.743	36.679	36.634	36.578	36.529	36.472	36.419	36.374	36.325	36.275	36.231	36.168	36.128	36.076	36.025	35.98	35.931	35.873	35.823	35.778	35.725	35.693	35.639	35.594	35.549	35.497	35.446	35.403	35.352	35.3	35.267	35.22	35.184	35.15	35.108	35.063	35.035	34.965
41.875	41.819	41.773	41.712	41.661	41.607	41.549	41.49	41.435	41.366	41.318	41.246	41.199	41.138	41.09	41.044	40.999	40.962	40.91	40.86	40.814	40.768	40.717	40.659	40.605	40.546	40.485	40.433	40.367	40.321	40.266	40.217	40.154	40.107	40.067	40.011	39.973	39.925	39.873	39.829	39.772	39.721	39.664	39.602	39.55	39.477	39.433	39.356	39.295	39.239	39.171	39.116	39.071	39.017	38.962	38.908	38.852	38.802	38.743	38.692	38.641	38.591	38.54	38.488	38.423	38.378	38.327	38.284	38.231	38.183	38.143	38.091	38.034	37.989	37.939	37.876	37.831	37.779	37.725	37.673	37.62	37.554	37.508	37.438	37.388	37.317	37.26	37.197	37.125	37.073	37.008	36.96	36.915	36.853	36.819	36.773	36.728	36.687	36.632	36.589	36.531	36.488	36.423	36.377	36.335	36.283	36.23	36.183	36.129	36.085	36.032	35.982	35.934	35.88	35.83	35.781	35.729	35.678	35.637	35.575	35.529	35.481	35.434	35.389	35.346	35.304	35.241	35.2	35.146	35.101	35.064	35.015	34.98	34.947	34.896	34.867	34.821
41.719	41.668	41.63	41.579	41.53	41.479	41.424	41.364	41.308	41.233	41.2	41.127	41.078	41.025	40.975	40.925	40.88	40.829	40.78	40.741	40.687	40.631	40.576	40.523	40.471	40.413	40.358	40.302	40.241	40.186	40.123	40.084	40.022	39.965	39.922	39.86	39.824	39.765	39.719	39.672	39.612	39.565	39.51	39.447	39.406	39.332	39.28	39.215	39.149	39.09	39.027	38.971	38.92	38.863	38.808	38.763	38.7	38.649	38.599	38.545	38.496	38.448	38.392	38.344	38.281	38.241	38.181	38.134	38.083	38.031	37.985	37.939	37.886	37.826	37.785	37.725	37.669	37.618	37.556	37.5	37.453	37.389	37.344	37.266	37.217	37.144	37.085	37.026	36.961	36.904	36.846	36.785	36.748	36.692	36.651	36.607	36.563	36.52	36.475	36.434	36.375	36.332	36.279	36.223	36.179	36.129	36.078	36.033	35.982	35.93	35.887	35.834	35.786	35.736	35.684	35.631	35.587	35.531	35.486	35.434	35.383	35.329	35.283	35.228	35.18	35.142	35.084	35.039	34.997	34.941	34.911	34.862	34.814	34.775	34.739	34.698	34.656
41.609	41.56	41.516	41.469	41.418	41.37	41.315	41.25	41.196	41.122	41.08	41.011	40.963	40.906	40.841	40.791	40.754	40.706	40.656	40.612	40.561	40.519	40.46	40.404	40.352	40.293	40.235	40.179	40.117	40.068	39.997	39.951	39.886	39.83	39.781	39.722	39.676	39.616	39.572	39.529	39.472	39.424	39.369	39.31	39.262	39.201	39.144	39.077	39.02	38.954	38.896	38.839	38.781	38.73	38.667	38.613	38.557	38.501	38.452	38.398	38.348	38.305	38.249	38.205	38.14	38.097	38.039	37.989	37.937	37.884	37.83	37.779	37.736	37.672	37.621	37.572	37.511	37.46	37.399	37.338	37.289	37.221	37.179	37.104	37.051	36.983	36.916	36.857	36.796	36.734	36.69	36.632	36.588	36.539	36.496	36.45	36.406	36.359	36.311	36.271	36.22	36.171	36.125	36.074	36.028	35.978	35.93	35.879	35.838	35.784	35.74	35.698	35.645	35.593	35.541	35.49	35.444	35.394	35.347	35.293	35.244	35.185	35.132	35.078	35.025	34.979	34.936	34.878	34.844	34.791	34.753	34.715	34.668	34.618	34.579	34.541	34.495
41.49	41.442	41.393	41.349	41.295	41.247	41.195	41.13	41.075	41.006	40.954	40.892	40.842	40.788	40.723	40.668	40.632	40.586	40.537	40.491	40.433	40.394	40.336	40.28	40.226	40.166	40.109	40.059	39.985	39.938	39.87	39.817	39.752	39.688	39.639	39.581	39.531	39.481	39.429	39.385	39.339	39.291	39.242	39.183	39.122	39.067	39.014	38.935	38.887	38.815	38.757	38.704	38.645	38.599	38.535	38.476	38.429	38.366	38.318	38.263	38.21	38.167	38.109	38.067	38	37.953	37.899	37.848	37.796	37.743	37.688	37.623	37.576	37.526	37.458	37.413	37.348	37.297	37.234	37.174	37.125	37.056	37.009	36.946	36.886	36.829	36.762	36.701	36.64	36.578	36.533	36.479	36.431	36.384	36.335	36.289	36.24	36.193	36.146	36.101	36.057	36.009	35.959	35.917	35.871	35.824	35.775	35.723	35.684	35.638	35.586	35.549	35.497	35.445	35.398	35.347	35.297	35.248	35.21	35.145	35.101	35.044	34.991	34.937	34.884	34.824	34.786	34.725	34.685	34.64	34.59	34.553	34.513	34.463	34.42	34.386	34.34
41.358	41.312	41.266	41.225	41.171	41.121	41.065	41.005	40.942	40.878	40.829	40.767	40.717	40.659	40.617	40.563	40.509	40.47	40.413	40.378	40.313	40.256	40.205	40.149	40.096	40.041	39.974	39.932	39.858	39.805	39.741	39.682	39.625	39.563	39.506	39.446	39.396	39.349	39.293	39.242	39.198	39.145	39.09	39.043	38.98	38.923	38.875	38.795	38.755	38.682	38.626	38.577	38.514	38.466	38.407	38.352	38.303	38.236	38.187	38.133	38.078	38.03	37.969	37.927	37.865	37.817	37.762	37.703	37.655	37.587	37.548	37.488	37.424	37.379	37.309	37.262	37.197	37.141	37.083	37.011	36.966	36.901	36.841	36.786	36.72	36.666	36.602	36.545	36.491	36.436	36.379	36.326	36.279	36.23	36.179	36.132	36.081	36.032	35.994	35.938	35.889	35.848	35.793	35.752	35.702	35.658	35.614	35.569	35.522	35.485	35.434	35.395	35.343	35.298	35.247	35.199	35.152	35.096	35.061	35.005	34.955	34.908	34.845	34.786	34.745	34.682	34.633	34.586	34.535	34.498	34.442	34.402	34.354	34.317	34.272	34.235	34.194
41.258	41.216	41.172	41.119	41.072	41.015	40.95	40.895	40.831	40.77	40.712	40.646	40.604	40.537	40.49	40.446	40.398	40.366	40.292	40.254	40.202	40.146	40.095	40.037	39.984	39.933	39.868	39.806	39.747	39.693	39.63	39.562	39.502	39.442	39.389	39.338	39.279	39.219	39.177	39.123	39.069	39.017	38.952	38.902	38.843	38.785	38.728	38.671	38.61	38.553	38.49	38.439	38.386	38.336	38.285	38.223	38.171	38.113	38.066	38.007	37.952	37.902	37.838	37.793	37.727	37.677	37.622	37.564	37.534	37.447	37.405	37.348	37.295	37.238	37.173	37.12	37.056	37.004	36.944	36.881	36.819	36.758	36.692	36.639	36.578	36.519	36.463	36.409	36.351	36.298	36.241	36.192	36.14	36.088	36.035	35.986	35.933	35.882	35.836	35.792	35.737	35.692	35.641	35.6	35.555	35.508	35.462	35.422	35.37	35.333	35.293	35.248	35.2	35.155	35.102	35.057	35.012	34.961	34.91	34.875	34.813	34.768	34.712	34.657	34.606	34.559	34.495	34.459	34.407	34.357	34.312	34.269	34.214	34.18	34.138	34.1	34.065
41.099	41.065	41.026	40.979	40.932	40.888	40.822	40.768	40.706	40.647	40.597	40.524	40.492	40.434	40.392	40.345	40.287	40.251	40.197	40.147	40.085	40.026	39.973	39.915	39.858	39.806	39.751	39.692	39.627	39.561	39.509	39.457	39.389	39.327	39.266	39.21	39.169	39.1	39.051	38.988	38.926	38.871	38.824	38.75	38.708	38.643	38.588	38.531	38.469	38.42	38.362	38.303	38.252	38.202	38.151	38.102	38.053	37.997	37.944	37.891	37.838	37.78	37.711	37.672	37.595	37.552	37.501	37.435	37.385	37.327	37.278	37.217	37.159	37.103	37.043	36.987	36.926	36.862	36.806	36.748	36.683	36.625	36.562	36.496	36.439	36.379	36.321	36.275	36.219	36.169	36.113	36.058	36.002	35.95	35.905	35.841	35.801	35.746	35.692	35.647	35.6	35.545	35.498	35.445	35.404	35.365	35.314	35.277	35.235	35.188	35.144	35.102	35.057	35.009	34.974	34.911	34.87	34.823	34.77	34.73	34.689	34.633	34.59	34.53	34.473	34.429	34.371	34.32	34.283	34.231	34.181	34.137	34.094	34.047	34.008	33.969	33.931
41.005	40.967	40.93	40.887	40.825	40.775	40.711	40.659	40.594	40.533	40.488	40.424	40.373	40.306	40.261	40.22	40.17	40.121	40.074	40.025	39.972	39.917	39.863	39.813	39.772	39.699	39.641	39.583	39.526	39.468	39.397	39.336	39.265	39.217	39.163	39.099	39.046	38.988	38.92	38.876	38.812	38.744	38.69	38.616	38.57	38.502	38.45	38.396	38.336	38.281	38.216	38.164	38.11	38.058	38.01	37.961	37.912	37.861	37.816	37.764	37.709	37.652	37.583	37.536	37.468	37.404	37.353	37.304	37.244	37.188	37.13	37.074	37.019	36.963	36.905	36.839	36.792	36.734	36.671	36.613	36.555	36.486	36.433	36.361	36.307	36.249	36.188	36.139	36.084	36.038	35.977	35.926	35.873	35.815	35.775	35.711	35.66	35.611	35.557	35.502	35.453	35.393	35.361	35.308	35.262	35.222	35.181	35.144	35.099	35.064	35.016	34.97	34.925	34.861	34.833	34.78	34.729	34.687	34.639	34.58	34.553	34.494	34.449	34.404	34.35	34.294	34.255	34.193	34.141	34.098	34.048	33.994	33.954	33.903	33.87	33.831	33.791
40.848	40.806	40.765	40.726	40.677	40.637	40.567	40.52	40.465	40.407	40.352	40.295	40.257	40.208	40.152	40.103	40.063	40.02	39.961	39.908	39.853	39.802	39.747	39.681	39.636	39.576	39.527	39.461	39.398	39.348	39.277	39.235	39.17	39.102	39.047	38.995	38.927	38.888	38.804	38.745	38.68	38.616	38.562	38.497	38.443	38.381	38.324	38.266	38.209	38.162	38.095	38.044	37.983	37.935	37.893	37.839	37.803	37.749	37.706	37.653	37.598	37.55	37.494	37.406	37.37	37.302	37.24	37.19	37.131	37.076	37.01	36.96	36.901	36.839	36.785	36.729	36.658	36.61	36.548	36.491	36.44	36.365	36.313	36.242	36.18	36.118	36.061	36.015	35.951	35.912	35.851	35.801	35.75	35.69	35.636	35.597	35.538	35.486	35.434	35.382	35.337	35.28	35.224	35.18	35.14	35.099	35.058	35.027	34.971	34.943	34.895	34.847	34.805	34.759	34.698	34.662	34.609	34.562	34.521	34.474	34.424	34.388	34.334	34.289	34.241	34.182	34.127	34.087	34.031	33.983	33.934	33.885	33.837	33.788	33.746	33.704	33.661
40.715	40.682	40.644	40.6	40.542	40.499	40.442	40.387	40.332	40.275	40.227	40.176	40.112	40.064	40.017	39.968	39.92	39.87	39.825	39.784	39.721	39.669	39.623	39.566	39.519	39.451	39.403	39.348	39.287	39.225	39.159	39.097	39.053	38.986	38.932	38.88	38.807	38.757	38.687	38.625	38.561	38.498	38.44	38.372	38.313	38.251	38.192	38.133	38.072	38.022	37.956	37.908	37.844	37.791	37.746	37.693	37.661	37.606	37.561	37.519	37.468	37.404	37.365	37.287	37.231	37.166	37.107	37.051	36.982	36.94	36.873	36.817	36.762	36.703	36.644	36.593	36.524	36.475	36.412	36.352	36.297	36.234	36.179	36.109	36.054	35.991	35.927	35.877	35.815	35.768	35.714	35.655	35.602	35.558	35.501	35.448	35.394	35.344	35.293	35.241	35.187	35.139	35.09	35.04	35	34.96	34.918	34.89	34.85	34.807	34.769	34.721	34.666	34.626	34.571	34.526	34.482	34.432	34.385	34.348	34.289	34.256	34.212	34.161	34.115	34.07	34.008	33.956	33.908	33.854	33.804	33.753	33.699	33.656	33.605	33.563	33.522
40.553	40.517	40.474	40.429	40.385	40.335	40.286	40.241	40.187	40.131	40.078	40.032	39.988	39.932	39.883	39.836	39.795	39.754	39.695	39.648	39.595	39.546	39.498	39.434	39.387	39.329	39.263	39.212	39.156	39.089	39.053	38.977	38.931	38.877	38.821	38.759	38.698	38.631	38.564	38.501	38.434	38.37	38.313	38.249	38.194	38.125	38.067	38.008	37.948	37.893	37.828	37.775	37.72	37.666	37.62	37.573	37.523	37.49	37.435	37.389	37.339	37.286	37.235	37.172	37.106	37.041	36.981	36.923	36.865	36.81	36.748	36.688	36.634	36.581	36.522	36.466	36.409	36.352	36.295	36.236	36.176	36.113	36.057	35.989	35.931	35.87	35.808	35.75	35.696	35.635	35.592	35.534	35.476	35.426	35.374	35.318	35.267	35.21	35.16	35.118	35.066	35.01	34.964	34.914	34.868	34.827	34.794	34.748	34.723	34.67	34.635	34.602	34.552	34.503	34.465	34.408	34.367	34.319	34.269	34.227	34.185	34.131	34.093	34.05	34.004	33.952	33.904	33.846	33.801	33.748	33.698	33.649	33.589	33.542	33.49	33.439	33.396
40.403	40.373	40.33	40.287	40.244	40.191	40.138	40.091	40.038	39.983	39.936	39.879	39.841	39.79	39.742	39.692	39.648	39.61	39.559	39.512	39.461	39.413	39.367	39.314	39.251	39.216	39.15	39.106	39.051	38.979	38.938	38.871	38.816	38.762	38.7	38.639	38.577	38.51	38.444	38.381	38.314	38.253	38.196	38.128	38.073	38.007	37.945	37.887	37.821	37.762	37.702	37.634	37.581	37.522	37.473	37.439	37.379	37.35	37.305	37.257	37.21	37.161	37.098	37.041	36.977	36.921	36.861	36.795	36.744	36.671	36.623	36.562	36.499	36.445	36.398	36.34	36.289	36.228	36.171	36.114	36.054	35.997	35.936	35.875	35.803	35.742	35.683	35.62	35.571	35.509	35.459	35.409	35.352	35.299	35.25	35.191	35.141	35.085	35.033	34.988	34.939	34.888	34.836	34.799	34.751	34.702	34.67	34.617	34.595	34.548	34.499	34.466	34.43	34.38	34.343	34.295	34.249	34.205	34.157	34.105	34.07	34.018	33.967	33.927	33.884	33.831	33.794	33.736	33.691	33.638	33.589	33.541	33.485	33.437	33.381	33.333	33.281
40.241	40.209	40.166	40.128	40.08	40.036	39.982	39.928	39.883	39.822	39.786	39.723	39.683	39.634	39.587	39.546	39.496	39.455	39.41	39.362	39.311	39.261	39.211	39.181	39.112	39.079	39.027	38.976	38.936	38.876	38.822	38.764	38.706	38.643	38.583	38.519	38.449	38.385	38.324	38.252	38.193	38.122	38.071	38.001	37.943	37.886	37.819	37.764	37.694	37.631	37.572	37.501	37.446	37.397	37.33	37.307	37.25	37.209	37.168	37.118	37.066	37.02	36.963	36.912	36.839	36.787	36.727	36.657	36.613	36.539	36.485	36.43	36.373	36.318	36.27	36.212	36.166	36.106	36.055	35.993	35.939	35.884	35.81	35.763	35.689	35.623	35.566	35.493	35.438	35.381	35.324	35.274	35.22	35.166	35.117	35.06	35.009	34.956	34.907	34.861	34.804	34.767	34.706	34.665	34.618	34.569	34.539	34.491	34.458	34.417	34.377	34.337	34.3	34.256	34.21	34.167	34.124	34.068	34.036	33.977	33.939	33.897	33.849	33.808	33.763	33.716	33.675	33.622	33.58	33.529	33.483	33.435	33.384	33.338	33.284	33.235	33.187
40.061	40.024	39.985	39.952	39.901	39.867	39.806	39.761	39.717	39.65	39.615	39.559	39.517	39.475	39.429	39.387	39.342	39.299	39.253	39.201	39.157	39.109	39.052	39.025	38.968	38.936	38.893	38.842	38.81	38.762	38.709	38.651	38.592	38.528	38.46	38.397	38.322	38.26	38.195	38.123	38.071	37.992	37.937	37.878	37.81	37.755	37.685	37.629	37.561	37.497	37.433	37.372	37.307	37.266	37.208	37.168	37.133	37.077	37.035	36.984	36.933	36.879	36.829	36.783	36.705	36.654	36.596	36.538	36.479	36.417	36.352	36.296	36.245	36.192	36.138	36.086	36.043	35.982	35.936	35.875	35.816	35.769	35.693	35.643	35.57	35.502	35.442	35.377	35.313	35.256	35.199	35.144	35.09	35.033	34.982	34.929	34.878	34.822	34.777	34.737	34.674	34.642	34.584	34.539	34.498	34.444	34.403	34.366	34.316	34.274	34.243	34.202	34.161	34.127	34.078	34.039	34.001	33.942	33.909	33.859	33.81	33.765	33.726	33.683	33.638	33.598	33.553	33.508	33.465	33.421	33.378	33.334	33.284	33.242	33.192	33.14	33.097
39.889	39.851	39.811	39.783	39.729	39.701	39.63	39.584	39.542	39.488	39.443	39.383	39.342	39.302	39.259	39.206	39.165	39.117	39.08	39.031	38.984	38.955	38.896	38.87	38.836	38.803	38.768	38.73	38.682	38.634	38.584	38.527	38.469	38.411	38.331	38.269	38.197	38.135	38.072	37.999	37.949	37.872	37.816	37.749	37.679	37.62	37.552	37.484	37.423	37.358	37.294	37.241	37.164	37.126	37.069	37.023	36.984	36.943	36.896	36.841	36.793	36.738	36.68	36.623	36.578	36.515	36.459	36.403	36.341	36.286	36.225	36.166	36.11	36.057	36.004	35.96	35.915	35.853	35.81	35.754	35.695	35.645	35.585	35.525	35.458	35.388	35.319	35.257	35.195	35.129	35.075	35.019	34.964	34.911	34.857	34.801	34.755	34.694	34.639	34.606	34.55	34.506	34.458	34.409	34.363	34.323	34.269	34.237	34.199	34.152	34.109	34.072	34.016	33.994	33.944	33.9	33.861	33.818	33.766	33.73	33.686	33.638	33.593	33.557	33.51	33.47	33.429	33.386	33.344	33.301	33.257	33.218	33.173	33.133	33.093	33.046	33.002
39.671	39.638	39.597	39.569	39.51	39.489	39.444	39.395	39.346	39.295	39.257	39.211	39.157	39.113	39.076	39.033	39.001	38.937	38.904	38.856	38.806	38.765	38.734	38.701	38.67	38.635	38.594	38.562	38.532	38.489	38.447	38.388	38.327	38.271	38.197	38.135	38.055	37.986	37.924	37.858	37.792	37.726	37.665	37.601	37.534	37.469	37.41	37.33	37.272	37.203	37.135	37.085	37.03	36.98	36.936	36.889	36.841	36.793	36.75	36.702	36.643	36.596	36.546	36.482	36.442	36.37	36.325	36.276	36.22	36.159	36.096	36.045	35.985	35.93	35.876	35.815	35.766	35.722	35.667	35.617	35.565	35.504	35.459	35.386	35.326	35.263	35.196	35.127	35.066	35.006	34.947	34.889	34.833	34.781	34.733	34.664	34.621	34.573	34.522	34.473	34.429	34.369	34.33	34.281	34.23	34.191	34.152	34.091	34.06	34.015	33.971	33.943	33.892	33.851	33.811	33.763	33.717	33.683	33.636	33.587	33.548	33.504	33.459	33.42	33.375	33.34	33.296	33.251	33.21	33.176	33.133	33.094	33.055	33.012	32.968	32.929	32.886
39.48	39.447	39.416	39.399	39.366	39.309	39.264	39.222	39.18	39.134	39.07	39.038	38.995	38.952	38.903	38.844	38.808	38.766	38.717	38.68	38.645	38.602	38.569	38.527	38.505	38.493	38.468	38.424	38.394	38.342	38.3	38.253	38.197	38.134	38.059	37.991	37.925	37.856	37.79	37.726	37.653	37.606	37.53	37.468	37.404	37.321	37.262	37.187	37.12	37.061	36.997	36.928	36.887	36.827	36.781	36.736	36.692	36.646	36.582	36.561	36.501	36.45	36.403	36.345	36.299	36.243	36.197	36.139	36.082	36.036	35.97	35.919	35.856	35.799	35.748	35.694	35.633	35.596	35.53	35.482	35.438	35.376	35.332	35.269	35.206	35.138	35.075	35.02	34.948	34.896	34.832	34.777	34.722	34.657	34.606	34.559	34.494	34.443	34.395	34.337	34.307	34.254	34.202	34.161	34.116	34.06	34.035	33.983	33.939	33.898	33.852	33.801	33.77	33.719	33.682	33.642	33.592	33.541	33.508	33.459	33.413	33.374	33.336	33.293	33.253	33.212	33.174	33.133	33.089	33.047	33.01	32.966	32.929	32.893	32.857	32.822	32.776
39.243	39.223	39.195	39.153	39.128	39.095	39.06	39.015	38.973	38.946	38.897	38.855	38.802	38.761	38.728	38.689	38.63	38.602	38.552	38.508	38.468	38.425	38.393	38.374	38.334	38.303	38.273	38.243	38.226	38.193	38.149	38.101	38.046	37.984	37.927	37.841	37.78	37.705	37.632	37.575	37.495	37.444	37.371	37.306	37.242	37.173	37.109	37.046	36.965	36.904	36.848	36.784	36.739	36.685	36.648	36.589	36.536	36.506	36.431	36.399	36.352	36.305	36.26	36.206	36.162	36.105	36.063	36.012	35.96	35.915	35.848	35.794	35.741	35.678	35.618	35.571	35.502	35.461	35.409	35.359	35.306	35.248	35.197	35.128	35.078	35.011	34.946	34.896	34.818	34.777	34.71	34.649	34.595	34.542	34.474	34.431	34.375	34.326	34.281	34.232	34.17	34.133	34.078	34.034	33.993	33.944	33.891	33.857	33.801	33.762	33.725	33.676	33.642	33.597	33.546	33.504	33.463	33.418	33.368	33.328	33.285	33.243	33.201	33.16	33.128	33.085	33.045	33.009	32.971	32.929	32.897	32.856	32.813	32.772	32.729	32.688	32.658
39.028	39.008	38.985	38.957	38.939	38.89	38.861	38.822	38.781	38.742	38.702	38.664	38.624	38.575	38.532	38.494	38.442	38.399	38.364	38.322	38.288	38.256	38.216	38.186	38.163	38.142	38.115	38.087	38.045	38.018	37.975	37.932	37.881	37.812	37.764	37.676	37.62	37.553	37.482	37.427	37.347	37.287	37.232	37.162	37.089	37.029	36.939	36.881	36.812	36.75	36.69	36.632	36.594	36.518	36.483	36.428	36.368	36.326	36.269	36.229	36.177	36.131	36.087	36.038	36.002	35.945	35.901	35.855	35.804	35.748	35.706	35.641	35.593	35.539	35.482	35.431	35.374	35.324	35.269	35.217	35.164	35.111	35.066	34.99	34.94	34.877	34.813	34.758	34.687	34.638	34.584	34.521	34.46	34.405	34.357	34.29	34.249	34.189	34.134	34.096	34.037	33.996	33.956	33.903	33.854	33.819	33.756	33.725	33.672	33.623	33.582	33.54	33.494	33.453	33.419	33.371	33.322	33.282	33.226	33.188	33.144	33.104	33.063	33.021	32.977	32.945	32.908	32.871	32.835	32.8	32.756	32.719	32.679	32.643	32.603	32.562	32.52
38.801	38.779	38.753	38.724	38.708	38.667	38.633	38.604	38.566	38.537	38.505	38.455	38.423	38.38	38.34	38.297	38.264	38.215	38.178	38.136	38.101	38.072	38.049	38.013	37.991	37.964	37.924	37.899	37.856	37.845	37.794	37.756	37.708	37.645	37.598	37.519	37.457	37.393	37.325	37.26	37.202	37.124	37.069	36.998	36.927	36.873	36.791	36.729	36.651	36.593	36.54	36.478	36.447	36.384	36.337	36.282	36.226	36.168	36.107	36.068	36.015	35.969	35.927	35.877	35.839	35.799	35.749	35.702	35.652	35.601	35.563	35.502	35.448	35.397	35.344	35.29	35.24	35.191	35.135	35.087	35.037	34.973	34.924	34.863	34.8	34.74	34.679	34.619	34.561	34.497	34.44	34.394	34.339	34.268	34.232	34.16	34.122	34.065	34.008	33.962	33.917	33.857	33.821	33.778	33.732	33.684	33.625	33.581	33.539	33.489	33.444	33.4	33.367	33.312	33.278	33.235	33.187	33.146	33.094	33.055	33.009	32.967	32.927	32.885	32.844	32.806	32.772	32.735	32.699	32.667	32.626	32.595	32.554	32.516	32.475	32.437	32.395
38.568	38.553	38.529	38.502	38.478	38.451	38.418	38.388	38.349	38.317	38.29	38.258	38.219	38.181	38.141	38.095	38.059	38.016	37.975	37.936	37.907	37.873	37.862	37.824	37.807	37.78	37.741	37.722	37.671	37.657	37.615	37.575	37.531	37.47	37.42	37.36	37.295	37.244	37.178	37.104	37.052	36.97	36.912	36.842	36.77	36.71	36.628	36.574	36.494	36.436	36.384	36.323	36.28	36.228	36.174	36.118	36.059	36.003	35.94	35.892	35.841	35.792	35.748	35.711	35.666	35.63	35.583	35.535	35.489	35.441	35.385	35.343	35.291	35.24	35.187	35.141	35.086	35.042	34.988	34.939	34.889	34.831	34.779	34.726	34.664	34.608	34.547	34.477	34.415	34.362	34.291	34.245	34.196	34.129	34.09	34.028	33.982	33.934	33.878	33.819	33.776	33.724	33.672	33.631	33.587	33.536	33.494	33.439	33.392	33.35	33.306	33.254	33.225	33.172	33.13	33.087	33.043	33.001	32.949	32.911	32.866	32.83	32.79	32.745	32.712	32.667	32.632	32.596	32.559	32.525	32.488	32.453	32.417	32.387	32.347	32.307	32.266
38.339	38.325	38.303	38.279	38.254	38.224	38.193	38.17	38.131	38.101	38.066	38.044	38.011	37.972	37.939	37.897	37.849	37.827	37.782	37.748	37.719	37.68	37.672	37.631	37.617	37.59	37.555	37.534	37.487	37.464	37.426	37.388	37.344	37.298	37.24	37.191	37.128	37.077	37.019	36.945	36.892	36.815	36.756	36.683	36.611	36.556	36.473	36.418	36.35	36.292	36.231	36.174	36.124	36.067	36.015	35.959	35.9	35.837	35.778	35.721	35.678	35.628	35.578	35.543	35.498	35.458	35.414	35.364	35.318	35.278	35.22	35.179	35.129	35.078	35.029	34.985	34.931	34.886	34.836	34.784	34.734	34.689	34.634	34.581	34.529	34.473	34.414	34.348	34.273	34.225	34.155	34.096	34.048	33.995	33.941	33.894	33.841	33.793	33.744	33.687	33.628	33.593	33.537	33.494	33.45	33.394	33.352	33.3	33.249	33.207	33.168	33.118	33.079	33.037	32.994	32.945	32.901	32.858	32.807	32.77	32.722	32.686	32.652	32.605	32.575	32.529	32.495	32.459	32.422	32.391	32.356	32.319	32.286	32.255	32.222	32.182	32.144
38.106	38.089	38.066	38.048	38.032	37.994	37.972	37.95	37.912	37.888	37.854	37.82	37.792	37.759	37.726	37.698	37.646	37.634	37.59	37.555	37.525	37.487	37.481	37.442	37.426	37.404	37.369	37.343	37.312	37.279	37.25	37.211	37.17	37.13	37.065	37.024	36.961	36.906	36.847	36.784	36.73	36.658	36.602	36.528	36.454	36.406	36.332	36.264	36.203	36.144	36.081	36.023	35.975	35.911	35.854	35.798	35.736	35.668	35.616	35.552	35.512	35.462	35.411	35.371	35.331	35.289	35.252	35.201	35.151	35.113	35.067	35.016	34.965	34.92	34.872	34.822	34.777	34.728	34.687	34.635	34.589	34.543	34.495	34.438	34.39	34.332	34.272	34.224	34.149	34.089	34.036	33.976	33.917	33.871	33.805	33.764	33.712	33.658	33.609	33.562	33.492	33.455	33.4	33.357	33.312	33.258	33.207	33.159	33.11	33.062	33.023	32.989	32.942	32.904	32.859	32.81	32.765	32.721	32.669	32.636	32.585	32.548	32.514	32.47	32.435	32.393	32.358	32.322	32.288	32.259	32.222	32.194	32.159	32.127	32.094	32.062	32.027
37.871	37.857	37.84	37.817	37.803	37.778	37.763	37.735	37.689	37.658	37.649	37.601	37.586	37.551	37.517	37.493	37.436	37.421	37.386	37.359	37.329	37.287	37.274	37.248	37.229	37.21	37.186	37.155	37.137	37.089	37.062	37.027	36.984	36.951	36.889	36.847	36.79	36.735	36.679	36.62	36.57	36.501	36.449	36.387	36.314	36.245	36.18	36.109	36.048	35.992	35.934	35.868	35.805	35.752	35.685	35.621	35.56	35.493	35.442	35.378	35.326	35.28	35.233	35.189	35.152	35.114	35.076	35.037	34.991	34.938	34.891	34.842	34.794	34.752	34.703	34.645	34.608	34.56	34.52	34.483	34.44	34.394	34.358	34.296	34.248	34.19	34.129	34.076	34.025	33.954	33.907	33.849	33.788	33.742	33.686	33.631	33.587	33.531	33.472	33.426	33.367	33.31	33.26	33.207	33.159	33.115	33.071	33.016	32.978	32.927	32.88	32.851	32.807	32.767	32.719	32.67	32.626	32.583	32.525	32.493	32.45	32.411	32.371	32.33	32.29	32.249	32.213	32.178	32.145	32.116	32.072	32.051	32.016	31.986	31.956	31.925	31.897
37.622	37.601	37.586	37.569	37.55	37.522	37.495	37.484	37.465	37.425	37.415	37.369	37.359	37.33	37.298	37.282	37.238	37.219	37.183	37.154	37.131	37.103	37.071	37.055	37.022	37.003	36.985	36.953	36.934	36.89	36.87	36.838	36.8	36.763	36.715	36.672	36.613	36.561	36.506	36.441	36.396	36.335	36.272	36.216	36.158	36.084	36.021	35.96	35.887	35.823	35.767	35.71	35.635	35.592	35.522	35.458	35.399	35.332	35.266	35.222	35.162	35.108	35.06	35.011	34.973	34.946	34.902	34.863	34.823	34.773	34.725	34.685	34.627	34.576	34.527	34.476	34.428	34.391	34.351	34.316	34.282	34.238	34.203	34.153	34.095	34.049	33.998	33.927	33.887	33.824	33.767	33.715	33.662	33.602	33.563	33.506	33.461	33.412	33.355	33.292	33.247	33.181	33.128	33.076	33.022	32.968	32.93	32.874	32.837	32.796	32.755	32.714	32.666	32.632	32.584	32.533	32.484	32.438	32.397	32.349	32.309	32.27	32.228	32.186	32.147	32.106	32.073	32.038	32.002	31.974	31.936	31.908	31.867	31.84	31.814	31.776	31.759
37.397	37.375	37.355	37.341	37.314	37.333	37.287	37.263	37.24	37.196	37.192	37.155	37.139	37.116	37.088	37.061	37.02	36.998	36.973	36.942	36.915	36.897	36.857	36.858	36.832	36.813	36.793	36.763	36.755	36.72	36.683	36.646	36.612	36.578	36.526	36.49	36.437	36.387	36.336	36.28	36.224	36.184	36.121	36.059	35.999	35.937	35.861	35.787	35.732	35.665	35.598	35.544	35.477	35.409	35.346	35.283	35.224	35.171	35.11	35.056	34.998	34.943	34.892	34.847	34.794	34.761	34.727	34.686	34.643	34.599	34.545	34.497	34.457	34.409	34.361	34.315	34.251	34.22	34.181	34.145	34.116	34.085	34.025	34.013	33.953	33.898	33.851	33.797	33.745	33.698	33.636	33.59	33.544	33.481	33.432	33.388	33.33	33.281	33.233	33.174	33.12	33.061	32.998	32.948	32.9	32.844	32.798	32.761	32.715	32.668	32.625	32.586	32.54	32.495	32.443	32.4	32.355	32.3	32.269	32.218	32.181	32.144	32.103	32.062	32.02	31.974	31.939	31.9	31.861	31.825	31.783	31.761	31.719	31.69	31.661	31.622	31.61
37.132	37.112	37.101	37.107	37.044	37.061	37.034	37.02	37.001	36.967	36.962	36.923	36.9	36.88	36.86	36.837	36.821	36.777	36.76	36.735	36.71	36.694	36.654	36.637	36.606	36.589	36.574	36.549	36.527	36.497	36.475	36.447	36.414	36.379	36.33	36.29	36.244	36.19	36.138	36.093	36.031	35.976	35.933	35.881	35.819	35.758	35.704	35.625	35.563	35.499	35.432	35.37	35.312	35.247	35.192	35.13	35.066	35.011	34.961	34.898	34.849	34.791	34.731	34.683	34.64	34.586	34.551	34.512	34.47	34.43	34.39	34.335	34.296	34.243	34.186	34.141	34.097	34.049	34.015	33.972	33.939	33.921	33.864	33.836	33.794	33.743	33.697	33.653	33.588	33.553	33.503	33.446	33.394	33.356	33.298	33.257	33.209	33.154	33.101	33.05	32.982	32.943	32.883	32.82	32.765	32.718	32.665	32.626	32.589	32.545	32.498	32.45	32.397	32.359	32.306	32.264	32.223	32.172	32.134	32.091	32.055	32.015	31.972	31.931	31.889	31.845	31.804	31.762	31.724	31.691	31.635	31.607	31.564	31.531	31.503	31.472	31.437
36.892	36.869	36.852	36.867	36.836	36.845	36.817	36.802	36.788	36.759	36.737	36.709	36.686	36.665	36.641	36.613	36.604	36.567	36.549	36.522	36.494	36.476	36.451	36.438	36.411	36.385	36.365	36.345	36.334	36.304	36.281	36.249	36.209	36.173	36.139	36.086	36.045	35.999	35.948	35.896	35.854	35.804	35.747	35.7	35.65	35.587	35.528	35.47	35.396	35.334	35.274	35.21	35.149	35.088	35.023	34.967	34.913	34.853	34.8	34.744	34.691	34.636	34.579	34.521	34.471	34.425	34.375	34.337	34.295	34.248	34.213	34.166	34.121	34.082	34.034	33.98	33.941	33.881	33.856	33.818	33.775	33.739	33.719	33.664	33.631	33.589	33.542	33.498	33.456	33.401	33.363	33.311	33.263	33.222	33.167	33.115	33.074	33.021	32.967	32.921	32.858	32.802	32.751	32.694	32.642	32.592	32.548	32.5	32.463	32.419	32.372	32.325	32.266	32.225	32.177	32.131	32.088	32.047	32.009	31.967	31.927	31.888	31.848	31.809	31.764	31.72	31.678	31.631	31.583	31.542	31.5	31.462	31.421	31.381	31.348	31.317	31.286
36.632	36.619	36.609	36.61	36.586	36.594	36.574	36.562	36.547	36.529	36.512	36.49	36.453	36.434	36.419	36.397	36.375	36.355	36.336	36.317	36.293	36.271	36.24	36.221	36.195	36.172	36.15	36.126	36.113	36.089	36.066	36.047	36.013	35.974	35.934	35.89	35.841	35.797	35.753	35.702	35.648	35.61	35.555	35.507	35.456	35.407	35.341	35.293	35.235	35.17	35.108	35.046	34.984	34.938	34.872	34.817	34.763	34.7	34.646	34.591	34.531	34.477	34.427	34.374	34.307	34.269	34.215	34.17	34.129	34.085	34.04	34.005	33.952	33.915	33.872	33.814	33.787	33.74	33.698	33.663	33.625	33.58	33.555	33.509	33.465	33.426	33.381	33.333	33.306	33.247	33.205	33.164	33.119	33.069	33.028	32.978	32.927	32.877	32.824	32.769	32.721	32.668	32.613	32.563	32.513	32.453	32.415	32.367	32.333	32.288	32.239	32.193	32.142	32.089	32.045	32.004	31.962	31.921	31.876	31.839	31.795	31.756	31.713	31.67	31.633	31.589	31.546	31.508	31.464	31.415	31.375	31.328	31.287	31.248	31.207	31.169	31.146
36.389	36.375	36.365	36.367	36.352	36.349	36.338	36.326	36.314	36.299	36.278	36.261	36.232	36.207	36.19	36.17	36.146	36.133	36.106	36.088	36.067	36.045	36.023	36.006	35.978	35.953	35.931	35.908	35.89	35.873	35.85	35.83	35.8	35.764	35.721	35.694	35.644	35.593	35.547	35.507	35.454	35.409	35.37	35.32	35.263	35.215	35.159	35.106	35.051	34.991	34.929	34.877	34.812	34.763	34.709	34.653	34.597	34.536	34.48	34.418	34.365	34.307	34.256	34.21	34.146	34.105	34.056	34.009	33.959	33.917	33.861	33.834	33.783	33.743	33.7	33.657	33.618	33.583	33.539	33.502	33.468	33.429	33.383	33.356	33.308	33.267	33.223	33.176	33.136	33.092	33.043	33.003	32.962	32.916	32.869	32.822	32.77	32.725	32.673	32.613	32.56	32.513	32.456	32.407	32.366	32.312	32.276	32.221	32.187	32.151	32.103	32.055	32.007	31.958	31.911	31.869	31.827	31.788	31.742	31.707	31.662	31.619	31.577	31.53	31.494	31.453	31.405	31.367	31.326	31.279	31.241	31.2	31.154	31.111	31.07	31.024	30.995
