2.317	2.316	2.315	2.314	2.314	2.312	2.312	2.311	2.31	2.309	2.308	2.307	2.306	2.305	2.305	2.304	2.303	2.302	2.302	2.301	2.3	2.299	2.299	2.298	2.297	2.296	2.295	2.294	2.293	2.292	2.291	2.29	2.289	2.288	2.287	2.286	2.285	2.283	2.282	2.281	2.28	2.279	2.278	2.277	2.276	2.275	2.274	2.273	2.272	2.271	2.271	2.27	2.269	2.268	2.267	2.266	2.265	2.264	2.263	2.262	2.261	2.26	2.259	2.258	2.257	2.256	2.255	2.254	2.254	2.253	2.251	2.251	2.25	2.25	2.249	2.248	2.247	2.247	2.247	2.246	2.246	2.246	2.245	2.245	2.245	2.244	2.244	2.243	2.243	2.242	2.241	2.24	2.239	2.238	2.237	2.236	2.235	2.235	2.235	2.235	2.236	2.236	2.236	2.237	2.237	2.238	2.238	2.238	2.238	2.239	2.239	2.24	2.24	2.24	2.24	2.24	2.241	2.241	2.241	2.241	2.242	2.242	2.242	2.242	2.242	2.243	2.243	2.244	2.244	2.244	2.245	2.246	2.247	2.248	2.248	2.249	2.249
2.303	2.302	2.301	2.3	2.299	2.298	2.297	2.296	2.295	2.294	2.293	2.292	2.291	2.29	2.289	2.288	2.287	2.286	2.285	2.285	2.284	2.283	2.282	2.281	2.28	2.279	2.278	2.277	2.277	2.275	2.274	2.273	2.272	2.271	2.27	2.269	2.267	2.266	2.265	2.264	2.263	2.262	2.26	2.259	2.258	2.257	2.256	2.255	2.254	2.253	2.252	2.251	2.25	2.249	2.248	2.247	2.247	2.246	2.245	2.244	2.242	2.241	2.239	2.238	2.238	2.236	2.236	2.235	2.234	2.233	2.232	2.231	2.23	2.23	2.228	2.228	2.227	2.227	2.227	2.226	2.226	2.225	2.224	2.224	2.223	2.223	2.223	2.222	2.221	2.22	2.219	2.218	2.217	2.216	2.216	2.215	2.215	2.214	2.214	2.214	2.214	2.215	2.215	2.215	2.215	2.215	2.215	2.215	2.216	2.216	2.216	2.217	2.217	2.217	2.217	2.217	2.217	2.218	2.218	2.218	2.219	2.219	2.219	2.219	2.22	2.22	2.221	2.221	2.222	2.222	2.222	2.223	2.224	2.225	2.226	2.226	2.227
2.288	2.287	2.286	2.285	2.284	2.283	2.282	2.281	2.28	2.279	2.278	2.277	2.276	2.275	2.274	2.273	2.271	2.27	2.269	2.268	2.267	2.266	2.265	2.264	2.264	2.263	2.261	2.26	2.26	2.258	2.258	2.256	2.255	2.254	2.253	2.252	2.25	2.249	2.248	2.247	2.245	2.244	2.243	2.242	2.241	2.24	2.238	2.237	2.236	2.235	2.233	2.232	2.231	2.23	2.23	2.228	2.228	2.227	2.226	2.225	2.223	2.222	2.22	2.219	2.218	2.217	2.216	2.216	2.215	2.214	2.212	2.212	2.21	2.209	2.209	2.207	2.207	2.207	2.206	2.206	2.205	2.205	2.204	2.203	2.203	2.203	2.202	2.201	2.2	2.199	2.198	2.197	2.196	2.195	2.195	2.194	2.194	2.194	2.194	2.193	2.193	2.193	2.193	2.193	2.193	2.193	2.193	2.193	2.193	2.193	2.193	2.194	2.194	2.194	2.194	2.194	2.194	2.194	2.195	2.195	2.195	2.195	2.196	2.196	2.197	2.197	2.198	2.198	2.199	2.199	2.2	2.2	2.201	2.202	2.203	2.203	2.204
2.275	2.274	2.273	2.272	2.271	2.269	2.268	2.266	2.265	2.264	2.263	2.262	2.261	2.26	2.259	2.258	2.257	2.255	2.254	2.252	2.251	2.25	2.249	2.248	2.247	2.246	2.245	2.244	2.243	2.242	2.241	2.24	2.239	2.238	2.236	2.235	2.234	2.232	2.231	2.23	2.228	2.228	2.226	2.225	2.224	2.222	2.221	2.22	2.218	2.217	2.216	2.214	2.213	2.211	2.211	2.21	2.209	2.208	2.207	2.206	2.204	2.203	2.202	2.2	2.199	2.199	2.198	2.197	2.196	2.195	2.194	2.192	2.192	2.19	2.19	2.188	2.188	2.187	2.186	2.186	2.185	2.184	2.184	2.183	2.183	2.182	2.181	2.181	2.18	2.179	2.178	2.176	2.176	2.175	2.174	2.174	2.173	2.173	2.173	2.173	2.172	2.172	2.172	2.172	2.171	2.171	2.171	2.171	2.171	2.171	2.171	2.171	2.171	2.172	2.172	2.172	2.172	2.172	2.172	2.172	2.172	2.173	2.173	2.173	2.174	2.174	2.175	2.176	2.176	2.177	2.177	2.178	2.179	2.179	2.18	2.181	2.181
2.26	2.259	2.257	2.257	2.255	2.254	2.253	2.252	2.251	2.25	2.249	2.249	2.248	2.246	2.245	2.244	2.242	2.24	2.238	2.237	2.235	2.235	2.234	2.233	2.232	2.23	2.229	2.228	2.227	2.226	2.225	2.224	2.222	2.221	2.22	2.219	2.217	2.216	2.215	2.214	2.212	2.211	2.209	2.208	2.207	2.205	2.204	2.203	2.201	2.2	2.198	2.196	2.195	2.194	2.192	2.192	2.191	2.19	2.188	2.187	2.186	2.185	2.184	2.183	2.181	2.181	2.18	2.179	2.178	2.176	2.175	2.174	2.173	2.171	2.171	2.17	2.169	2.168	2.167	2.166	2.166	2.165	2.164	2.163	2.163	2.162	2.161	2.16	2.16	2.159	2.158	2.157	2.156	2.155	2.155	2.154	2.154	2.153	2.153	2.152	2.152	2.151	2.151	2.151	2.15	2.15	2.15	2.149	2.149	2.149	2.149	2.149	2.149	2.149	2.149	2.15	2.149	2.15	2.15	2.15	2.15	2.15	2.151	2.151	2.151	2.152	2.152	2.154	2.153	2.154	2.155	2.156	2.156	2.157	2.158	2.158	2.159
2.248	2.248	2.246	2.245	2.244	2.242	2.24	2.238	2.237	2.235	2.234	2.232	2.232	2.231	2.23	2.229	2.227	2.226	2.224	2.223	2.221	2.22	2.219	2.218	2.217	2.215	2.214	2.212	2.212	2.21	2.209	2.208	2.207	2.205	2.204	2.202	2.201	2.2	2.198	2.197	2.196	2.195	2.194	2.192	2.19	2.189	2.187	2.186	2.184	2.182	2.181	2.179	2.177	2.177	2.175	2.174	2.173	2.171	2.17	2.169	2.168	2.167	2.165	2.164	2.163	2.163	2.161	2.16	2.159	2.158	2.157	2.155	2.154	2.153	2.152	2.151	2.15	2.149	2.148	2.147	2.146	2.145	2.145	2.144	2.143	2.143	2.142	2.141	2.14	2.139	2.138	2.138	2.137	2.136	2.135	2.134	2.133	2.133	2.133	2.131	2.131	2.131	2.13	2.13	2.129	2.128	2.128	2.128	2.127	2.127	2.127	2.127	2.127	2.127	2.127	2.128	2.128	2.128	2.128	2.127	2.128	2.128	2.128	2.128	2.129	2.129	2.129	2.13	2.131	2.132	2.132	2.133	2.134	2.134	2.135	2.136	2.137
2.233	2.232	2.231	2.23	2.229	2.227	2.226	2.225	2.223	2.222	2.221	2.221	2.22	2.218	2.217	2.215	2.213	2.211	2.209	2.208	2.206	2.206	2.205	2.204	2.202	2.201	2.2	2.198	2.197	2.196	2.195	2.193	2.192	2.19	2.188	2.187	2.186	2.184	2.183	2.182	2.181	2.179	2.177	2.176	2.174	2.173	2.171	2.169	2.168	2.166	2.164	2.163	2.162	2.16	2.159	2.157	2.157	2.155	2.153	2.152	2.151	2.15	2.148	2.148	2.146	2.145	2.144	2.143	2.142	2.14	2.139	2.138	2.137	2.136	2.134	2.133	2.132	2.131	2.13	2.129	2.128	2.128	2.126	2.126	2.125	2.124	2.123	2.122	2.122	2.121	2.12	2.119	2.118	2.117	2.116	2.116	2.115	2.114	2.113	2.112	2.112	2.111	2.11	2.11	2.109	2.108	2.108	2.107	2.107	2.106	2.106	2.106	2.106	2.106	2.106	2.107	2.107	2.107	2.107	2.106	2.107	2.107	2.107	2.107	2.107	2.108	2.109	2.109	2.11	2.11	2.111	2.112	2.113	2.114	2.114	2.115	2.115
2.222	2.221	2.22	2.218	2.217	2.215	2.213	2.211	2.21	2.208	2.207	2.205	2.204	2.203	2.202	2.2	2.199	2.198	2.196	2.195	2.193	2.191	2.19	2.189	2.188	2.187	2.185	2.184	2.183	2.182	2.18	2.178	2.177	2.175	2.174	2.173	2.171	2.169	2.168	2.165	2.164	2.163	2.162	2.16	2.159	2.156	2.155	2.153	2.151	2.149	2.148	2.146	2.145	2.143	2.142	2.14	2.139	2.137	2.136	2.135	2.133	2.132	2.131	2.13	2.128	2.127	2.127	2.125	2.124	2.123	2.121	2.12	2.119	2.118	2.117	2.115	2.114	2.113	2.112	2.111	2.11	2.109	2.108	2.107	2.107	2.105	2.104	2.104	2.103	2.102	2.101	2.101	2.099	2.098	2.097	2.096	2.095	2.095	2.094	2.093	2.092	2.091	2.09	2.089	2.089	2.088	2.087	2.086	2.086	2.085	2.086	2.086	2.085	2.085	2.085	2.085	2.086	2.085	2.086	2.085	2.085	2.085	2.085	2.086	2.086	2.087	2.086	2.087	2.088	2.089	2.09	2.09	2.091	2.092	2.092	2.093	2.093
2.209	2.208	2.206	2.205	2.203	2.202	2.2	2.199	2.197	2.196	2.195	2.193	2.192	2.19	2.189	2.187	2.186	2.184	2.182	2.181	2.18	2.178	2.177	2.176	2.175	2.173	2.172	2.171	2.17	2.167	2.166	2.165	2.163	2.161	2.16	2.158	2.156	2.154	2.153	2.151	2.149	2.148	2.146	2.144	2.143	2.141	2.139	2.138	2.135	2.134	2.132	2.131	2.13	2.127	2.126	2.124	2.123	2.121	2.12	2.118	2.117	2.116	2.114	2.113	2.112	2.111	2.11	2.109	2.108	2.106	2.105	2.104	2.103	2.101	2.1	2.099	2.097	2.096	2.095	2.094	2.093	2.092	2.091	2.09	2.089	2.088	2.087	2.086	2.085	2.084	2.083	2.082	2.082	2.08	2.08	2.078	2.077	2.076	2.075	2.074	2.074	2.073	2.072	2.071	2.07	2.069	2.068	2.067	2.067	2.067	2.066	2.066	2.066	2.066	2.065	2.065	2.065	2.065	2.065	2.065	2.065	2.066	2.066	2.066	2.066	2.066	2.067	2.067	2.067	2.068	2.069	2.07	2.07	2.071	2.072	2.072	2.073
2.198	2.196	2.195	2.193	2.192	2.19	2.189	2.187	2.185	2.184	2.182	2.181	2.179	2.177	2.176	2.174	2.173	2.171	2.17	2.168	2.167	2.165	2.164	2.163	2.161	2.16	2.159	2.157	2.156	2.154	2.153	2.151	2.149	2.148	2.146	2.144	2.142	2.14	2.138	2.137	2.135	2.133	2.131	2.129	2.128	2.126	2.124	2.123	2.121	2.119	2.117	2.116	2.114	2.112	2.111	2.109	2.107	2.106	2.104	2.103	2.101	2.1	2.099	2.097	2.097	2.095	2.094	2.093	2.092	2.09	2.089	2.088	2.087	2.085	2.084	2.083	2.081	2.08	2.079	2.078	2.077	2.075	2.075	2.074	2.072	2.071	2.07	2.069	2.068	2.067	2.066	2.065	2.064	2.063	2.062	2.061	2.06	2.059	2.058	2.057	2.056	2.055	2.054	2.053	2.052	2.051	2.05	2.049	2.048	2.048	2.047	2.047	2.047	2.047	2.046	2.046	2.046	2.046	2.046	2.046	2.046	2.046	2.046	2.046	2.047	2.047	2.047	2.047	2.048	2.048	2.049	2.05	2.05	2.051	2.051	2.052	2.052
2.187	2.185	2.183	2.182	2.18	2.178	2.177	2.175	2.174	2.172	2.17	2.168	2.166	2.164	2.163	2.161	2.16	2.158	2.157	2.156	2.155	2.153	2.151	2.15	2.149	2.147	2.146	2.145	2.143	2.142	2.139	2.138	2.136	2.134	2.132	2.131	2.128	2.127	2.124	2.123	2.121	2.119	2.117	2.115	2.113	2.112	2.109	2.108	2.106	2.104	2.103	2.101	2.099	2.098	2.096	2.094	2.093	2.091	2.089	2.088	2.087	2.085	2.084	2.083	2.081	2.08	2.079	2.078	2.076	2.075	2.074	2.073	2.071	2.07	2.068	2.067	2.066	2.065	2.064	2.063	2.061	2.06	2.059	2.058	2.057	2.056	2.054	2.053	2.052	2.05	2.05	2.048	2.047	2.046	2.045	2.044	2.043	2.042	2.041	2.04	2.039	2.039	2.038	2.036	2.035	2.034	2.033	2.032	2.031	2.03	2.03	2.03	2.029	2.029	2.028	2.028	2.028	2.028	2.027	2.027	2.027	2.027	2.028	2.028	2.028	2.028	2.028	2.028	2.028	2.029	2.029	2.03	2.031	2.031	2.031	2.032	2.033
2.176	2.174	2.172	2.17	2.169	2.167	2.165	2.164	2.162	2.161	2.159	2.157	2.155	2.153	2.151	2.149	2.148	2.146	2.145	2.143	2.142	2.141	2.139	2.138	2.136	2.135	2.133	2.133	2.13	2.129	2.127	2.125	2.123	2.121	2.119	2.117	2.115	2.113	2.112	2.109	2.107	2.105	2.103	2.102	2.1	2.098	2.096	2.094	2.093	2.091	2.089	2.088	2.086	2.084	2.082	2.081	2.079	2.077	2.076	2.074	2.073	2.071	2.07	2.069	2.067	2.066	2.065	2.064	2.062	2.061	2.059	2.058	2.057	2.056	2.054	2.053	2.051	2.05	2.049	2.048	2.047	2.045	2.044	2.043	2.042	2.041	2.039	2.038	2.037	2.035	2.034	2.033	2.032	2.031	2.03	2.029	2.028	2.027	2.026	2.025	2.024	2.023	2.022	2.02	2.019	2.018	2.017	2.016	2.015	2.014	2.013	2.013	2.013	2.012	2.011	2.011	2.011	2.01	2.01	2.01	2.01	2.01	2.01	2.01	2.01	2.01	2.01	2.01	2.01	2.01	2.01	2.01	2.011	2.011	2.012	2.012	2.013
2.168	2.165	2.163	2.161	2.159	2.157	2.155	2.153	2.152	2.149	2.148	2.146	2.143	2.141	2.14	2.138	2.136	2.135	2.134	2.133	2.131	2.129	2.128	2.126	2.124	2.123	2.121	2.12	2.119	2.117	2.115	2.113	2.11	2.109	2.107	2.105	2.103	2.1	2.099	2.096	2.095	2.092	2.09	2.089	2.088	2.085	2.084	2.081	2.08	2.078	2.076	2.074	2.073	2.071	2.069	2.067	2.066	2.064	2.062	2.061	2.059	2.058	2.056	2.055	2.054	2.052	2.051	2.05	2.048	2.047	2.045	2.044	2.043	2.042	2.04	2.039	2.038	2.037	2.035	2.034	2.033	2.032	2.03	2.029	2.028	2.027	2.025	2.024	2.022	2.021	2.019	2.018	2.017	2.016	2.015	2.014	2.013	2.012	2.011	2.009	2.009	2.007	2.007	2.006	2.004	2.003	2.002	2.001	2	1.999	1.999	1.997	1.997	1.996	1.995	1.995	1.995	1.994	1.994	1.994	1.993	1.993	1.993	1.992	1.992	1.992	1.992	1.992	1.992	1.992	1.992	1.992	1.992	1.993	1.993	1.994	1.994
2.156	2.154	2.152	2.149	2.148	2.146	2.144	2.142	2.141	2.139	2.137	2.135	2.133	2.132	2.13	2.127	2.125	2.124	2.122	2.12	2.119	2.117	2.116	2.114	2.113	2.111	2.11	2.108	2.106	2.105	2.102	2.1	2.098	2.096	2.094	2.091	2.09	2.088	2.086	2.084	2.082	2.08	2.078	2.076	2.075	2.073	2.071	2.069	2.067	2.065	2.064	2.062	2.06	2.058	2.056	2.055	2.053	2.051	2.05	2.048	2.046	2.045	2.044	2.042	2.041	2.04	2.038	2.037	2.035	2.034	2.032	2.03	2.029	2.028	2.027	2.026	2.024	2.023	2.022	2.021	2.019	2.018	2.016	2.015	2.014	2.012	2.011	2.01	2.008	2.007	2.005	2.004	2.002	2.002	2.001	2	1.998	1.997	1.996	1.995	1.994	1.993	1.992	1.991	1.99	1.989	1.988	1.986	1.986	1.984	1.983	1.982	1.981	1.981	1.98	1.98	1.979	1.979	1.978	1.977	1.977	1.976	1.976	1.976	1.975	1.975	1.975	1.975	1.975	1.974	1.974	1.974	1.975	1.975	1.975	1.975	1.975
2.151	2.148	2.145	2.143	2.14	2.138	2.136	2.134	2.132	2.129	2.127	2.125	2.123	2.121	2.119	2.117	2.116	2.114	2.113	2.111	2.109	2.108	2.105	2.104	2.102	2.1	2.099	2.098	2.095	2.095	2.091	2.09	2.087	2.085	2.083	2.081	2.079	2.077	2.075	2.074	2.071	2.07	2.068	2.065	2.064	2.062	2.06	2.058	2.056	2.054	2.052	2.05	2.048	2.047	2.045	2.043	2.042	2.04	2.038	2.037	2.035	2.034	2.032	2.031	2.03	2.028	2.027	2.025	2.024	2.022	2.021	2.019	2.018	2.016	2.015	2.014	2.013	2.011	2.01	2.009	2.007	2.006	2.004	2.002	2.002	2	1.999	1.998	1.996	1.994	1.993	1.992	1.99	1.989	1.987	1.986	1.986	1.984	1.983	1.983	1.981	1.98	1.979	1.978	1.977	1.976	1.975	1.974	1.972	1.972	1.97	1.969	1.968	1.967	1.966	1.966	1.965	1.965	1.964	1.963	1.962	1.961	1.961	1.961	1.96	1.96	1.96	1.959	1.959	1.958	1.959	1.958	1.958	1.958	1.958	1.958	1.958
2.141	2.138	2.135	2.133	2.131	2.128	2.126	2.124	2.122	2.121	2.119	2.117	2.115	2.113	2.111	2.109	2.107	2.104	2.103	2.101	2.099	2.097	2.095	2.094	2.092	2.091	2.089	2.088	2.085	2.084	2.081	2.079	2.077	2.074	2.072	2.07	2.067	2.067	2.065	2.063	2.061	2.059	2.057	2.055	2.053	2.051	2.049	2.048	2.045	2.044	2.042	2.04	2.038	2.036	2.034	2.033	2.031	2.03	2.028	2.027	2.025	2.024	2.022	2.021	2.02	2.018	2.017	2.015	2.014	2.012	2.011	2.009	2.007	2.006	2.005	2.003	2.002	2	1.998	1.997	1.995	1.993	1.992	1.991	1.99	1.988	1.987	1.986	1.984	1.983	1.981	1.98	1.978	1.977	1.976	1.975	1.974	1.973	1.971	1.97	1.969	1.968	1.967	1.966	1.965	1.963	1.962	1.961	1.96	1.958	1.957	1.956	1.955	1.954	1.953	1.953	1.952	1.951	1.95	1.95	1.948	1.948	1.947	1.946	1.946	1.946	1.945	1.945	1.944	1.944	1.943	1.943	1.943	1.943	1.943	1.943	1.943
2.135	2.132	2.129	2.126	2.123	2.121	2.119	2.116	2.114	2.112	2.109	2.107	2.105	2.104	2.102	2.1	2.098	2.097	2.094	2.092	2.091	2.088	2.086	2.084	2.082	2.081	2.079	2.078	2.076	2.074	2.073	2.07	2.067	2.065	2.062	2.06	2.058	2.056	2.054	2.052	2.051	2.049	2.047	2.045	2.043	2.042	2.04	2.038	2.035	2.033	2.031	2.03	2.028	2.026	2.024	2.023	2.021	2.02	2.018	2.016	2.015	2.014	2.012	2.011	2.009	2.008	2.007	2.005	2.004	2.002	2	1.999	1.997	1.996	1.994	1.993	1.991	1.99	1.988	1.986	1.985	1.983	1.981	1.98	1.978	1.977	1.976	1.975	1.973	1.971	1.97	1.968	1.968	1.965	1.965	1.963	1.962	1.961	1.96	1.959	1.958	1.956	1.955	1.954	1.953	1.952	1.951	1.949	1.948	1.947	1.945	1.944	1.943	1.942	1.941	1.94	1.939	1.938	1.937	1.936	1.935	1.934	1.933	1.933	1.932	1.932	1.932	1.931	1.93	1.93	1.929	1.929	1.928	1.928	1.928	1.927	1.928
2.128	2.124	2.121	2.118	2.115	2.113	2.111	2.108	2.106	2.104	2.102	2.1	2.098	2.096	2.094	2.093	2.091	2.089	2.087	2.084	2.082	2.08	2.078	2.076	2.074	2.072	2.071	2.069	2.068	2.065	2.064	2.061	2.059	2.056	2.054	2.051	2.049	2.047	2.045	2.043	2.042	2.04	2.038	2.036	2.034	2.033	2.03	2.029	2.027	2.024	2.023	2.021	2.019	2.018	2.016	2.014	2.013	2.011	2.009	2.008	2.006	2.005	2.003	2.002	2.001	1.999	1.998	1.996	1.995	1.993	1.991	1.99	1.988	1.987	1.985	1.984	1.982	1.98	1.978	1.977	1.975	1.973	1.971	1.97	1.968	1.967	1.966	1.965	1.963	1.962	1.961	1.958	1.958	1.956	1.955	1.953	1.952	1.951	1.95	1.949	1.948	1.946	1.945	1.944	1.943	1.942	1.941	1.939	1.938	1.937	1.935	1.934	1.932	1.931	1.93	1.929	1.928	1.927	1.925	1.925	1.923	1.922	1.922	1.921	1.92	1.92	1.919	1.919	1.918	1.917	1.917	1.916	1.916	1.915	1.915	1.915	1.915
2.122	2.118	2.114	2.111	2.108	2.106	2.103	2.101	2.099	2.096	2.094	2.092	2.09	2.088	2.086	2.084	2.083	2.081	2.079	2.077	2.075	2.073	2.071	2.069	2.067	2.065	2.063	2.061	2.06	2.057	2.055	2.053	2.051	2.048	2.046	2.043	2.041	2.039	2.037	2.035	2.033	2.032	2.03	2.027	2.026	2.024	2.022	2.02	2.018	2.016	2.015	2.013	2.011	2.009	2.008	2.006	2.005	2.002	2.001	1.999	1.998	1.996	1.995	1.993	1.992	1.99	1.989	1.987	1.986	1.984	1.983	1.981	1.979	1.978	1.976	1.974	1.972	1.971	1.969	1.967	1.966	1.964	1.962	1.961	1.959	1.958	1.956	1.955	1.954	1.952	1.951	1.95	1.949	1.948	1.946	1.944	1.943	1.941	1.94	1.939	1.938	1.937	1.935	1.934	1.933	1.932	1.931	1.929	1.928	1.927	1.925	1.924	1.923	1.921	1.92	1.919	1.917	1.916	1.915	1.914	1.913	1.912	1.911	1.91	1.909	1.908	1.907	1.907	1.906	1.905	1.905	1.904	1.904	1.903	1.903	1.902	1.902
2.115	2.111	2.108	2.105	2.101	2.099	2.097	2.094	2.092	2.089	2.087	2.085	2.083	2.081	2.079	2.077	2.076	2.074	2.072	2.071	2.068	2.066	2.064	2.062	2.06	2.058	2.056	2.054	2.052	2.051	2.048	2.046	2.044	2.041	2.039	2.037	2.035	2.032	2.031	2.028	2.026	2.025	2.022	2.02	2.018	2.016	2.015	2.013	2.011	2.01	2.008	2.006	2.004	2.002	2.001	1.999	1.997	1.995	1.994	1.992	1.99	1.989	1.987	1.986	1.984	1.982	1.981	1.979	1.978	1.976	1.975	1.973	1.971	1.97	1.968	1.966	1.965	1.963	1.961	1.959	1.958	1.956	1.954	1.953	1.951	1.95	1.948	1.947	1.946	1.944	1.943	1.942	1.94	1.939	1.938	1.936	1.935	1.933	1.932	1.931	1.929	1.928	1.927	1.926	1.924	1.923	1.922	1.921	1.92	1.918	1.917	1.916	1.914	1.913	1.911	1.91	1.908	1.907	1.906	1.905	1.904	1.902	1.901	1.9	1.899	1.898	1.897	1.896	1.895	1.895	1.894	1.894	1.893	1.893	1.892	1.892	1.891
2.108	2.104	2.101	2.098	2.095	2.092	2.09	2.087	2.085	2.083	2.081	2.08	2.078	2.076	2.074	2.073	2.071	2.069	2.066	2.065	2.062	2.06	2.058	2.056	2.054	2.052	2.05	2.049	2.046	2.044	2.042	2.04	2.038	2.036	2.033	2.031	2.029	2.027	2.025	2.023	2.021	2.019	2.017	2.014	2.012	2.01	2.007	2.006	2.004	2.003	2.002	2	1.999	1.996	1.995	1.993	1.991	1.989	1.988	1.986	1.984	1.982	1.981	1.979	1.977	1.976	1.974	1.973	1.971	1.969	1.968	1.966	1.965	1.963	1.961	1.96	1.958	1.956	1.954	1.952	1.951	1.949	1.948	1.946	1.945	1.944	1.942	1.941	1.939	1.938	1.936	1.935	1.933	1.932	1.931	1.929	1.928	1.926	1.925	1.924	1.922	1.921	1.92	1.918	1.917	1.916	1.915	1.913	1.913	1.911	1.91	1.909	1.907	1.905	1.904	1.902	1.901	1.9	1.899	1.897	1.896	1.895	1.894	1.892	1.891	1.89	1.888	1.888	1.886	1.886	1.885	1.885	1.885	1.884	1.883	1.883	1.882
2.103	2.099	2.096	2.092	2.09	2.087	2.085	2.082	2.08	2.078	2.075	2.073	2.072	2.069	2.068	2.066	2.064	2.063	2.061	2.06	2.057	2.055	2.053	2.051	2.048	2.047	2.044	2.043	2.041	2.039	2.037	2.035	2.033	2.031	2.028	2.026	2.024	2.022	2.02	2.018	2.016	2.014	2.012	2.009	2.006	2.005	2.002	2.001	1.998	1.997	1.996	1.994	1.992	1.99	1.988	1.986	1.985	1.983	1.982	1.98	1.978	1.976	1.974	1.972	1.971	1.969	1.968	1.966	1.965	1.963	1.961	1.96	1.958	1.956	1.955	1.953	1.952	1.95	1.948	1.946	1.944	1.943	1.942	1.94	1.939	1.937	1.936	1.934	1.932	1.931	1.929	1.928	1.927	1.925	1.924	1.922	1.921	1.919	1.918	1.917	1.915	1.914	1.913	1.912	1.91	1.909	1.908	1.906	1.905	1.904	1.903	1.902	1.9	1.898	1.897	1.895	1.894	1.892	1.891	1.89	1.889	1.888	1.886	1.885	1.883	1.882	1.88	1.879	1.879	1.878	1.877	1.877	1.876	1.875	1.874	1.874	1.873
2.094	2.091	2.089	2.086	2.083	2.081	2.079	2.077	2.075	2.073	2.072	2.069	2.068	2.065	2.064	2.062	2.06	2.058	2.056	2.053	2.052	2.05	2.048	2.046	2.044	2.042	2.04	2.037	2.036	2.034	2.032	2.03	2.028	2.026	2.024	2.022	2.02	2.017	2.015	2.013	2.012	2.009	2.007	2.005	2.002	2	1.997	1.995	1.994	1.993	1.991	1.989	1.987	1.985	1.983	1.981	1.979	1.978	1.977	1.975	1.973	1.971	1.969	1.967	1.965	1.964	1.962	1.961	1.959	1.958	1.956	1.954	1.952	1.951	1.949	1.948	1.947	1.945	1.943	1.941	1.94	1.938	1.937	1.935	1.934	1.932	1.931	1.929	1.927	1.925	1.924	1.922	1.921	1.92	1.918	1.917	1.915	1.914	1.912	1.911	1.909	1.909	1.906	1.905	1.904	1.903	1.901	1.9	1.899	1.898	1.896	1.895	1.893	1.892	1.89	1.889	1.887	1.886	1.885	1.884	1.883	1.882	1.88	1.879	1.877	1.875	1.875	1.873	1.873	1.872	1.871	1.871	1.87	1.869	1.868	1.866	1.867
2.092	2.089	2.085	2.082	2.08	2.078	2.076	2.074	2.072	2.068	2.067	2.064	2.062	2.06	2.059	2.057	2.055	2.053	2.053	2.05	2.048	2.046	2.044	2.042	2.04	2.037	2.035	2.033	2.031	2.029	2.028	2.026	2.024	2.022	2.02	2.018	2.016	2.014	2.012	2.01	2.008	2.005	2.003	2.001	1.999	1.996	1.994	1.992	1.99	1.988	1.987	1.985	1.983	1.981	1.978	1.977	1.975	1.974	1.972	1.971	1.969	1.967	1.965	1.963	1.961	1.96	1.958	1.956	1.955	1.953	1.951	1.95	1.948	1.947	1.945	1.944	1.942	1.941	1.939	1.937	1.936	1.933	1.933	1.931	1.929	1.928	1.926	1.925	1.923	1.922	1.919	1.918	1.917	1.915	1.914	1.912	1.911	1.909	1.907	1.906	1.904	1.903	1.902	1.9	1.899	1.898	1.896	1.895	1.894	1.892	1.891	1.889	1.888	1.887	1.885	1.884	1.882	1.881	1.88	1.879	1.877	1.876	1.874	1.873	1.872	1.87	1.869	1.868	1.867	1.867	1.866	1.865	1.864	1.863	1.862	1.861	1.86
2.082	2.082	2.078	2.077	2.074	2.072	2.07	2.068	2.066	2.064	2.062	2.061	2.059	2.058	2.055	2.053	2.052	2.05	2.047	2.045	2.042	2.041	2.039	2.037	2.035	2.033	2.031	2.028	2.027	2.025	2.023	2.021	2.019	2.017	2.015	2.013	2.011	2.009	2.007	2.005	2.003	2.001	1.999	1.996	1.995	1.992	1.99	1.988	1.986	1.984	1.982	1.981	1.978	1.976	1.975	1.973	1.971	1.97	1.969	1.967	1.965	1.964	1.961	1.96	1.957	1.956	1.954	1.952	1.95	1.949	1.947	1.946	1.944	1.943	1.941	1.94	1.938	1.936	1.935	1.933	1.931	1.93	1.928	1.927	1.925	1.924	1.922	1.921	1.919	1.917	1.916	1.914	1.913	1.912	1.91	1.908	1.907	1.905	1.903	1.902	1.901	1.899	1.898	1.896	1.894	1.893	1.891	1.89	1.889	1.887	1.886	1.885	1.883	1.882	1.88	1.879	1.877	1.877	1.875	1.874	1.872	1.871	1.87	1.868	1.867	1.866	1.865	1.864	1.863	1.863	1.861	1.86	1.859	1.858	1.857	1.856	1.855
2.08	2.08	2.076	2.074	2.072	2.069	2.067	2.065	2.063	2.061	2.058	2.057	2.054	2.053	2.051	2.049	2.048	2.046	2.043	2.042	2.04	2.037	2.035	2.033	2.031	2.029	2.026	2.024	2.023	2.021	2.019	2.018	2.015	2.013	2.011	2.009	2.007	2.005	2.003	2.002	2	1.997	1.995	1.994	1.992	1.99	1.987	1.985	1.983	1.981	1.979	1.977	1.976	1.974	1.972	1.97	1.969	1.967	1.966	1.964	1.962	1.961	1.959	1.957	1.955	1.953	1.951	1.949	1.947	1.946	1.944	1.943	1.941	1.94	1.937	1.936	1.935	1.933	1.931	1.93	1.928	1.926	1.925	1.923	1.922	1.921	1.919	1.918	1.916	1.915	1.913	1.911	1.91	1.908	1.907	1.905	1.904	1.902	1.901	1.898	1.898	1.896	1.895	1.893	1.892	1.89	1.888	1.887	1.886	1.884	1.883	1.882	1.88	1.879	1.877	1.876	1.874	1.874	1.872	1.871	1.869	1.868	1.867	1.865	1.864	1.863	1.862	1.862	1.861	1.86	1.859	1.857	1.856	1.855	1.854	1.853	1.852
2.075	2.074	2.071	2.069	2.068	2.066	2.063	2.061	2.059	2.057	2.054	2.053	2.051	2.049	2.048	2.046	2.044	2.043	2.04	2.038	2.036	2.033	2.032	2.03	2.028	2.025	2.023	2.021	2.019	2.018	2.016	2.014	2.012	2.01	2.008	2.006	2.003	2.002	1.999	1.998	1.996	1.994	1.993	1.991	1.989	1.987	1.985	1.983	1.981	1.979	1.977	1.975	1.973	1.971	1.97	1.968	1.967	1.965	1.964	1.962	1.96	1.959	1.957	1.954	1.953	1.95	1.948	1.946	1.945	1.943	1.941	1.94	1.938	1.937	1.935	1.933	1.932	1.93	1.929	1.927	1.925	1.924	1.922	1.92	1.919	1.918	1.916	1.915	1.913	1.912	1.91	1.909	1.907	1.906	1.904	1.903	1.901	1.9	1.899	1.897	1.895	1.894	1.892	1.891	1.889	1.887	1.886	1.884	1.883	1.881	1.881	1.879	1.878	1.876	1.875	1.873	1.872	1.871	1.87	1.869	1.867	1.865	1.864	1.864	1.863	1.862	1.861	1.86	1.859	1.858	1.856	1.855	1.854	1.853	1.851	1.85	1.849
2.072	2.07	2.068	2.065	2.064	2.062	2.06	2.058	2.056	2.053	2.051	2.049	2.048	2.045	2.044	2.042	2.04	2.038	2.037	2.034	2.032	2.03	2.028	2.026	2.024	2.022	2.02	2.018	2.016	2.014	2.013	2.011	2.009	2.007	2.005	2.003	2	1.999	1.997	1.995	1.993	1.991	1.99	1.988	1.986	1.985	1.982	1.981	1.978	1.977	1.975	1.973	1.971	1.969	1.968	1.966	1.965	1.963	1.962	1.96	1.958	1.956	1.954	1.952	1.95	1.948	1.946	1.944	1.942	1.941	1.939	1.937	1.936	1.934	1.933	1.931	1.929	1.928	1.927	1.925	1.923	1.921	1.92	1.918	1.917	1.916	1.914	1.913	1.911	1.91	1.908	1.907	1.905	1.904	1.902	1.901	1.899	1.897	1.896	1.895	1.893	1.892	1.89	1.889	1.887	1.885	1.884	1.882	1.881	1.88	1.879	1.877	1.876	1.875	1.873	1.872	1.87	1.869	1.868	1.867	1.865	1.864	1.862	1.862	1.861	1.86	1.86	1.858	1.857	1.856	1.855	1.853	1.852	1.851	1.85	1.849	1.848
2.069	2.066	2.065	2.062	2.06	2.058	2.056	2.054	2.052	2.05	2.048	2.046	2.044	2.043	2.041	2.039	2.037	2.035	2.033	2.031	2.029	2.027	2.025	2.023	2.021	2.019	2.017	2.015	2.014	2.011	2.01	2.008	2.006	2.005	2.002	2.001	1.998	1.996	1.995	1.993	1.991	1.989	1.987	1.986	1.984	1.982	1.98	1.979	1.976	1.975	1.973	1.972	1.97	1.968	1.967	1.965	1.963	1.962	1.96	1.959	1.957	1.955	1.953	1.951	1.949	1.946	1.945	1.943	1.941	1.939	1.938	1.936	1.935	1.932	1.931	1.929	1.928	1.927	1.925	1.923	1.922	1.92	1.918	1.917	1.916	1.914	1.913	1.912	1.91	1.908	1.907	1.905	1.903	1.902	1.901	1.899	1.898	1.896	1.895	1.893	1.892	1.891	1.889	1.888	1.886	1.884	1.883	1.881	1.88	1.879	1.877	1.876	1.875	1.874	1.872	1.871	1.869	1.868	1.867	1.866	1.865	1.864	1.862	1.861	1.86	1.859	1.859	1.857	1.856	1.855	1.854	1.852	1.851	1.85	1.85	1.848	1.847
2.065	2.063	2.061	2.059	2.058	2.055	2.053	2.051	2.049	2.046	2.045	2.043	2.041	2.04	2.038	2.036	2.034	2.032	2.03	2.028	2.026	2.024	2.022	2.02	2.019	2.017	2.015	2.013	2.012	2.009	2.007	2.005	2.003	2.002	2	1.998	1.996	1.994	1.992	1.99	1.989	1.987	1.986	1.984	1.982	1.98	1.978	1.977	1.975	1.974	1.972	1.971	1.969	1.967	1.965	1.964	1.962	1.961	1.959	1.957	1.955	1.953	1.952	1.949	1.947	1.946	1.943	1.942	1.94	1.938	1.937	1.935	1.933	1.932	1.93	1.929	1.927	1.925	1.924	1.922	1.92	1.919	1.918	1.916	1.915	1.914	1.913	1.911	1.909	1.908	1.906	1.905	1.903	1.901	1.9	1.898	1.897	1.895	1.894	1.892	1.891	1.89	1.888	1.887	1.885	1.884	1.882	1.881	1.879	1.878	1.877	1.876	1.874	1.873	1.872	1.87	1.869	1.867	1.866	1.865	1.864	1.863	1.862	1.861	1.86	1.859	1.858	1.857	1.855	1.854	1.853	1.852	1.851	1.85	1.849	1.848	1.847
2.061	2.062	2.059	2.057	2.055	2.053	2.051	2.048	2.046	2.044	2.041	2.04	2.037	2.036	2.034	2.032	2.03	2.028	2.027	2.025	2.023	2.022	2.019	2.017	2.015	2.014	2.013	2.01	2.009	2.007	2.005	2.004	2.001	1.999	1.997	1.995	1.994	1.991	1.99	1.988	1.987	1.985	1.983	1.982	1.98	1.978	1.976	1.974	1.973	1.972	1.97	1.969	1.967	1.966	1.964	1.962	1.96	1.959	1.957	1.956	1.954	1.952	1.95	1.948	1.945	1.944	1.942	1.94	1.938	1.936	1.935	1.934	1.932	1.93	1.929	1.927	1.926	1.924	1.923	1.921	1.919	1.918	1.917	1.915	1.914	1.912	1.912	1.91	1.908	1.907	1.905	1.903	1.902	1.9	1.899	1.898	1.896	1.894	1.893	1.891	1.89	1.889	1.887	1.885	1.884	1.883	1.881	1.88	1.878	1.877	1.875	1.874	1.873	1.872	1.871	1.869	1.868	1.867	1.865	1.864	1.863	1.862	1.861	1.86	1.858	1.858	1.856	1.855	1.854	1.853	1.852	1.85	1.85	1.849	1.848	1.847	1.845
2.058	2.058	2.055	2.054	2.052	2.049	2.048	2.045	2.043	2.042	2.039	2.038	2.036	2.034	2.032	2.03	2.028	2.026	2.025	2.023	2.02	2.019	2.017	2.015	2.014	2.011	2.01	2.009	2.007	2.005	2.003	2.002	2	1.997	1.996	1.994	1.993	1.99	1.988	1.987	1.986	1.984	1.982	1.981	1.978	1.977	1.975	1.974	1.973	1.971	1.97	1.969	1.967	1.965	1.963	1.962	1.96	1.959	1.957	1.955	1.953	1.951	1.949	1.948	1.945	1.944	1.942	1.94	1.938	1.937	1.935	1.933	1.932	1.93	1.929	1.927	1.926	1.924	1.923	1.921	1.92	1.918	1.917	1.916	1.914	1.912	1.911	1.91	1.908	1.906	1.905	1.903	1.902	1.9	1.899	1.897	1.896	1.895	1.893	1.892	1.89	1.888	1.887	1.885	1.884	1.883	1.881	1.879	1.878	1.876	1.875	1.874	1.873	1.871	1.87	1.87	1.868	1.867	1.865	1.863	1.863	1.862	1.861	1.86	1.859	1.858	1.856	1.855	1.854	1.853	1.852	1.851	1.85	1.849	1.848	1.848	1.845
2.059	2.057	2.056	2.053	2.051	2.048	2.046	2.044	2.042	2.039	2.037	2.035	2.033	2.031	2.028	2.026	2.025	2.024	2.021	2.021	2.018	2.018	2.015	2.013	2.011	2.01	2.008	2.007	2.004	2.004	2.002	2	1.998	1.996	1.994	1.992	1.99	1.989	1.988	1.986	1.984	1.983	1.981	1.979	1.977	1.976	1.975	1.972	1.971	1.969	1.968	1.967	1.965	1.964	1.962	1.96	1.959	1.957	1.955	1.953	1.951	1.95	1.947	1.946	1.944	1.942	1.941	1.939	1.937	1.936	1.934	1.933	1.931	1.929	1.928	1.927	1.925	1.924	1.922	1.921	1.919	1.918	1.917	1.915	1.913	1.913	1.911	1.909	1.908	1.906	1.904	1.903	1.901	1.899	1.898	1.897	1.895	1.893	1.892	1.89	1.889	1.887	1.886	1.885	1.884	1.882	1.881	1.879	1.877	1.875	1.874	1.872	1.872	1.871	1.87	1.869	1.867	1.865	1.864	1.863	1.862	1.861	1.86	1.858	1.857	1.856	1.855	1.854	1.853	1.852	1.851	1.85	1.849	1.848	1.846	1.846	1.845
2.055	2.053	2.052	2.049	2.048	2.046	2.044	2.041	2.039	2.036	2.035	2.033	2.031	2.029	2.027	2.025	2.023	2.022	2.019	2.018	2.016	2.014	2.013	2.011	2.009	2.008	2.006	2.005	2.003	2.001	2	1.998	1.996	1.995	1.993	1.991	1.99	1.987	1.985	1.984	1.983	1.981	1.98	1.978	1.977	1.975	1.973	1.972	1.97	1.969	1.967	1.966	1.965	1.963	1.961	1.959	1.958	1.956	1.955	1.953	1.95	1.949	1.947	1.945	1.944	1.942	1.94	1.939	1.937	1.935	1.934	1.932	1.931	1.93	1.928	1.927	1.925	1.924	1.922	1.921	1.919	1.918	1.916	1.916	1.914	1.912	1.911	1.909	1.907	1.906	1.904	1.902	1.901	1.899	1.898	1.896	1.895	1.893	1.892	1.89	1.89	1.888	1.886	1.885	1.884	1.883	1.881	1.88	1.878	1.876	1.875	1.873	1.871	1.871	1.87	1.868	1.868	1.866	1.865	1.863	1.862	1.861	1.86	1.859	1.857	1.856	1.855	1.854	1.853	1.852	1.851	1.85	1.849	1.848	1.847	1.845	1.845
2.055	2.053	2.052	2.05	2.048	2.045	2.043	2.041	2.038	2.036	2.034	2.031	2.03	2.027	2.025	2.023	2.021	2.019	2.017	2.015	2.015	2.012	2.012	2.01	2.008	2.006	2.004	2.003	2.002	2.001	1.999	1.998	1.996	1.995	1.992	1.991	1.989	1.988	1.985	1.984	1.982	1.981	1.98	1.978	1.976	1.975	1.974	1.972	1.97	1.969	1.967	1.966	1.964	1.962	1.961	1.959	1.957	1.956	1.953	1.952	1.95	1.948	1.946	1.944	1.943	1.941	1.94	1.938	1.937	1.935	1.934	1.933	1.931	1.93	1.928	1.927	1.925	1.924	1.923	1.921	1.92	1.919	1.917	1.916	1.914	1.913	1.911	1.91	1.908	1.906	1.905	1.903	1.901	1.9	1.898	1.897	1.895	1.894	1.892	1.891	1.89	1.888	1.887	1.886	1.884	1.883	1.882	1.88	1.879	1.877	1.875	1.875	1.873	1.871	1.87	1.869	1.868	1.867	1.865	1.864	1.863	1.861	1.86	1.859	1.858	1.857	1.856	1.855	1.854	1.853	1.851	1.851	1.849	1.848	1.847	1.846	1.845
2.052	2.051	2.049	2.047	2.045	2.043	2.041	2.039	2.036	2.033	2.032	2.029	2.028	2.026	2.023	2.021	2.019	2.017	2.016	2.013	2.012	2.01	2.009	2.007	2.006	2.005	2.003	2.002	2	1.999	1.998	1.996	1.995	1.993	1.991	1.99	1.988	1.987	1.984	1.983	1.981	1.98	1.979	1.977	1.976	1.975	1.973	1.971	1.969	1.968	1.967	1.965	1.963	1.961	1.96	1.958	1.956	1.955	1.953	1.951	1.949	1.947	1.945	1.944	1.942	1.94	1.939	1.937	1.936	1.935	1.933	1.932	1.93	1.929	1.928	1.926	1.925	1.924	1.923	1.922	1.919	1.919	1.917	1.915	1.914	1.913	1.911	1.909	1.908	1.906	1.904	1.903	1.901	1.9	1.898	1.896	1.895	1.893	1.892	1.891	1.889	1.888	1.886	1.885	1.884	1.883	1.882	1.88	1.878	1.878	1.875	1.874	1.873	1.872	1.871	1.87	1.869	1.868	1.866	1.865	1.863	1.862	1.861	1.86	1.859	1.858	1.857	1.856	1.854	1.853	1.852	1.851	1.85	1.849	1.847	1.846	1.846
2.051	2.051	2.048	2.046	2.044	2.042	2.04	2.037	2.035	2.032	2.031	2.028	2.025	2.024	2.021	2.019	2.018	2.015	2.014	2.012	2.01	2.009	2.008	2.007	2.006	2.004	2.002	2.001	2	1.998	1.997	1.995	1.994	1.993	1.991	1.99	1.988	1.987	1.984	1.982	1.981	1.979	1.978	1.977	1.975	1.974	1.972	1.971	1.969	1.968	1.966	1.964	1.963	1.961	1.959	1.957	1.955	1.954	1.952	1.95	1.948	1.947	1.945	1.943	1.942	1.94	1.939	1.937	1.935	1.934	1.933	1.932	1.93	1.929	1.928	1.926	1.925	1.924	1.923	1.922	1.921	1.919	1.918	1.916	1.914	1.913	1.912	1.91	1.908	1.906	1.904	1.903	1.901	1.899	1.898	1.896	1.895	1.893	1.892	1.89	1.889	1.888	1.887	1.886	1.885	1.883	1.882	1.881	1.879	1.878	1.876	1.875	1.874	1.873	1.872	1.871	1.869	1.868	1.867	1.866	1.864	1.863	1.862	1.861	1.86	1.859	1.858	1.857	1.855	1.854	1.853	1.852	1.851	1.85	1.848	1.847	1.846
2.05	2.051	2.047	2.045	2.043	2.041	2.039	2.037	2.035	2.032	2.029	2.028	2.025	2.024	2.021	2.019	2.017	2.015	2.013	2.011	2.009	2.008	2.006	2.006	2.005	2.003	2.001	2	1.999	1.997	1.996	1.994	1.993	1.993	1.991	1.989	1.988	1.986	1.984	1.982	1.981	1.979	1.978	1.977	1.975	1.974	1.972	1.971	1.968	1.967	1.965	1.963	1.962	1.961	1.958	1.957	1.955	1.953	1.952	1.95	1.948	1.946	1.945	1.943	1.942	1.94	1.939	1.937	1.936	1.934	1.933	1.931	1.93	1.929	1.928	1.927	1.926	1.924	1.923	1.922	1.921	1.92	1.918	1.917	1.915	1.913	1.912	1.91	1.908	1.907	1.905	1.903	1.901	1.9	1.898	1.896	1.895	1.894	1.892	1.891	1.89	1.888	1.887	1.886	1.885	1.884	1.882	1.881	1.88	1.878	1.877	1.876	1.875	1.874	1.873	1.872	1.87	1.869	1.868	1.867	1.865	1.864	1.863	1.862	1.861	1.86	1.859	1.858	1.857	1.855	1.854	1.853	1.852	1.851	1.85	1.848	1.847
2.049	2.05	2.045	2.044	2.042	2.039	2.038	2.036	2.033	2.032	2.028	2.027	2.024	2.024	2.022	2.019	2.017	2.015	2.013	2.011	2.009	2.008	2.006	2.005	2.004	2.002	2.001	1.999	1.998	1.996	1.995	1.993	1.992	1.991	1.99	1.988	1.987	1.985	1.984	1.982	1.98	1.979	1.978	1.976	1.975	1.974	1.972	1.97	1.968	1.967	1.965	1.963	1.961	1.96	1.959	1.956	1.955	1.953	1.952	1.95	1.948	1.946	1.945	1.943	1.941	1.94	1.938	1.937	1.936	1.934	1.933	1.931	1.93	1.929	1.928	1.927	1.926	1.925	1.923	1.922	1.921	1.92	1.919	1.917	1.916	1.914	1.912	1.91	1.908	1.906	1.905	1.902	1.901	1.899	1.898	1.897	1.895	1.894	1.892	1.891	1.89	1.888	1.888	1.886	1.885	1.883	1.882	1.881	1.88	1.878	1.877	1.876	1.875	1.874	1.873	1.872	1.87	1.87	1.868	1.867	1.866	1.865	1.863	1.862	1.861	1.86	1.859	1.858	1.857	1.856	1.855	1.854	1.852	1.851	1.85	1.85	1.848
2.049	2.051	2.046	2.045	2.043	2.04	2.038	2.036	2.033	2.032	2.028	2.027	2.024	2.023	2.021	2.019	2.017	2.015	2.014	2.011	2.009	2.008	2.006	2.005	2.003	2.001	2	1.998	1.997	1.995	1.994	1.993	1.992	1.991	1.989	1.987	1.987	1.985	1.983	1.981	1.98	1.979	1.977	1.976	1.974	1.973	1.972	1.97	1.968	1.966	1.964	1.963	1.962	1.96	1.958	1.956	1.954	1.953	1.951	1.95	1.948	1.946	1.944	1.943	1.94	1.94	1.938	1.937	1.936	1.934	1.933	1.932	1.93	1.929	1.928	1.927	1.925	1.924	1.923	1.922	1.921	1.92	1.919	1.917	1.916	1.914	1.912	1.91	1.908	1.906	1.904	1.902	1.901	1.899	1.898	1.896	1.895	1.893	1.893	1.89	1.89	1.888	1.888	1.886	1.885	1.883	1.882	1.881	1.88	1.878	1.878	1.876	1.875	1.874	1.873	1.872	1.87	1.869	1.869	1.867	1.866	1.865	1.863	1.862	1.861	1.859	1.859	1.858	1.857	1.856	1.855	1.854	1.853	1.852	1.851	1.85	1.849
2.049	2.049	2.046	2.043	2.042	2.04	2.038	2.036	2.034	2.032	2.029	2.027	2.026	2.024	2.023	2.021	2.019	2.017	2.015	2.013	2.011	2.008	2.006	2.004	2.002	2.001	2	1.997	1.997	1.995	1.993	1.992	1.991	1.99	1.989	1.987	1.986	1.984	1.984	1.982	1.98	1.979	1.977	1.976	1.974	1.972	1.971	1.969	1.967	1.966	1.965	1.963	1.962	1.96	1.957	1.957	1.954	1.953	1.952	1.95	1.948	1.947	1.944	1.943	1.941	1.94	1.939	1.937	1.936	1.934	1.933	1.932	1.93	1.93	1.928	1.927	1.926	1.925	1.923	1.922	1.921	1.919	1.918	1.917	1.915	1.913	1.912	1.909	1.908	1.906	1.904	1.902	1.9	1.899	1.898	1.897	1.895	1.894	1.893	1.891	1.89	1.889	1.887	1.886	1.885	1.883	1.882	1.881	1.88	1.878	1.878	1.876	1.875	1.874	1.873	1.872	1.871	1.869	1.868	1.867	1.866	1.865	1.864	1.863	1.862	1.86	1.859	1.858	1.857	1.856	1.855	1.854	1.854	1.853	1.852	1.85	1.85
2.053	2.049	2.049	2.045	2.044	2.042	2.039	2.037	2.034	2.032	2.031	2.028	2.026	2.024	2.022	2.02	2.018	2.017	2.015	2.013	2.01	2.009	2.007	2.005	2.003	2.001	1.999	1.997	1.995	1.994	1.993	1.992	1.99	1.989	1.988	1.987	1.985	1.984	1.982	1.981	1.98	1.978	1.977	1.975	1.973	1.971	1.969	1.968	1.966	1.964	1.963	1.961	1.96	1.959	1.956	1.955	1.953	1.951	1.95	1.949	1.947	1.945	1.943	1.942	1.94	1.938	1.937	1.936	1.935	1.933	1.932	1.931	1.93	1.928	1.927	1.926	1.924	1.923	1.922	1.921	1.92	1.918	1.917	1.915	1.914	1.912	1.91	1.908	1.906	1.904	1.902	1.901	1.899	1.898	1.896	1.895	1.894	1.893	1.891	1.891	1.888	1.888	1.886	1.885	1.884	1.883	1.881	1.88	1.879	1.878	1.877	1.876	1.874	1.873	1.872	1.871	1.87	1.868	1.867	1.866	1.864	1.863	1.863	1.861	1.86	1.859	1.858	1.856	1.856	1.854	1.853	1.853	1.852	1.851	1.851	1.849	1.848
2.052	2.049	2.048	2.046	2.044	2.042	2.04	2.038	2.036	2.033	2.031	2.029	2.027	2.025	2.024	2.023	2.021	2.019	2.016	2.015	2.013	2.01	2.008	2.006	2.004	2.002	2	1.999	1.996	1.995	1.993	1.991	1.99	1.989	1.987	1.986	1.985	1.984	1.983	1.982	1.98	1.978	1.976	1.975	1.973	1.972	1.969	1.967	1.966	1.964	1.963	1.962	1.96	1.958	1.956	1.955	1.954	1.952	1.95	1.948	1.947	1.945	1.944	1.942	1.941	1.94	1.938	1.936	1.935	1.934	1.932	1.931	1.93	1.928	1.927	1.927	1.925	1.923	1.922	1.921	1.919	1.918	1.917	1.914	1.913	1.911	1.909	1.907	1.905	1.904	1.901	1.901	1.899	1.898	1.897	1.895	1.894	1.893	1.892	1.891	1.889	1.888	1.887	1.885	1.884	1.883	1.882	1.881	1.879	1.879	1.877	1.876	1.875	1.873	1.873	1.871	1.87	1.868	1.867	1.866	1.865	1.863	1.863	1.862	1.861	1.859	1.859	1.857	1.855	1.855	1.854	1.853	1.853	1.852	1.851	1.85	1.847
2.055	2.052	2.051	2.049	2.047	2.045	2.043	2.04	2.037	2.035	2.033	2.03	2.029	2.026	2.024	2.023	2.021	2.02	2.017	2.015	2.014	2.012	2.01	2.008	2.006	2.004	2.001	1.999	1.997	1.996	1.994	1.992	1.99	1.988	1.988	1.987	1.985	1.984	1.982	1.981	1.979	1.978	1.976	1.974	1.973	1.971	1.969	1.967	1.965	1.964	1.961	1.96	1.959	1.957	1.956	1.954	1.952	1.951	1.949	1.948	1.946	1.945	1.943	1.942	1.94	1.939	1.937	1.936	1.935	1.934	1.932	1.931	1.929	1.928	1.927	1.925	1.924	1.923	1.921	1.92	1.919	1.917	1.916	1.914	1.912	1.91	1.908	1.906	1.904	1.902	1.9	1.899	1.898	1.896	1.896	1.894	1.893	1.893	1.891	1.89	1.889	1.888	1.886	1.885	1.884	1.883	1.881	1.88	1.879	1.879	1.877	1.876	1.875	1.873	1.872	1.871	1.87	1.868	1.867	1.865	1.864	1.863	1.861	1.861	1.86	1.859	1.857	1.856	1.855	1.854	1.853	1.852	1.851	1.851	1.849	1.849	1.847
2.055	2.053	2.052	2.049	2.047	2.045	2.043	2.041	2.039	2.036	2.035	2.032	2.03	2.028	2.026	2.025	2.023	2.021	2.019	2.017	2.015	2.012	2.011	2.009	2.006	2.004	2.002	2	1.998	1.996	1.994	1.993	1.991	1.988	1.988	1.986	1.984	1.983	1.982	1.98	1.978	1.977	1.975	1.973	1.973	1.97	1.969	1.967	1.965	1.963	1.961	1.96	1.959	1.956	1.955	1.954	1.952	1.951	1.949	1.947	1.946	1.945	1.943	1.942	1.94	1.939	1.937	1.936	1.935	1.933	1.932	1.931	1.929	1.927	1.927	1.925	1.923	1.922	1.92	1.919	1.917	1.915	1.915	1.912	1.911	1.909	1.907	1.905	1.903	1.901	1.9	1.898	1.897	1.895	1.894	1.893	1.892	1.892	1.891	1.89	1.888	1.887	1.886	1.884	1.883	1.882	1.881	1.88	1.879	1.877	1.877	1.875	1.874	1.873	1.872	1.87	1.869	1.868	1.867	1.866	1.864	1.863	1.862	1.86	1.859	1.858	1.856	1.856	1.855	1.853	1.853	1.852	1.85	1.85	1.849	1.848	1.847
2.057	2.055	2.054	2.052	2.05	2.048	2.046	2.043	2.041	2.038	2.037	2.034	2.032	2.03	2.027	2.025	2.024	2.022	2.02	2.018	2.016	2.015	2.013	2.011	2.008	2.006	2.004	2.002	2	1.998	1.995	1.994	1.991	1.989	1.988	1.986	1.985	1.983	1.981	1.981	1.979	1.978	1.976	1.974	1.973	1.971	1.969	1.967	1.965	1.964	1.962	1.96	1.959	1.957	1.955	1.954	1.953	1.951	1.949	1.948	1.946	1.945	1.943	1.942	1.941	1.939	1.938	1.937	1.935	1.934	1.931	1.93	1.929	1.927	1.926	1.925	1.923	1.922	1.92	1.918	1.917	1.914	1.914	1.911	1.91	1.908	1.905	1.903	1.902	1.9	1.899	1.898	1.896	1.895	1.894	1.893	1.892	1.891	1.89	1.889	1.888	1.887	1.886	1.884	1.883	1.882	1.881	1.88	1.879	1.877	1.877	1.876	1.874	1.873	1.872	1.87	1.87	1.868	1.867	1.866	1.865	1.863	1.862	1.86	1.858	1.857	1.856	1.855	1.855	1.853	1.853	1.852	1.851	1.849	1.848	1.847	1.846
2.06	2.058	2.056	2.054	2.052	2.05	2.048	2.045	2.043	2.04	2.038	2.036	2.034	2.032	2.029	2.027	2.026	2.024	2.022	2.02	2.018	2.016	2.014	2.012	2.01	2.008	2.006	2.003	2.001	1.999	1.997	1.995	1.992	1.99	1.989	1.987	1.985	1.983	1.982	1.981	1.98	1.979	1.978	1.975	1.974	1.972	1.97	1.968	1.966	1.964	1.962	1.96	1.959	1.957	1.956	1.954	1.953	1.951	1.95	1.948	1.947	1.945	1.944	1.943	1.941	1.94	1.938	1.937	1.936	1.934	1.932	1.93	1.929	1.927	1.925	1.924	1.922	1.921	1.919	1.917	1.916	1.914	1.913	1.911	1.909	1.907	1.905	1.903	1.902	1.9	1.899	1.897	1.896	1.895	1.894	1.893	1.892	1.89	1.889	1.888	1.887	1.886	1.885	1.884	1.883	1.882	1.881	1.879	1.879	1.877	1.876	1.876	1.874	1.873	1.872	1.871	1.869	1.868	1.868	1.866	1.865	1.863	1.862	1.861	1.859	1.857	1.857	1.855	1.854	1.853	1.852	1.851	1.851	1.849	1.848	1.848	1.846
2.062	2.06	2.058	2.056	2.054	2.051	2.049	2.046	2.044	2.042	2.04	2.037	2.036	2.033	2.032	2.03	2.028	2.026	2.024	2.023	2.02	2.018	2.016	2.014	2.012	2.009	2.007	2.005	2.003	2	1.998	1.996	1.994	1.992	1.99	1.988	1.986	1.985	1.983	1.982	1.98	1.979	1.977	1.976	1.974	1.972	1.971	1.968	1.967	1.965	1.963	1.961	1.959	1.958	1.956	1.955	1.954	1.952	1.95	1.949	1.947	1.946	1.944	1.943	1.941	1.94	1.939	1.937	1.936	1.933	1.933	1.93	1.929	1.928	1.925	1.924	1.922	1.92	1.919	1.917	1.916	1.914	1.912	1.911	1.908	1.907	1.905	1.903	1.902	1.9	1.898	1.897	1.896	1.895	1.893	1.892	1.891	1.89	1.889	1.887	1.887	1.886	1.884	1.883	1.882	1.881	1.88	1.879	1.878	1.877	1.876	1.875	1.874	1.873	1.872	1.871	1.869	1.868	1.868	1.866	1.865	1.864	1.862	1.861	1.86	1.858	1.857	1.856	1.854	1.854	1.852	1.851	1.85	1.849	1.848	1.847	1.846
2.065	2.063	2.061	2.059	2.058	2.055	2.053	2.05	2.047	2.045	2.042	2.04	2.038	2.035	2.034	2.032	2.03	2.028	2.025	2.025	2.023	2.021	2.019	2.016	2.014	2.012	2.01	2.007	2.005	2.003	2.001	1.998	1.996	1.994	1.993	1.991	1.989	1.987	1.985	1.983	1.982	1.98	1.978	1.977	1.975	1.973	1.971	1.969	1.968	1.966	1.964	1.962	1.961	1.959	1.957	1.956	1.955	1.953	1.951	1.95	1.948	1.947	1.945	1.944	1.942	1.941	1.939	1.938	1.938	1.934	1.934	1.932	1.93	1.928	1.926	1.924	1.923	1.921	1.92	1.918	1.916	1.914	1.912	1.911	1.909	1.907	1.906	1.904	1.902	1.901	1.899	1.898	1.897	1.895	1.893	1.893	1.891	1.89	1.889	1.888	1.886	1.885	1.884	1.884	1.883	1.881	1.881	1.879	1.878	1.877	1.877	1.876	1.875	1.874	1.872	1.872	1.871	1.869	1.868	1.867	1.865	1.865	1.863	1.862	1.861	1.86	1.857	1.857	1.855	1.854	1.853	1.852	1.85	1.85	1.849	1.848	1.848
2.066	2.065	2.063	2.061	2.059	2.057	2.054	2.051	2.049	2.047	2.045	2.042	2.04	2.039	2.037	2.035	2.033	2.032	2.03	2.028	2.025	2.023	2.021	2.019	2.017	2.014	2.012	2.01	2.008	2.005	2.004	2.001	1.999	1.997	1.995	1.993	1.992	1.989	1.988	1.985	1.983	1.982	1.98	1.978	1.976	1.974	1.972	1.97	1.969	1.967	1.965	1.963	1.962	1.96	1.959	1.957	1.956	1.955	1.953	1.952	1.95	1.948	1.946	1.946	1.943	1.942	1.941	1.938	1.938	1.936	1.934	1.933	1.931	1.929	1.927	1.926	1.924	1.922	1.921	1.919	1.917	1.915	1.914	1.912	1.91	1.908	1.907	1.906	1.904	1.902	1.901	1.899	1.897	1.896	1.895	1.894	1.893	1.891	1.89	1.889	1.887	1.886	1.885	1.883	1.883	1.882	1.881	1.88	1.879	1.878	1.877	1.876	1.875	1.874	1.874	1.872	1.871	1.87	1.868	1.868	1.867	1.866	1.865	1.863	1.862	1.861	1.859	1.858	1.857	1.856	1.854	1.854	1.853	1.851	1.851	1.85	1.849
2.071	2.069	2.067	2.066	2.063	2.061	2.058	2.056	2.053	2.05	2.048	2.046	2.044	2.041	2.039	2.038	2.035	2.033	2.031	2.03	2.028	2.026	2.024	2.023	2.021	2.018	2.015	2.013	2.011	2.008	2.006	2.004	2.002	2.001	1.998	1.996	1.995	1.992	1.99	1.988	1.985	1.983	1.982	1.979	1.978	1.976	1.974	1.972	1.97	1.968	1.967	1.965	1.963	1.961	1.96	1.958	1.958	1.956	1.954	1.953	1.952	1.95	1.947	1.947	1.944	1.943	1.942	1.94	1.938	1.937	1.935	1.934	1.932	1.93	1.928	1.926	1.925	1.923	1.922	1.92	1.918	1.916	1.915	1.913	1.911	1.91	1.908	1.907	1.905	1.904	1.902	1.901	1.899	1.898	1.897	1.895	1.894	1.893	1.891	1.889	1.888	1.886	1.886	1.884	1.883	1.883	1.882	1.881	1.88	1.879	1.878	1.877	1.877	1.874	1.875	1.873	1.872	1.872	1.87	1.868	1.868	1.866	1.866	1.865	1.863	1.862	1.862	1.859	1.858	1.857	1.856	1.854	1.854	1.852	1.852	1.851	1.85
2.073	2.071	2.069	2.067	2.065	2.063	2.06	2.057	2.055	2.053	2.051	2.048	2.047	2.045	2.043	2.041	2.04	2.038	2.036	2.033	2.031	2.029	2.027	2.025	2.023	2.021	2.019	2.016	2.014	2.012	2.009	2.009	2.005	2.003	2.002	2	1.997	1.996	1.993	1.991	1.989	1.986	1.984	1.982	1.98	1.978	1.976	1.974	1.972	1.971	1.969	1.967	1.965	1.964	1.963	1.961	1.96	1.958	1.957	1.956	1.954	1.953	1.951	1.948	1.948	1.946	1.944	1.943	1.941	1.939	1.937	1.936	1.934	1.933	1.931	1.929	1.927	1.926	1.924	1.922	1.921	1.918	1.917	1.915	1.913	1.911	1.91	1.908	1.907	1.906	1.904	1.903	1.902	1.9	1.898	1.898	1.896	1.895	1.893	1.892	1.891	1.889	1.888	1.887	1.886	1.885	1.884	1.884	1.881	1.882	1.88	1.879	1.879	1.877	1.876	1.876	1.874	1.873	1.873	1.871	1.87	1.87	1.868	1.867	1.866	1.864	1.863	1.863	1.861	1.86	1.859	1.857	1.856	1.855	1.854	1.853	1.852
2.076	2.074	2.072	2.071	2.068	2.066	2.064	2.061	2.058	2.056	2.054	2.052	2.049	2.048	2.046	2.043	2.041	2.039	2.038	2.036	2.034	2.032	2.03	2.028	2.026	2.023	2.022	2.02	2.017	2.015	2.012	2.01	2.009	2.007	2.005	2.003	2	1.998	1.996	1.993	1.991	1.989	1.987	1.984	1.982	1.98	1.978	1.976	1.974	1.973	1.97	1.97	1.967	1.965	1.964	1.963	1.962	1.96	1.958	1.957	1.956	1.954	1.954	1.95	1.949	1.948	1.946	1.944	1.942	1.941	1.938	1.937	1.936	1.934	1.932	1.931	1.928	1.927	1.925	1.923	1.922	1.92	1.918	1.916	1.915	1.913	1.911	1.91	1.908	1.907	1.905	1.904	1.902	1.901	1.9	1.899	1.897	1.896	1.894	1.893	1.891	1.89	1.889	1.887	1.887	1.886	1.885	1.885	1.883	1.883	1.882	1.881	1.88	1.879	1.877	1.877	1.876	1.875	1.873	1.873	1.871	1.871	1.87	1.869	1.868	1.867	1.865	1.864	1.863	1.861	1.86	1.859	1.857	1.857	1.855	1.854	1.853
2.078	2.076	2.074	2.072	2.07	2.068	2.066	2.063	2.061	2.058	2.056	2.055	2.052	2.051	2.049	2.047	2.045	2.044	2.041	2.04	2.038	2.035	2.034	2.031	2.029	2.027	2.024	2.022	2.02	2.017	2.016	2.013	2.012	2.01	2.008	2.006	2.004	2.001	1.999	1.996	1.994	1.992	1.99	1.987	1.986	1.983	1.981	1.979	1.977	1.975	1.973	1.972	1.97	1.968	1.967	1.966	1.964	1.963	1.961	1.96	1.959	1.956	1.955	1.953	1.952	1.95	1.948	1.946	1.944	1.943	1.941	1.939	1.937	1.936	1.935	1.933	1.931	1.929	1.928	1.926	1.924	1.922	1.921	1.918	1.917	1.915	1.913	1.912	1.91	1.909	1.908	1.906	1.904	1.903	1.902	1.9	1.899	1.897	1.896	1.895	1.894	1.892	1.891	1.89	1.888	1.888	1.887	1.886	1.886	1.884	1.884	1.883	1.882	1.881	1.881	1.879	1.879	1.877	1.876	1.875	1.874	1.873	1.872	1.871	1.87	1.869	1.868	1.866	1.866	1.864	1.863	1.862	1.86	1.859	1.857	1.856	1.855
2.081	2.08	2.078	2.076	2.074	2.071	2.069	2.066	2.064	2.062	2.059	2.057	2.055	2.054	2.052	2.049	2.048	2.046	2.044	2.043	2.04	2.038	2.037	2.034	2.032	2.031	2.028	2.027	2.025	2.021	2.02	2.017	2.016	2.014	2.011	2.009	2.007	2.004	2.002	2	1.998	1.995	1.993	1.991	1.989	1.986	1.984	1.982	1.98	1.978	1.976	1.973	1.972	1.97	1.969	1.968	1.966	1.966	1.964	1.963	1.961	1.959	1.957	1.956	1.954	1.953	1.951	1.948	1.947	1.944	1.943	1.941	1.939	1.938	1.937	1.935	1.934	1.932	1.93	1.929	1.927	1.925	1.923	1.921	1.919	1.917	1.915	1.914	1.912	1.911	1.91	1.909	1.907	1.906	1.904	1.903	1.901	1.9	1.898	1.897	1.896	1.894	1.893	1.893	1.891	1.89	1.89	1.888	1.888	1.887	1.885	1.885	1.884	1.883	1.883	1.882	1.881	1.88	1.879	1.878	1.877	1.876	1.874	1.873	1.873	1.871	1.871	1.869	1.868	1.867	1.866	1.865	1.863	1.862	1.86	1.859	1.857
2.084	2.083	2.081	2.079	2.076	2.074	2.071	2.069	2.067	2.064	2.062	2.059	2.058	2.056	2.054	2.052	2.05	2.049	2.047	2.045	2.043	2.041	2.039	2.037	2.035	2.034	2.032	2.03	2.028	2.026	2.024	2.022	2.02	2.018	2.015	2.013	2.01	2.008	2.006	2.003	2.001	1.998	1.997	1.994	1.992	1.99	1.988	1.986	1.983	1.981	1.979	1.976	1.975	1.973	1.971	1.971	1.969	1.967	1.967	1.965	1.963	1.962	1.96	1.958	1.956	1.955	1.953	1.951	1.949	1.947	1.945	1.944	1.942	1.941	1.939	1.937	1.937	1.934	1.933	1.931	1.93	1.928	1.925	1.924	1.922	1.92	1.918	1.916	1.915	1.913	1.911	1.911	1.909	1.907	1.906	1.905	1.903	1.902	1.901	1.9	1.898	1.897	1.896	1.894	1.893	1.892	1.892	1.89	1.89	1.889	1.888	1.887	1.887	1.886	1.885	1.884	1.883	1.882	1.882	1.879	1.879	1.878	1.877	1.876	1.875	1.874	1.873	1.872	1.871	1.87	1.869	1.867	1.866	1.865	1.864	1.862	1.861
2.086	2.084	2.083	2.081	2.079	2.076	2.073	2.071	2.069	2.066	2.065	2.062	2.06	2.058	2.056	2.055	2.052	2.052	2.049	2.047	2.046	2.043	2.041	2.04	2.038	2.037	2.035	2.033	2.032	2.031	2.028	2.026	2.025	2.022	2.019	2.017	2.014	2.012	2.01	2.007	2.006	2.002	2	1.998	1.995	1.994	1.991	1.989	1.987	1.984	1.982	1.98	1.977	1.977	1.974	1.974	1.973	1.97	1.969	1.968	1.966	1.964	1.962	1.961	1.959	1.958	1.956	1.954	1.952	1.95	1.948	1.947	1.945	1.943	1.942	1.94	1.939	1.937	1.936	1.934	1.932	1.931	1.928	1.927	1.925	1.923	1.921	1.919	1.917	1.916	1.914	1.913	1.911	1.91	1.909	1.907	1.905	1.904	1.903	1.902	1.9	1.9	1.898	1.897	1.897	1.894	1.894	1.893	1.892	1.891	1.891	1.889	1.889	1.888	1.887	1.886	1.886	1.884	1.884	1.882	1.882	1.88	1.879	1.878	1.878	1.877	1.876	1.875	1.874	1.873	1.872	1.871	1.87	1.869	1.867	1.866	1.865
2.089	2.088	2.086	2.084	2.081	2.08	2.077	2.074	2.072	2.07	2.068	2.064	2.063	2.061	2.058	2.057	2.054	2.052	2.05	2.048	2.047	2.046	2.044	2.043	2.042	2.04	2.039	2.038	2.036	2.034	2.032	2.03	2.028	2.026	2.023	2.021	2.018	2.016	2.014	2.011	2.009	2.006	2.004	2.002	1.999	1.997	1.995	1.992	1.99	1.987	1.985	1.983	1.98	1.979	1.977	1.975	1.975	1.974	1.972	1.97	1.969	1.967	1.964	1.963	1.962	1.96	1.958	1.956	1.954	1.953	1.951	1.95	1.948	1.946	1.944	1.943	1.942	1.94	1.939	1.937	1.935	1.934	1.932	1.931	1.929	1.926	1.924	1.922	1.921	1.918	1.917	1.915	1.914	1.913	1.911	1.909	1.909	1.906	1.905	1.905	1.903	1.902	1.901	1.899	1.898	1.897	1.896	1.896	1.895	1.894	1.893	1.893	1.89	1.891	1.889	1.888	1.888	1.886	1.885	1.885	1.884	1.882	1.882	1.881	1.879	1.879	1.878	1.877	1.876	1.875	1.874	1.874	1.873	1.872	1.871	1.869	1.868
2.09	2.088	2.087	2.085	2.082	2.081	2.078	2.075	2.073	2.071	2.069	2.067	2.065	2.062	2.06	2.059	2.057	2.054	2.053	2.051	2.049	2.047	2.046	2.045	2.044	2.042	2.041	2.04	2.039	2.038	2.037	2.035	2.032	2.03	2.027	2.025	2.022	2.019	2.017	2.014	2.011	2.01	2.007	2.004	2.002	1.999	1.998	1.994	1.992	1.99	1.987	1.986	1.983	1.981	1.98	1.979	1.977	1.976	1.974	1.973	1.971	1.97	1.968	1.965	1.964	1.962	1.961	1.959	1.957	1.956	1.954	1.952	1.951	1.949	1.947	1.945	1.944	1.942	1.941	1.94	1.938	1.936	1.935	1.933	1.931	1.929	1.927	1.925	1.923	1.922	1.92	1.918	1.916	1.915	1.914	1.912	1.911	1.91	1.908	1.907	1.906	1.904	1.904	1.902	1.901	1.9	1.899	1.897	1.897	1.896	1.895	1.895	1.893	1.892	1.892	1.89	1.889	1.888	1.887	1.886	1.886	1.885	1.884	1.883	1.881	1.882	1.88	1.879	1.878	1.878	1.877	1.876	1.875	1.874	1.873	1.872	1.871
2.093	2.091	2.09	2.088	2.086	2.084	2.081	2.079	2.077	2.074	2.072	2.07	2.068	2.066	2.063	2.06	2.059	2.056	2.054	2.052	2.051	2.049	2.048	2.047	2.047	2.046	2.045	2.043	2.043	2.041	2.04	2.038	2.036	2.034	2.032	2.029	2.026	2.023	2.021	2.019	2.015	2.014	2.01	2.008	2.006	2.002	2.001	1.997	1.995	1.993	1.99	1.987	1.988	1.984	1.983	1.981	1.98	1.978	1.976	1.977	1.974	1.972	1.971	1.969	1.968	1.965	1.964	1.962	1.961	1.96	1.957	1.956	1.954	1.952	1.951	1.949	1.947	1.946	1.944	1.943	1.942	1.94	1.939	1.937	1.935	1.933	1.931	1.929	1.927	1.926	1.923	1.922	1.921	1.918	1.918	1.916	1.913	1.912	1.911	1.909	1.91	1.908	1.906	1.906	1.904	1.902	1.903	1.901	1.9	1.899	1.898	1.897	1.897	1.895	1.894	1.894	1.892	1.89	1.891	1.888	1.888	1.887	1.886	1.885	1.885	1.884	1.883	1.882	1.881	1.88	1.879	1.878	1.878	1.877	1.876	1.875	1.873
2.093	2.092	2.09	2.088	2.087	2.085	2.083	2.08	2.078	2.077	2.074	2.072	2.069	2.068	2.066	2.064	2.061	2.06	2.058	2.056	2.054	2.052	2.051	2.05	2.048	2.047	2.046	2.045	2.045	2.045	2.043	2.042	2.04	2.037	2.035	2.031	2.03	2.027	2.024	2.022	2.018	2.016	2.013	2.011	2.008	2.005	2.003	2.001	1.997	1.995	1.994	1.991	1.99	1.987	1.986	1.984	1.983	1.982	1.978	1.978	1.977	1.975	1.974	1.972	1.971	1.968	1.968	1.966	1.964	1.963	1.961	1.96	1.958	1.956	1.954	1.953	1.95	1.949	1.948	1.946	1.945	1.943	1.942	1.939	1.938	1.936	1.934	1.933	1.93	1.929	1.927	1.925	1.924	1.922	1.92	1.919	1.917	1.916	1.915	1.913	1.912	1.912	1.91	1.909	1.908	1.906	1.905	1.904	1.902	1.902	1.901	1.9	1.899	1.898	1.896	1.896	1.895	1.893	1.892	1.891	1.89	1.89	1.889	1.888	1.888	1.886	1.885	1.885	1.884	1.883	1.883	1.882	1.881	1.88	1.878	1.877	1.876
2.095	2.094	2.092	2.091	2.089	2.087	2.086	2.083	2.081	2.079	2.076	2.075	2.072	2.069	2.067	2.065	2.063	2.06	2.059	2.057	2.055	2.054	2.053	2.052	2.051	2.05	2.049	2.048	2.046	2.047	2.045	2.044	2.042	2.039	2.039	2.034	2.032	2.03	2.027	2.024	2.021	2.019	2.017	2.014	2.011	2.009	2.005	2.003	2.001	1.998	1.996	1.994	1.992	1.989	1.989	1.987	1.984	1.983	1.981	1.98	1.978	1.977	1.975	1.974	1.973	1.971	1.97	1.968	1.967	1.966	1.964	1.961	1.96	1.959	1.957	1.956	1.954	1.952	1.95	1.949	1.948	1.946	1.945	1.942	1.941	1.939	1.937	1.936	1.933	1.932	1.931	1.929	1.927	1.926	1.924	1.922	1.921	1.919	1.917	1.917	1.915	1.914	1.914	1.912	1.91	1.91	1.907	1.907	1.906	1.904	1.904	1.903	1.901	1.901	1.899	1.898	1.897	1.896	1.894	1.894	1.893	1.892	1.891	1.89	1.889	1.888	1.887	1.887	1.886	1.885	1.884	1.884	1.883	1.882	1.881	1.88	1.878
2.096	2.094	2.093	2.091	2.091	2.088	2.086	2.084	2.082	2.08	2.078	2.076	2.074	2.072	2.069	2.067	2.065	2.063	2.061	2.059	2.058	2.056	2.056	2.054	2.053	2.052	2.051	2.05	2.048	2.049	2.047	2.046	2.044	2.042	2.041	2.037	2.034	2.032	2.029	2.027	2.025	2.021	2.019	2.016	2.014	2.012	2.008	2.006	2.003	2.001	1.999	1.996	1.996	1.993	1.991	1.99	1.988	1.986	1.983	1.982	1.98	1.979	1.978	1.976	1.975	1.974	1.973	1.971	1.97	1.968	1.967	1.965	1.963	1.962	1.96	1.959	1.957	1.956	1.954	1.953	1.951	1.949	1.949	1.946	1.944	1.942	1.94	1.938	1.937	1.935	1.933	1.932	1.931	1.928	1.928	1.925	1.925	1.923	1.921	1.92	1.919	1.917	1.917	1.916	1.914	1.913	1.91	1.91	1.909	1.908	1.906	1.906	1.905	1.903	1.902	1.901	1.9	1.899	1.897	1.897	1.895	1.894	1.894	1.893	1.892	1.891	1.89	1.889	1.889	1.888	1.887	1.887	1.886	1.885	1.884	1.883	1.881
2.097	2.096	2.094	2.092	2.092	2.09	2.088	2.086	2.084	2.081	2.08	2.078	2.076	2.073	2.071	2.069	2.066	2.065	2.062	2.061	2.059	2.057	2.058	2.055	2.055	2.054	2.053	2.052	2.05	2.05	2.049	2.048	2.046	2.044	2.042	2.04	2.037	2.035	2.033	2.029	2.028	2.024	2.022	2.019	2.016	2.014	2.011	2.009	2.006	2.004	2.002	1.999	1.998	1.996	1.994	1.992	1.99	1.988	1.986	1.984	1.982	1.98	1.979	1.978	1.977	1.976	1.974	1.973	1.972	1.97	1.969	1.967	1.966	1.965	1.963	1.962	1.96	1.959	1.957	1.956	1.954	1.953	1.951	1.95	1.948	1.946	1.944	1.941	1.94	1.938	1.935	1.935	1.933	1.931	1.931	1.928	1.927	1.926	1.924	1.922	1.922	1.92	1.918	1.918	1.916	1.915	1.914	1.912	1.911	1.911	1.91	1.908	1.908	1.905	1.905	1.903	1.902	1.902	1.9	1.899	1.898	1.897	1.896	1.895	1.894	1.893	1.893	1.892	1.891	1.89	1.889	1.888	1.888	1.887	1.886	1.885	1.884
2.098	2.097	2.096	2.094	2.093	2.091	2.089	2.087	2.085	2.083	2.081	2.079	2.078	2.075	2.073	2.071	2.068	2.067	2.064	2.063	2.062	2.059	2.06	2.057	2.057	2.056	2.054	2.054	2.052	2.051	2.05	2.049	2.047	2.046	2.043	2.042	2.039	2.037	2.035	2.032	2.03	2.027	2.025	2.022	2.019	2.017	2.014	2.012	2.009	2.007	2.005	2.002	2.001	1.998	1.996	1.994	1.992	1.99	1.988	1.986	1.985	1.983	1.982	1.981	1.979	1.978	1.977	1.975	1.974	1.973	1.971	1.97	1.968	1.967	1.965	1.964	1.963	1.961	1.96	1.958	1.957	1.956	1.954	1.953	1.951	1.949	1.948	1.946	1.942	1.942	1.939	1.937	1.936	1.934	1.933	1.932	1.93	1.929	1.928	1.926	1.924	1.924	1.922	1.921	1.92	1.917	1.917	1.915	1.914	1.913	1.913	1.911	1.91	1.909	1.908	1.906	1.905	1.904	1.903	1.902	1.9	1.899	1.899	1.898	1.897	1.896	1.895	1.895	1.894	1.893	1.892	1.891	1.89	1.89	1.889	1.888	1.887
2.099	2.098	2.096	2.095	2.094	2.092	2.09	2.089	2.087	2.085	2.083	2.08	2.079	2.077	2.075	2.074	2.07	2.07	2.067	2.066	2.064	2.062	2.062	2.059	2.059	2.058	2.056	2.055	2.055	2.053	2.053	2.052	2.05	2.048	2.045	2.044	2.041	2.039	2.037	2.035	2.032	2.03	2.028	2.025	2.022	2.02	2.017	2.015	2.013	2.01	2.008	2.006	2.004	2.001	1.999	1.997	1.994	1.993	1.991	1.988	1.988	1.986	1.984	1.983	1.981	1.98	1.979	1.978	1.976	1.975	1.974	1.972	1.971	1.97	1.968	1.967	1.966	1.964	1.963	1.961	1.96	1.959	1.957	1.956	1.954	1.952	1.951	1.95	1.946	1.945	1.944	1.942	1.94	1.939	1.936	1.936	1.934	1.932	1.931	1.93	1.927	1.927	1.925	1.924	1.923	1.921	1.919	1.919	1.917	1.915	1.915	1.914	1.913	1.912	1.911	1.91	1.908	1.907	1.906	1.905	1.903	1.902	1.902	1.901	1.9	1.899	1.898	1.898	1.897	1.896	1.895	1.895	1.894	1.893	1.892	1.891	1.89
2.101	2.1	2.098	2.096	2.095	2.094	2.093	2.091	2.089	2.087	2.086	2.082	2.082	2.079	2.077	2.076	2.072	2.071	2.069	2.067	2.066	2.063	2.062	2.062	2.06	2.06	2.059	2.057	2.057	2.055	2.055	2.053	2.051	2.05	2.047	2.046	2.044	2.042	2.039	2.037	2.035	2.032	2.03	2.028	2.025	2.023	2.021	2.018	2.015	2.013	2.011	2.008	2.006	2.004	2.001	1.999	1.997	1.994	1.993	1.991	1.989	1.988	1.986	1.985	1.983	1.983	1.981	1.98	1.979	1.977	1.976	1.974	1.973	1.972	1.97	1.969	1.968	1.966	1.965	1.964	1.963	1.962	1.961	1.959	1.958	1.956	1.954	1.952	1.951	1.948	1.947	1.946	1.944	1.943	1.941	1.939	1.938	1.936	1.934	1.933	1.931	1.929	1.928	1.926	1.925	1.925	1.923	1.922	1.921	1.919	1.918	1.918	1.916	1.915	1.914	1.913	1.911	1.91	1.909	1.908	1.907	1.906	1.905	1.903	1.903	1.902	1.901	1.9	1.899	1.898	1.897	1.897	1.896	1.895	1.895	1.894	1.893
2.101	2.1	2.098	2.097	2.095	2.094	2.092	2.091	2.09	2.087	2.087	2.084	2.083	2.081	2.079	2.077	2.075	2.073	2.071	2.07	2.068	2.067	2.064	2.064	2.061	2.061	2.06	2.059	2.058	2.057	2.056	2.055	2.053	2.052	2.05	2.048	2.045	2.043	2.041	2.038	2.037	2.034	2.032	2.03	2.028	2.025	2.023	2.021	2.018	2.015	2.013	2.011	2.008	2.007	2.004	2.002	2	1.997	1.995	1.994	1.991	1.99	1.988	1.987	1.986	1.985	1.983	1.982	1.981	1.98	1.978	1.977	1.975	1.974	1.972	1.97	1.969	1.969	1.967	1.967	1.966	1.964	1.964	1.962	1.961	1.96	1.958	1.955	1.956	1.952	1.951	1.95	1.948	1.946	1.946	1.943	1.942	1.941	1.939	1.937	1.936	1.933	1.931	1.93	1.928	1.927	1.927	1.924	1.924	1.923	1.921	1.92	1.919	1.919	1.917	1.915	1.914	1.913	1.912	1.911	1.91	1.909	1.908	1.906	1.905	1.904	1.903	1.902	1.901	1.901	1.9	1.9	1.898	1.898	1.898	1.896	1.897
2.104	2.102	2.1	2.099	2.096	2.098	2.094	2.093	2.092	2.089	2.089	2.086	2.085	2.083	2.08	2.078	2.076	2.074	2.073	2.071	2.068	2.068	2.065	2.066	2.064	2.063	2.062	2.061	2.06	2.059	2.057	2.056	2.055	2.053	2.051	2.05	2.047	2.046	2.044	2.041	2.039	2.038	2.035	2.033	2.031	2.029	2.025	2.023	2.021	2.018	2.015	2.013	2.01	2.008	2.006	2.004	2.002	2	1.998	1.996	1.994	1.992	1.991	1.989	1.987	1.986	1.986	1.985	1.983	1.982	1.98	1.979	1.977	1.976	1.974	1.974	1.971	1.971	1.969	1.969	1.968	1.967	1.966	1.966	1.964	1.962	1.962	1.96	1.958	1.957	1.955	1.954	1.953	1.951	1.949	1.948	1.946	1.945	1.944	1.941	1.94	1.938	1.935	1.934	1.933	1.93	1.93	1.929	1.928	1.926	1.925	1.924	1.923	1.921	1.92	1.919	1.918	1.916	1.916	1.915	1.914	1.912	1.911	1.91	1.909	1.907	1.906	1.905	1.904	1.903	1.902	1.902	1.901	1.901	1.9	1.899	1.899
2.103	2.101	2.1	2.101	2.096	2.097	2.095	2.093	2.092	2.09	2.089	2.087	2.085	2.083	2.082	2.08	2.079	2.075	2.075	2.073	2.071	2.071	2.068	2.066	2.065	2.064	2.063	2.062	2.061	2.06	2.059	2.057	2.056	2.055	2.052	2.051	2.049	2.047	2.044	2.043	2.041	2.039	2.037	2.035	2.033	2.031	2.029	2.025	2.023	2.02	2.018	2.016	2.013	2.011	2.009	2.007	2.005	2.003	2.002	1.999	1.998	1.996	1.993	1.992	1.991	1.989	1.988	1.986	1.985	1.984	1.983	1.981	1.98	1.978	1.977	1.976	1.974	1.973	1.972	1.971	1.97	1.97	1.968	1.968	1.967	1.966	1.964	1.964	1.961	1.961	1.959	1.957	1.956	1.956	1.952	1.953	1.951	1.949	1.948	1.946	1.943	1.942	1.94	1.938	1.936	1.935	1.933	1.932	1.932	1.93	1.929	1.927	1.926	1.925	1.923	1.922	1.921	1.92	1.92	1.918	1.917	1.916	1.915	1.913	1.912	1.911	1.909	1.908	1.907	1.907	1.905	1.905	1.903	1.903	1.902	1.901	1.9
2.105	2.103	2.101	2.101	2.099	2.099	2.097	2.095	2.094	2.093	2.091	2.089	2.087	2.085	2.083	2.081	2.08	2.077	2.076	2.074	2.072	2.071	2.069	2.069	2.067	2.066	2.065	2.063	2.063	2.061	2.061	2.059	2.057	2.056	2.054	2.052	2.051	2.049	2.047	2.045	2.043	2.041	2.039	2.038	2.036	2.033	2.031	2.029	2.026	2.023	2.021	2.019	2.016	2.014	2.012	2.01	2.008	2.006	2.004	2.002	2.001	1.999	1.997	1.995	1.993	1.992	1.99	1.989	1.988	1.986	1.985	1.983	1.982	1.981	1.98	1.978	1.978	1.975	1.975	1.974	1.973	1.972	1.972	1.97	1.97	1.969	1.968	1.967	1.966	1.964	1.964	1.962	1.96	1.959	1.957	1.955	1.955	1.953	1.951	1.95	1.948	1.946	1.945	1.943	1.941	1.939	1.938	1.937	1.936	1.934	1.933	1.932	1.929	1.929	1.927	1.926	1.925	1.925	1.923	1.922	1.921	1.92	1.919	1.917	1.916	1.914	1.913	1.912	1.91	1.909	1.908	1.908	1.907	1.905	1.905	1.904	1.903
2.104	2.103	2.102	2.101	2.099	2.099	2.097	2.096	2.095	2.093	2.092	2.09	2.088	2.086	2.085	2.083	2.081	2.08	2.078	2.076	2.075	2.073	2.071	2.07	2.068	2.067	2.066	2.064	2.064	2.062	2.062	2.061	2.06	2.058	2.056	2.054	2.052	2.05	2.048	2.047	2.044	2.043	2.041	2.039	2.037	2.036	2.034	2.031	2.029	2.027	2.024	2.022	2.02	2.018	2.016	2.014	2.012	2.01	2.008	2.006	2.004	2.002	2.001	1.999	1.996	1.996	1.993	1.992	1.99	1.989	1.988	1.987	1.985	1.984	1.983	1.981	1.982	1.979	1.978	1.978	1.977	1.975	1.975	1.974	1.973	1.972	1.971	1.969	1.97	1.967	1.966	1.965	1.964	1.962	1.962	1.96	1.959	1.957	1.955	1.953	1.952	1.95	1.948	1.947	1.945	1.943	1.942	1.941	1.94	1.938	1.937	1.935	1.934	1.932	1.931	1.93	1.929	1.928	1.927	1.926	1.924	1.924	1.923	1.921	1.92	1.918	1.917	1.916	1.915	1.913	1.912	1.911	1.91	1.909	1.908	1.907	1.907
2.106	2.104	2.103	2.102	2.101	2.099	2.098	2.097	2.096	2.094	2.093	2.091	2.089	2.087	2.085	2.084	2.082	2.081	2.079	2.078	2.076	2.074	2.072	2.071	2.069	2.068	2.067	2.065	2.065	2.064	2.063	2.062	2.061	2.059	2.057	2.056	2.054	2.052	2.05	2.049	2.046	2.045	2.043	2.041	2.04	2.038	2.036	2.034	2.032	2.029	2.027	2.025	2.022	2.021	2.019	2.017	2.015	2.013	2.011	2.009	2.007	2.005	2.003	2.002	1.999	1.998	1.997	1.995	1.993	1.992	1.99	1.99	1.988	1.987	1.986	1.984	1.984	1.983	1.981	1.981	1.98	1.979	1.978	1.978	1.977	1.975	1.974	1.973	1.972	1.971	1.969	1.968	1.967	1.966	1.965	1.963	1.962	1.961	1.959	1.957	1.955	1.954	1.951	1.95	1.949	1.947	1.946	1.944	1.943	1.942	1.941	1.939	1.938	1.936	1.935	1.934	1.933	1.932	1.931	1.93	1.928	1.927	1.927	1.925	1.924	1.922	1.92	1.919	1.918	1.916	1.916	1.915	1.914	1.913	1.912	1.91	1.909
